	3.494654	52.465733	49.910913	-29.285567	53.897972	18.785444	0.871952	23.715373	124.629644
	11.427139	48.330577	85.724408	-22.467342	78.982740	17.988546	22.039996	11.919085	105.876846
	46.321105	34.137026	81.333849	-7.452721	73.697601	49.911186	36.184740	-3.889365	135.784757
	51.858163	6.520011	47.355038	-52.248420	67.671520	18.321666	67.017180	-7.447874	109.884716
	57.249499	32.300283	75.945622	-95.995367	84.138494	-37.869255	60.861006	-4.454136	98.062977
	-0.892306	18.928184	28.029592	-30.092653	76.642408	-75.857969	55.070936	-2.971256	1.664645
	1.151914	36.413139	9.982164	-23.783620	86.824477	-37.879454	43.613239	-42.323739	36.209717
	-9.490432	23.612556	-21.175852	7.933015	41.524815	-33.036032	40.783811	-4.260816	-12.116946
	18.183472	23.762602	-4.736234	9.236008	37.887816	-38.277585	17.502029	-17.334085	-4.286347
	-4.141380	-8.853555	-34.291570	-11.692803	11.334857	-44.530372	28.721570	-35.559507	-48.219485
	7.947168	-7.088915	-52.375110	6.557533	23.065257	-37.346965	31.492866	-17.756952	-74.531588
	5.093403	-19.611004	-52.581899	-16.600076	-7.268668	-5.582069	48.374218	-31.362758	-25.247202
	-5.300283	-27.988891	-29.612016	-53.445512	-6.753282	-13.438776	33.798490	-50.268260	-17.957093
	-34.828642	-23.882469	-49.674034	-57.138218	-25.266812	3.371926	-1.059231	-26.480454	-7.072830
	-34.209037	-18.898513	-4.441656	-80.296772	-25.501570	55.281413	-34.796977	-8.367614	-0.011833
	-53.771179	-25.889480	16.703711	-50.229497	-58.197594	29.464687	-32.264045	-14.586072	40.518823
	-37.408847	-20.116704	13.320180	-16.595207	-26.559481	46.261995	-41.907439	3.947063	14.378444
	-25.346421	-21.828900	-3.840338	8.060185	-49.487587	35.896655	-45.712456	-5.258581	-41.937231
	-55.749008	-13.008557	-2.329841	3.539292	-56.453621	-2.154694	-47.533608	32.897845	-69.458825
	-9.757334	-11.773711	-9.976855	-2.282667	-47.699277	31.636884	-42.071417	-6.019468	-42.698759
	-10.114084	14.899254	-9.400540	7.979492	-29.209959	-4.529895	-40.164304	21.302040	-53.160596
	33.699814	-54.591428	-63.712320	49.059262	-58.516863	6.463156	-31.868980	12.192065	13.667770
	3.308431	59.374624	-9.276314	22.886095	26.038717	-27.966280	17.932025	6.767483	1.848136
	30.772077	-0.989209	-18.861567	7.156670	-35.835425	-1.957254	-24.464993	16.350119	50.837888
	32.443468	58.424831	-7.395181	32.840361	28.118667	-23.966253	-26.033476	-0.247036	35.209762
	84.358386	75.043525	54.334621	-21.892957	45.843959	-26.089681	-19.734380	15.765583	63.546453
	43.097590	78.631452	39.118507	7.054105	57.551441	-22.299278	10.229979	-22.253111	59.540566
	46.448346	60.557869	0.883262	7.313467	114.788738	9.061300	56.093013	16.484512	41.936753
	51.645803	7.595504	-8.873683	17.966103	85.045121	-11.088547	35.824277	8.918283	58.696823
	25.087017	-0.387486	4.618206	1.738573	26.301947	-4.229401	34.319398	6.174569	33.435469
	21.500719	4.908634	28.536263	-15.444435	8.657985	41.580628	-14.802551	-10.535488	48.319358
	-17.181671	-17.792651	39.697148	-19.797722	-12.458335	37.158688	-29.289742	-5.244826	27.067158
	-11.401795	-24.801554	76.598157	-28.216748	-47.263106	61.595805	-43.819616	-29.255891	16.351463
	-30.079059	-51.186499	17.422614	-3.854061	-32.018184	23.551431	-64.880851	-5.910670	9.914937
	-62.767362	-53.893242	-9.597032	22.080492	-28.097264	21.360958	-50.825283	13.711313	-76.092792
	-64.500532	-25.733523	-3.046607	-4.722450	-17.698577	27.298620	-69.543820	-9.076340	-7.555829
	-39.728648	-9.273971	-8.901472	23.159580	-32.533083	-22.064465	-31.981913	10.950261	-33.774814
	-19.163298	-9.643857	25.243463	17.293656	-3.239026	-19.814300	-56.439357	2.901144	20.473311
	-37.290610	34.455523	71.323975	-35.384079	2.868334	24.887599	-63.081698	-12.805998	33.858120
	-49.953112	29.749375	37.202421	-38.302019	5.437922	17.328438	-84.724470	-8.951505	15.659843
	-46.927310	34.057713	38.886478	-48.479211	15.240211	23.148144	-60.971989	-9.922892	-43.793641
	-72.895415	58.497921	25.881582	-17.361347	-1.829663	9.052063	-64.424669	-18.116910	-49.608111
	-35.412629	0.489452	58.202273	-26.522788	-23.263862	9.669107	-88.239426	9.271554	-53.988781
	-16.807495	-26.303294	12.356634	-19.645870	-80.930765	38.204875	-60.201034	-12.218771	-18.280122
	-54.648940	15.854165	38.621315	-21.420392	-7.522656	9.590331	-60.642965	13.477648	-11.554138
	8.941927	19.643338	43.244513	28.078103	-2.394575	21.845831	-50.799505	-3.383347	27.934964
	42.195993	18.512043	22.859131	32.145706	1.460691	30.499199	19.163253	-7.253856	36.832197
	12.147998	0.623661	24.360017	22.179587	-2.688713	-9.329405	-27.329413	0.890204	5.062267
	23.367413	19.055639	-2.469314	47.529635	6.855593	-37.192415	64.128772	13.887079	47.844037
	72.450024	17.074032	-50.157085	52.397797	26.982568	-31.469222	59.439300	24.425255	14.934332
	49.173346	-16.652522	-32.720003	25.897564	41.157687	-42.818219	61.227717	-42.621900	-3.200846
	13.940365	-4.870429	-15.302651	25.668569	41.058811	-50.061549	43.578445	-21.579924	-7.651894
	19.843136	-31.930825	-48.964814	-13.049013	-9.815501	-36.514418	35.253179	7.218837	-63.308906
	7.152080	-29.403841	-60.893893	-10.845866	-21.273989	-75.766650	28.171646	-19.366895	-51.867935
	28.751887	-4.390584	-45.578128	-22.823557	19.774202	-18.071016	31.201678	-13.071377	-24.308177
	-12.690780	-8.483474	-13.814667	-12.676007	47.499784	-8.387492	24.892711	-10.231233	-1.487042
	9.725423	79.342101	-21.628219	-6.507593	33.273605	-25.588437	36.373930	2.054431	26.652640
	20.612700	130.564193	9.216016	-78.639918	125.735479	-37.772897	47.671003	3.285078	104.542666
	1.261715	68.358789	-5.125515	-80.813074	47.313911	-63.755345	4.469003	23.794654	29.098940
	20.039683	59.573290	68.875588	-88.735639	65.204656	35.746017	-2.260283	9.570543	138.385503
	17.460428	31.801938	45.595559	-37.355881	60.240449	23.595225	4.164549	-9.680763	141.742587
	29.850176	10.202155	85.139891	-18.129848	48.993883	36.787028	4.786291	-8.249662	199.709589
	-1.502035	39.804116	81.777099	-14.723426	-9.423019	17.517121	-0.546024	-21.144742	156.942610
	43.656325	45.551102	75.604875	-33.456456	69.599533	88.026757	-19.744191	2.841511	136.524418
	42.812278	53.251032	113.391149	-2.729546	69.461648	96.418682	-31.907769	18.655452	191.821606
	13.343998	32.739094	123.232014	-17.423869	43.953106	93.242058	-20.387799	24.593541	141.541413
	11.526684	10.549248	108.682085	21.664218	38.262999	74.810678	-51.202517	10.502181	89.446760
	14.965126	6.717001	62.415489	23.582092	50.086517	45.756315	-13.211260	55.248475	30.747293
	-17.860409	5.347471	80.560667	26.575667	38.881850	42.223345	-2.642553	28.792821	38.853964
	-5.794896	14.843908	48.894276	5.311906	29.232781	13.745761	22.948920	6.546369	24.341637
	2.812453	4.265042	-20.810156	-30.564156	12.947385	-1.714408	-2.477323	11.430377	-7.852469
	-13.179011	23.305894	-22.796923	-28.399683	25.689656	0.338927	9.621362	-8.905756	-33.950445
	4.764800	10.334397	-54.057500	42.292997	24.867876	-26.147077	13.014054	45.822064	-47.833232
	-23.475462	-6.135274	-50.488350	13.106867	29.913639	-36.773195	36.000665	42.333244	-1.410211
	-19.466636	11.739922	-72.175493	-41.867901	14.680176	-51.444328	-2.754757	10.193778	-50.177938
	-47.455843	-26.069341	-6.140982	-5.681317	35.786719	-3.414856	33.318469	17.289399	-6.725871
	-26.483914	-7.278436	23.200015	-13.100723	54.702860	4.795399	42.237107	-2.581810	41.835369
	17.594771	-1.741270	10.832350	-7.717946	44.095024	7.493081	-23.425617	-10.540853	64.685894
	16.960030	19.798202	83.785660	-41.886620	32.558900	23.273346	-18.999851	2.424632	49.567634
	2.836934	3.307042	31.374889	-33.195582	0.208853	5.059176	-37.050558	3.593125	36.105403
	-21.182992	-6.795673	8.422746	12.610918	-3.291927	9.644803	-23.869002	28.703609	-83.690857
	-11.110586	1.877207	-42.552594	22.804884	17.265183	23.478096	-27.786958	40.311691	-90.877624
	-49.139204	-34.945868	-44.773464	30.299096	-23.680559	43.467645	-71.615486	-2.902853	-63.516249
	-48.908359	-47.034947	-49.851318	0.040912	-50.242788	26.018773	-56.744232	53.221925	-30.042892
	-41.633651	-35.429238	-51.857454	65.441703	-25.976315	22.712632	-31.104969	23.833697	-101.078947
	20.068453	6.816761	20.666296	46.745937	-51.809905	38.271813	16.020447	12.505093	-50.979758
	-8.136981	13.809623	6.767832	19.057459	-19.352615	29.881755	15.031574	25.847478	-16.269279
	-17.717851	20.631950	-13.211389	16.523650	-33.506372	23.482448	21.117184	31.863635	65.223306
	-22.293651	24.626411	-30.295144	45.559928	-34.685985	35.367329	0.484812	45.249282	34.743325
	3.105875	37.536108	-20.516140	71.485604	-24.164911	41.889559	4.155375	1.224992	-5.380642
	-38.490157	18.089276	-49.071838	49.759054	-41.538538	-20.670893	-11.903261	45.971182	-6.536616
	-38.486651	8.495360	-57.295305	33.548804	-32.782671	-24.179942	-26.703605	19.688168	-36.768952
	-55.691093	-7.029130	-6.861909	12.563451	-45.632482	-8.304319	-34.733728	25.134888	-73.750005
	-26.583414	-5.697492	-6.135580	13.234337	-34.403998	24.950338	-19.148225	10.317662	-65.651567
	-16.138079	-36.873046	22.143539	50.420929	-59.539722	27.004298	-39.618298	38.650792	-35.130102
	-14.736411	-36.082045	35.174974	44.357674	-36.487737	73.246775	-40.162706	8.949885	11.270941
	-53.055517	-28.431842	37.167384	46.211409	-47.566873	60.905258	-36.523021	10.733431	-27.278300
	20.427841	-40.575432	61.219635	16.546018	-37.688128	56.998611	-51.038788	1.846300	-29.666975
	-10.626826	-10.144977	38.753003	-16.018209	-38.675955	54.582247	-45.652313	0.821027	-18.335673
	-43.174289	1.537424	66.675030	-26.578147	-4.324283	53.372827	-42.645454	-5.479657	47.335580
	1.087473	16.579625	72.441503	15.727368	9.463071	41.288165	14.497001	-27.775098	61.587831
	2.849703	-40.961442	20.922073	34.584417	-77.933949	0.890681	2.935557	10.522817	-0.531433
	29.925922	-47.481361	-24.684003	18.852543	-38.921224	-17.405919	50.677952	-16.509863	-36.912451
	39.833690	-21.790683	-4.474203	-14.796560	-38.094181	-5.549773	38.235102	-13.434305	14.975926
	33.397124	-39.974526	-22.175952	-0.448701	-17.170892	-41.835403	20.732899	-2.264870	-9.619681
	49.450601	-8.292589	-31.209933	27.435584	6.658809	-35.044012	63.720953	6.281029	-14.081773
	31.804786	-71.974613	-125.066019	23.647579	-33.145869	-43.425431	47.950890	9.891357	-32.858740
	27.521686	-120.110476	-87.634392	66.586475	-84.605370	-26.972288	48.246112	13.661216	-51.767887
	32.614113	-146.789744	-83.991160	35.577335	-117.536984	1.046028	-3.402112	-29.330532	-80.608614
	33.249427	-137.336805	-81.235356	4.693454	-115.565129	2.879449	8.669967	-34.473308	3.935323
	8.293826	-117.451084	-48.783519	17.861324	-79.518436	-0.764517	18.614536	7.976972	-24.141637
	35.945537	-109.002128	-26.001275	-3.620897	-77.896571	42.075200	-10.007073	-32.476547	44.760500
	-9.574454	-8.176433	17.719731	-8.865442	-38.613617	-11.708315	-9.243850	-9.246853	8.476017
	-27.790544	33.182376	54.933796	-46.509510	-6.129286	17.368196	-36.128046	-20.664459	24.677447
	-39.520577	51.573939	65.800025	-28.067914	45.991037	8.267037	-31.259782	-8.135559	12.409818
	-20.098111	61.208668	79.704358	-11.469826	41.040937	2.349919	-19.489286	12.602604	20.258789
	-16.527406	7.754372	11.849892	1.306008	-7.849917	-12.277952	-14.925946	-17.147053	-50.779972
	31.642828	1.066906	16.574271	28.122203	-9.432583	10.489014	-32.375009	-11.861648	-0.110992
	-5.054584	-49.768440	-2.606419	3.054385	-52.966786	32.428546	-59.304786	-29.110890	-64.178291
	-24.072326	-42.943719	7.773323	26.148811	-84.383504	24.843726	-6.343407	-16.106785	-43.222449
	-16.108721	-32.850879	-8.833245	24.894649	-40.894243	-7.368076	-14.765023	-33.461901	-41.625937
	-73.023442	-42.283240	5.681859	0.230686	-76.669349	-12.188146	-80.476120	-2.263818	-8.068539
	-16.133982	-57.811283	5.890371	30.252720	-55.225645	13.853906	-27.122659	-1.334993	-17.999740
	8.090905	-37.260073	18.148661	57.225974	-63.120566	33.387798	20.265408	27.719563	-76.375700
	3.144443	-58.751312	-34.390233	11.591808	-69.093494	58.517921	-42.100171	-37.174699	-43.705358
	27.005018	-39.086024	-3.260785	8.133220	-45.429614	58.285176	-52.171281	2.433493	2.171475
	9.452983	60.767388	33.770693	29.006287	57.182787	-3.386487	40.257934	13.101841	-16.741839
	-21.527634	104.577337	52.602921	-48.222854	63.713711	-10.973080	10.936037	-11.819859	49.883936
	-33.926267	180.301762	88.082668	-142.650698	135.015103	-32.090010	15.107815	9.681845	104.906006
	-26.998256	129.442772	55.044585	-87.971804	72.323155	-49.420038	-7.993973	-7.198906	93.263144
	-23.373505	41.532461	62.621021	-32.501651	11.654562	-5.405231	-68.256779	-31.608526	81.949862
	-51.246642	-2.810526	6.008045	-23.230366	-10.960137	5.149779	-33.917168	5.870938	-4.377896
	3.986063	-33.304934	-12.331051	17.689213	-36.062323	23.313715	-6.707113	12.585496	-24.406322
	-26.124159	54.091676	67.519923	-85.226400	51.643092	17.830895	-71.765306	-40.592913	40.418822
	20.242422	190.712419	49.247525	-46.505625	205.769130	-84.034467	32.313957	4.066171	98.840053
	-18.222805	228.982006	28.397060	-40.261341	179.487686	-103.286009	7.432870	11.822695	46.383404
	-14.408262	265.791100	16.403378	-30.454220	180.954264	-100.427216	25.816066	57.353227	65.608093
	-1.437076	275.062593	35.645796	1.521245	189.494163	-78.840985	63.884254	45.624092	65.025834
	6.086591	271.055130	13.965535	-2.620152	172.147314	-119.588488	48.621823	42.401458	47.387940
	29.596149	274.265582	17.341904	48.200703	207.254570	-97.708324	82.634501	40.547225	49.426534
	6.759578	204.151121	-18.822210	28.944826	194.710315	-119.813573	86.638737	50.938935	10.042927
	-4.516245	198.717643	-24.569970	22.654837	157.235750	-92.951539	70.116387	49.358184	69.978085
	-3.461935	201.543628	-6.219490	-36.575628	103.690649	-69.122921	24.794139	28.680697	55.954879
	19.884742	179.016554	25.550127	-29.130243	101.381496	-68.802484	30.319789	-4.265646	29.172434
	1.504068	-112.002107	-48.462153	10.786104	-48.911230	-13.679436	-21.143887	-32.813744	-44.592329
	-8.543208	-144.964304	10.469940	26.730859	-63.104095	12.584394	-35.559412	-8.741627	-53.095548
	3.980409	-120.428642	-33.619684	38.582671	-66.500502	24.503989	-19.514343	-5.263549	-20.269919
	-2.412464	56.233225	-11.889326	-16.751167	66.268907	-52.821422	17.134145	11.253562	-3.694090
	41.011374	107.130699	15.582823	25.419062	62.943635	-68.540507	35.181046	31.392429	36.580775
	46.771318	47.461662	-52.401527	49.967182	46.048228	-81.079666	46.953508	6.609366	17.381233
	33.136132	25.937669	30.764023	-63.180430	19.146039	-27.654626	15.406561	-17.082100	8.084114
	29.984514	45.644628	12.625845	7.887532	43.637802	-1.383022	79.765815	21.267003	57.732405
	34.230367	61.821848	95.339709	28.239361	41.670335	20.698757	50.255213	37.265228	101.963237
	31.759517	116.279141	49.823973	7.966411	88.566497	-20.142577	34.784779	-3.571911	8.593068
	34.684424	80.396997	15.217333	24.174101	40.258460	-23.057236	63.151324	25.006232	0.737997
	12.785216	89.212584	-9.586921	2.202430	54.113163	-57.639573	26.643311	7.597371	-4.008388
	7.170909	82.324105	-27.740643	44.804808	40.304794	-45.786311	52.807039	38.360459	-19.008042
	56.014030	43.320986	-14.178610	28.199982	28.687260	-25.916039	45.691833	1.778681	-63.046726
	-8.532610	10.865039	-33.502763	2.520662	13.565424	-47.459603	3.646848	8.872915	-13.800427
	8.935350	5.168626	-24.133395	33.512613	-5.530372	-20.989043	36.716060	-18.384474	-30.814714
	10.941403	-41.398645	-12.783115	4.629966	0.735774	-0.549369	25.414128	-8.896878	-45.455917
	-27.035999	-36.850334	-37.591442	18.228241	-39.300417	-21.087644	14.860713	-35.405754	-58.874973
	8.277085	-37.080464	-58.346856	6.855138	-51.381300	0.570689	-13.272634	-13.382968	-52.077816
	3.093931	-54.784007	-30.193149	27.553451	-80.023149	-3.518151	-17.585559	-7.587362	-106.086330
	-53.430723	-61.060211	-20.463801	7.571488	-66.144917	6.782796	-15.097026	-9.299252	-93.871859
	-46.702442	-58.482343	-39.743154	3.686257	-83.261335	11.144947	-40.322107	9.301040	-55.373450
	-7.806318	-23.154423	27.707315	-46.779361	-27.699709	41.582005	-73.916269	-19.924146	-32.247989
	-41.084995	-30.875351	7.516317	-13.984864	-25.342499	38.083068	-43.859070	1.119848	-9.748454
	-18.867898	22.290727	64.492719	-71.326282	0.249812	74.701974	-35.653745	-18.356244	81.079829
	-39.533832	14.202683	86.214047	-56.203235	-37.024277	78.358100	-13.691752	-22.903972	79.053360
	-23.884675	-13.979573	94.517452	8.594833	-21.118816	56.036639	-23.123139	-11.721668	39.608980
	-49.917604	-26.206428	23.149065	22.142035	-43.899870	49.304917	5.503393	-8.035746	-22.794968
	6.791897	-44.488162	-42.062707	-0.033313	-52.561640	-2.389135	-38.440273	-1.585704	-114.489755
	7.608413	-38.973175	-54.231667	12.545591	-57.199907	3.883741	0.454895	7.637328	-76.628119
	4.211998	-53.451460	-39.708934	1.013953	-40.364830	-47.589887	-8.738200	-7.956631	-101.506456
	25.689461	-40.914736	-23.864444	-2.753993	-16.933797	-15.847232	2.869964	-10.071259	-61.045287
	46.358648	-85.070324	-52.765521	-21.574996	-57.270167	-38.981780	37.684903	-26.441747	-7.070358
	28.829097	-51.047246	-46.974777	0.447827	5.235620	-4.739444	13.478871	-26.305038	39.925810
	38.174623	-25.363071	-20.886475	-11.522290	48.746938	16.647318	39.552389	-8.294903	105.237392
	69.611460	-4.016056	4.557624	-38.354545	27.504322	3.831675	62.377203	-31.135729	107.613559
	74.653625	2.291957	22.312898	-28.891196	50.369377	18.683247	62.073509	-26.619561	102.275798
	67.396734	-18.844096	34.324736	-49.295206	50.125870	5.095415	40.874090	-9.111172	94.586921
	47.823063	-12.494235	-2.422710	-34.132449	56.057853	30.741520	71.135695	-19.832339	83.688377
	42.695156	-27.668228	-43.398257	-25.668190	3.498333	-0.917127	45.677986	-20.940599	55.432127
	29.544871	-23.327629	-77.757018	-33.284114	-9.460162	-5.499344	49.842443	-33.916382	0.724969
	-14.809427	-44.667499	-55.225281	-20.531982	-40.436447	-14.637260	14.765241	-23.590659	25.205948
	-35.081454	-44.158609	-32.696766	-26.448822	-6.290360	-2.353775	3.249882	-18.188588	19.833559
	23.047072	-43.341516	-58.263961	-29.977162	-35.868674	-10.394022	33.020012	-9.662141	-33.207332
	9.861307	-9.324830	-50.428257	46.060016	-17.161573	7.985670	13.624959	-0.450528	-44.626129
	19.987255	-52.959449	-52.321507	37.356689	-45.005572	13.015241	4.983544	-4.619511	-24.671780
	-22.339502	-89.644129	-41.030446	1.273762	-64.233288	10.185311	-26.174036	-2.393288	-12.511434
	-8.424151	-111.928273	-45.161859	4.716289	-70.215552	5.099396	-37.466900	-19.455974	-50.638535
	-29.588393	-107.555553	-39.764457	-14.559001	-56.036015	62.042489	-60.050971	-36.653450	-12.214876
	-8.854699	-113.267783	-24.035020	-18.317162	-54.227315	31.660907	-2.168007	-29.477202	18.253567
	-19.247061	11.266293	-33.822916	8.511364	-24.109931	35.599126	-24.866906	-5.928885	-68.926084
	-2.346281	37.954812	5.452965	6.835834	1.705943	11.934142	-14.227805	18.378631	-35.516478
	-39.790224	31.203350	26.400591	9.185479	2.388664	15.977854	-28.008449	-31.271980	11.467341
	-59.861622	98.577761	75.146974	-47.190640	50.600566	21.603002	27.932556	-12.592924	43.727676
	-47.898266	102.521056	46.393604	-65.488439	89.210217	-32.388105	-9.544151	-5.946052	68.432300
	-33.275336	92.641320	42.025748	0.962164	71.669370	0.659004	-35.064161	-3.523414	43.844809
	-31.633664	43.683353	72.962115	13.051233	13.988406	55.583953	-49.400485	5.708078	-30.237201
	-16.700214	35.178490	16.464547	65.467382	4.326667	7.540065	-81.880979	23.201619	-12.233742
	-21.654234	-0.711575	10.490107	31.604998	-6.694852	22.330847	-20.628416	26.230854	-63.140659
	-2.034279	-17.334071	-7.868545	62.292289	-17.782840	-4.079565	24.541097	1.177954	-52.580607
	58.288900	-39.500423	-49.054756	93.544526	6.256012	-18.496379	61.339914	-0.660515	-56.982612
	47.664892	-63.031722	-97.945781	33.115794	8.493120	-26.878025	58.126293	-26.104527	-40.843313
	37.073935	-65.472625	-49.526372	61.095344	-40.949447	-53.938946	28.426712	-9.740872	-49.456969
	23.777928	-53.809418	-73.237834	52.151962	-69.279544	-53.400834	18.643045	12.122640	-95.187197
	0.223776	-41.255696	-34.338548	30.775099	-69.100042	-20.913493	-16.993345	10.983700	-52.758648
	-1.642408	-6.041273	-9.131250	-12.843445	6.926855	-1.260888	9.938171	-2.007089	-66.482341
	-15.638512	-54.428954	-28.863524	12.352565	-26.534215	23.104579	-29.033224	-2.327309	-60.687381
	-35.416385	5.417886	50.391920	-3.325632	27.985038	19.011062	-23.779766	15.232620	-24.028962
	-26.085286	-8.299723	63.756849	37.456831	-19.537503	24.494696	-67.382386	18.342128	-21.647431
	-37.850832	-9.770314	-4.492664	24.069173	-74.573856	-18.198592	-100.573897	59.068664	-70.978414
	-30.916082	2.668083	-53.469624	38.886265	-44.923693	-39.585369	-32.710776	8.637800	-100.199923
	-21.904399	115.734515	-0.671610	-9.061384	80.984144	-92.822121	-21.786758	12.007728	-37.542297
	-17.632507	72.742382	60.238753	-13.768517	55.865261	-24.388715	-24.555699	-12.779963	17.738983
	-64.505012	52.384652	34.428083	19.911506	-4.073838	-20.464816	-20.481065	-32.729514	-75.912044
	-36.023863	-62.513157	-20.776754	57.371748	-40.379477	-19.189745	-106.175296	1.078352	-86.370097
	0.269186	-124.353560	-57.773543	32.084576	-105.007652	19.428610	7.142192	-4.648608	-29.694925
	-26.684931	-152.632023	-71.720240	97.007288	-180.436193	-1.301095	-64.669340	-1.576928	-96.883863
	-9.497475	-178.528541	-101.888696	53.464869	-171.925706	16.853480	-28.675318	8.565202	-110.118442
	-20.650993	-97.192041	-84.288957	113.069514	-114.279893	-23.552243	-32.712882	25.364152	-82.601940
	9.805300	35.607044	1.842689	2.539257	31.208939	-23.919816	31.466354	-23.658312	44.379462
	-32.907426	50.391529	9.891471	-30.019554	35.894172	-5.730733	10.576150	14.851546	29.762518
	-20.156114	104.056071	33.373708	-6.006398	82.436580	5.144895	9.243355	3.802737	35.723989
	-40.486614	81.168021	-28.128541	-30.983085	104.415891	-51.864587	44.809653	-5.695376	-6.811760
	-32.223045	69.629979	-51.059953	7.331716	77.595658	-78.505178	2.199349	-5.723758	-41.687049
	3.273888	96.379361	49.032374	-90.226161	101.260840	-41.190340	15.759343	21.183987	41.953899
	-14.285508	95.244906	45.707333	-83.984762	108.331101	-44.310855	-16.506853	-13.966798	13.366621
	-22.295860	74.100896	-15.455595	-41.313693	88.088517	-33.338131	0.250309	-26.042506	0.454245
	3.127893	103.835085	21.450569	-48.420905	117.287484	-7.867803	1.683927	-5.336739	41.576005
	-45.330871	109.735145	69.394213	-33.313698	115.074632	-13.527182	10.477412	-30.966836	54.709724
	-53.141124	45.631055	19.607803	-5.135752	83.032755	-17.945187	4.913870	-1.856472	3.563599
	-13.402096	41.687422	5.443391	-28.349306	41.108361	-17.486480	-3.155336	-13.684657	1.918808
	-9.617678	71.449427	73.854614	-18.753850	83.751031	-14.768427	-50.438385	-5.919817	54.206257
	8.984120	70.513265	19.541457	-6.196886	34.646148	-18.696913	3.240885	19.106144	10.648983
	17.291389	52.191135	17.475645	33.380162	42.121420	-31.546424	17.449057	9.831017	15.255835
	-21.320122	55.842290	7.582102	-4.474941	95.965482	-66.750378	-26.578754	-8.747400	1.712172
	-16.817598	66.243074	-28.223715	-36.502141	64.780011	-29.781377	-15.109832	-23.370885	2.811280
	-9.251990	25.770827	9.797503	-10.185506	25.598632	1.469016	15.659307	5.625456	0.743763
	-4.739595	31.786943	28.246924	-38.177742	44.283334	-22.099506	-37.388508	14.508278	-14.401335
	16.581946	70.300058	83.046533	12.615254	65.148726	23.724729	-11.297033	10.174241	34.496613
	-30.502053	69.036587	64.020090	-2.025825	57.992025	-8.673427	-14.426613	19.157921	5.797565
	-20.749251	-11.010119	50.647100	-22.265913	22.265492	18.952663	-58.368816	0.078888	42.409565
	4.828021	-5.965215	40.716909	-38.404565	28.303477	26.896070	0.982775	3.414042	54.825433
	40.737824	-64.391831	17.719524	14.354740	26.582350	39.929380	26.616047	7.915585	8.772125
	52.277493	-30.511441	-7.524580	-19.390187	30.295569	32.540905	46.676257	-42.974218	42.465948
	80.827584	-12.572375	8.798179	24.963895	38.614803	37.450323	76.762568	0.901682	50.003667
	83.483151	-43.186100	-9.773243	44.738275	65.195826	-0.899471	67.906433	6.003552	46.137028
	0.898035	-45.902332	-14.681519	-37.848607	51.531485	-16.346182	73.735705	-48.439917	31.937091
	49.148434	-39.334417	-60.087347	0.320279	25.959028	-46.405521	73.652049	-23.154388	17.935486
	39.836151	-42.311100	-55.852893	14.528558	26.747104	-10.596965	111.938226	-7.878521	21.257957
	48.780866	-45.763874	-62.561864	-57.994735	44.450647	-39.591332	63.243454	14.566247	18.500056
	37.968835	0.268286	-5.230198	-6.895345	57.633039	-55.362326	35.498819	-4.808197	8.136216
	41.348407	46.934661	7.271490	-74.720721	74.387814	-18.914363	77.888096	-1.596741	63.495575
	27.265804	82.145441	13.117869	-29.380264	66.921485	-31.411277	60.574405	-45.275088	30.615112
	30.729397	12.111771	28.193263	-44.474288	29.190279	12.117847	67.358207	-55.992172	-16.691279
	27.573535	-14.703977	38.036480	-37.714085	1.888610	23.948500	36.773379	-37.668301	20.052695
	-4.310552	-35.415311	4.870088	-4.071689	-13.141753	22.035246	38.128594	-5.751261	2.149362
	-12.134703	-3.894633	5.835481	24.311320	-51.984969	-1.291339	10.554988	5.867016	1.982024
	7.172905	-29.140036	-24.407663	20.857998	-17.996321	10.144612	-4.393972	19.238057	-108.021988
	-3.686748	-13.846448	37.184953	9.897500	-53.634853	50.351908	-16.923915	-1.680013	-49.071743
	-60.412087	-30.672895	36.930556	40.800310	-55.756288	44.702384	-29.769187	39.921613	-52.744909
	-1.757386	53.209964	17.272368	15.411587	53.091683	-1.903205	-17.214752	25.703223	42.818429
	-0.715582	104.700316	57.478293	-57.354300	93.595441	19.624161	12.664446	-3.133626	56.326829
	-10.514388	133.008821	43.763291	-38.071753	90.767557	-16.148764	38.606061	-6.036636	57.968607
	-41.709967	137.113592	49.192488	-29.255131	91.044001	-63.001655	6.418406	12.258818	30.852540
	-34.946138	99.150011	-29.136645	-28.370464	73.140070	-49.078537	-10.047991	-21.359128	77.542280
	-75.006125	12.359794	-10.301429	-20.399195	-18.893405	-23.505442	-64.062104	11.410610	37.948719
	-36.943003	3.137203	-6.365543	-59.709011	-34.061847	-38.393917	-34.322132	-18.932495	17.560074
	-43.827424	10.380047	-29.565888	-3.930758	-4.330096	-47.102443	-8.333383	-24.646972	26.278294
	-11.914626	-24.566534	-2.639408	-33.245253	-13.997275	-7.546657	18.119695	-12.515584	11.168270
	23.519337	74.987084	-7.831639	-40.373984	105.277444	-60.466868	63.547750	-3.761414	100.379723
	-6.755646	33.725971	-23.368915	-101.591299	37.782586	-36.469311	25.238090	-24.806071	49.382386
	12.839723	125.182322	64.013100	-82.015145	86.701797	-18.780734	38.490491	-26.138642	15.132849
	-15.843871	156.535324	97.979114	-29.932061	113.782863	-24.818248	20.602113	0.342871	7.135034
	13.096336	131.232556	114.121771	-42.602891	75.860175	2.472631	24.335004	4.054254	34.292387
	-11.588662	81.099533	98.844237	-53.935322	66.996685	19.683849	-12.047254	-12.515880	94.400605
	9.392180	17.239152	107.925057	-4.706525	-47.115750	70.722333	-24.656225	-19.111763	5.185573
	-25.451758	44.239486	58.381402	6.717837	4.451558	27.052213	-7.929798	13.157185	14.060039
	14.084394	57.897245	13.925206	-40.469949	-6.536509	-7.774982	20.865378	34.498328	22.575039
	18.899726	-25.235909	-27.586817	24.448203	-51.583961	-0.470396	29.996715	22.883901	-16.815590
	27.165430	-15.413133	-9.619857	39.063255	-17.597744	-19.510302	58.381225	2.973142	-47.755620
	47.542657	-4.274840	-71.081215	54.992878	-2.782748	-25.449424	33.401913	13.729689	-73.711964
	14.366245	-43.253123	-44.659551	16.026618	9.458752	-10.518423	67.747998	5.131982	-94.080065
	22.976378	4.592317	-43.454137	31.560030	35.154803	-26.682045	49.835473	4.412177	-89.159779
	25.316733	12.192817	-30.744464	61.614574	35.734364	-25.370844	58.497520	34.195323	-44.435636
	19.165714	-24.559049	-51.931094	25.879819	2.628391	-12.640087	46.837017	25.510365	-62.138657
	37.511630	-30.115922	-22.408515	7.715655	-14.934706	-10.952133	22.631928	6.162025	-84.392681
	10.502267	-27.774304	-17.843403	16.569630	-27.254524	32.199191	12.578731	20.197369	-39.016477
	1.445151	-69.337280	-42.175804	25.477184	-70.557746	13.099990	3.083158	6.090704	-1.022586
	41.086495	-132.742130	-43.616747	38.741722	-140.850951	65.014345	-15.369229	6.795164	-66.334854
	7.984458	-43.222560	-3.810251	-17.183648	-20.512958	44.281254	-6.842737	24.627305	-2.801556
	4.069067	-2.673014	62.348402	-27.656447	34.529987	26.230277	-8.491896	-2.506330	2.518346
	-15.968516	59.384626	72.963552	-77.116447	59.370995	-8.388359	-19.946503	-17.622332	34.260763
	-39.912572	15.285784	52.249138	-54.590114	27.273156	7.933137	-36.494742	16.612043	-8.561894
	-48.337131	-35.647324	-1.570933	-22.907966	-28.077176	9.290642	-35.191932	-28.114753	-23.932576
	-13.828776	-47.984204	-20.556496	40.402808	-84.133312	-4.798405	-98.011473	30.042044	-46.849509
	-27.797738	-54.549556	-43.554251	32.443985	-71.944525	-12.876717	-28.756061	46.036236	6.589525
	-2.030978	-50.289206	-71.890074	83.700722	-70.080709	15.771276	-5.762594	51.318997	-43.455576
	25.232165	-61.923455	-72.068814	92.769360	-31.787370	-60.577018	11.719262	20.395917	-43.979476
	20.983318	-48.515224	-58.334527	52.468423	-51.401238	-13.033198	44.679574	11.573026	-84.830668
	14.634265	-79.429641	-31.628981	65.807614	-44.782607	8.652595	48.835202	35.908438	-24.176495
	20.757594	-48.718443	-53.883975	40.758290	-59.713191	-24.335143	9.976053	0.810062	-63.588012
	48.203790	8.469797	-3.822108	-47.164244	12.797106	12.443770	50.282473	-17.561637	32.056946
	23.477372	26.030191	10.868350	-21.664808	32.836932	11.665402	53.095648	-25.930768	44.007438
	16.645599	68.171895	59.019537	-18.571136	19.406567	7.332005	16.216808	-9.914897	28.223844
	-47.524854	45.872484	72.871243	-21.510102	15.585858	26.928924	-8.997990	-10.975614	80.386301
	0.500022	80.926008	101.952208	0.783185	85.597146	30.716222	-0.702617	-19.179760	101.089571
	-33.933532	37.379262	83.190851	-5.215875	59.781405	41.940722	1.115069	10.128929	91.108535
	2.006903	-32.702760	8.677730	12.976465	-44.324351	21.083704	-18.682272	-14.057604	-17.256896
	-11.977549	51.364808	54.334519	-3.657986	29.163594	33.282005	-8.763714	21.875712	56.787275
	-3.295395	57.504678	94.043798	-11.224957	48.217361	21.969648	-2.601044	18.022996	67.641694
	-5.487570	56.462175	3.187146	24.791848	-0.131432	26.328402	-17.361963	26.495710	11.577599
	-7.734219	43.953397	-10.868729	38.737260	-38.116846	-19.079167	-45.596050	48.733536	-106.859136
	-24.044210	36.662467	-19.909607	-6.787045	-18.825154	14.799880	-56.766946	21.034390	-41.972758
	-9.688962	41.024604	12.894579	-9.705769	-9.224126	-8.122644	-49.108569	16.233735	9.060161
	-5.780116	60.448847	8.947145	-11.402658	15.965064	-3.594237	-46.471037	-13.372205	-8.728971
	-7.049902	50.650725	23.777340	8.939398	34.060137	-10.805669	-44.493912	-9.333558	47.667407
	-14.593106	32.923102	31.254023	16.063417	9.407167	15.112748	-34.628376	12.788296	28.210017
	8.379199	23.669322	29.631293	-12.361861	0.931334	-13.775062	-28.224260	2.234976	-4.660753
	7.974505	76.254485	18.715721	4.229565	25.953956	-16.112667	-15.309100	1.576640	16.745986
	23.498119	71.813282	5.279435	-6.688896	3.522333	-7.194333	-26.974698	-10.021486	16.881357
	-0.693089	32.438189	10.867904	-33.129384	19.381582	0.306119	-5.136324	-21.058576	31.061261
	-22.313551	3.815288	-35.135088	-9.718656	-17.903380	-14.371874	-11.908702	3.479425	-6.813838
	14.232869	-39.987154	-34.120136	7.553428	-27.922722	-9.310661	-4.488013	-7.797565	-26.355309
	52.019056	-62.833585	-17.089986	34.233987	-32.120589	23.666342	19.010349	0.703759	28.619105
	64.477472	-32.764071	-58.906627	35.166769	-14.041224	35.754631	46.530860	55.503582	62.520942
	34.791303	-77.198850	-38.060880	22.180248	-24.778521	7.187312	58.095802	41.101393	-5.708274
	10.257457	-86.522560	-27.493112	10.036031	-35.216818	-6.233749	-8.022051	-20.850784	-16.570472
	3.274014	-56.723820	-23.963296	-13.106815	4.697327	-1.166171	-3.100437	-1.643374	-4.404697
	38.418010	-48.123685	-9.879995	10.577662	3.933542	24.433167	9.182322	-5.650769	15.129985
	11.024020	-78.733895	-25.724152	16.872898	-39.373547	-12.737752	30.822929	-4.844549	-47.780575
	44.704894	-52.378063	3.097900	32.572757	-29.450146	37.994520	0.369037	7.669059	-17.728730
	31.300465	-55.192892	0.234629	72.456984	-26.335833	16.175459	-30.205409	4.475538	-11.288497
	26.951653	-57.734595	-1.149689	12.687289	-39.524122	8.261858	-0.442918	9.395812	-22.513375
	14.610410	-34.484164	-15.745407	40.668194	-14.861867	11.407376	19.385595	-11.411439	-16.948745
	-20.603931	-46.186596	2.442707	37.904272	-16.531768	34.789465	-34.667743	-6.980404	-15.592972
	-14.587104	-50.926454	-40.990640	19.677353	-9.509670	9.647155	-7.747146	-27.228168	-76.253309
	-18.219230	-55.407706	3.051634	24.718880	-48.337397	6.426969	-26.291252	-26.997429	-44.147650
	-49.521479	-79.028752	-61.608684	52.028465	-83.855704	-20.527481	-41.703644	29.607094	-131.744311
	2.853358	-116.621328	-28.088223	50.891947	-97.370873	17.579101	-41.777872	42.448414	-116.746816
	-19.374647	-98.299912	-55.373684	-0.109765	-39.945947	27.197745	-62.689839	-7.871502	-54.663142
	-37.353297	-106.152889	-44.889096	42.355692	-86.339698	55.797276	-59.766998	-30.682205	-81.884967
	-8.739882	-125.770296	-13.757125	41.097454	-92.953750	65.495576	-34.890405	21.407743	-85.585017
	-0.043408	-89.780528	-88.480007	75.068812	-100.078706	48.295315	-35.954751	-35.383793	-112.994753
	-22.889920	-89.033101	-18.484498	38.365008	-98.593077	58.263192	-58.352683	23.403821	-71.185889
	-10.599820	-90.072138	10.722251	2.133138	-118.138992	71.016325	-80.155160	-17.061322	-78.137001
	-2.747299	-125.274060	-24.540929	-23.563660	-110.914959	78.788378	-67.254690	-15.024824	-61.375746
	18.318383	-129.945951	-82.953609	1.625439	-100.852307	6.489658	-79.453654	11.983244	-84.811600
	20.656456	-101.622035	-66.003950	-2.396393	-98.111400	37.100029	-49.757117	-28.590789	-50.346316
	-0.401314	-106.978958	-35.012653	11.174499	-117.940367	19.367609	-25.480482	-1.321478	-54.341851
	8.105895	-66.200927	-11.877664	2.767071	-100.141313	37.176333	-44.751609	5.385899	-117.109267
	3.221106	-59.886865	-9.144578	55.774725	-92.622007	54.544378	-64.606706	-2.450473	-15.368673
	-9.447516	-58.972043	-16.805761	54.411170	-132.206010	76.889553	-45.585241	20.494596	-45.384830
	-48.163837	-55.806355	-52.821471	66.910588	-108.891779	25.528713	-76.967370	3.690152	-58.385882
	-35.879425	-68.819302	-9.102124	48.725937	-91.575006	6.780838	-64.661845	-5.081532	-75.044168
	-15.226378	-68.869190	-14.993573	56.319213	-86.004191	32.212908	-37.643382	12.761931	-54.893336
	-21.545957	-80.714399	-61.625121	73.232589	-98.873603	1.247596	-28.908916	21.861890	-71.597431
	-22.263139	-97.517356	46.468613	7.276984	-52.514602	38.310192	-38.876498	-28.364587	-38.918594
	-63.956514	-74.690400	132.143888	-89.362428	-65.954520	92.662441	-71.548087	-53.508394	50.967210
	-23.819733	-54.791189	26.320226	-43.592579	-25.216419	59.636394	-48.594888	-8.311872	33.986808
	-24.991710	-30.600623	32.978139	-94.140367	-10.538141	4.240794	-70.330385	-23.134965	76.003002
	-28.434411	12.663601	44.717099	-101.543204	15.497998	26.444696	0.400431	-16.818920	77.347260
	23.315301	-11.481955	33.314866	-55.417209	20.919717	52.174573	37.620057	-21.807896	86.161811
	6.384504	-4.745777	45.667670	-84.394503	45.717292	44.607976	21.810093	-56.994178	79.126529
	21.040378	-16.455108	18.436225	-79.535917	29.871972	-11.809183	41.417474	-26.975945	56.361146
	17.304807	2.405011	36.058700	1.726913	81.344396	-0.689991	58.957105	18.968668	89.662895
	44.174734	50.674922	37.978220	-25.721105	52.090244	-20.955670	48.494022	-6.046722	35.395323
	24.202348	61.150603	6.238276	-41.821288	60.812989	8.914935	37.326910	6.696841	56.259518
	5.148292	-44.439474	-34.298019	11.150445	-58.980910	-3.650356	25.760341	-1.127045	-13.853912
	-28.938847	-16.334956	20.740917	-64.242017	26.713668	-16.339438	-23.047186	-38.352249	45.764633
	-41.776857	18.219205	20.869194	-38.362804	6.360756	-30.606143	6.692788	-15.915229	28.267101
	-6.940369	-23.727905	3.814692	-46.275764	-36.028438	25.451521	-9.847922	-9.129549	6.073053
	12.909612	-0.542788	13.654067	6.828420	-8.270470	13.601195	-32.942389	7.084242	79.908480
	-40.079912	-57.622689	-1.177578	67.347761	-92.047105	40.574783	-13.470026	-18.611318	-36.092987
	9.740087	-99.809519	-28.463432	89.849476	-122.746354	8.078881	-21.539140	-9.412723	-36.548122
	-12.345987	-112.864299	-28.940710	28.259202	-114.052469	42.836822	-68.681964	-3.292991	-1.190501
	-26.209311	-193.903018	-98.898844	60.791463	-165.993336	0.982817	-49.502305	-11.517731	-126.342277
	-51.498279	-128.331485	-46.237142	-16.036054	-143.186335	12.060369	-91.947836	-39.634839	-37.016124
	-15.697678	-37.132346	-9.084794	-31.532816	-51.226175	14.722933	-39.568035	-6.985334	-44.690118
	-11.138014	9.288192	-6.138795	-21.679032	-24.867532	27.032472	-18.972960	-18.423811	22.514638
	4.466573	2.474630	13.087582	-12.188074	-23.082198	30.271958	-19.538203	1.969299	-7.886507
	-18.936412	-2.805210	-10.474294	46.955378	8.793694	1.453004	-12.586268	0.878445	-24.802335
	10.662856	4.880755	32.241376	15.500342	-2.076544	-0.564973	-35.627814	19.167804	-22.077451
	-11.352706	12.089781	5.021607	67.749924	-14.342333	14.491880	-10.563197	35.962842	-124.330428
	24.723045	-11.638099	-18.565773	52.450628	-46.144941	15.759868	-2.094113	24.647815	-71.126093
	-8.554244	4.047174	-25.527540	33.455377	-47.125978	6.963607	-0.405760	13.569233	-54.356520
	39.931837	-12.507314	-25.948106	60.962279	-83.451730	2.610964	38.012667	34.581583	-53.295854
	31.411349	-12.573547	-47.585794	47.964595	-36.801843	-19.773649	29.701199	21.822797	-75.946589
	18.755612	-26.323687	-69.319376	25.883334	-38.166981	-58.731578	10.668209	-11.049260	-78.414634
	-4.506411	8.350700	-73.259547	-23.807944	-15.795774	-52.407842	13.878121	5.446650	-39.069686
	24.785436	-29.931335	-86.406352	12.659718	-24.583607	-103.443332	-15.616439	-8.937253	-61.271572
	3.122475	-30.309946	-80.818426	0.753018	-14.882810	-89.546877	9.678420	-12.391792	-37.062074
	16.616899	-28.824106	-57.779569	35.178208	-0.172863	-71.825578	17.507121	-24.541844	-6.782654
	17.735203	-9.659407	-69.745218	0.804350	11.964467	-48.626835	11.534862	9.169130	-20.547546
	9.270526	-28.064593	-45.950381	-2.532977	-17.593363	-38.589924	32.645672	9.679969	11.100318
	12.491205	-10.322696	-24.553070	20.129613	2.946078	-15.527597	48.283216	14.804264	9.282171
	-38.776632	-25.911093	-70.730318	-66.759936	-43.490567	-101.158725	0.442830	1.488008	-64.813036
	-29.369251	5.211579	-54.734132	-60.225963	-34.263351	-39.522888	-18.800609	9.455406	-50.973310
	-42.004737	5.019708	21.673067	-8.466344	-20.220947	-61.832572	-17.234912	2.276557	-30.698521
	-17.168098	7.062474	-5.419529	7.222489	-7.827292	-22.373640	11.173711	1.020740	8.805253
	-17.467869	-15.548799	1.951999	-7.955183	5.761467	-31.383638	20.944815	-4.174307	6.445572
	-39.143858	-8.057650	-4.744419	2.731796	22.594118	-23.317752	27.054035	-26.706152	-9.785111
	5.147434	-16.340392	-23.693216	8.407415	0.796738	-5.557791	-19.704612	-12.531336	40.223754
	23.928037	-32.058736	-39.933386	5.497550	4.504267	5.105655	57.770246	-10.192632	23.215895
	3.700968	-68.002768	-63.524311	-3.787482	-33.433406	-22.210912	53.248296	-20.724750	-19.244049
	39.045881	-51.562854	-1.117915	41.917404	-22.054976	6.251715	52.207650	4.657709	0.205459
	15.156492	-69.764613	-37.635020	57.323214	-20.310542	18.439144	50.370847	22.614623	-34.243897
	22.614458	-67.654285	-52.564397	56.980048	-42.103884	23.235873	26.838663	18.232281	-33.709893
	50.393878	-30.282300	-15.195648	29.722398	-33.052671	47.947038	28.057283	11.924085	-40.312580
	42.007441	-42.201347	-19.385628	43.170503	-66.461888	63.831127	23.690322	8.530340	-43.806559
	28.213547	-32.498828	-18.661655	45.220367	-40.863680	49.423211	2.953565	15.486672	-57.675500
	4.422848	-20.153589	-6.041388	40.922834	-22.650930	70.615031	30.385870	27.787395	-42.367329
	12.108319	-26.147178	-2.372823	52.570015	-36.148389	40.306593	4.257600	18.996607	-56.816042
	43.634448	-46.238058	6.511010	56.086603	-42.253885	64.511719	-4.858054	12.935954	-44.756991
	-16.681379	-46.292037	46.045822	21.572641	16.831181	35.120287	38.478944	1.435229	18.320189
	29.906018	-10.263283	18.663465	40.246500	45.745064	4.942679	44.230646	21.791595	-13.685620
	26.571986	7.268281	53.282417	67.659649	34.290049	20.335092	30.961145	-11.348985	3.013897
	-1.089047	-10.614700	-18.856730	85.197234	-1.567161	0.050392	35.205488	-13.496287	-45.093861
	-29.581175	-0.865470	-36.713459	7.955558	15.536377	11.077509	7.565142	-17.161926	-0.392818
	-4.371524	7.583451	-0.206485	3.291707	-9.307902	35.190574	-17.764349	7.416680	-15.423848
	-34.793813	-16.295836	-4.335749	-10.517138	-67.832742	12.058193	-24.072330	2.281103	-28.180692
	-49.556821	-15.298419	-51.665999	-18.219692	-70.245130	49.648603	-13.869040	-8.604199	-37.804839
	-29.869092	25.275919	-21.409612	1.870787	-22.177466	3.886430	13.684284	14.917883	51.376000
	-34.373275	-13.978228	-19.998181	21.856245	-27.646803	32.193121	-26.486095	26.228184	13.447239
	-22.903798	-18.056140	8.712931	-1.150653	-54.956065	19.443060	6.877933	0.317145	21.877668
	-19.581936	0.573392	0.497969	44.391412	-17.216748	19.364476	-17.903953	16.994258	30.223520
	1.482105	-24.294830	24.011203	-1.405278	-36.502521	6.070081	-28.911109	11.341309	-23.294035
	0.147186	-52.103816	37.185388	-33.004500	-29.150966	32.476263	-21.466923	9.933503	5.277717
	56.489364	-69.034434	-5.417397	20.164328	-15.191642	-23.854479	27.057875	9.084407	-0.901014
	-41.017033	-63.312520	-26.737921	-63.160310	-65.770692	-28.262176	9.578399	-37.001760	24.101807
	35.453907	-84.292853	-11.272118	-26.562394	-85.312661	49.190089	-12.057194	-5.171028	46.648362
	70.396392	-84.387449	27.758433	5.436288	-60.321231	43.082973	13.793318	12.429567	8.105392
	30.632344	-44.964752	-46.020914	14.063120	-38.197008	33.452270	50.017724	19.428718	-13.689035
	54.223177	-52.716938	-63.054530	-27.837134	-1.409191	14.338671	45.408821	22.667409	44.040309
	75.286504	47.588540	-29.487610	3.681927	57.813485	-56.677595	117.353915	35.867072	42.725416
	95.638557	23.401248	-62.986456	8.461786	26.497287	-90.066904	81.858545	47.188103	2.399133
	74.846404	19.115824	-43.985990	1.523064	58.801376	-38.742604	116.283636	28.615839	38.745640
	54.534988	7.472814	-75.026112	-27.638718	37.733642	-68.690280	61.723980	-2.104130	27.609189
	27.751855	19.316686	-54.580095	-35.183124	72.148492	-64.995615	52.191391	-8.972240	-33.990215
	33.745418	34.116298	-39.887923	0.319403	91.687174	-45.738698	69.977900	11.540114	38.942935
	38.033854	6.520607	-61.839062	28.545716	66.244385	-55.680683	85.666904	12.714308	-18.851994
	44.216077	-2.386936	-64.088597	11.401267	55.103526	-56.708814	77.126121	-20.226005	-21.722866
	21.391438	-19.291460	-79.598589	1.398144	4.954050	-10.335270	68.510014	19.902903	-12.357715
	33.898866	-30.359846	-45.400151	2.385327	-7.843542	0.075336	13.841877	17.956078	-42.376533
	13.218018	-2.491036	-64.909116	-43.617075	21.414588	-14.167404	22.166868	-30.480638	-27.549807
	21.907429	3.208345	-31.463011	-5.456756	2.977924	8.398634	-8.917799	-4.863719	-34.692448
	21.402931	-20.198928	-7.036674	16.030072	-18.807885	14.721959	11.435411	5.377968	-10.417363
	28.240313	-37.141999	-48.825514	-23.704055	-19.408947	-22.276817	21.717950	-8.857994	-22.714074
	5.213596	-32.846873	-62.101000	-55.338573	13.713195	-24.184426	7.407357	-7.437366	42.117382
	-13.414426	-39.473676	-9.647213	-9.716759	-12.005437	-2.396753	-5.494193	-29.190854	-22.981674
	-13.666080	-56.959875	-37.242045	27.222397	-7.177770	27.703954	-7.770638	-20.255064	-23.847484
	-1.194178	22.156909	-11.591862	8.802087	-2.303876	-4.559763	15.644419	-3.292197	6.124064
	-8.104547	7.361440	57.390890	-5.635881	-28.481665	44.011795	16.923624	6.112841	12.012615
	15.576064	93.639776	49.836982	-36.169487	77.009533	-28.189651	48.289926	-14.059712	21.995848
	43.192486	70.574498	18.967978	20.639286	98.272212	-60.462834	66.924487	2.947528	25.748139
	29.365068	83.961228	20.580764	22.092776	86.074179	-28.483002	72.381015	21.469680	31.992622
	10.438094	43.392931	38.162738	2.939838	15.938923	34.006167	-2.668465	14.587200	15.279748
	34.262379	11.494619	10.473556	22.900879	20.066879	37.257349	28.447098	42.154340	30.442963
	-9.162678	-9.462863	12.335690	-38.991352	-44.703469	26.317504	-16.696119	-4.871493	22.663141
	-3.655150	-3.885513	-0.679662	-8.388498	-13.010869	25.983813	-28.777358	12.905876	29.544580
	-14.757322	34.654024	66.355763	14.887698	13.133951	20.575128	-33.668866	14.596657	73.850377
	-3.604657	31.274456	63.865444	-20.700680	31.430172	36.580008	-22.418184	-26.419600	27.861720
	4.632590	42.557987	17.276497	-14.256015	19.317094	15.975196	12.667658	4.163586	34.660707
	-3.654640	32.628338	1.372098	-14.281056	-15.342099	-1.074400	-12.837596	4.489706	-22.977145
	-30.788756	17.482960	-10.700048	1.691945	13.967315	-16.122977	-12.028738	16.642157	-11.583012
	2.261208	24.070723	-17.718271	-0.306757	46.232961	-11.548970	-1.413275	8.667283	33.413793
	-17.581467	25.683379	-27.270613	-25.057523	30.689866	-12.497957	11.311889	18.023462	-32.490681
	-14.994144	52.400345	-3.974077	4.083335	47.421252	-46.168918	-16.887302	-38.684629	-31.192909
	-10.753353	70.372186	-32.167169	-30.674718	19.014088	-34.310024	2.615108	-23.083357	-89.353973
	-4.128430	43.829860	-15.623333	-13.536428	-9.179165	-18.468525	-17.384435	-25.901418	-39.111367
	-23.583733	13.068506	-15.573484	-13.879962	-10.383838	-40.994827	17.647297	-36.882829	-62.121742
	-4.131142	-20.601292	-17.139909	16.887483	-14.959925	-4.217886	13.525709	-15.458832	-37.213177
	-12.161620	-22.931978	-24.756006	-45.057688	5.722839	-21.876449	13.189372	-47.364259	-29.592950
	20.128103	-34.331158	-8.632936	-54.092342	-6.227346	-35.903109	3.560450	9.544870	9.613387
	4.053544	-45.371856	-25.140596	-26.581304	-6.236652	-12.950594	-26.618344	-27.948227	-13.382537
	17.540184	-52.368746	-11.150144	-5.247587	-50.830263	-0.260512	-7.141925	4.179066	-6.438968
	-9.309924	-62.042550	-10.188096	14.057675	-50.318845	8.871558	7.892322	-10.722090	-24.805170
	-27.020595	-46.391101	-1.587510	12.587194	-39.791322	26.598484	-15.914186	-4.003719	-32.228692
	-18.571637	-45.317480	-6.449537	-6.671063	-92.185957	44.607740	13.605209	-4.317275	-46.854648
	-20.455455	-47.596360	0.725437	47.541596	-89.472749	18.372744	-14.530794	5.437311	-61.126320
	5.136981	-46.823201	21.269488	47.568465	-68.038370	51.170591	-38.823435	5.299362	-62.036901
	-53.837504	-56.300160	29.211135	40.428377	-103.911942	19.675276	-78.432772	-23.991443	-39.533920
	-38.028355	-31.871162	7.593315	-29.099808	-53.517190	29.078062	-41.151031	-7.516625	13.128512
	-33.254437	-38.541583	-13.964214	-34.027980	-59.450328	42.278186	-72.797225	-40.395979	-52.427663
	-3.586309	-14.611728	52.085470	-23.358760	-31.146936	30.270611	-27.933904	-21.752303	33.342048
	-5.870938	-2.384665	-41.078607	-74.185529	-40.495826	30.640006	-26.454905	-22.251235	27.203324
	-12.908058	-28.075815	1.049016	-54.882926	-62.162538	32.357091	-40.190167	-70.580384	34.854580
	-27.664128	-37.915019	33.997680	-52.435709	-36.573769	24.228120	-14.378163	-12.131640	19.864341
	-14.749997	-12.108013	63.346771	-31.321324	28.558376	40.577183	-29.737323	-31.942834	106.578138
	4.087841	-33.666574	26.339691	-26.009574	-28.141765	41.989197	-33.396478	-16.213147	44.054937
	-8.779511	-49.233043	44.166023	-17.775908	-0.713323	42.557324	-31.014548	-45.684487	65.558523
	-17.979869	-52.895700	24.398856	-62.701747	-14.790838	1.685091	-32.466588	-13.206326	66.425503
	-60.467163	-33.593755	10.495342	-44.645216	-4.172366	-20.751501	-39.667864	-31.185535	-19.367864
	-44.732496	-28.936081	-69.513287	-42.983957	-37.022799	-5.992394	-56.493303	-38.297707	-36.188805
	-4.334564	-22.706934	-27.080245	-9.799712	-7.606011	-19.707653	-52.373046	-17.442551	-50.265339
	-22.319664	-23.815186	17.081850	-13.147578	-1.329856	-9.674207	-50.916772	-6.385545	-0.189428
	-30.772027	-11.893318	29.345023	-0.925502	-33.864917	8.893997	-47.081522	-10.033064	40.631831
	-29.745738	-20.087661	4.598549	-19.545921	-3.801635	5.050759	-63.234786	-15.283800	-1.191106
	-59.172070	-12.205068	14.398692	-51.176445	-18.372789	-10.734889	-49.733576	-27.449155	12.181477
	-33.440247	43.806018	46.320265	-11.116338	27.263453	30.402357	-21.606176	0.785720	69.114134
	-18.575744	-30.090819	-3.990717	-54.303386	19.863604	-7.756532	-22.987279	-42.862004	14.284115
	-9.404000	-92.139313	9.591464	6.425516	-60.962906	20.078064	-34.055101	8.674378	-4.655471
	-2.573936	-56.697005	-8.587997	36.669043	-43.802961	27.799007	17.970813	16.908884	-31.116600
	3.292805	-66.370443	-20.612171	2.408462	-48.402326	30.374984	-36.375828	-0.889152	-5.510369
	17.691211	-39.555280	-23.935152	10.015641	3.594348	-11.913877	-13.923582	61.022639	-3.263782
	20.691071	-19.431883	1.044614	-13.655911	18.436866	24.268519	19.055753	2.305367	28.712928
	17.675349	-21.280345	21.405095	-5.643614	18.829169	27.579399	17.875359	3.845875	27.860004
	37.898685	-71.716120	42.588659	-36.576896	-23.326188	24.343623	-7.746830	-7.810131	45.442977
	65.790556	-46.176300	-5.776242	8.726124	-29.383649	64.070474	60.827578	-11.145677	82.898262
	63.572660	-43.672790	-9.836201	2.381073	-8.868763	-7.081727	23.663138	-6.336403	64.428008
	56.983820	-50.156393	30.243721	-54.207431	23.218546	60.882077	2.401908	6.492051	108.479029
	52.598699	-13.679578	64.880293	-38.842725	-4.567127	58.555223	8.520742	-27.689249	107.252713
	67.946277	11.356999	44.438924	12.043426	10.340406	32.070522	22.843135	12.707993	101.136900
	43.713012	18.820151	24.857176	25.308804	14.170686	-6.199059	34.709152	13.792763	74.192153
	24.046417	11.388707	4.618957	51.640114	39.259307	3.137034	38.577575	15.681812	1.899136
	34.126826	13.984406	-7.828873	41.222518	17.109639	-9.266723	31.451584	17.697599	38.089687
	7.880801	9.845416	-7.801160	34.629115	19.620457	-28.621606	25.413919	21.738369	-32.497285
	0.415762	5.956914	-54.215036	21.036412	29.112108	-50.143297	6.680060	-0.131266	-19.283386
	-34.884863	-4.653803	-80.202874	-5.770067	19.938696	-66.681261	-6.538949	-3.799913	-53.629482
	-14.738297	-28.730831	-95.008217	-18.196278	-24.429053	-66.440518	45.386148	-16.654877	-74.538113
	-34.367650	-26.577671	-62.146804	-26.105350	3.631408	-67.162176	21.479795	-18.417586	-94.509787
	-29.332555	-12.233259	-100.349910	-3.094128	-21.691125	-62.865390	-12.447256	-26.035828	-64.105245
	-12.790244	-9.918482	-80.886765	-33.042311	-49.028731	-25.724026	-15.046664	-5.469491	-108.243714
	31.501899	-7.651586	-75.233537	19.898693	-49.561957	-23.534588	22.005105	-10.149233	-104.779214
	-25.654256	-16.649861	-70.773294	30.565975	-49.577036	-42.537887	15.295689	12.043854	-124.329534
	-13.625388	-17.354813	-42.384819	49.368403	-54.930802	-24.703586	-1.692438	3.346521	-115.421226
	15.354458	-22.973058	-27.569381	-1.192782	-32.497415	-28.154128	-1.757996	26.806345	-125.445176
	-7.588118	-11.507938	-70.631960	27.354891	-46.393081	-33.277368	21.891379	-29.339680	-102.185269
	-21.741348	-29.359102	-63.768796	41.343823	-33.513689	-30.734195	-18.612356	11.799894	-126.319225
	-32.023857	-26.102215	-53.464832	23.846938	-79.256790	-24.534662	-26.404349	-5.243127	-89.179148
	-56.595179	27.083059	21.745058	-41.796162	10.272340	6.088114	-73.551657	-21.332229	-36.687062
	-73.098807	17.019534	-4.128850	-75.923818	6.307771	-13.710775	-63.652112	-35.762408	-4.440155
	-57.843554	-9.777577	-29.651348	-35.240266	11.420065	-47.998145	-12.946855	-11.871731	-3.822413
	-33.401078	14.083471	-7.680586	-1.256080	-5.520984	-25.242753	-24.093673	0.190130	13.202590
	6.824716	117.157480	71.683380	21.989140	62.037594	-2.071922	19.731480	23.559218	-13.287065
	-30.594006	56.438209	-35.698610	49.564612	36.129583	-65.665282	-14.928939	29.569664	-102.897506
	46.861069	-37.329846	-10.856463	-7.037353	-2.515440	13.721725	28.208139	-50.175056	-20.878023
	33.513990	-54.099282	-38.893313	24.194021	-62.007497	19.060643	64.297879	10.259039	-11.201203
	61.478585	-61.029116	3.179071	-40.724480	-6.069375	55.947491	39.478815	-9.022625	38.593716
	38.732207	-63.425159	38.161416	-5.877205	-40.365764	90.006763	31.149176	-7.572946	47.200393
	73.134520	-25.140927	63.910153	-37.600986	17.277037	55.555027	5.325039	-30.998713	92.158311
	38.731124	-58.357910	78.515196	-7.107410	-43.215340	82.898684	34.594396	33.018731	73.647553
	46.183078	-49.772062	19.271666	7.038504	-19.347686	34.631135	30.369506	28.300336	67.972181
	29.854501	-15.343070	-21.717464	-9.095260	-13.689419	27.221702	40.339576	-3.483230	-0.896425
	44.307634	41.557089	-15.735046	20.006728	25.666685	0.504614	52.564207	23.820157	-20.889251
	32.729521	9.682057	-30.025335	4.264009	-12.815100	-32.444243	24.644412	10.828741	-1.950964
	27.426171	-3.916786	-18.828808	10.613546	8.074557	-18.631181	42.934844	-10.219392	27.373036
	36.837559	-12.817408	1.142105	34.760699	-4.043211	-33.307720	19.974357	5.375324	57.402359
	51.486757	8.598063	2.890985	23.896997	3.151287	-20.006770	47.660140	5.942965	44.217317
	66.714154	1.880118	15.925965	16.218202	-11.706335	-21.697662	38.600940	-30.005796	58.526783
	44.114222	-12.372284	-26.431880	-1.384027	1.775762	9.102408	27.552816	-10.536607	63.552600
	19.776524	-19.104373	-52.982375	-10.085133	-20.647854	-37.233244	23.262776	-11.930279	-3.207703
	-3.438471	-45.610163	-66.319689	-27.375422	-12.722258	-26.925599	33.410297	-20.375813	-84.444858
	-53.785702	-21.096372	-78.588407	-0.907992	-10.807406	-72.293109	-38.376809	13.852311	-66.203007
	-50.515179	14.680138	-73.495109	-4.250785	42.008468	-50.147868	30.989618	-11.980724	-48.698965
	-47.464343	-19.822444	-26.469942	-7.837272	18.055546	-46.996839	8.764080	-23.648981	-21.814155
	-24.485560	-39.052442	30.681466	-15.900770	5.731763	28.769227	-3.026141	-15.075126	-24.276458
	-49.457249	-7.859272	46.144160	-25.491241	-5.467737	3.894097	-2.637985	-13.430030	23.997941
	-23.346382	8.083136	92.445041	-6.810966	27.999384	12.627905	-33.035924	24.812058	20.869922
	-7.582295	94.245222	44.772009	-45.344489	37.104807	-8.418298	29.364220	27.963717	37.602516
	-56.700270	18.278471	0.418304	48.305573	0.856741	-14.354947	-3.844060	10.136942	16.509289
	-32.015051	4.445454	11.089655	16.780047	-44.989249	4.857049	18.419440	19.352520	20.340690
	-15.392798	-0.847801	-37.869627	27.943266	6.561015	0.314957	-9.317135	13.384024	48.365575
	5.316474	11.445775	-31.186018	10.777769	-10.945014	-10.019654	-15.394213	-20.474207	-60.136104
	-11.407427	21.305441	3.752394	15.868683	0.934303	-15.345807	-25.957098	-4.086950	-80.220771
	5.552605	17.118916	-16.419168	37.729933	4.292815	9.157602	18.383729	-15.611738	-104.200601
	-41.997234	-8.642669	-19.446081	69.728648	-30.550096	-2.738302	-14.766478	25.246037	-71.558561
	8.124377	-13.707302	14.162239	44.841459	-8.833694	-14.848388	-6.776122	20.334508	0.866360
	-17.797185	-19.678198	-6.125750	62.723785	13.751247	-9.653786	34.038450	2.090561	-2.004805
	-7.336073	-35.159267	-9.558331	40.784967	-13.947037	-11.150719	-12.009629	-7.901715	-16.242100
	-45.141205	-3.244683	-19.196836	40.224904	16.546911	-27.282344	14.021327	24.984390	-94.186628
	-67.612726	-20.239284	-14.275082	36.269157	-23.168653	-17.064848	-25.711795	-11.959674	-34.667857
	-33.714010	0.704148	-19.823551	28.019183	-27.837260	6.058840	-30.770430	-7.447796	-87.830073
	-18.164408	-6.733742	-23.815187	18.701669	-41.767771	14.322782	-51.056869	6.391229	-82.805215
	-61.912549	-26.648309	17.900582	29.154562	-31.216325	-12.897747	-35.171690	15.463109	-50.154716
	-42.662090	16.213817	10.611615	1.934492	-16.819791	-33.252705	-39.777840	16.128126	-0.647210
	-45.181487	32.416738	41.934141	21.612710	-29.623015	21.424668	-24.967227	23.089226	12.353155
	-53.955642	49.901881	-2.189352	-38.488358	11.277502	-11.329786	-66.372710	0.398920	-51.015001
	-81.348709	-9.331685	-3.811391	-1.471304	-31.508524	21.880122	-83.091533	-10.201252	-34.902812
	-53.317658	-8.049750	12.184309	-31.468321	-52.523099	60.110639	-83.989147	-1.518371	-28.883279
	8.521952	-25.170601	24.320570	-37.419729	-20.562580	16.168594	-53.009396	-7.122947	15.503598
	10.217365	-27.799653	-8.554542	30.821186	-0.997619	29.724852	-0.609157	-3.081549	30.267401
	5.729030	2.824247	28.525610	1.919947	4.560495	-26.724349	19.223254	26.094468	13.240938
	44.438606	28.383129	13.270989	-16.952232	14.561736	-10.697684	44.845298	-21.566455	24.499875
	36.158300	22.010055	-38.029416	9.974079	41.255000	-48.302888	57.418636	1.422130	-49.219170
	5.920855	8.210063	-47.313501	7.855879	23.347939	-66.946009	2.412572	-7.311246	-32.332239
	44.593043	36.919920	-8.461206	-20.263132	63.509729	-36.955462	56.318383	-40.713812	44.912302
	35.528708	18.663567	4.669729	27.342333	32.377312	-10.278452	31.909664	-4.429742	-34.188192
	-9.472910	7.745197	11.368603	-11.157730	47.599268	-34.163772	43.671293	10.819625	34.397644
	54.460548	-8.979978	68.202191	3.876951	10.894011	8.393378	3.089377	5.837131	108.028224
	57.587491	4.187028	37.953410	2.137261	-0.394312	36.332911	7.598812	17.542689	127.493435
	44.138598	-19.048764	14.742380	7.823986	-5.126095	26.809406	2.773163	27.653010	81.001307
	39.574009	13.800106	65.152889	-33.559211	23.953922	36.008012	37.159708	4.287956	103.360177
	45.333468	23.155865	67.812947	-21.832654	5.497329	19.968412	36.463883	-15.240240	127.247968
	6.972903	15.953989	51.236170	-6.831989	18.671165	7.389266	4.697003	13.389958	125.869772
	-18.727903	1.679854	16.398496	-26.665599	12.923311	-38.156569	10.534373	15.848208	62.056455
	11.982383	4.915084	14.840661	-30.785376	3.837591	10.417247	2.301630	-8.546048	40.474282
	-9.523494	-2.290150	12.669314	-22.160271	-16.956509	17.355090	-20.171067	8.126588	-36.141206
	-13.654105	4.469082	8.576244	-5.403389	1.106791	30.193677	-1.554108	2.452611	-61.693575
	-66.988603	-4.534721	7.394469	-16.712563	-46.284944	0.288151	-29.361751	-5.045696	-44.858845
	-42.065776	-15.864635	1.897155	-58.585102	-37.181199	19.169422	-21.099467	-27.373740	-63.061540
	-73.293328	45.765400	26.019856	-37.118828	-20.591130	-6.664485	-17.004367	-3.013975	26.719136
	-43.420674	7.680875	21.148837	3.469257	-54.619976	-18.654458	-42.550241	11.125264	-17.562547
	-22.572003	0.669170	13.655306	41.898588	-21.099471	31.057788	-23.305511	21.979441	8.981741
	16.955397	-42.704224	-15.990753	15.932216	-4.659482	-23.086883	4.224133	23.582310	6.066151
	20.649353	-31.526939	32.150111	-23.892090	20.849159	53.999256	26.246152	8.926466	125.536986
	21.980285	-22.597390	38.911328	19.355356	15.116305	50.019194	17.757088	14.335854	99.506680
	47.433168	-39.973750	22.985554	48.376406	-14.959828	46.535190	39.242681	40.697203	104.469076
	34.121945	-15.888720	49.675626	-1.258417	23.098275	56.621609	25.069514	35.351909	147.829193
	10.361145	-20.908051	92.819816	-55.136449	30.737219	45.165287	30.239658	-7.171131	149.872046
	36.989439	-62.062606	101.632595	-24.945221	-4.681925	96.078215	8.168232	-14.188906	126.337006
	28.453577	-28.419030	104.097902	-41.374539	65.203470	47.503106	-0.088283	7.653456	176.092222
	9.063181	-35.784823	39.630684	-28.813820	6.667228	65.456247	31.691145	-1.231405	28.072698
	-11.946497	-19.091768	-5.539206	19.748960	23.730080	30.004177	59.116130	5.076864	40.047983
	38.942047	-33.546235	50.415174	-8.411704	21.019737	60.486386	49.056910	-3.639760	39.094384
	45.902265	-26.767852	74.148254	-14.985968	37.910101	73.861915	63.655736	-20.152688	75.938854
	67.073512	-16.454993	93.169861	20.954738	56.070118	68.626087	71.719967	-12.302511	104.619026
	16.470683	-39.915725	45.918164	-19.543990	0.558981	53.512828	49.792571	9.670429	69.069801
	23.918678	-21.441501	89.605150	-23.774679	38.854974	80.799755	8.287985	-16.778548	97.303283
	0.967818	-4.688786	49.068371	-15.745842	69.507062	3.777084	36.932111	7.946873	46.044321
	13.997374	-42.480839	21.950506	-81.470600	-23.396845	55.863186	-8.115959	-24.741832	78.675671
	-23.842323	1.831490	102.219535	-64.584015	-10.302868	91.564821	18.524585	-23.602312	114.711956
	3.471752	11.676613	86.771265	-50.971673	-3.741379	39.073756	16.086702	-26.629279	59.442728
	16.054193	5.829523	125.013966	-26.762200	20.845150	45.218151	24.085652	-44.428233	62.511491
	48.225330	-34.672158	89.895282	-51.814598	12.981309	81.286611	16.310696	-20.525236	113.732826
	41.970693	-6.611573	52.179671	-76.312643	16.620103	45.559201	50.936839	-10.711045	120.277768
	39.538310	-1.926973	31.492093	-49.680230	35.944425	-7.621936	43.666130	-8.091316	20.831406
	38.011883	-5.687990	1.545751	-7.596172	-3.912098	10.864124	35.588356	9.769252	32.015585
	18.392673	0.516070	-11.918997	-10.787731	-18.607243	-34.692083	10.760683	1.120449	-3.510892
	31.905078	21.407685	-48.301779	31.916436	-50.676256	-45.299494	35.260665	-0.419849	-27.131267
	9.243882	-3.130008	-56.099319	62.955886	-15.573255	-41.601428	-19.193030	-17.484158	-34.282382
	-13.306549	21.134360	-60.577959	22.493907	-59.377111	-60.154624	-22.938266	17.880859	-81.061509
	-29.940461	57.976531	-6.234626	22.020248	23.540861	-58.530355	7.515330	8.051670	-30.464111
	-15.763613	70.200078	38.795477	53.857159	62.013988	-16.557667	20.339565	-7.909323	37.132036
	-5.195403	53.638431	32.893557	30.134910	69.253237	-37.297464	-19.283068	-15.873108	25.258816
	-23.389209	18.719185	72.222742	3.343475	14.018270	28.117433	-11.481601	-22.961110	-4.399006
	13.043452	-9.040323	21.044930	-7.811019	-28.283262	28.460711	-0.094286	10.893049	30.541206
	37.240277	-13.390618	-22.311147	22.665490	-23.253984	-21.713632	-14.768443	-1.363239	20.640977
	0.187212	-5.675838	-9.461423	5.078088	11.282076	-6.303653	-5.718689	-21.050384	22.120622
	14.255476	-8.187785	-39.324149	-14.356116	-40.146814	-40.523852	-21.876613	-24.954005	-5.946163
	10.275694	-18.494503	-44.015189	12.077183	-48.854916	-40.026788	-34.127796	-12.413251	-8.789396
	-33.994042	-22.494041	-64.066941	-18.674500	-62.973360	-44.490786	-28.352415	29.058525	-53.293847
	-16.432298	-22.632646	-70.235880	27.421328	-20.206049	-6.332136	0.671355	-19.193199	-11.467262
	-35.961453	-7.106111	-45.042025	18.146146	-12.832605	-29.198669	-3.199285	-11.395853	-68.947299
	-46.404441	10.798600	-69.615585	25.099273	-16.054486	-64.721099	-20.398486	-7.656468	-108.051004
	-24.147377	19.055054	-60.922690	-23.747636	-62.501280	-69.398638	-31.947611	5.493387	-85.151264
	-34.006535	-79.229016	-53.213863	78.274304	-142.370330	27.131507	-58.567886	44.404488	-97.873944
	5.055617	-19.585124	-58.850948	-32.810037	4.451633	11.321286	-34.424280	-2.380828	-115.703764
	-26.889768	-58.024472	-71.150278	17.934436	-62.668954	-28.861489	-23.762309	22.083459	-91.654411
	-24.010764	-31.792841	-28.023641	6.310075	-19.973239	24.772578	-29.169821	-4.149112	-35.704547
	-13.813291	-44.085254	1.389164	20.128610	-5.630293	27.854345	-37.023937	15.984933	2.709508
	2.234506	-15.534724	-11.405595	47.716609	-23.241301	-2.030305	-11.045872	24.651268	-37.515913
	3.900627	-18.760239	-37.475812	63.273286	-48.478917	16.443603	-4.026876	56.991281	-4.575135
	40.915804	-60.448243	-25.289741	46.221009	-30.174762	11.701875	-17.869941	37.239391	-16.855792
	23.511128	-19.117670	-56.673779	35.568225	-10.678276	-28.132557	-17.673388	49.112134	-67.292586
	7.347264	-59.088493	-21.870676	-17.061363	-16.799504	-26.663843	-37.429471	-18.607909	-11.368167
	2.104872	40.968201	37.006746	-60.179053	21.453500	-20.849215	12.168175	-2.565599	28.368092
	-3.680213	1.830522	60.961329	-27.864985	-19.746767	14.634200	14.483277	18.288078	74.833480
	24.311175	-17.431177	67.807408	-6.794495	25.416502	80.254501	16.882021	13.368270	108.976481
	-7.804818	-73.421606	20.244824	-18.998527	-70.414244	47.729070	7.742410	10.886381	60.709603
	37.129920	-43.712988	63.540596	-20.941000	-3.651405	44.627665	-10.073159	-14.936992	114.992775
	39.659919	-24.975901	47.248631	-55.135788	0.066026	55.364799	1.804048	-22.070875	94.792450
	12.854620	-67.999496	71.243752	-42.833200	-5.819484	60.118802	-26.636784	-27.461117	73.003063
	22.433741	-39.788574	50.299585	-15.109508	-20.964045	52.520883	4.366793	9.062167	112.509886
	26.930476	95.312333	89.135013	-27.359612	65.760218	15.297458	16.523774	-12.805930	89.385617
	8.709509	122.930233	102.338218	-87.003713	109.536232	-11.623731	67.131826	-0.856462	152.115907
	24.080335	88.000709	53.304351	-88.617617	75.540648	-12.604510	63.438169	-7.353637	100.404920
	8.770315	89.793359	46.683168	-16.033975	17.254504	-49.957986	15.548869	-24.860878	20.401471
	-18.917945	64.188266	0.477716	38.638363	47.903086	-30.742686	-0.383046	36.877314	24.786303
	-18.355928	88.666007	-15.244982	18.811523	38.895354	-45.568852	53.281369	23.413703	-56.041492
	-2.749605	84.690318	-29.255614	-21.232477	30.980478	-38.253137	15.557808	-16.588439	-63.181965
	-34.306423	57.088587	-8.231318	13.926072	-17.057809	-10.817301	-0.368327	-19.382543	-24.718281
	-7.124606	17.621474	-26.743579	55.013740	-16.875103	-52.291493	-6.132794	15.485765	-47.116088
	1.459558	40.669260	-4.852593	-8.588735	69.803786	-52.762803	13.870431	0.340399	-62.459920
	9.478638	53.598829	10.652385	-6.347160	32.550059	-15.130669	-25.607560	24.065569	6.660054
	25.565934	2.117583	1.012882	-18.074330	3.913213	-18.176262	12.119826	3.268577	21.443751
	20.258117	-3.250561	-8.721610	-25.463909	-9.124256	-30.143158	24.440266	-9.709146	16.133159
	23.830449	7.759271	2.240176	-6.534353	-10.103969	-28.393005	20.622339	-26.893302	20.984774
	44.175115	-1.875601	-38.615424	6.493705	-4.593928	-39.460055	15.007680	-37.449393	13.879703
	-17.406822	1.495203	-54.696435	18.972612	32.092800	-49.297737	50.296191	2.179933	-78.640357
	15.811170	5.488052	-52.640309	15.594924	61.558406	-66.565588	54.273979	0.622586	-79.120440
	3.547088	10.365505	-79.222526	34.309542	19.943978	-68.512055	57.983612	-5.149924	-59.480875
	5.645721	-3.577454	-71.445472	11.687693	6.939256	-29.304982	20.654718	13.562976	-88.534242
	6.809946	-7.796734	-57.414587	-3.216928	5.641593	-11.275890	-21.431488	-17.368313	-41.097824
	-4.426336	-7.245385	-5.481841	-2.055881	13.012999	-9.183234	14.007944	-0.526076	-35.050488
	-0.013215	-0.634107	-47.161834	37.323629	15.744943	-32.391141	-23.799876	-23.045630	-4.882891
	-18.621674	23.991026	-35.254061	11.702619	32.665354	-44.310244	-15.526730	5.054902	-10.630442
	-5.908947	68.393635	-31.778262	9.155877	48.345634	-39.380600	24.514453	-34.793408	7.497659
	-12.901937	44.260531	2.835303	15.122665	31.147302	-26.622183	7.171918	-16.547067	-26.476501
	-4.872277	11.944138	-52.508153	45.494043	23.135968	-31.626773	24.169527	-3.744852	-34.403390
	6.645750	16.486602	-19.570405	17.354397	17.463305	-33.315429	19.307335	-17.558749	-46.376950
	4.139211	-9.288195	-37.956182	16.205110	5.347621	-53.452801	37.910789	1.294406	-23.228467
	-16.073942	-2.322427	-64.174021	4.390057	2.499700	-67.643839	62.189775	4.283282	-96.390818
	7.801389	-7.047637	-83.933774	21.004594	9.644768	-53.878526	47.960832	2.437491	-122.315613
	27.670331	-14.064803	-39.115905	21.960495	-24.292917	-44.297429	-9.981280	-29.869412	-72.639882
	13.844305	-29.193715	-52.653711	-1.913492	-23.050865	-16.238995	20.310086	-8.185791	-40.085854
	15.516143	-47.119441	-45.687843	11.360566	-36.320984	4.609087	20.592415	-3.138614	-7.795515
	11.055538	-39.897235	-23.023198	3.934166	-35.138542	28.049552	24.734317	-24.188189	-12.982510
	-35.832782	5.322818	-10.705903	45.484165	-3.610756	8.841058	-2.434942	-1.576208	-47.138625
	7.762865	-31.423054	-14.482964	30.258769	-75.954625	23.448894	-43.019744	-9.558685	-45.127257
	3.677488	-54.867312	16.936339	-17.187342	-35.504026	20.577012	-64.350920	13.166729	97.092888
	-26.191147	-36.604454	16.480074	24.118828	-67.447473	30.022653	-75.424280	-0.972802	7.095274
	-26.408043	-31.241252	7.973694	-4.968831	-37.736344	-6.617964	-115.134927	23.929012	-13.641568
	-33.287058	-55.370686	-15.047164	28.814992	-71.885466	15.832538	-95.587872	-18.925006	30.078254
	-22.272485	-66.097567	-27.520964	65.970142	-122.779045	38.413915	-66.366941	41.787751	-55.927441
	-19.621211	-11.415629	-12.082064	33.505164	-104.390965	0.562804	-81.050819	-13.904662	-109.923531
	-41.618837	23.790859	10.277729	-22.357427	-36.034564	15.449498	-50.755070	27.574359	-15.230438
	-41.546844	-17.186435	10.166280	0.710617	-83.363273	4.831557	-76.867418	-15.740372	-37.775659
	-29.386042	9.488117	-44.647837	33.747698	-53.002222	-28.007991	-50.032040	28.051299	-109.085425
	1.311823	78.934580	2.386033	-30.233909	73.868706	-28.691120	44.728600	-8.878738	14.386240
	-6.266057	-91.297563	-102.520818	-29.275788	-88.136752	-49.855383	5.561153	-40.510812	-52.635538
	-16.214445	-41.684294	-31.229177	9.309446	-12.597006	-0.661848	16.422035	17.734982	-34.725414
	-20.821413	-27.793106	7.564464	-33.172438	-2.942815	13.672434	17.608647	-14.248143	6.185140
	9.572201	-6.543774	60.446823	-44.705459	59.652047	20.477801	15.805407	-3.845445	21.798989
	38.595890	-1.938993	13.322245	-35.362409	46.562960	14.931824	42.677564	-39.700041	7.887944
	-4.928769	16.340849	22.129291	-46.826216	44.110176	-28.719074	46.756133	-35.585445	48.147359
	4.767040	23.018847	17.194490	-61.031119	66.699052	0.382905	33.863522	-36.743888	40.108596
	10.230341	15.779825	2.265094	-27.545360	38.624347	-20.361481	17.080771	8.292561	79.607017
	6.731567	9.469965	-2.181631	-0.372305	21.739796	-27.876757	-18.086583	3.451350	13.747698
	18.720728	39.068315	1.804120	-1.469927	7.128427	-2.302296	-5.249452	12.464725	59.941121
	-8.851306	32.359743	0.434364	0.856867	32.648259	-24.051524	9.318429	35.455398	49.330102
	-12.219905	29.303499	25.091175	-3.156112	-5.690854	-24.584668	-14.395098	-17.293553	41.205981
	-9.433521	29.961453	30.107142	8.773693	11.227871	-21.037047	-28.336235	57.149495	60.838838
	1.984456	68.403130	-20.346102	25.649948	12.606521	-16.579843	32.634248	35.384173	-45.986313
	-24.698165	52.232341	12.644197	40.914976	16.077184	14.704840	7.998907	71.732898	-7.829428
	-15.031802	47.722176	-9.277233	39.178668	39.476236	13.155078	17.594783	22.411250	-38.380997
	-12.935653	51.404876	-20.824345	30.385476	7.722966	-16.703406	-4.624163	-2.420094	-81.380621
	-31.905279	21.662934	-20.084985	67.379269	5.169557	-3.057410	-1.735819	35.560572	-94.942059
	-39.647882	35.837457	13.447701	24.895007	-3.085952	-13.328107	-3.610414	64.218622	-152.223066
	-48.164784	53.190472	-58.874134	39.652589	13.547923	-34.327393	-8.891567	48.213582	-104.452136
	-64.668185	53.811791	-40.662890	39.552160	-27.278268	-52.513810	-3.252307	49.232965	-109.271926
	-12.095450	57.393984	-14.901941	70.695309	-16.239911	9.671187	-16.225717	33.857105	-120.311977
	-48.668949	31.624500	-50.613786	85.638453	-32.776632	7.115576	-16.374592	19.840627	-137.169851
	25.978132	0.563847	-38.852149	34.977100	-12.138722	22.565797	15.621152	40.544478	-16.534270
	33.104132	-13.807010	3.503618	135.940729	-59.592595	71.878191	-23.230116	74.443622	-47.963079
	-0.103825	45.588912	-9.599234	4.007080	51.977468	0.970878	-20.032555	20.820665	-10.651563
	-0.659893	-12.232945	5.177907	23.377715	-16.059945	33.961395	33.120390	16.537176	10.771675
	13.952259	2.248423	28.226905	9.542893	-0.944534	22.383678	10.847025	9.052383	11.562477
	21.400463	-17.327538	14.304838	18.479471	12.883238	37.328648	25.462734	27.217090	-14.066847
	16.531895	-4.906022	14.923306	1.908341	-12.740027	-26.813439	11.401508	11.074651	6.488649
	61.078823	4.300007	-14.215993	-29.187472	8.823246	-48.320915	2.493461	-23.196313	-15.456214
	16.015640	-0.244902	-49.382195	-36.691635	2.018022	-51.499198	1.097336	-28.797827	-10.100734
	-10.462180	-9.253877	-18.495808	-7.640500	-31.224945	5.022503	-21.704495	12.647361	0.967837
	17.784161	-7.432577	-17.837907	7.142762	-13.915427	-9.913818	-2.502681	-14.260639	-10.700850
	-32.786901	-0.561376	-15.959554	14.992115	-24.468004	-9.080198	-6.291068	8.291165	-30.441873
	-7.653379	-4.652085	-28.112406	6.876460	-35.006010	-29.015108	-40.805482	20.849756	-11.316615
	-17.251754	0.958014	-22.658758	-10.911541	-27.954412	-52.161376	-59.931834	35.294187	-23.507919
	-10.976024	33.447942	7.488784	13.917915	-24.822128	-47.711987	-4.489396	-17.213021	-8.134816
	9.326546	37.128024	44.103380	3.513758	-18.003967	-12.161604	8.867571	15.880705	3.400978
	-51.271425	36.430570	34.872221	1.184315	-3.961560	0.508472	25.851875	11.318569	33.923350
	33.867526	43.928923	18.471006	-35.319672	20.099559	0.684645	5.353305	-38.759445	68.667194
	-37.641293	43.768394	46.140813	-59.441514	47.458539	32.075977	9.031879	-61.245486	25.253623
	-4.541185	-16.033145	26.170071	-56.028780	-15.000650	14.796458	6.078445	-2.762310	-19.049680
	37.521367	-17.188255	-10.919926	-8.406759	19.950350	3.824331	30.741728	-4.172131	14.306797
	10.351273	-14.199187	-9.947439	-24.285737	0.059091	-13.959134	69.001721	-25.051411	-30.565316
	-26.843368	-16.953382	30.841050	-30.054544	-2.414913	14.334551	25.139380	-10.382288	6.535641
	25.684105	2.633205	-1.189594	-37.789437	3.499140	-31.167393	18.738477	-4.188989	34.263900
	-9.328286	-12.173441	-12.004789	-33.649050	-18.255036	-43.467666	4.683853	-3.448240	-36.663915
	13.764254	-22.746086	-88.444906	-1.175200	-5.581034	-43.301966	-19.893489	-4.708108	-35.546981
	-7.290217	-27.383631	-89.053671	18.076372	-15.544747	-61.483300	-32.222258	-5.146814	-43.113241
	25.432294	-28.480560	-15.726148	6.017243	-3.006539	-22.313255	6.857089	-21.304764	-29.227554
	44.842949	-11.483772	-10.385005	20.184645	-16.107848	-30.821525	9.799612	-19.160355	47.486890
	-7.273678	-15.221911	-6.421022	11.317936	11.170806	-46.015068	-26.272116	-9.138997	-9.224697
	-3.954234	17.358883	-19.274876	-5.322999	1.847188	-6.169699	-13.445719	-6.893059	-53.285947
	-5.610786	48.469083	-17.317379	0.948966	23.888547	11.047927	31.376083	1.877587	-65.922080
	-44.246085	-17.374138	24.392437	10.899721	30.945272	-3.803921	-42.619971	34.400054	58.902686
	-27.493925	15.719084	6.895456	20.035395	11.235782	24.970772	3.051272	35.413302	-2.646963
	-21.141900	9.930357	-0.469966	35.731656	-14.942790	31.096586	-41.069234	25.169942	-42.264396
	-57.790543	21.616081	11.272500	30.608903	-7.299027	44.731787	-13.861953	30.146905	-17.585565
	-7.793831	11.264305	18.778349	21.329041	42.445401	1.658083	-3.721499	6.985814	32.346710
	1.738871	-10.301377	-6.478690	-11.250444	22.846685	-12.492083	24.579755	1.394112	0.968313
	-3.079416	9.533430	-25.121249	12.772095	22.366019	-24.228392	31.038711	27.807476	-52.024026
	-37.795661	-6.642055	-86.872829	9.139347	32.019118	-68.123465	5.297642	33.699646	-59.941527
	-45.081073	-5.479450	-85.658759	-5.981087	-17.328242	-44.288436	-38.590918	-11.365314	-74.266171
	12.383528	9.773813	-63.065476	-11.841885	-19.440134	-13.877573	-32.354810	-25.655320	-40.423889
	20.167707	-21.730954	-33.122157	4.733399	-23.495787	15.164794	-9.979918	-39.679955	-39.925767
	-33.481089	-17.290487	10.700507	-12.592754	1.867174	-22.561110	-36.486257	-3.513217	-10.618501
	-8.261165	-0.495847	-15.100210	7.161275	-40.015165	-2.672216	-3.951720	6.856247	-104.670646
	-25.877126	-17.814707	-28.339227	19.940944	-37.581552	-13.371438	10.991741	32.856017	-49.126741
	-35.084663	-24.209095	-24.167701	5.207679	-24.322007	11.561933	6.469731	30.587534	-74.572744
	-12.031555	-7.953154	-9.554584	8.770035	-19.028938	41.012679	-14.289278	2.478005	-53.569447
	-28.930880	-16.797233	-22.210352	9.727985	34.958956	60.229459	-25.462103	-14.065540	-40.097848
	-23.801002	-42.214980	-22.567875	45.933195	10.537998	32.640287	-60.210438	0.909195	-29.557942
	4.940310	-51.620498	-32.371130	39.563371	-20.555229	14.070660	-52.069592	-1.521930	-6.854263
	-32.543671	-58.523096	-44.828340	51.198083	-87.603607	11.687964	-58.262318	-3.239472	-25.292673
	-23.537175	-76.898574	-56.552239	44.183301	-99.543230	3.919737	-53.473063	-46.133467	-97.615170
	-17.118425	-89.936461	-43.969110	32.050125	-80.580725	1.222451	-63.157673	19.538953	-85.737692
	-20.258988	-81.926363	-47.862932	27.276452	-92.431715	-33.116135	-66.275189	13.141179	-21.361629
	19.407362	-85.873743	-26.723024	59.359797	-108.159830	25.986192	-91.535605	24.641616	2.163765
	-11.147800	-77.662642	-3.855075	51.191787	-129.244278	40.736808	-82.295697	-11.552176	-28.429742
	-16.298528	7.541384	36.410741	68.320897	-31.195319	40.213742	-57.587519	-7.931486	-2.945282
	-11.832859	92.218240	73.568380	-33.485972	66.317497	18.892949	-45.903384	19.146306	2.669553
	-26.261736	99.657473	75.824187	-22.293140	90.621645	-1.704186	-34.285469	-5.011603	58.978202
	-49.785367	13.664237	11.186091	-7.462959	36.471220	11.797923	-58.393792	-15.831541	45.526047
	-55.290067	34.631267	7.170602	-32.723029	38.681984	-34.180692	-62.796319	-0.046627	-27.368349
	-34.438100	-30.475248	-12.867226	20.714620	-31.921946	-40.054772	-29.384255	-12.313201	9.952702
	-0.744675	90.432871	29.394913	22.464991	57.134916	-23.420354	32.452910	21.041827	21.483007
	12.314060	132.291972	89.540833	-21.819935	137.231048	-20.491268	29.985988	34.936646	50.007161
	16.721695	30.676612	30.037868	9.934465	75.282960	0.987019	65.943252	-8.466658	66.168985
	33.829141	24.895848	67.348628	41.720157	94.801623	43.239855	52.543825	1.446747	87.097370
	31.164632	3.412962	4.510892	53.232761	41.160825	-10.544725	33.535576	17.424553	26.501479
	78.441540	25.738347	55.925993	14.966731	58.759645	-5.854672	32.778099	-16.586911	28.004930
	25.666535	23.414398	18.135876	18.100250	72.480867	-15.023319	50.463057	8.536182	45.093410
	29.065216	50.963933	26.994536	20.189728	60.632796	-39.130424	51.551045	-16.496246	8.775455
	32.044368	57.490183	18.880181	5.736170	78.701000	-37.992227	51.121580	9.022796	56.080699
	-17.197636	119.322711	39.243292	-27.091583	129.863610	-63.446146	73.541108	7.977499	57.033034
	-16.272207	94.095637	22.472711	0.307437	90.035265	-49.944372	54.881720	32.749372	45.162199
	9.832544	82.955097	2.742719	-2.426659	64.691027	-65.623562	43.285561	46.663511	54.291224
	4.017850	76.250646	-4.272907	-47.013031	44.277207	-36.975604	39.510416	31.202154	-20.519997
	-20.565724	63.821410	4.153096	6.444587	49.675416	-21.459812	-16.530846	24.289969	14.263577
	-21.689392	49.743628	3.347503	-3.105899	14.111915	-70.953367	-6.745103	27.631852	-53.031555
	-18.833296	57.311780	-14.826430	10.744215	17.395001	-31.294643	5.748764	20.073172	-43.551783
	-52.696833	56.640960	1.861966	21.738688	13.618082	-36.572777	7.660867	-31.878680	-19.305034
	-21.616368	77.172677	-4.966676	34.983119	-1.846813	-33.807616	14.682266	2.028343	-8.111335
	-39.280920	67.321752	-17.016934	43.554360	12.080676	-51.694912	1.909345	-7.512228	-39.869395
	-18.274808	57.034957	-0.431742	84.375197	-30.291069	-48.977689	0.215872	22.766343	-30.894216
	-7.103022	19.749259	-21.692254	-21.054956	-15.415854	-65.862233	-4.538463	-9.510943	-25.813011
	-37.046333	38.070084	-32.215489	-33.188944	1.714575	-41.599938	11.433306	-42.976854	-5.141881
	-16.963419	27.529836	-39.279412	-68.256312	25.344557	-52.218509	28.251792	-22.533422	-29.119970
	-8.581234	21.532162	11.080680	-51.031772	30.874656	-54.033360	19.468756	-24.151473	-13.991499
	13.546735	53.963127	-0.388075	-51.689025	22.688166	-26.048237	73.158962	-12.510273	29.327888
	-0.318594	62.131498	17.422153	-19.152107	66.133646	-5.729962	68.387069	7.632029	26.045474
	20.591246	57.177722	21.920382	2.234178	60.847542	-11.627877	65.350979	1.831613	10.650327
	48.648871	70.518371	34.842323	-17.404241	80.477222	-8.694519	36.709040	-17.953090	5.089718
	30.525434	96.737403	4.223554	17.643288	55.641889	2.117577	55.555799	-17.947314	10.860325
	43.107386	90.810026	57.368236	19.214322	41.544137	15.911406	65.094273	2.140655	14.161645
	48.484738	116.272950	28.769066	-0.000682	70.253970	-0.114715	44.273979	1.584459	56.603963
	56.802163	116.926698	26.846148	-7.697099	68.284866	-11.512003	53.510687	27.041079	7.876267
	76.276110	118.784810	5.337274	-28.325269	86.838673	-23.095519	48.330289	0.165909	27.991354
	29.022053	118.282014	13.594757	-71.430749	93.542396	-71.065755	38.178542	-10.309267	-29.658530
	27.635185	130.935931	9.768917	-47.891084	128.679800	-28.260975	17.616146	-15.005561	16.016122
	-21.196138	71.385271	40.788189	-58.461088	25.713819	-9.181229	8.894138	-17.813439	-55.340874
	5.245269	38.173299	31.883613	-51.494493	50.965318	-34.152071	22.222181	-3.703343	-40.530932
	-1.014341	21.443832	-17.659964	-3.912789	18.503626	-9.184154	27.587344	-15.208915	-0.567923
	1.312842	-15.070651	5.537269	-37.195378	-21.124287	31.573277	22.864221	-8.993328	-23.441201
	-27.411358	12.207055	-5.178758	-10.157242	-3.217216	14.278588	-14.255067	-16.008146	3.385809
	10.546959	28.867462	42.322771	-30.391771	23.144474	13.182576	-22.714413	15.481777	12.567218
	-11.517173	31.325012	80.699686	-28.223956	26.937280	70.064954	-55.039743	18.124613	38.129549
	-27.761094	77.583150	64.814801	44.887517	29.286733	46.324089	-99.757262	26.979197	19.624900
	-29.219288	54.181091	49.233511	38.385195	36.743335	42.834941	-107.561514	23.944403	11.893656
	-23.088989	33.793710	76.543432	5.632967	28.883246	28.125100	-102.737541	-5.022060	51.376941
	-42.271481	16.784093	58.145745	-2.595821	25.387154	38.709714	-111.795942	9.364542	73.374457
	-39.066636	11.974231	45.598117	32.011377	10.649996	30.523930	-61.658467	12.945517	56.661286
	-7.974589	9.348332	-14.970847	-18.644253	-42.939975	-19.112907	-45.501544	-0.437603	17.358149
	51.043275	-17.005203	-38.266347	-15.388512	-43.626338	16.182686	-0.020407	2.154469	-32.891721
	24.791199	2.028823	-44.730950	9.009493	-14.683278	-0.652917	1.360411	7.538313	-63.693121
	18.994615	20.434384	-74.177859	23.326235	-20.439686	-15.916881	25.768023	6.154246	-14.925024
	60.341112	-28.001433	-27.043309	-8.069150	0.372035	-7.299238	23.353613	-12.065983	-19.989685
	16.150968	15.192846	-34.259626	5.200405	42.148972	-6.940578	0.746600	-38.235924	28.953141
	8.115408	17.616812	7.140117	-15.939852	56.315500	-6.082402	18.519938	13.514779	3.276643
	53.268230	83.711382	95.672099	-22.644192	101.882145	53.697678	71.288084	17.230480	151.411962
	26.745096	53.149346	-2.193666	-32.567509	59.817307	27.616870	30.603502	29.277118	55.777230
	20.666002	37.596789	59.637125	-37.879760	57.451906	39.896713	16.193460	24.252898	28.348900
	28.023599	45.478675	49.252961	-3.563979	72.832096	40.479215	21.756874	-9.908310	56.504460
	-19.720136	75.749701	-3.263046	-38.221494	118.088988	-13.623909	10.410177	45.968565	83.252476
	4.952555	72.394279	45.751294	-1.282813	94.212971	12.860368	9.017009	0.210636	58.258067
	8.505008	54.521841	38.234000	22.507377	92.015265	-6.816135	35.219184	23.890756	35.445554
	4.688136	69.173264	50.099561	10.110399	81.490303	53.963024	51.895172	0.571763	3.319132
	-46.081334	100.352631	63.200223	-38.730506	100.087591	42.698234	58.797293	15.644116	11.021235
	-1.460365	84.209494	31.682617	-11.572814	111.637023	17.938815	38.336580	9.225244	41.027736
	-27.692329	39.233117	38.422545	-22.988607	89.779959	-3.331096	27.912446	15.957709	11.144085
	-54.994636	30.341942	59.943079	-11.976890	55.552825	11.685270	-6.176482	30.888140	20.767825
	-23.374112	60.302871	86.537300	-28.909791	27.578871	66.447857	35.247466	18.949843	84.821641
	5.196916	32.551235	79.988139	-43.319234	64.730802	-2.429888	-17.846965	7.377727	35.050660
	-23.754138	51.747137	78.572635	-22.392122	35.584256	43.283135	40.417319	16.308980	32.788115
	17.966887	-34.057753	36.407866	-57.681875	10.731227	19.829675	-4.399705	-16.599635	48.005038
	18.951423	-29.033962	5.473157	-49.188621	1.504185	28.617743	-1.062697	-9.903889	11.199407
	1.501244	-21.049019	-25.336079	-3.367117	-8.602000	-2.431926	5.415897	-28.912362	-11.666895
	8.775724	17.755457	-7.091733	-15.371314	10.201307	14.247581	-23.213689	-23.940254	-16.855807
	7.303217	-38.448766	-74.908045	-31.988132	-25.067994	-47.610896	-55.904666	-33.490336	-23.214598
	-3.507055	-10.796343	-49.350361	-32.095585	25.761219	9.048429	2.288003	-17.621029	60.749457
	13.681262	-23.496410	12.987039	-22.437028	40.465433	4.438324	-20.132400	-20.412556	57.515546
	51.607126	-23.388710	-3.255449	-66.416017	-32.320650	25.794285	6.720234	-1.518830	71.543250
	39.381481	7.940299	10.704391	-7.489627	-39.930472	18.541798	-13.304944	-5.392748	73.194752
	17.717917	-15.971844	-0.694518	-2.726352	-71.499896	2.997837	-46.475864	5.195206	44.287478
	-4.982353	-42.741479	40.230184	22.751897	-30.804720	24.505340	-13.061504	3.882749	58.315946
	13.932179	-39.048833	51.949118	12.472377	-24.944316	60.583633	-31.750964	-6.017917	126.247740
	28.042859	-22.846249	137.975666	-24.315796	17.386158	84.241830	-8.536990	-31.112154	115.348893
	64.801023	-39.476391	117.015328	-52.391357	34.395675	81.683334	13.122135	-23.030604	182.072223
	7.798266	-27.004607	72.043063	-31.841854	38.320157	61.902484	40.592912	-18.044523	115.619625
	25.428885	-39.221215	24.500474	-20.023178	11.434050	42.537095	22.392002	-17.989791	93.502610
	24.121064	-39.615318	1.170556	-71.355876	1.406654	19.078438	38.643395	-12.347631	88.034010
	23.699339	-6.806301	-5.100347	-26.732540	4.652986	12.283218	46.000724	-28.501271	43.152223
	12.690808	-29.237680	-16.578045	-35.012896	-13.266208	3.572082	31.435091	-52.643864	17.614939
	13.384292	-38.302508	-12.579775	-24.377473	12.599506	5.351212	22.168956	-63.964275	-17.784267
	37.847757	-71.465010	-51.044388	-29.408980	-15.903305	-21.889933	-17.406421	-49.373937	-50.774121
	-9.959468	-101.765104	-46.885754	59.484179	-43.083460	47.342257	1.566495	12.134503	-90.299694
	-7.987781	-133.462254	-12.457356	47.869828	-80.819378	49.019892	-29.360076	-13.708015	-89.599164
	-16.690339	-115.014605	-13.239333	28.406127	-129.019713	43.793368	-53.096686	-10.386273	-23.634167
	-11.915493	-89.014675	0.015451	50.857208	-119.858387	36.890862	-53.043557	28.848893	-3.020434
	-6.582470	-73.658145	-1.414508	16.722977	-87.756586	63.128703	-78.814455	-3.194681	24.791109
	-21.851188	-92.609394	-24.060500	14.264808	-71.913661	35.647876	-68.880274	-28.538840	8.588078
	-77.538717	-75.545352	38.061742	9.035294	-85.038417	-2.064730	-79.388209	4.886581	-56.581567
	-36.075027	-72.954704	11.462106	-25.354188	-73.907152	38.525005	-107.213287	-9.813324	-0.724640
	-32.379655	-78.820960	-5.064580	-3.022760	-92.636961	3.865886	-121.971700	12.989359	8.220206
	-42.856740	-91.049489	-61.228636	2.291885	-39.012751	-18.254312	-55.552672	-10.404651	-34.869157
	-11.168147	-90.842047	-69.738411	16.716187	-66.179834	-0.838610	-38.909126	-13.431024	-59.526558
