	9.149383	-35.965536	-25.124640	12.220952	-32.761033	-48.579416	-7.749447	17.823425	5.734834
	33.185827	-1.554804	-34.595482	33.376305	-13.054261	-40.302035	36.864271	12.182544	10.830555
	38.911297	1.304874	-11.917415	21.436197	-2.304252	-50.218470	21.822800	13.005709	-8.645404
	11.486370	27.880119	-30.326719	22.333856	27.499346	-51.766025	40.783855	-24.178694	-21.279164
	33.045925	14.229041	-27.625319	3.313451	35.585344	-110.574495	43.439145	-2.050135	-18.192122
	2.854981	21.771212	-4.867839	3.401387	37.410216	-83.306542	17.324975	-5.770015	14.252989
	9.528972	35.097527	13.715322	11.418856	13.504320	-77.939874	8.305176	-22.123928	-1.695728
	-29.253088	17.235498	-11.972416	-32.065226	-26.353587	-45.684057	-60.726491	6.493203	-14.435043
	-29.662827	-0.385782	-18.456835	-16.400257	31.291518	-56.540189	-39.880688	17.998291	-7.307532
	-21.317484	-2.775085	-62.416906	-18.096425	33.123775	-69.006236	-25.869336	20.477651	-28.827022
	-13.623845	1.376723	-38.990337	-6.994111	55.099814	-38.637244	-14.994155	19.452384	-53.762702
	-32.587436	13.767063	-42.971760	11.372655	52.645978	-30.559534	-17.291519	5.772275	-50.840390
	-40.559415	24.462476	-26.373404	11.555962	24.280759	-31.768593	-20.093874	-0.854298	-63.884316
	-12.468386	32.630111	3.964296	16.308948	32.483119	-29.080951	-39.443294	18.658498	-8.921131
	23.393858	25.409298	-0.131362	-8.112132	24.715123	-30.748375	-20.387489	21.497156	0.594487
	13.049615	14.979610	-3.364721	-7.940660	-3.191937	-22.261426	8.412538	-8.930905	-2.597211
	10.416046	12.446680	-15.470234	5.588454	-9.413631	-9.811503	21.017223	-3.072720	-17.531483
	-15.192842	13.228521	-27.833747	-15.935879	-22.460180	0.711045	8.457259	-18.461308	-31.725476
	2.255749	13.033062	-19.323794	10.523436	-36.471805	33.635313	-22.218620	-2.282483	-47.676648
	-6.243214	8.116247	-7.274658	-11.789650	-48.601078	18.038381	-70.995775	9.770338	-31.156169
	-11.651510	17.118961	-9.245352	8.651299	-30.879132	10.292953	-9.361597	32.750002	-5.753506
	16.627303	30.335197	-5.311969	41.979823	-1.772642	50.103597	7.964874	32.112789	2.210323
	-2.991931	46.368884	2.393918	41.137615	13.293763	53.033723	36.604567	-2.233364	-15.203022
	-20.225338	28.169589	-5.572160	31.561337	-24.915384	51.094554	-23.229851	10.819480	-11.281303
	-4.095570	13.485447	-13.750299	-6.987311	-32.123161	-10.222596	-52.007069	22.361279	-7.380682
	-13.167137	7.182499	-22.757180	-10.298290	-54.538120	11.008591	-58.307636	25.883741	-16.532775
	-59.521602	2.550618	-18.153920	-0.668709	-81.261275	-1.865539	-100.628767	57.843490	-46.376855
	-20.615682	3.668486	16.427450	25.415724	-45.395217	11.922367	-71.106976	44.580183	-25.471342
	-25.000848	23.745123	11.989273	67.857455	-43.596530	29.438086	-23.859618	43.629088	-26.844074
	-25.899806	20.357524	-29.139312	44.108635	-20.968671	42.537108	-26.140335	33.333701	-38.474533
	-16.405834	-2.957836	-26.309849	32.574318	-20.163128	25.737485	-52.605840	20.297860	-55.051779
	-21.849888	-7.402395	-0.293636	32.343413	-24.412047	30.575455	-26.391981	29.159953	-53.381137
	-17.969115	-5.151092	-12.048256	9.365697	-26.871693	29.952030	-6.070871	15.955653	-2.233646
	-34.558183	8.060335	-13.704584	32.602116	28.460143	-2.362390	2.830446	9.595120	7.275579
	6.922400	19.758288	9.285149	42.038352	23.360516	-3.162465	25.015487	-6.609539	20.151873
	-18.668500	11.610467	7.742304	55.830617	17.986743	42.849428	47.131419	7.989231	6.521149
	-20.450917	-16.569958	35.605787	0.156237	-30.498849	61.685836	-45.748398	41.647768	44.603850
	-56.318354	-36.526541	2.657554	-14.657967	-67.325932	54.689995	-47.579482	-24.598568	0.335802
	-43.813509	-19.566607	7.755609	-33.180254	-45.954353	36.186543	-26.175824	-26.132067	-11.248220
	-32.425590	-15.536352	-3.630584	-30.110653	-47.555545	23.818926	6.758048	-31.153083	-6.667397
	-37.091278	-31.207927	22.792336	-59.204736	-23.437350	10.508239	-25.796729	2.011811	-3.695719
	-29.153886	-32.039268	54.121025	-9.916096	-44.661045	19.155737	-41.815652	-1.461380	18.750335
	1.870484	-23.803271	-0.299860	-26.972842	-57.396155	2.181335	-36.826176	14.567218	-5.565408
	44.279028	-25.881458	21.514169	-18.685029	-57.547729	-20.054092	7.473615	-4.896442	30.197006
	8.161323	-24.535087	25.427988	-19.807974	-27.209967	10.495110	-7.425684	-10.488366	43.883124
	14.022076	-32.157653	22.618237	-25.363446	0.111726	13.518967	-4.970215	-17.334081	54.474685
	-5.972467	-28.266886	9.336397	-20.083783	45.162816	-16.065839	10.617287	-4.556932	41.372240
	-31.236171	-32.097781	-5.298234	-2.374306	31.486417	1.888909	-35.313265	-12.704548	47.345958
	-5.560205	-31.209066	11.573427	-14.131688	-0.453467	17.084629	-12.372231	17.923406	29.240618
	-10.901196	-21.985689	14.460815	-23.499023	-14.209079	4.431264	-17.113840	14.987968	23.023194
	-13.162084	-9.853548	11.694935	17.495003	13.448490	11.392271	-6.747210	18.404588	30.075444
	17.067601	-0.887857	-18.589108	28.683457	23.259627	-2.523660	53.131391	5.127401	15.343931
	16.689663	10.953579	-19.471641	-5.136132	50.496300	-6.248572	36.462971	-40.906879	6.533188
	17.485123	8.235235	-22.482536	44.199934	21.205852	25.695396	62.438457	-14.411076	19.992668
	19.524979	1.960759	35.072975	47.054164	-2.755668	39.955183	39.102349	-20.977161	28.647782
	52.356262	-15.927919	51.798308	9.609676	8.608318	17.132954	44.412769	-2.907370	69.720644
	35.685972	-20.780004	29.251434	-15.036838	9.656955	-4.186965	23.510856	-10.035424	-5.062957
	2.046063	-26.932611	6.933997	-6.767823	3.612017	-35.034288	34.905066	-27.603100	-11.773150
	-31.679993	-17.173219	3.563658	-20.046399	11.720762	-13.461065	5.678697	-19.218850	-21.825745
	14.431563	-8.937216	-18.277043	-16.631528	-9.765620	-24.745660	39.395861	-7.053398	-55.701350
	-6.808334	-3.878621	-23.863496	30.831207	-1.281654	-1.985130	30.098778	-10.187016	-46.704649
	-6.500529	-12.819206	-25.438893	-42.606340	2.200249	-3.934613	-25.866113	14.241442	-0.919264
	8.638551	-13.190877	-12.297379	-18.600461	5.225735	-7.382211	-9.355788	-20.033319	-0.158348
	0.481927	-4.331099	-16.021971	-9.787523	32.088394	3.623847	2.102923	-1.747024	28.521428
	2.044365	-12.961525	-9.706629	-16.487627	8.800137	4.238175	1.875973	-7.850625	26.667920
	23.278885	12.502437	2.129270	-27.651976	29.768830	1.219911	11.668483	-1.335877	7.891137
	-7.397442	-5.268074	-8.428482	-18.498199	-25.137607	-11.858321	5.526594	-1.372564	-10.562721
	0.224363	-23.985193	-12.271849	-4.126430	11.710722	-24.952707	5.709347	-33.501397	65.950670
	10.494674	-34.942104	15.482143	-33.832826	14.143298	-17.267764	16.786874	-21.276030	82.580225
	-4.212296	-6.395796	11.322685	-39.036643	-0.819948	-14.847803	-30.198426	-25.666499	57.727930
	17.211200	15.061363	26.680394	-12.237993	-1.405458	-28.701197	0.990408	-19.481464	25.767555
	11.932114	29.051079	-11.641527	7.505262	-12.439698	-11.618239	27.708238	-15.772890	29.751731
	3.202694	-1.964161	7.084965	-12.688983	6.069947	-22.032313	31.336815	-45.720258	38.808272
	24.525775	-23.936059	38.982719	-2.156077	13.961472	6.412636	52.587008	-18.460509	34.008389
	40.597044	-23.670273	20.245495	18.678840	-13.336480	-9.788594	41.068833	-31.026238	31.869824
	16.134873	-27.927384	8.097823	-9.794353	-22.061171	37.264139	5.502872	-6.400215	-0.295139
	18.287842	-3.188039	3.982335	-10.973767	-12.751391	45.883040	11.333537	-9.732523	-2.913075
	22.909669	13.542852	5.712802	13.374302	0.220899	42.506903	37.258571	-6.761878	21.830477
	5.694625	30.915887	-18.290425	26.250673	12.727386	13.146410	15.680659	0.348506	-44.074395
	-4.984785	22.985142	-46.628497	23.044918	2.203162	-18.505569	36.810184	17.776638	-60.949122
	-11.269079	35.869587	-58.735391	15.500161	-3.960875	-9.149752	-4.530491	-8.471261	-59.054842
	15.191752	31.995657	-32.840974	-6.336213	14.797324	-8.635558	9.393822	8.106242	-41.674617
	-15.159114	35.934523	-37.983433	-10.172689	19.998772	12.344275	-0.983172	-0.837315	-34.930374
	-8.005562	10.801511	-32.128539	-16.480257	7.928993	9.494880	-1.768431	-21.271364	-37.250757
	4.035939	30.084858	-11.226560	3.662982	24.375908	17.305725	7.912293	-22.085809	-30.236579
	-17.983008	10.279438	-17.505443	-31.168653	8.518669	41.198120	-8.503777	-12.893518	-68.560789
	0.088841	11.808592	-4.132720	-1.985167	18.604046	55.300575	-34.768789	-4.923727	1.529984
	-5.907342	18.454801	18.298417	32.191186	20.482231	58.938843	-40.466831	21.722684	-7.785639
	-15.290084	-4.889768	9.843741	-25.269351	7.003417	49.297904	-36.686800	3.034847	-18.610473
	38.910427	0.822811	-0.884106	-16.348898	7.278838	34.256740	-10.529397	-12.842131	-27.093344
	15.149188	-11.912196	15.933113	-3.561803	-10.737864	20.357313	35.118188	-4.681612	8.574187
	11.139199	-6.055378	14.480037	7.593161	38.671772	-4.630652	20.498667	-28.494070	1.056633
	47.807083	-18.173794	-3.041336	6.178337	35.111992	-12.774525	33.240048	4.011271	3.251910
	25.388933	-14.305255	-15.700977	27.566468	31.479981	-30.092521	40.639042	-14.550134	14.413670
	47.341420	-14.094510	-12.901122	41.262961	33.263141	-11.239258	46.358542	-0.420439	0.501002
	31.308619	-12.450882	-17.864570	-0.515714	26.176877	-30.303162	34.986352	11.893481	11.585201
	42.860645	-30.959235	22.502813	4.832944	19.517831	-10.427070	53.607116	-21.014050	33.648734
	54.006542	-27.595787	-4.697638	7.339322	7.327921	-5.916380	47.898170	-13.817486	11.335639
	30.320769	-22.197001	-1.444813	12.593391	-11.224934	-9.365457	36.435147	-15.332532	24.684811
	12.046312	-25.566807	-18.994974	1.022201	-11.085545	-21.599539	-2.602613	9.706128	3.606507
	-14.015537	-0.307051	7.462878	40.678968	-61.652015	-19.670263	-9.953749	16.699940	25.531931
	-6.680565	-17.869473	4.402786	32.610132	-69.570813	-1.747944	-25.783130	51.261185	6.551845
	8.553229	-28.479856	7.562574	2.240927	-38.081121	3.808344	-15.071966	25.748593	-17.976755
	39.160958	-27.831468	9.125862	8.048725	6.364739	7.048841	14.662653	-6.220449	45.228779
	28.488772	-16.836312	31.520413	18.628080	5.435916	-11.653847	20.146304	-24.245711	63.920978
	66.978581	-13.751035	39.562870	30.979379	29.836797	-8.217216	69.135840	12.920887	84.666730
	45.450911	10.344477	24.716090	25.426659	3.153264	-4.017186	57.628832	2.671364	57.985847
	48.084703	15.014397	32.896497	30.560353	45.187492	-24.711049	68.031636	-20.929795	61.193563
	46.069231	9.328913	16.261739	18.533199	42.653411	-13.054124	24.150855	-17.177675	32.044263
	12.929070	11.123159	33.333680	14.029852	45.426975	-25.303533	23.672403	-9.324107	5.249928
	7.052704	11.049334	0.099197	20.356064	3.866777	-38.084493	27.973434	-18.198209	-18.372587
	-5.402230	7.345171	-10.479083	-13.883619	-7.365095	-21.686726	-7.453441	-0.661981	-0.226224
	-39.468157	-11.731635	28.389397	7.079780	-8.012384	-4.552830	-35.439687	-2.280376	37.273088
	-39.265028	-7.336367	38.166084	-12.064728	-7.027498	19.991426	-49.572803	9.982787	10.911088
	-26.206894	-6.637409	35.574987	6.258036	-33.378172	14.465942	-79.529740	21.888032	17.255670
	20.481672	-7.159305	17.388807	8.677200	-70.356818	-2.745521	-36.964024	34.696238	25.849600
	-25.542485	8.790616	12.980035	11.942277	-34.955420	-31.841076	-30.686066	23.615531	-23.136361
	-27.304469	22.690739	4.888100	49.456641	-14.078746	-24.775479	-47.102374	56.748831	-30.968226
	7.466905	14.434686	-13.345598	27.405970	0.152838	-14.270145	-7.589637	35.604327	-28.455900
	5.501012	18.004000	-18.204264	34.470263	-1.509912	-9.053716	-39.455993	27.731159	-55.901205
	-20.282996	28.226740	-6.119379	5.259324	-42.452024	-3.759396	-19.015927	52.781664	-64.226559
	-5.488151	34.780432	-20.490474	22.202143	-20.243274	-2.228783	-29.953638	23.274536	-57.792918
	-4.827545	44.746588	-12.269715	17.557067	-12.480803	-2.769239	-46.268236	11.272146	-32.825611
	21.209931	53.427871	9.500797	48.834854	29.121366	9.203457	18.719256	22.866466	-38.637759
	36.862085	52.501041	39.153385	87.295452	26.419967	46.472469	28.582974	21.740645	21.043530
	30.288868	35.736033	19.038181	51.423542	14.868109	34.957607	17.205218	11.562186	13.258293
	-0.319081	9.744079	-1.881944	-5.144868	-22.844675	40.581943	-41.913371	-0.052101	-3.186178
	-25.736781	-22.937424	-31.337312	-41.320903	-22.634378	20.636463	-47.407586	-1.449864	-54.352640
	-10.986830	-11.618395	-8.217237	-57.569016	10.740025	19.440453	-28.924235	0.401920	-8.799932
	-28.279902	-6.824580	13.668862	-5.240007	-1.469741	26.330170	-45.072111	-1.757779	-27.757019
	-21.721519	-13.679364	-17.247330	-14.733559	-5.074945	25.659215	-41.403167	-5.815180	12.374795
	27.489635	-4.747281	7.397933	-19.166326	0.499441	14.014159	-24.827482	-30.100809	16.063795
	31.287890	18.315415	18.485135	-10.869188	32.316339	32.960604	10.173085	1.644415	33.802104
	13.942227	23.953613	9.903566	23.018959	24.740816	-9.788798	27.906749	-29.507152	20.216346
	27.623008	38.505150	-15.928383	4.435713	69.664142	-9.095844	57.243352	-15.126981	17.538101
	17.662669	39.470926	-32.439556	46.654073	79.791807	-32.006587	67.693298	-18.949803	3.081353
	21.916572	47.676590	-9.986555	60.083753	57.009081	-45.983025	58.603151	0.911455	-48.243516
	9.928047	32.779058	-49.510545	48.688020	13.198264	-28.093760	6.373433	3.119152	-57.091059
	1.015861	22.853384	-42.293215	5.328518	-5.528961	-32.456220	-14.172904	7.840808	-62.567826
	-8.907049	3.435596	-33.982031	2.181851	-15.857377	-46.065835	-17.170258	-1.061095	-62.818392
	22.102585	2.385303	-24.802247	12.952368	-13.075507	-6.218857	13.945334	4.376116	-57.318049
	-0.464140	13.358791	-11.047848	25.753506	-10.931586	0.804852	-9.060067	1.517504	-51.731204
	5.544248	10.791234	-13.082277	30.971811	-0.311358	14.985104	-20.314101	-13.090913	-24.876127
	9.046390	16.916542	-2.318736	10.190803	-17.689997	37.906769	19.984757	-26.073350	-34.817182
	8.481426	17.547797	9.197037	37.443799	-8.377176	37.363911	25.338393	5.991453	-1.568839
	18.530730	12.477241	-1.781956	41.317724	-9.808432	39.306634	20.929387	11.496098	11.371304
	-15.907850	18.398103	4.098085	38.104060	-23.172016	1.139558	-25.642260	28.692208	-6.616835
	2.007753	26.411753	22.479278	56.295074	-25.658140	-5.671410	-8.328521	54.717781	20.233096
	5.240458	39.349247	23.355065	35.846581	-35.089744	-15.412055	-31.854435	56.123594	-8.024517
	-28.489501	43.634042	25.570654	61.236924	-23.227495	0.761474	-30.401595	46.074987	20.544308
	-26.059593	18.669529	27.184550	33.869938	-30.177306	26.452388	-71.006156	71.255324	37.994688
	-33.510534	4.412376	17.123034	4.445368	-36.264091	39.868822	-61.854475	52.020320	21.401446
	-36.195216	2.818676	18.819519	16.924077	-59.607595	29.550224	-77.162870	86.078532	23.836545
	-13.852768	-2.918757	6.329035	17.560116	-33.101762	0.187985	-23.916499	47.807764	25.958503
	-31.957006	-14.346351	7.479418	-6.130832	1.859708	-3.073227	-30.904489	35.149046	-11.903186
	-5.094284	-3.114663	-22.264520	22.770859	4.586095	10.994034	4.397699	40.864512	19.126363
	-11.205213	13.181084	-3.695597	24.516326	27.945555	63.901039	13.347874	7.844077	12.907415
	-24.609760	2.440187	15.716990	-20.969714	20.666357	51.937574	-4.638293	2.717146	15.281325
	-15.626300	-11.732808	10.153129	-52.512440	36.328496	-0.299088	0.890486	-10.661353	5.331939
	39.553488	-8.485128	-21.424455	-15.995715	64.677115	3.961848	60.717467	-7.963701	-1.760353
	30.009431	-12.930530	17.788349	-12.494812	53.907488	-3.618004	8.949612	-14.164292	28.947186
	11.966945	-24.761949	6.240340	-33.959153	8.694220	22.014456	-16.345961	-25.615389	9.390888
	23.501392	-23.976427	7.495025	-40.122098	-17.287748	19.297556	-2.307130	-12.227678	12.854967
	51.984547	-17.146137	10.266318	-12.184308	-2.556593	9.035739	47.289298	-26.512169	41.447703
	43.985854	-0.114972	-17.755441	2.037113	12.538253	-10.349361	68.323211	-10.824456	-13.260144
	7.453027	16.115163	-17.979859	24.240891	42.760274	-10.181713	55.319858	-9.578207	-1.176501
	23.352503	14.777150	-4.755569	43.264079	21.353569	-4.279887	44.067183	-6.119075	-18.810577
	-5.189787	-2.019545	-39.686653	5.025718	-3.794951	10.360271	18.146798	-17.621743	-16.362148
	4.239001	-17.648094	-9.722752	-10.493083	-10.581270	50.534315	27.067144	0.522674	-20.231875
	-4.311791	-27.166004	-9.672749	-0.215074	39.675016	13.612121	26.794776	-24.220405	15.979689
	-9.507517	-20.624322	-14.827177	-22.022516	61.762875	-8.771527	14.650809	-10.421028	1.294858
	-12.986716	-12.675244	-23.382324	-41.107742	97.401488	-17.251629	11.520321	-14.436074	4.312229
	8.296795	-27.937745	-22.407805	-46.238041	67.233801	-5.695302	5.453255	-21.686615	-12.287327
	-16.326897	-29.073961	-8.170556	-42.795989	55.639431	15.520374	-9.785548	-14.348674	0.615969
	-7.329574	-34.059728	3.439218	-36.485373	37.776099	17.875843	23.263444	-18.694902	5.531926
	19.032691	-36.981810	-13.284251	-21.717976	22.700415	29.032149	44.051465	-12.218721	-4.878418
	4.085879	-47.001948	-18.891390	-11.534747	-5.311892	10.287650	19.420198	-18.511508	10.584090
	3.056795	-29.550703	-8.240579	3.983391	-22.029616	-1.243337	45.129366	-10.436011	38.167986
	-15.543506	-35.485891	13.214886	-7.170277	-42.468291	16.918799	-13.714882	2.345099	39.667146
	-32.890110	-14.619302	-11.561844	-25.690250	-13.418002	16.325293	-15.752492	6.193597	45.396281
	-31.585769	5.104254	-9.730932	6.813502	6.536905	19.569314	-32.146408	15.339463	25.192295
	-52.043807	8.173007	0.179072	43.624710	-29.801320	38.759930	-26.068681	31.790618	3.190105
	-20.839293	0.188634	2.892757	-33.955535	-9.740877	1.327560	-45.191076	1.453402	-28.664296
	-1.798040	-6.201025	28.202646	-9.029369	-2.578930	8.985283	-32.300554	-40.555978	-6.832906
	-39.479837	-11.204686	2.301617	2.106723	-9.962035	29.076582	-26.455392	-4.651864	-37.146748
	-3.987761	14.982858	-3.802649	27.719483	-25.499147	29.645559	-2.040794	5.278587	-53.220585
	25.516381	55.359109	-17.994877	74.499396	-16.040329	-10.659798	30.261292	20.424811	-41.946783
	2.660593	50.262861	9.908353	56.301780	-27.688580	12.302643	19.741882	25.593778	-26.829807
	14.010876	16.067364	10.001683	36.439103	-51.958077	15.728088	27.766029	13.730102	-11.261004
	14.955920	0.608650	6.629738	22.295948	-16.613331	13.264152	2.393736	-12.272925	39.371149
	6.202067	19.566703	11.731118	26.846935	-25.196324	1.938878	34.650692	13.671929	14.881800
	4.530685	35.467818	24.896404	17.372993	-27.759145	12.316704	12.566649	22.152252	11.475438
	-12.781770	41.036815	-4.328357	20.696122	-39.441833	1.156721	8.497517	13.732994	-5.926410
	29.061333	59.922179	7.202860	40.805264	-46.973138	-9.158676	-2.138759	13.865080	-26.047298
	3.162902	47.541065	10.544486	46.345059	-15.063625	7.705229	-13.611218	10.094241	-38.235551
	21.609432	47.748615	-1.854178	26.282496	10.610465	-24.076727	18.992606	7.146148	-33.282181
	10.031269	54.215352	0.402607	26.417746	33.362208	-31.649910	3.441331	-0.719066	-26.517983
	11.771406	29.657030	-18.693952	-28.400734	38.073187	-16.402689	-9.273173	-11.045919	-5.883485
	-14.414815	23.467228	9.357733	-21.212379	27.499571	-0.019388	-8.973291	-30.627446	1.519739
	-22.149017	2.191533	-16.488238	-65.002812	15.625408	0.649900	-19.164305	-35.119774	-9.594552
	16.148171	-11.864165	-3.127447	-63.970069	-1.472164	-14.720447	7.036248	-49.167957	14.973311
	-4.414970	-18.822889	-21.703897	-102.128918	33.842310	-40.753850	-6.141247	-90.362369	-19.669866
	-5.280818	-8.872218	-21.570486	-72.825580	-4.147528	-9.655120	-21.436847	-44.648104	12.228066
	-14.864366	-4.058299	-14.737770	-87.104608	2.708098	-11.961445	-4.860338	-47.679965	8.125468
	-17.755314	3.986730	12.791006	-83.331522	-4.768130	11.330498	-30.723338	-47.293755	-6.700478
	-19.629184	-11.706987	-6.372938	-63.671448	-3.375115	-8.594394	-7.304920	-31.909597	-18.015527
	16.856143	-14.740381	3.602107	-40.504451	11.299870	-21.240050	39.723330	-26.708141	21.290149
	23.979989	-17.738205	-0.821550	-6.512866	52.789767	-40.379742	97.510048	-57.407653	47.297326
	-1.067453	-39.536130	-1.823955	-10.383673	21.744829	-10.075403	48.992491	-35.028903	49.972520
	5.130792	-34.417164	13.383973	-28.073661	56.233265	-16.884242	52.438142	-4.192467	25.331387
	-33.950137	-23.489415	14.647030	-30.854897	37.777412	-18.925367	14.120273	-16.090668	12.284225
	6.038975	-35.767397	-3.221736	-22.809178	17.732300	-1.185323	14.115503	-9.410197	7.396595
	-1.442606	-16.682151	-3.823587	1.779112	35.992637	-33.500675	25.663569	-15.193454	11.740626
	15.306547	-15.936762	-18.694075	-9.667160	20.468489	-60.586664	30.258397	-15.721288	-36.904202
	-14.565842	-6.486375	4.075205	8.096816	-1.727663	-37.521322	72.814154	-23.576073	-24.766378
	-1.361141	2.392803	-16.276308	9.069018	-3.874794	-49.123944	62.047471	9.549659	-43.879251
	-4.558368	-6.601123	-4.251441	35.853456	-16.691904	-42.427972	31.269533	14.828883	-18.773823
	30.194793	-16.577815	44.375614	28.964382	-23.306524	-20.669010	11.348216	4.784512	12.457396
	29.240649	4.193400	9.014579	47.552249	-10.009527	-11.297322	32.386723	-12.622483	35.358081
	38.904927	1.352199	15.250167	67.580050	7.949818	-27.016745	69.288300	10.235763	63.137553
	-7.831360	32.194615	6.540982	33.977408	-13.529643	-3.708698	9.993233	21.195600	16.832000
	49.928374	42.817956	21.739486	36.363479	15.082580	-36.781298	64.661228	21.995415	0.259265
	-4.420993	45.765101	-29.289646	43.065530	-12.738805	-27.342861	15.196687	32.394824	-43.583542
	35.692339	46.677502	-16.618822	59.429416	42.922523	-31.996927	65.296018	1.798988	-20.056172
	43.486643	18.259142	13.210377	48.087092	-4.679052	-25.902279	70.867770	-5.929358	-25.421911
	24.984118	-8.625049	23.426500	5.784643	-44.345837	-28.839519	8.088732	-2.131204	8.264028
	0.960512	-25.956265	41.743177	-39.294558	-30.014317	-39.568288	-37.477018	-20.504143	10.238175
	7.376544	-22.346582	43.909031	-97.359517	-21.347359	-41.679107	13.015745	-38.607388	7.946289
	0.810193	-7.346342	38.725730	-37.561662	3.456504	-59.812647	3.305595	-33.314720	12.604426
	-0.707538	-7.170032	2.856100	-33.074461	-12.816010	-37.002545	11.242492	-32.378681	-19.266429
	-20.924429	6.738749	-15.325315	-54.273888	14.794227	-13.876462	-23.906078	-40.599646	-50.742248
	-20.041867	7.003529	-22.144521	-42.898305	18.610019	-2.527324	-25.885299	-10.471104	-34.317453
	-33.057867	-20.859786	-25.191913	-18.477129	12.390108	10.500879	-41.776664	-14.074179	-31.581212
	-1.674248	-21.420729	4.097357	-60.861502	9.097230	18.440299	-36.414794	-9.203287	-67.537479
	-29.952835	-43.674159	-23.789906	-68.835493	1.997459	16.699374	-40.870455	-15.854843	-13.107302
	-69.501476	-39.398091	-18.644048	-86.410815	-11.726292	-5.601765	-47.197216	-17.916768	-30.665422
	-33.530892	-24.886177	6.156405	-66.858985	-39.736397	32.129685	-46.272617	-27.600687	-9.999841
	-6.521546	-41.915229	15.755833	-45.175784	-44.352836	21.731694	-43.185225	18.763614	-6.037102
	-27.294442	-39.869963	9.902062	-20.809207	-38.521629	20.237786	-32.436466	31.027209	-10.394333
	-42.914997	-23.097815	22.555753	-23.515900	-21.355290	20.341095	-32.144096	18.212628	1.528644
	-17.886176	-32.016086	0.186695	-45.111587	11.500526	14.470565	-23.680303	4.699767	28.473384
	-47.788613	-47.873976	-2.795585	-62.080991	-17.528269	20.232069	-74.844035	25.708086	16.810681
	-24.389839	-47.932088	-6.211587	-78.023217	-6.054608	5.789273	-47.075156	7.866110	6.702847
	-49.838285	-38.086541	20.186599	-74.172007	-41.867196	-4.580942	-59.671674	-7.651337	25.369311
	-37.469978	-26.029093	10.419736	-65.598862	-16.219780	30.526721	-50.968740	-0.793487	25.782600
	-31.958282	-22.517716	26.774544	-39.279269	-10.384504	34.701124	-67.208537	9.827269	6.324401
	-28.673815	-28.871204	10.879652	-39.461057	-27.569316	37.812526	-55.567207	-1.511911	24.303841
	-10.964454	-17.299858	7.149935	-20.746864	21.353815	-12.596810	-28.544368	-10.893313	4.351112
	-7.908828	0.571038	-20.682414	11.829071	31.260370	-11.056949	-29.395360	10.775615	-37.831245
	8.260126	18.673791	2.705600	33.125849	63.093444	-8.201629	12.016412	-11.826591	-6.007125
	3.569569	32.083946	-3.574268	31.231726	36.412288	-8.445011	30.995139	1.106881	-0.020105
	13.070946	19.368533	-2.164997	3.104587	14.203995	3.889317	-3.262170	19.283838	-8.591812
	-8.899150	15.362868	29.371648	-2.057461	34.538659	9.196980	-27.392386	1.429558	32.382446
	-28.496506	17.556381	26.126970	-6.012971	13.403083	19.556073	-21.127319	31.893787	69.204038
	-51.830062	-10.828747	36.836576	-5.955499	-29.022539	5.513876	-74.614807	21.293946	40.477312
	-44.801465	-3.890085	10.025147	-23.454597	-24.943583	12.864715	-133.326709	48.124539	37.056390
	-25.934280	-8.699954	37.582687	-7.128948	-13.822761	31.797709	-89.915944	43.561654	23.636783
	-3.639106	7.356928	22.454032	7.523748	-22.457311	38.419024	-43.746819	38.624040	3.025267
	-16.422331	4.155242	49.631278	18.636550	-12.726348	32.671454	-17.646096	24.019264	34.137828
	-15.707369	-13.272493	54.071852	8.598462	-28.373659	24.663981	-11.812785	9.261995	9.280843
	36.841840	-29.131527	27.227484	41.793885	-6.739098	20.290346	36.304137	-25.496474	49.612957
	20.061268	-27.342948	-10.539743	22.400894	7.385728	-31.582447	76.767463	-4.997290	24.878398
	1.101510	-24.319899	-36.102967	-19.719146	57.702253	-29.012676	69.126887	-22.644319	-10.143374
	-16.942416	-26.668439	-28.087457	-26.195383	31.600171	-27.839046	59.128281	-20.916996	-22.282971
	-33.342167	-37.169566	-15.115846	-37.947438	-13.290170	-20.927770	43.563936	-26.121906	-20.904985
	-14.669999	0.448992	-4.866238	-0.970304	-5.431068	12.260828	1.686759	21.310932	-28.161765
	-6.745650	-16.380984	-15.647525	-1.593759	-46.461876	9.438475	-15.360333	33.191382	-24.987769
	-6.301887	-17.632592	11.731363	-3.649917	-38.008545	13.145955	-13.697266	9.914754	15.860209
	1.612606	1.216585	-19.462241	-28.077802	-11.045947	-11.525303	38.349313	-4.008271	15.922126
	44.361327	26.187622	-41.416839	-21.136829	22.763782	-9.915563	33.211514	-0.389480	19.909563
	25.196294	27.943016	-26.919256	-8.498563	38.065430	-12.426322	64.592905	-6.702255	-8.048838
	-6.462034	31.274031	-17.731174	3.085788	24.359565	0.403641	39.578235	-23.849141	14.348122
	0.619281	-6.475308	8.749836	-57.590545	13.463623	29.668321	-14.742062	-37.311288	21.243323
	-18.249221	-11.596153	16.522645	-76.719787	0.281109	28.472472	-33.750053	-26.803308	6.515904
	-17.508269	-14.696264	6.027101	-77.265990	1.473387	2.134562	-71.967014	-17.390269	11.380078
	-26.713141	14.430976	-3.211982	-54.981780	-28.210487	-5.317891	-49.738456	-2.533985	-0.019031
	-35.610001	-6.109491	7.314879	-70.506537	-9.184525	-37.156175	-62.290420	7.220075	11.607760
	6.078379	-0.445506	10.855403	-28.379779	-3.700322	-23.318824	-38.261844	7.029266	36.435417
	-23.982307	6.465913	12.436323	-39.445236	-0.414807	-6.483920	-27.227884	-14.305480	-8.405811
	-9.541522	2.317862	-4.001939	-44.149526	-8.813486	32.100369	-53.971819	-13.961112	4.932123
	-2.240262	0.526985	8.629250	-49.250185	11.234479	26.827298	-19.237678	-16.985693	3.791469
	-25.856553	-10.416540	35.252505	-19.661944	-7.197075	15.171233	-61.513385	-6.685860	25.992483
	-7.461697	-13.902628	-12.138488	-21.794451	-13.784379	-14.448903	-50.665439	-15.815906	5.047489
	5.899345	-3.617981	-43.420646	-10.969705	22.079926	-59.917606	2.131525	18.194309	-21.052341
	5.388484	-5.217872	-35.997899	-34.241007	23.231605	-67.085287	2.238985	-12.271918	-38.009984
	6.427726	4.453279	14.859035	9.583162	18.542819	-21.200143	-16.466514	0.595381	-34.713430
	8.028419	23.725874	-1.403788	-0.098030	14.137276	-18.401209	-7.177168	-2.052699	-0.108529
	-19.627771	27.559757	-2.488479	19.774750	35.130773	-29.418831	-5.126203	-5.974441	3.348993
	-31.708925	46.285419	-26.321177	50.213912	9.471842	-37.659195	11.223756	8.604852	-13.645112
	-13.357230	29.633958	-9.608925	28.912058	-9.270254	-7.915464	-10.948035	53.374993	6.674540
	-1.172743	9.708253	20.437111	25.952609	-7.664136	24.999860	-4.484222	23.967677	19.049774
	-0.072864	15.031780	14.655641	66.084456	-2.100384	-10.266515	-26.651557	7.248847	-37.290624
	38.620809	22.815010	-24.011023	24.831131	-2.457825	-0.245656	9.654054	24.334067	-21.973579
	20.909143	4.974433	4.560816	27.512935	-2.297584	-6.333368	64.602904	-29.391923	24.150812
	21.308801	-4.256677	22.991382	-2.874079	-9.622635	-0.907704	54.669250	8.657090	36.662431
	15.370587	-4.517866	42.261289	20.411689	-6.525858	-6.468592	39.061704	-33.140584	34.105089
	81.277137	-23.421791	59.884610	-3.591759	26.371115	-9.147589	90.231757	-44.937131	65.194749
	38.864672	-37.578118	30.579636	-3.443128	25.003805	-35.592157	84.085039	-48.103414	46.547420
	9.445446	-32.033201	25.621208	-16.021417	-0.465734	-46.150930	44.035464	-32.888733	14.766481
	3.411802	-32.319285	-6.459607	-43.718828	-6.824942	-58.408157	30.732956	-48.224093	-4.234434
	-38.820286	-26.054038	-18.055153	-65.752060	-9.741058	-44.790673	13.866267	-39.413723	-45.249084
	-19.783957	-14.651655	-16.217044	-38.445020	-30.758862	-21.409935	8.214057	-16.702135	-18.057396
	-5.967364	-7.912491	-9.402007	-54.281806	-36.189994	21.678535	25.837675	-10.234695	-53.678334
	-1.805307	10.060750	-6.030557	-42.264149	-4.461454	8.734022	6.088958	-14.874707	-0.736574
	14.471091	19.997585	3.789938	-2.716902	27.779289	6.632192	20.448263	0.507596	-15.917283
	11.849747	17.148187	-9.890918	11.330808	36.280928	6.227610	6.785645	17.013823	-18.058464
	-1.932336	34.702205	-9.129461	13.887277	22.885609	17.325869	28.705897	12.334177	-22.519174
	-4.857056	26.367436	-26.018494	6.887801	25.700026	16.696762	-2.230583	-19.305056	-66.085777
	-22.237429	25.087622	-10.585134	-16.845166	32.552710	-2.148817	-3.381453	-23.202341	-3.341511
	-6.205007	26.295486	22.546005	1.171024	30.962246	23.206853	15.137170	-9.069250	-25.999997
	-40.458445	11.569992	10.557005	-6.868838	-1.498921	-12.794432	-19.462344	-8.425834	-17.401689
	-20.563389	-5.695561	-13.788462	-17.487036	-0.924689	-12.682645	-39.164058	-9.246891	17.695877
	2.420306	7.364481	-16.293874	-34.132900	20.944219	-15.166144	-44.967717	4.733078	28.695717
	-15.065900	-31.880485	8.496292	-44.890103	-6.730354	0.870226	-25.340865	-1.269330	9.656203
	-23.027438	-2.405781	5.835207	-42.762356	6.262156	4.010962	-25.548528	-16.392232	-8.162425
	-34.699688	-21.960199	-1.256820	-38.798105	26.997523	-32.591202	-15.812223	-6.752728	-8.682064
	-19.695937	4.918397	-13.829721	-47.410222	25.857991	-47.718363	-17.442338	-11.825173	-17.124363
	-25.980251	4.232210	-12.088337	-18.936870	-1.284656	-8.081452	-42.452844	-25.092508	-8.320254
	-6.066205	-1.928498	-27.651694	-6.722375	3.521891	-5.564021	-56.085627	5.686493	-17.638388
	15.610902	-5.031368	-50.221456	-4.368216	1.682791	-28.805472	-15.907223	8.181465	-58.050046
	4.973090	10.078013	-31.710603	-4.195254	18.542563	-35.412056	-28.256292	6.211486	-27.607252
	6.322961	18.945325	20.148126	-12.768244	0.453684	-34.097691	7.512130	2.744797	-17.281371
	17.445278	2.056707	-30.064617	9.707881	-11.194156	0.698821	-48.309086	7.680217	-19.984419
	-6.138170	-6.760854	-18.664601	11.645815	-29.795322	-2.908171	-22.717961	35.318730	-20.173532
	12.531651	9.129811	2.220436	34.041088	-24.439991	-16.667105	-3.803121	0.232563	-39.703648
	38.154558	14.192529	-13.715841	82.878306	-24.772165	28.151510	24.352897	45.293237	-16.994661
	49.857223	13.550924	-4.827880	68.004169	-12.951812	-24.793032	49.993279	19.105415	12.424885
	39.588261	23.171662	-26.962210	56.833746	-11.926237	2.289923	65.594643	43.542975	7.245344
	56.020794	5.750893	9.932019	45.333841	-3.874609	-28.669532	80.339805	17.808288	21.024921
	28.852844	-11.704259	-36.886830	76.976115	-13.714353	-49.784776	69.843924	21.905242	-14.353896
	70.362741	12.579557	-16.198561	63.979539	7.199617	-50.535965	103.715996	12.862245	-11.729072
	25.097859	23.545562	-21.857131	70.966063	-35.183867	-65.009196	34.315715	38.112340	-95.348351
	12.831281	36.991535	-28.057490	96.046734	-2.340649	-40.200306	54.014089	40.855860	-22.590400
	-13.185518	40.706569	16.210616	51.892567	-24.342540	-8.546626	4.789885	53.316246	4.826183
	-18.718549	12.188506	23.708244	18.186897	-52.658659	18.586281	-37.167047	26.552636	34.452118
	-15.763646	-9.199083	5.696209	30.106946	-35.876892	38.669427	-40.415579	23.430402	-9.848986
	-8.795919	9.850607	12.550940	65.875798	-59.501663	46.899997	-29.520270	36.342634	8.013400
	11.447774	8.093327	11.413104	50.905484	-48.278942	38.866038	-12.357122	42.942008	14.475862
	17.966151	7.408444	3.776192	72.545243	-35.027720	44.256902	17.928321	29.971110	39.840379
	32.546953	23.720945	-2.169142	56.185090	-22.016725	22.372001	44.339798	53.053955	21.310609
	39.239867	20.181667	-16.904275	44.868486	11.573708	13.724873	71.339486	-11.434613	8.268554
	45.130470	24.110565	8.998495	88.507810	22.954121	-20.026146	74.105584	3.231052	41.243596
	38.014107	26.376175	8.985884	76.083522	33.317016	-37.720898	64.428553	0.876915	-5.896153
	5.883567	51.878367	-19.362650	35.203651	10.186349	-14.294895	51.821344	1.940496	-11.500920
	12.196797	25.744250	-5.595872	68.254403	14.650154	5.345827	55.325072	-14.900917	-19.919090
	6.127059	34.753458	-7.272568	34.101947	0.697906	1.767276	40.529815	-10.216043	-23.596502
	27.085853	12.178455	6.730772	3.652036	40.649639	7.922489	12.618166	-24.815315	-9.946590
	-8.771591	-13.711230	10.722254	-15.583750	2.659680	26.366734	-41.924188	5.357902	4.977961
	-17.864300	-21.384538	-7.288002	13.002232	13.626343	14.976316	-19.637139	-11.891211	5.535996
	-34.964383	-0.133075	-37.060061	11.812743	1.864091	-30.573801	-15.189974	-4.401207	-51.523850
	-36.251362	1.571403	-8.448399	-17.164010	1.249766	9.348939	-31.816675	11.965059	-7.755610
	0.596531	-24.121096	34.896650	-31.703593	4.574054	22.520408	-46.539001	-27.400544	48.988508
	4.926485	-28.758310	15.480396	-8.151582	-30.172557	-10.918263	-56.394927	5.386610	-8.970438
	-13.592215	-33.703958	-0.564222	-29.092296	-39.615232	52.346920	-12.704675	7.089333	14.621665
	-13.755595	-38.970308	-24.189944	-36.613043	-63.227424	32.865336	-65.086024	12.028472	-8.392099
	1.365111	-42.616020	-12.513084	-5.192275	-31.530077	7.223408	-32.802919	1.721801	-19.193008
	8.990800	-23.773018	-38.933067	-36.377842	-10.913763	12.010253	-0.510250	-19.807401	-20.377290
	8.763408	-26.970747	-23.290419	-36.558707	-13.269187	-11.108482	-4.724085	-13.197094	-13.497999
	2.522671	-22.660968	-38.704984	-31.340347	1.765296	-17.196515	23.876307	-35.311984	-0.546448
	43.618713	0.630774	-27.058699	-10.159265	19.758540	-31.414348	78.211787	-51.716444	21.289740
	28.072142	3.026124	-28.935543	7.333886	45.202914	-42.992211	85.800693	-36.774822	-26.962889
	26.447714	10.518892	-25.119699	19.624868	50.292982	-27.366715	60.657262	-32.547773	-47.768327
	-6.660397	-12.088558	9.388684	9.012024	40.515884	-42.679539	37.694530	-30.303079	-4.850411
	-12.603902	-14.030511	-1.662727	-27.055928	12.840017	-30.255424	44.654786	-27.969608	-45.483645
	-2.107001	-23.717360	-1.856031	-14.137744	-20.717138	-16.032274	21.673421	1.941872	6.636593
	-5.315943	-19.175343	28.262941	-52.511724	-50.977229	9.366813	-17.911099	-23.994004	37.368850
	12.584194	-9.886805	57.417488	-46.914127	-49.125450	46.709356	27.924326	-8.939063	48.561823
	-1.973513	14.487253	21.840518	-25.509363	-29.251746	63.534747	1.388848	0.425236	39.441824
	7.183156	14.047532	10.733635	-15.330234	-1.841469	56.835846	14.004301	-12.561321	21.753613
	-9.508270	-12.029160	38.549865	-35.073181	-23.232501	59.893998	-57.609750	27.711645	37.039827
	-7.168849	-14.935303	32.991476	-25.220553	-11.371856	54.980235	-60.454646	14.489142	43.875152
	-13.860459	-19.690778	-3.235024	-29.331913	2.350236	16.907460	-51.067278	27.696135	-0.707765
	-15.863892	-23.675834	-3.401354	-28.435963	17.098886	1.517382	-44.659378	6.387093	14.941547
	6.846512	6.978523	38.339269	-46.035754	23.633544	33.497644	-25.587036	16.739032	52.460711
	-7.877613	0.655107	70.869081	-34.099333	18.817814	56.578571	-49.207682	-10.442657	78.373594
	-20.638920	-7.409694	43.553913	-36.596380	3.439635	73.682127	-79.865321	-20.915153	34.008175
	-38.245935	-2.326724	26.026202	-31.196517	-12.400987	46.355006	-73.036615	-9.621472	31.795804
	-11.272306	15.072721	16.691143	-0.052805	0.369061	24.870485	-19.508360	13.860679	2.146053
	-23.147748	4.834579	-4.834620	-22.902075	22.001234	31.967805	-7.013360	-12.683682	-4.773084
	-3.718277	-6.387201	5.561923	-20.146943	12.570376	28.795552	-3.853236	16.618135	8.802707
	-4.194976	9.145937	-15.112748	10.452305	34.992161	-1.983961	17.934129	-7.490518	2.444637
	-21.533620	-5.400908	29.973218	12.587515	13.298426	-15.987874	-17.857170	-3.449562	-13.930693
	-49.465067	16.590418	7.670952	11.423133	-1.639385	-9.773979	-15.400730	13.789588	-12.541722
	-51.376728	-2.992477	1.535255	-18.289400	1.990285	-30.655363	-39.685289	8.374149	10.621099
	-56.338921	-2.198221	-13.484418	-1.153228	-5.516129	-24.275545	-39.896124	23.439082	-33.116656
	-36.587863	-0.694278	-17.033193	29.418197	-22.108007	-38.844374	-9.499209	46.134433	-27.136357
	-43.237380	25.430810	-47.125597	21.340663	-26.489127	-33.615421	-53.761399	49.852201	-21.468426
	5.691349	5.731714	-0.304886	50.157595	-34.890254	-48.794204	-22.720086	58.008630	29.364186
	-4.810276	5.319125	20.236560	16.050830	-34.107692	-41.618704	25.339162	35.093859	-13.122951
	7.978925	-2.359796	18.730492	34.541390	-31.946641	-21.126832	15.706138	46.384314	38.954702
	11.488819	-11.469061	12.146308	7.832909	-22.696019	-28.883064	30.212530	-0.378974	-5.575490
	57.000767	-27.202823	8.532219	23.294313	-27.644166	19.712849	17.692836	-20.522786	3.408379
	38.745402	-13.093993	-13.917224	-9.158949	-22.906733	2.808191	42.480219	-23.213067	-11.326413
	32.427987	-7.419058	10.650572	6.123528	-2.918198	13.039611	53.500137	-18.832848	19.406796
	39.546681	-4.362836	18.337766	17.809447	26.861939	34.899037	32.449243	-3.328225	24.127547
	19.053572	-30.844849	15.468477	1.840163	4.719693	55.718006	11.594707	-27.465792	9.923403
	-2.215211	-29.145200	10.593483	-20.069114	-18.816301	55.892337	-11.629110	-28.327630	22.974137
	-12.981060	-34.346347	27.150427	5.468208	-20.929410	54.999325	-27.658840	-7.687889	27.146840
	-9.799036	-20.244994	4.341944	-16.265892	24.913338	43.409223	-7.938937	0.228069	20.157098
	-14.077990	-12.714945	3.522095	-33.040869	43.581121	24.286911	-52.318540	-4.795447	1.761030
	-19.611501	-10.379753	4.458474	-68.522516	46.029884	-6.034231	-24.145620	-11.042914	12.816059
	-4.828051	-19.662623	-11.877450	-39.382481	44.444162	-10.422173	-45.457025	-7.395625	1.196007
	-50.880155	-16.891266	-3.783579	-48.615502	12.163729	-10.438225	-89.133883	-26.425547	-32.957915
	-45.318413	-21.398443	-29.342727	-34.008759	-6.689088	14.159503	-63.498026	-3.647503	-15.868165
	-14.700297	-24.387459	9.741626	-9.182914	-5.012103	21.946513	-79.535340	-18.055991	-3.052781
	15.952109	-35.334324	-25.015028	-31.212621	17.171035	17.977474	-13.963399	-18.236218	13.514130
	18.472505	1.179756	-19.990778	-13.843282	25.459858	-10.055109	51.211660	-43.509338	-6.306089
	15.216011	3.180417	-37.430486	-18.635719	10.401737	-4.902094	67.833764	-40.837579	-6.432350
	1.456995	-1.023396	-1.224112	-1.490343	0.270879	-33.380596	8.788906	-34.232328	-20.851611
	-5.208289	11.999672	-16.765175	-16.565120	28.284115	-41.191930	2.720276	-23.006132	-11.584401
	8.332928	19.501612	-19.351564	13.271880	18.114648	-56.511440	25.236085	-23.109200	-52.729500
	14.200135	20.004261	-34.673446	-12.993225	12.823778	-73.707445	71.387682	-20.698761	-38.353028
	12.361154	8.691814	-9.435551	-7.508559	32.458446	-47.085011	51.923651	-13.169725	4.859824
	0.369317	-6.713245	6.404212	-1.113171	1.780605	-32.993279	15.948815	-11.568210	-16.858111
	20.225284	11.507633	-15.837614	33.405320	2.182237	-68.180489	36.969048	-8.583305	-7.451740
	6.761657	-6.947917	34.516628	-6.478203	-0.690852	-30.458355	52.452840	-26.291034	15.621419
	35.293448	-4.918544	38.252623	2.150903	42.871511	-15.525298	47.102804	3.932765	64.628206
	2.658316	0.257824	71.538734	-21.802392	20.921704	-37.574482	41.354140	3.584543	27.333644
	3.026679	7.817461	60.232163	-32.456630	26.919005	-45.139567	40.769087	-24.198108	51.130048
	-5.155475	-10.233302	55.444661	-30.036817	50.104749	-32.284765	24.557326	-27.289504	51.254217
	15.839480	-24.267871	51.329173	-30.930847	41.274975	-20.476113	9.304277	-8.536484	5.334339
	10.297714	1.422095	19.219220	-16.919222	52.627176	-19.207131	15.247516	-27.327265	-11.160621
	-10.601980	4.745323	27.614278	-8.526738	30.256425	28.826947	13.037474	-34.869017	15.803992
	16.795454	-9.025028	26.158629	0.050591	34.051173	40.935411	29.877956	-4.720903	33.639075
	31.008408	3.563000	56.337750	6.690883	39.262907	25.941890	20.878313	-9.971489	18.755984
	5.699843	8.999690	54.123929	8.944875	47.951506	35.172929	5.876435	-22.095096	37.794863
	-7.232933	13.845580	40.937542	-8.204405	29.417332	51.962260	0.487631	-13.229622	38.868428
	0.592384	6.850109	37.688859	5.539354	16.476133	34.750025	4.637124	-18.358679	15.412782
	19.201309	10.267146	3.982993	1.765664	1.602288	25.705913	27.475004	-27.922142	-13.279927
	9.082931	21.106940	-2.571000	-4.299639	24.765590	30.284185	37.718744	-23.810324	-12.696396
	-25.990839	21.839895	16.559078	23.916526	7.396843	15.837724	15.942438	-17.831584	-61.147368
	-1.004968	20.679608	-6.157139	37.290926	-3.426157	38.911704	45.894012	9.947285	-26.469866
	-6.109580	24.334302	13.559841	44.602334	-10.938551	28.991326	37.799999	0.417911	-19.472850
	-18.070869	9.513173	1.773208	41.467925	4.513642	22.975596	40.897635	-5.132193	-0.094329
	-22.310698	-1.084770	17.386811	29.566792	-17.394944	26.245646	13.205817	-8.569193	16.971992
	-21.326636	-18.659804	19.031930	-21.633034	-30.653327	59.139881	-19.589845	3.137766	28.898417
	-20.857799	-18.779416	32.434233	3.082269	-10.514459	43.272532	-14.168668	-14.787098	11.463119
	-25.435043	-2.469827	19.507310	-33.753089	0.358009	61.460274	-55.991894	15.170800	-8.478181
	-20.928850	-5.251631	18.742011	1.493886	-21.668270	15.923091	-41.043677	12.575901	11.757394
	-32.241469	-24.541176	20.250265	-5.947195	-58.795879	18.592862	-66.875701	-16.259999	21.348694
	-3.962585	-25.444887	2.604324	-7.260754	-37.152508	20.701409	-40.729213	24.096105	39.359214
	-12.251664	-13.453294	9.732619	23.097263	-14.772219	-8.754158	-13.125394	16.242536	54.947049
	23.137725	-24.432425	9.719719	10.020067	-12.208128	-7.135414	-5.192659	38.545990	76.048800
	3.181848	-42.488864	13.535410	-9.114539	27.603294	-16.004729	20.380631	26.164163	98.718022
	-17.542791	-43.421979	-8.431644	-69.214486	8.729784	-20.308835	0.402900	-1.355257	68.168796
	-11.038272	-52.351545	16.642799	-58.037522	-0.388298	-4.770072	-7.541973	-13.397202	70.678925
	15.049782	-27.999000	25.465567	-37.104112	-8.309402	18.713963	5.957575	-0.950599	46.362935
	-7.236090	-31.231057	24.158375	-22.656927	-19.817735	40.570259	-40.673416	0.281906	30.411425
	-6.602512	-32.852181	-1.096997	-11.399899	-37.510476	44.168512	-4.086370	10.690296	39.441244
	-4.950747	-27.734689	2.278601	0.962316	-33.049871	38.270302	-25.167451	3.897444	15.256152
	11.862186	-21.056026	2.948691	-8.081411	-13.599402	31.136488	9.832781	-12.311876	3.150368
	0.206458	-28.141464	-6.347780	19.967111	-44.537239	14.104156	4.155878	15.984865	-6.348718
	37.089980	4.885829	16.163214	37.249476	-20.977670	-14.257419	42.507107	23.703807	25.994278
	26.798863	-6.539433	11.849780	31.675568	-52.850525	-13.736760	40.121403	36.449596	18.819303
	11.260444	2.424572	4.949921	17.212829	-25.305561	-19.947076	15.190103	-1.400514	-20.986970
	17.370384	-0.092999	-34.084790	30.761346	-19.945010	-27.405670	-49.128624	14.303546	-39.877035
	-11.918860	16.407511	-29.679977	30.588836	-5.537879	3.823239	-33.201650	25.336767	-54.791012
	-17.738586	27.339793	-5.401887	39.828758	-19.498277	37.134542	-18.455495	36.804868	-29.239627
	-0.103623	26.577607	-3.974889	12.415629	-31.092075	52.894741	-33.264043	12.658587	-15.238121
	15.059618	23.817350	22.487855	-11.429612	6.220778	22.695600	-19.382638	9.700539	0.087236
	-5.242776	7.722817	7.085598	-35.341675	8.472978	37.509317	-28.056386	7.729586	-4.483384
	-22.233836	-4.722227	-27.767860	-18.422263	-4.000601	25.814605	-25.885120	0.446974	-35.875657
	-15.133343	-6.209660	-8.877037	-14.312797	12.183981	16.692959	-36.182102	-7.504220	1.518552
	-17.988119	19.521442	-22.707912	-2.353444	22.025414	-4.632317	-20.721529	-9.307064	-6.932505
	-16.093620	-2.408407	-8.250714	-18.540170	45.596133	-9.803615	-36.995948	9.954627	6.670131
	-15.727748	-10.269464	7.537089	-50.069888	9.806969	13.852503	-55.363760	9.194642	11.530711
	2.012213	-7.853805	-2.143998	-31.878182	-4.213556	22.590648	-5.397878	-2.842504	-14.535635
	-36.899855	-17.398750	-7.404032	-20.793052	-10.816185	-7.186516	-76.859664	-11.311073	-45.684711
	-53.347458	-16.376793	-55.260765	-19.039285	-27.732026	46.480143	-66.179828	-4.950696	-7.890620
	-13.446642	-18.120456	-44.821210	29.180404	-70.132063	70.175425	-96.396384	35.759773	-53.805961
	12.068965	-4.864084	-47.906058	39.660909	-56.814678	25.390281	-41.802771	23.539107	-53.465647
	28.703103	4.165499	-56.641997	37.136895	-11.235737	9.045658	4.943597	17.986084	-43.174727
	21.373327	23.684922	-32.046878	42.822994	-31.479406	-44.059778	40.902930	0.535685	-66.284891
	-6.677241	58.459038	-33.987016	61.742022	-0.798349	-16.450844	27.004735	22.011281	-59.916964
	3.386748	38.710603	14.897347	33.197176	-25.775371	-34.582281	24.660739	16.431788	-2.520552
	10.917908	45.798707	8.200865	45.201160	-23.950620	-39.709550	38.610723	22.509461	-16.109661
	-17.301839	25.757374	-0.926686	-5.654680	-13.745619	-43.658421	-2.195348	18.658447	-43.252765
	-29.007875	25.829955	-9.884527	17.403556	-12.454665	-52.677817	-21.677868	34.894151	-58.211491
	-6.682933	27.344812	-49.149791	42.145071	-12.842607	-24.932702	9.867710	27.765099	-17.205947
	3.582086	35.152441	-27.584377	48.246615	-16.788667	-16.392760	40.699619	8.972008	-30.439422
	41.110867	9.864520	-26.413697	61.542355	-0.470558	0.996115	65.808600	13.690056	-0.973657
	48.125671	13.060907	-31.334750	62.409364	1.714396	5.927267	83.760732	22.393485	12.724542
	22.061827	3.887830	-13.196957	32.366685	4.366122	36.165439	30.932478	18.662401	35.956682
	35.619222	-6.830991	17.189003	13.674495	-11.965667	55.355960	48.898887	-7.273274	73.903752
	32.439958	-12.506730	11.543874	6.373456	18.122422	46.567327	45.545407	-33.861807	74.697446
	3.647411	-24.161516	34.849687	-24.659320	-6.369969	28.504901	21.519711	-22.960664	63.911346
	32.717562	-6.045214	5.461758	2.724634	0.113606	24.811205	4.957382	-26.544587	56.300672
	22.029199	-8.650572	34.124620	20.945032	-13.142439	58.768639	12.078327	4.505628	16.145324
	54.423309	-13.325476	16.416568	-14.445285	-3.480314	73.063425	17.405129	-15.372277	64.444015
	27.103314	-8.100930	39.011734	4.136315	-11.296600	59.628256	3.776510	8.148123	91.539850
	11.594812	-23.433479	9.253681	15.971270	-45.441624	42.019710	-13.316713	-0.890285	55.311156
	19.701012	-28.936577	33.987287	26.666287	-23.953429	59.682894	-43.848608	32.643598	44.624159
	-11.906431	-37.107927	-12.058126	4.158489	-39.131783	16.517318	-59.816508	9.638210	43.263824
	-7.330175	-17.034086	6.850454	-8.697777	4.105594	-18.889122	-27.502599	-13.607317	49.354832
	-13.371126	-3.080903	-4.587624	-33.085798	-22.712158	17.520845	-40.213891	0.967337	29.945668
	19.714781	-17.284942	4.653421	-23.067493	-52.768577	39.544928	-62.426216	14.160812	52.912341
	-26.728724	-24.901297	-13.112210	-72.433572	-24.387536	31.491265	-76.315245	-0.030193	-5.284128
	-17.571606	4.425204	-17.667288	-9.558352	-12.911824	0.745472	-27.800465	3.288809	-7.236793
	-0.977141	-6.019136	-40.650489	-25.673061	5.698278	17.918493	-55.519028	19.141983	-12.126009
	-26.061195	-14.647361	-35.367573	-21.685806	-48.977809	48.679797	-62.980769	28.121022	-26.765408
	-12.324291	-20.596508	-23.287384	-39.504805	-24.385531	32.827186	-50.144161	38.525048	-47.712649
	-26.787882	-21.150611	-45.372568	-12.235713	5.070651	-1.262720	-45.624310	17.667526	-50.219909
	31.590974	0.392257	-31.134387	-10.491979	39.476524	-8.499304	5.547892	-10.553109	-12.636830
	4.101058	-25.793833	-22.354332	-19.812172	0.065885	19.722756	-39.823676	18.988760	-24.464182
	-9.268820	-29.386111	-24.371409	42.630078	-10.815249	-29.272715	2.886095	25.142628	-72.748052
	-11.558183	-29.425304	-11.569328	-12.566189	-2.828778	-25.354717	15.389970	13.426614	-54.499461
	-11.849975	-27.534631	-9.848560	40.128484	-34.684263	-34.770079	7.644439	3.346360	-17.167154
	-1.156461	-10.571613	-16.125404	13.610450	-43.788924	-26.270314	8.074728	-4.593397	-35.660354
	-21.241430	-20.040033	14.092158	-11.252395	-49.840703	16.092337	-30.335256	-11.513814	-21.044022
	-25.555374	-4.206736	5.774502	43.751110	-18.462547	-17.477131	-13.916255	11.282325	9.972256
	-25.888793	25.715750	5.883308	44.050334	-24.634630	-4.131060	-19.234777	15.784479	-15.961987
	57.169436	13.304196	26.440645	56.494879	-21.444586	-31.136956	49.682045	32.390757	13.015972
	65.692914	-8.480421	32.102464	63.791284	-13.690834	5.270998	101.631204	-0.604776	40.026056
	26.828892	9.041779	-6.067976	19.635632	15.890376	-13.250121	113.942098	-32.510635	39.809743
	-11.501851	33.736074	-9.768160	59.111188	14.521381	-0.261611	86.915167	-19.052189	-11.707850
	28.601637	-6.702569	-4.782141	36.014544	45.738296	-49.126825	116.686101	-37.291122	3.508749
	22.167417	11.159130	5.831903	27.580091	20.978132	-25.613733	61.885789	-18.668456	-16.000396
	16.698350	15.383540	51.005305	23.470484	34.831503	-48.260903	83.737156	-21.389489	20.667888
	12.471004	7.242328	48.265147	25.546119	19.469295	-76.968517	35.268693	-45.978524	22.161386
	22.622169	3.472166	32.026738	-15.705476	44.580976	-77.720100	39.009167	-32.260821	4.707750
	7.705303	13.194844	14.853912	-46.183623	17.071032	-38.431601	15.404807	-24.877109	18.574866
	-24.899017	21.020250	-15.404897	4.140352	-18.063606	-25.885625	-21.084324	23.073362	-56.641105
	-17.120093	25.917561	-22.678867	18.263242	-13.062445	-13.184622	-0.325143	30.152356	-52.158770
	-24.651964	42.914494	-40.016735	14.630920	-4.948336	-19.425049	-20.721433	4.173988	-42.194740
	14.137807	48.240198	-11.757523	14.313107	37.252972	-8.190238	23.255810	8.780214	-30.439142
	-6.712408	34.612859	-7.884000	19.098835	53.667998	17.657108	22.474303	-1.520960	-38.982199
	-5.458121	34.610675	1.743941	16.290493	57.997450	47.282235	21.095303	10.284101	5.243991
	-8.187120	17.896856	6.912506	4.007602	34.836204	31.971419	-9.802551	6.629681	-18.109817
	-33.832350	22.497463	-14.756720	1.522476	24.663427	11.760525	0.884300	-1.922734	9.182742
	-15.579529	-3.095256	-14.986463	-15.613090	-6.292075	-1.318280	10.341675	0.170906	0.432740
	14.777896	-4.395896	7.635315	-20.897240	9.923832	9.391814	-4.476567	4.831486	-17.361422
	-20.830196	0.107143	-5.382135	-26.420793	50.019871	-10.718477	20.001204	-24.783243	-20.312800
	-11.625812	-15.190593	-3.593969	-3.606575	-24.043967	40.411901	17.357507	-16.785499	-13.645303
	-24.361163	-36.623283	-19.068533	-35.141626	-2.963522	-8.748195	-47.863365	-15.545331	12.602572
	10.128116	-27.765296	-5.676698	-47.837657	7.518795	16.467595	-36.577872	6.181033	44.098985
	-11.646878	-25.131093	10.719088	-28.666118	27.812540	1.618059	-21.811950	-11.912945	23.330485
	-12.224946	-41.723293	6.310681	-61.658824	6.334109	-23.860450	5.260188	-22.968011	38.311893
	-30.857281	-46.297003	18.548885	-71.347753	-1.597525	-5.618394	-45.691993	-0.613906	36.257976
	-31.222336	-48.943037	18.524906	-42.661961	-34.879939	3.002315	-48.640562	-23.207936	24.259954
	-42.394172	-16.830153	26.600518	-65.879077	-12.435202	-38.807735	-58.151136	-6.555787	22.076470
	-18.685814	-21.624830	5.096739	-64.497854	-2.190716	-40.805149	-38.716539	-37.291985	32.343811
	-28.968195	-13.960366	0.042509	-6.141234	-34.083829	-22.447522	-46.416090	24.762802	-12.176812
	-24.370692	-12.981750	5.952279	-34.390798	-25.650960	-32.019613	-46.733590	20.144254	-2.067934
	0.416315	-1.827210	-1.607085	-8.563001	1.583328	0.012726	-51.749475	27.260764	33.547560
	-11.836035	9.350776	9.561913	-9.473089	27.187564	-34.872541	-42.463538	15.166598	-8.893475
	15.628911	-12.075414	17.894722	3.674887	2.898485	-32.263788	-45.412505	11.558259	-19.554268
	1.376678	-19.021526	44.181939	-17.731982	9.862007	10.765366	-51.528839	22.370818	31.377661
	21.462601	-8.360996	38.602459	-9.841723	-4.374385	32.340888	-28.474221	5.211660	38.508766
	48.117848	-9.301976	18.468007	8.743012	41.399921	-4.142144	49.080925	6.269417	62.309939
	26.859536	-16.654502	19.050489	-25.087940	39.588606	36.345013	46.419605	-9.497117	80.191699
	46.102873	3.343651	41.886848	21.177560	20.925451	23.504614	32.165130	9.298839	79.977184
	52.177076	18.892762	19.440262	-17.739096	53.423097	6.988659	47.094339	-39.394539	74.223279
	25.975315	13.032405	14.697039	12.003250	27.938221	1.945367	73.295298	-23.532682	29.654495
	11.878251	0.889748	-4.917773	-2.425571	1.400286	-36.267887	10.235968	-28.630219	8.853045
	-20.864235	-8.531515	31.183154	-28.991378	24.056305	-11.563319	6.639030	-29.193710	30.580334
	-40.018599	-10.752381	25.937969	-18.667652	-1.275945	-3.697981	-19.278660	-27.380653	27.491662
	18.466482	-15.728694	3.613950	-30.284196	21.983922	-5.650437	13.803251	-31.663741	-2.805306
	-16.181031	-25.923196	2.846836	-29.158765	7.175816	-12.531623	-27.786321	-27.048440	-14.416551
	-14.344300	-11.017600	-7.453898	-34.583798	17.973268	-19.509935	-26.636317	-27.917387	-26.136071
	-21.774264	-9.611457	27.331367	-41.950126	23.388081	-17.823876	-61.054399	-12.247847	-10.183133
	-48.095199	-2.448521	42.173982	-8.801346	-22.524085	-7.643164	-74.088506	3.554852	1.292448
	-15.448896	1.392260	11.244946	-24.042089	-4.857591	-9.233741	-18.570309	4.357943	-55.060063
	-35.848499	13.402087	12.603475	-15.400217	-23.592646	8.808847	-36.225121	15.346432	-39.073953
	-15.374459	-5.098626	13.437273	3.014681	15.269644	39.638746	-46.392478	1.370102	5.615621
	-21.129060	6.863275	-15.211291	-34.746552	46.239436	-11.037489	-17.019413	-2.747009	-30.227428
	-7.345747	-2.805125	48.646663	2.483385	27.222227	25.452008	-3.047374	3.124244	-6.171761
	11.355496	-3.025408	73.428132	3.737544	36.747172	41.130673	-60.951403	7.055014	11.175857
	-8.069684	-19.377894	21.330282	36.112064	12.535267	38.955107	-37.750304	5.297709	10.618161
	-3.347930	-6.632886	16.116023	48.395838	27.565574	43.003439	-22.490499	-11.422275	17.999105
	17.411512	-0.909551	8.894885	13.051724	33.287686	52.960062	-43.323349	16.229272	9.196392
	2.611644	2.300253	4.487982	2.519845	42.874659	28.515790	-32.409623	13.718440	-4.991492
	14.498570	9.124863	-7.814050	6.873924	28.533076	48.587919	0.164683	-7.349312	8.260427
	31.626369	6.022587	2.813674	-2.507827	-6.861836	46.548507	-9.338422	35.960771	42.969961
	25.102006	4.848148	-9.101313	8.780102	-8.903955	34.763459	-26.411109	15.222623	-15.788380
	22.340835	-1.184971	-31.091086	9.330936	7.928634	-38.136889	34.874763	-13.771340	0.674875
	0.008693	-2.957124	-55.037518	11.977415	-8.641601	-5.625722	24.171126	-3.447293	-25.303416
	-30.902153	18.331259	-47.629778	22.375627	-2.683043	-25.559926	-5.757694	17.295214	-23.769941
	-30.832413	7.915348	-35.541238	-19.312539	46.407318	-75.253780	6.677560	-15.373396	-31.324173
	-21.818512	10.527898	-13.281084	13.015108	29.292686	-56.293291	-0.922117	8.812629	-31.939266
	-22.790652	20.322259	-1.464708	-26.385172	57.646369	-61.463830	1.017622	-20.108518	-12.009387
	-16.670958	-2.313203	-9.037110	-42.200433	53.964848	-42.299216	-15.388884	-6.146704	-0.919749
	-12.604782	7.971479	4.987676	-7.671725	44.975289	-43.253019	-28.003070	-46.427210	-27.765520
	-21.725581	3.647609	-0.176161	-2.525799	-11.816481	5.788068	-35.451766	15.204986	-65.438556
	-3.045761	1.909091	9.696407	32.248086	-35.768455	66.227219	-46.525497	23.587952	-3.091560
	-19.727324	5.805847	17.975761	25.854069	-51.675314	84.294578	-29.254617	26.845879	-0.151779
	20.835123	10.847849	22.850766	31.406790	-74.090099	77.143948	-3.992428	-1.602009	15.726538
	4.842473	7.280805	3.922784	5.354442	-78.635663	41.456289	-11.310245	36.139594	-6.427838
	3.360029	8.261471	-13.143108	-25.035694	-66.488992	43.399236	0.581633	3.106713	0.316277
	-4.113116	-1.951660	-5.946669	-8.644890	-54.576597	54.438150	14.696831	14.801626	-4.021001
	-21.503162	-4.590179	17.627737	-36.836529	-45.000891	61.794220	-28.664633	28.346161	16.515999
	-5.898637	7.684579	-0.628368	-9.543880	-40.711526	67.081735	5.549128	15.573820	-14.064883
	16.235661	24.065794	-41.606589	-28.889331	-23.207441	15.048669	78.712828	-16.814179	-21.498581
	5.838310	52.820470	-42.138650	18.489336	13.617590	23.846737	34.396151	12.924832	-54.482436
	5.979646	47.408980	-11.309763	50.022072	-32.283070	3.142422	2.607697	28.301794	-20.393647
	22.691939	31.964268	5.441939	35.116038	20.819361	-8.347587	28.723727	27.596948	-15.214312
	10.490236	42.445637	-19.111293	63.388902	19.383623	-59.347802	63.770751	1.731022	-11.818668
	23.406724	39.512144	-20.109929	55.058735	36.974677	-68.481779	95.141644	-10.774113	-63.811303
	-8.210295	50.478414	-5.762337	79.437656	49.539546	-65.759106	7.781957	-11.338488	3.976437
	-41.331630	48.861628	-10.258600	45.509506	59.864907	-55.244671	14.646878	-20.309202	-10.926375
	-40.748236	27.165378	-41.866621	41.366987	49.127663	-40.164306	-38.149358	-8.229385	-57.516908
	-12.261578	-8.441020	-11.136281	0.793746	3.783249	17.281596	-62.228904	-8.017981	-15.126472
	-7.502012	-19.493926	-12.508578	-48.262511	-8.799273	28.537330	-64.046857	8.022102	-28.194223
	5.334993	-27.422981	-32.898057	0.821493	-21.799809	41.939944	-70.151954	41.069810	-22.488456
	-4.270992	15.141792	10.003706	48.824295	-31.285622	38.004244	-16.961496	4.611658	16.791115
	27.936233	10.220286	-24.192883	43.360929	-22.701954	1.655064	35.577107	14.385847	-26.722716
	48.510451	16.935047	-1.506989	42.469275	2.182884	21.122747	37.782907	8.181449	7.945495
	35.611999	19.284171	25.784083	54.953019	18.250093	-9.217597	70.274233	-8.266846	15.431574
	19.482983	36.220410	36.355532	66.148329	2.804216	-17.747105	36.383652	-9.087399	-20.440246
	29.562285	1.829669	25.364166	41.420211	-7.023103	-28.333594	30.302866	-16.749529	-35.521588
	9.897162	7.591618	3.099449	22.880762	-40.588049	12.429984	6.948798	1.779751	-15.995008
	6.901769	8.386625	-13.393192	17.280775	-38.344934	2.928125	30.142953	-1.571657	-29.245598
	14.555650	-5.714367	-41.322210	11.209989	-20.101596	-4.169551	37.977044	5.170584	11.326798
	8.367121	-11.175017	-22.465683	-12.025164	0.971505	-1.094748	44.805512	-12.464441	16.499027
	8.434567	-3.468650	-5.472417	-10.028181	36.490432	4.469300	14.620988	-20.299625	34.124342
	-0.413192	-19.515306	1.676397	-48.803319	27.963412	6.096385	-25.325708	-19.200351	4.943235
	-11.733854	-9.392735	-13.934622	-22.720292	7.748781	-0.883561	-8.729530	-28.797121	-15.397423
	9.048553	-1.755967	-13.505624	-23.380105	25.781838	-7.842297	-27.798915	-35.411086	-24.812214
	-27.554493	-7.383175	-21.249331	-18.483793	30.206833	5.548832	-34.417567	-13.853324	-15.690653
	-35.866787	-11.692932	7.145729	-25.459354	42.981416	-18.509364	-40.772320	-40.054346	-23.523564
	-42.447218	-8.003438	-5.564590	-20.104987	13.309426	-2.996795	-34.919745	-28.551391	-28.611314
	-11.523667	-9.057295	-10.625632	-34.240923	3.629576	-2.815362	-45.167344	-37.225408	-45.649542
	-9.070331	-19.574249	-41.470849	-9.509842	10.745037	-6.217752	-26.280565	-25.453113	-64.957633
	6.252144	-35.706789	-25.310678	-7.407440	-8.764717	-2.999080	-12.962246	-0.104062	-23.012273
	13.005108	-22.861832	14.862192	-4.285372	-14.652345	34.115698	19.716516	13.311316	19.575673
	44.075120	6.114434	-30.767857	24.448209	6.564326	-41.576491	60.446811	-10.142362	-36.002795
	65.864273	13.433215	-4.577335	61.665361	14.710729	-30.852735	120.972181	-7.160024	-24.173229
	56.275159	15.404320	11.988642	59.345430	1.840956	15.356175	62.686182	-3.625753	9.694067
	48.071051	11.010334	7.410392	30.001514	-4.346656	27.732921	15.985749	5.720066	28.334412
	16.615073	-14.093355	-18.529497	46.181893	-5.563919	-9.997023	41.440341	3.321780	21.129926
	20.370730	14.793703	-8.488415	34.031221	9.364392	-19.824093	45.911625	-21.412231	15.340602
	-8.807635	7.530038	15.117543	42.848969	-7.454664	1.558880	-26.087189	-5.949589	11.314217
	12.687175	6.856971	-3.500086	37.482238	-23.085381	13.237174	-26.628373	-3.801235	-12.894296
	-24.937642	15.241136	10.174966	33.391890	-35.889510	17.009622	-36.492838	27.230318	-48.386283
	27.627817	-13.311980	-34.268460	-3.097762	-10.374272	38.609724	-12.494344	9.684493	-24.389771
	15.570162	-4.907433	2.421322	8.579278	-13.174988	37.627558	33.492714	-12.509950	17.629477
	12.359059	0.520643	-3.483458	27.393383	-29.233708	-0.560909	-11.869218	21.569217	-27.725163
	11.870039	2.067580	-15.176042	7.955916	-6.459764	-10.260980	26.983321	-1.196221	-18.500482
	-2.738041	-8.132226	-16.479743	26.996004	20.910233	-67.802528	36.100223	-19.530978	-22.973014
	19.000829	12.450338	-22.635596	22.940010	4.727194	-42.302511	47.372150	7.874895	-32.359302
	-0.726918	-7.421777	-25.261357	-37.077657	2.174620	-60.988468	-0.646713	-4.696439	-35.327958
	-1.160090	4.368734	-20.021925	-11.108154	32.792252	-37.219770	-5.544905	-3.914684	-25.063175
	-41.789377	11.818616	-32.015937	-6.198955	30.439105	-6.825776	-48.483836	-11.335829	-62.598497
	-0.059062	-11.719349	-42.327680	-6.011603	-10.108586	-18.869613	-36.865398	5.154673	-51.463345
	1.264694	-34.207877	-40.914186	-32.844320	-12.871656	-11.328038	1.687910	-3.811037	-15.020854
	12.948267	-5.226737	-48.376985	-0.859792	-23.897610	-23.801092	-11.747359	7.858979	-29.029802
	-8.735483	1.311958	-0.157475	-7.101611	-19.765960	-12.522748	-16.886783	-1.121970	1.200982
	-52.275259	-4.049063	17.047282	1.355957	-11.449881	4.101619	-36.327715	12.936308	-44.557871
	-60.542999	-3.268803	15.659664	-15.539339	-40.530863	-6.400466	-69.010427	19.536449	-50.092714
	-58.397575	-9.656761	-17.667912	-19.007907	-24.348370	-47.542114	-58.683354	15.903129	-23.017912
	-40.200349	10.545186	2.298736	18.733601	-68.528542	-14.936405	-73.706559	29.106640	-16.337359
	-69.155104	4.118733	6.134127	-25.983634	-49.085776	-17.785670	-76.035578	39.262983	-9.172520
	-59.621313	11.163631	-27.669314	-19.332188	-64.871951	-46.432893	-61.751116	49.361432	-59.804434
	-34.382309	8.944496	-31.427400	9.327787	-55.810596	-41.779378	-57.467337	52.553606	-52.577145
	-21.645729	9.216166	12.204944	39.338397	-45.060344	-15.923131	-28.489697	40.211591	33.377888
	-18.858849	26.049789	-20.766594	44.639135	-6.716463	-64.218295	-18.873936	53.710479	-10.998172
	-4.009037	32.763541	-21.590653	50.859112	-0.787118	-55.147455	-14.805531	63.020110	-43.308687
	7.058538	23.037507	-22.076661	12.772891	9.370691	-67.664313	3.721825	23.628762	-45.831755
	7.685495	59.213200	-2.241079	41.658899	42.523425	-59.766514	44.123043	-0.859794	3.285261
	-2.929593	34.423171	27.869610	25.388612	15.437921	-9.693398	15.377055	27.219037	-19.660816
	-0.571898	16.233569	-22.119487	50.646213	14.351395	-41.964572	28.173987	11.755538	-24.216182
	13.968915	43.227019	-49.302333	25.547109	42.668580	-18.244399	48.570261	4.777801	11.876782
	21.433377	42.159324	-24.493592	60.181459	38.587430	-22.697163	78.263744	4.996651	-4.108442
	30.473277	35.277971	-2.744287	15.061407	61.963175	-20.678356	84.416662	-20.125997	5.878678
	4.273617	39.118869	4.254414	-15.290549	71.114601	-20.702561	50.240066	-46.728458	-37.917340
	22.422261	44.774846	20.931174	-13.930903	37.297880	-16.356618	67.284308	-26.251346	-26.695131
	-1.272859	18.375221	-3.440702	-18.315382	45.495239	-12.386618	20.527156	5.930827	-50.062681
	17.646472	15.465832	-6.107070	-35.407137	42.030414	-8.550011	16.926384	-12.659782	-25.084532
	-20.807160	18.809229	-57.054118	-23.207426	15.912300	23.100290	-1.525470	-2.222976	-61.301013
	5.481844	11.838393	-48.551052	-9.381434	-4.877974	-8.694015	22.905986	-6.303746	-19.225625
	9.074414	3.672194	-21.042579	-10.449483	17.945120	21.280539	31.198960	-5.187895	-20.860884
	28.982576	11.306235	0.318039	11.864784	39.686762	-7.400395	66.261008	-3.458247	17.652524
	42.837764	-2.729457	-13.179511	-0.509920	18.672471	8.513657	41.768984	-6.540720	19.419478
	26.971196	12.667031	-18.713949	24.167686	-20.115534	12.175983	26.773467	14.610955	40.595317
	25.030034	10.014135	-4.899288	11.662232	-31.949756	33.924275	25.096061	41.758394	20.732492
	30.995328	-0.010900	30.599741	25.467971	-28.840068	32.447404	44.563393	43.722011	70.993371
	37.515310	-12.079583	-13.290794	6.246706	-41.797872	58.541912	20.313811	28.784486	92.728739
	40.951484	-11.634415	4.459297	31.364317	-85.851825	57.779481	-3.371292	54.506929	50.872929
	45.787556	-19.677541	61.126182	45.592494	-115.792725	74.186587	6.416723	72.747001	102.847302
	66.587448	-23.627858	57.947329	10.445873	-68.572447	57.658043	28.400138	20.189723	162.549117
	54.141672	-24.018075	104.429400	22.347222	-11.064776	34.292954	32.241589	0.111489	159.260668
	-5.393476	15.363126	6.966063	7.099966	-0.823121	7.237361	6.491633	6.947583	-0.127248
	19.455374	-24.710288	42.305895	-23.321499	10.416914	15.579893	-8.145576	1.024577	89.644922
	17.144846	-40.829049	50.935879	-49.011754	-32.878870	43.779190	-3.058152	9.796175	85.300845
	60.766136	-25.773707	61.947888	-26.881028	-35.793930	16.070878	28.738987	-18.883333	66.896688
	17.737969	-13.863372	69.212723	-26.020256	-19.017458	52.191909	26.730275	-6.617747	64.127126
	22.512521	-12.313780	67.079489	-22.883477	-18.182509	67.766992	-26.564961	-12.136597	67.567691
	64.104275	-7.582408	46.067483	12.603153	-12.005918	71.628286	28.297241	-13.518300	0.392036
	14.159363	-16.569125	14.486585	22.735316	-5.806714	22.976060	26.880158	-18.828398	-0.010183
	-21.384162	-14.123130	-10.855368	-18.709742	29.162829	30.865381	-4.628574	-12.473581	-19.820105
	-50.344905	-10.337168	-34.488259	-13.116497	25.465942	-17.116831	-16.708904	-15.248797	-93.857444
	-8.380360	-10.443305	-39.098914	-35.087266	25.840484	-13.356465	15.207541	-2.580128	-80.315299
	-30.129763	-15.575147	-52.283455	-7.385485	5.040940	-46.161598	-17.246666	4.946682	-106.236910
	6.755946	0.100846	-42.411131	30.469024	8.992413	-6.165087	32.149050	-13.434567	-44.304935
	-14.301771	28.079564	-26.904040	42.383367	-2.288628	-7.100701	13.608607	12.388335	-81.659244
	-16.637637	12.260110	-16.185371	29.101528	-12.717304	-23.195700	30.787127	0.745255	-32.844901
	-1.814633	22.575099	-45.673338	30.723738	32.940931	-24.625395	21.282330	3.341959	-65.932058
	-17.880324	1.542764	-40.839632	7.769687	-5.524234	-54.261629	34.718474	-17.463397	-59.324908
	-44.095411	2.380933	-67.379128	5.389606	0.173093	-53.243879	-37.101497	-0.717456	-51.320113
	-46.205095	11.448897	-36.829883	-33.247823	9.384611	-82.530794	-31.056849	-29.726897	-48.027191
	-62.010415	6.718851	-22.452699	-67.313139	8.561513	-76.058739	-48.316344	-20.521063	-13.559829
	-45.732166	10.364608	13.441620	-53.335610	17.012596	-35.707600	-48.873479	-17.482557	7.948355
	-36.350943	12.942087	33.662590	-14.457222	-5.059547	-40.820202	-35.430416	14.533446	46.368628
	-22.737839	0.496445	20.733890	6.650495	-11.542452	-28.177084	-56.984566	16.705959	-29.217131
	10.349790	7.872731	-11.988067	53.306560	25.037034	-11.203679	15.779279	32.601221	41.068946
	-0.826564	10.671728	2.335289	68.485576	-8.053775	27.240448	18.880674	22.368601	15.747277
	23.719860	-4.266775	-1.465672	14.382649	-23.654473	44.940897	-1.716459	11.731103	55.269773
	20.764584	-20.051257	2.221086	-2.870815	-36.782730	44.310606	44.947144	-5.569065	41.838017
	35.882412	-17.458683	-13.059949	12.296384	5.181261	-3.218293	50.571244	-25.336516	73.621103
	2.033383	0.433771	-9.809161	-16.779200	15.116264	-11.875334	15.150284	-28.723620	11.128642
	2.414679	-10.032936	-5.427970	-22.941606	39.318422	-70.162305	-0.180616	-23.438222	31.634380
	-26.693660	-22.934854	0.045772	-26.378147	-2.065849	-37.973385	-38.323600	16.309131	-30.892970
	13.656234	-24.785201	47.245809	-25.837487	-19.875912	33.253875	-16.207554	16.032782	33.303185
	38.552040	-26.581398	15.482379	0.038687	-27.615018	61.854655	7.833720	-5.982015	49.677955
	21.509664	-6.941084	19.388145	-8.504679	-6.181933	36.849542	10.766436	-0.569417	62.787814
	36.572378	-30.600138	65.847815	-29.451079	-10.023264	37.176658	45.068936	5.826593	102.785252
	41.069192	-37.145118	-9.118009	-35.007650	0.726176	-6.580929	59.483369	-29.222621	44.070257
	37.157233	-1.209025	26.591572	6.183648	10.075773	25.863545	45.401174	16.454742	48.478308
	32.595790	-7.821443	25.580845	15.375105	-7.260615	32.317979	41.307628	-10.629604	37.465825
	95.035552	2.877806	54.462331	33.397993	-24.017568	51.320090	95.586382	18.329498	71.256538
	73.157329	-17.959105	36.920259	44.777809	-24.657815	-3.508200	111.332170	-20.376758	82.480566
	78.450709	-8.727924	54.931978	-0.755041	-3.021909	1.380636	70.687374	-19.095710	128.278793
	42.201059	-2.533181	96.811972	2.267282	-23.895870	5.229379	88.882576	-33.701445	74.736938
	28.582906	-4.940655	41.690488	-23.260009	-1.357766	-22.837592	51.077544	-50.334199	37.776404
	7.055831	-8.373630	-1.306223	-42.732443	-4.324405	-41.394825	13.956095	-54.917330	5.727877
	7.628482	3.083680	1.329270	-28.960343	-21.412228	-43.416851	7.526792	-48.136875	-51.421986
	-21.795942	9.956820	-58.527254	-21.306284	-7.600478	-47.403232	27.265999	-29.888962	-51.018549
	-22.016406	0.609047	-61.895779	-5.201844	8.795286	-49.853404	37.614515	-14.714300	-75.199855
	-19.134635	26.979136	-43.662762	6.471334	-23.951087	-40.630051	14.828514	0.121828	-65.317436
	-5.403192	16.536029	-38.464224	11.937913	18.070960	-40.915928	37.919179	-7.952582	-37.331511
	23.227457	16.197736	2.806015	20.426877	31.636144	-35.448736	24.820711	3.908453	-21.942200
	9.851834	21.538038	-18.737530	27.730120	24.676689	-33.675469	47.781503	0.707397	-0.933933
	21.707678	2.268194	-30.041041	32.281050	57.844978	-1.248090	40.710308	8.476471	-7.645365
	9.690245	2.282891	10.176958	3.880279	38.226481	-7.586947	22.515788	24.254715	34.563885
	9.016964	-0.664487	8.040362	-11.283011	46.256629	0.894535	4.268921	3.572276	14.837072
	4.215791	1.395526	-13.094534	-38.419141	54.861962	-37.399308	-4.358118	-4.657126	6.990429
	-3.745835	-0.693525	-2.659921	-29.061679	55.339763	-30.032927	-8.286533	-11.501726	7.958017
	-2.295324	5.455992	-1.006278	-41.350669	58.664595	-10.321420	11.420809	-19.866508	30.114227
	-22.240046	1.632419	-23.323627	-33.669247	42.750936	-37.715583	32.038622	-32.520375	-13.505049
	-33.867110	-5.661135	-28.355085	-31.724104	45.475829	-30.470713	-11.050524	-59.655843	-51.799231
	-35.916327	4.730951	1.450451	-26.198144	2.191258	4.471995	-36.772637	7.756784	0.001294
	-0.450406	-10.134582	-6.801366	-52.626655	16.995730	0.431294	-16.202950	-23.731406	11.159876
	-12.640080	-9.483317	9.642230	-33.945425	44.260136	-5.328835	-17.464579	8.034859	54.961845
	-32.108300	-15.503051	21.410719	-39.930956	36.247476	-19.353746	-44.230406	-19.458364	29.426925
	-12.474079	7.741988	31.828919	-14.152010	55.412437	7.099753	-23.860601	-9.597532	56.574683
	-32.298622	-11.125586	30.114194	-65.693527	39.290404	-3.184204	-28.688632	-12.285509	22.393567
	-24.121109	-8.219829	7.131754	-45.897602	52.892295	-35.761191	-23.044324	-8.211085	5.231217
	-19.031211	-20.157902	-15.074868	-86.395049	17.884447	-9.721471	-41.647857	-12.603327	-1.370527
	-18.535516	-3.032799	-14.354565	-62.742699	66.992015	0.643396	-28.535403	-0.442885	17.196365
	-25.168130	-24.272393	-10.492364	-34.488252	19.582082	35.128234	-81.355482	-0.953202	3.622143
	-15.662710	-36.341937	-14.867307	-77.607215	51.796883	-27.386491	-41.331999	-36.913530	-4.770499
	-21.941469	-22.585291	-22.585370	-49.370098	32.085775	-36.919183	-26.372484	-26.717812	10.306926
	-42.924886	-9.965511	-13.429892	-58.934558	44.795198	-45.111593	-7.365629	-12.737487	-22.865376
	-61.441583	-23.203212	-25.294105	-30.420011	-9.389449	-10.314673	-36.044378	5.153648	2.211793
	-8.414091	-25.229280	-42.674637	-21.888725	2.852087	-25.152398	-41.283567	-16.050683	-24.088866
	-39.934798	-10.298487	-34.025052	-5.288141	9.233628	-41.844693	-27.900789	-4.645639	-76.783045
	-17.352383	-4.205262	-16.414815	-0.378769	-16.988605	-11.629767	-23.506048	-12.741661	-37.503715
	8.142162	-8.915722	8.619586	7.655398	-43.520219	18.026855	3.798080	0.382303	-0.587417
	-44.038430	-4.270439	-1.303572	-36.957819	-47.823178	29.329932	-41.351024	-20.030338	-13.525196
	-15.821924	3.305427	1.076975	0.240993	-62.166562	27.548224	-35.785414	16.235750	-41.490952
	0.147782	15.686704	1.778859	25.292943	-81.465679	45.994661	-9.856349	23.660613	8.325817
	24.264222	10.316554	-7.741989	47.322865	-36.031203	28.971448	27.814965	3.260381	-34.202349
	7.122722	22.731101	-41.892466	52.785689	-49.065956	15.932812	4.009560	29.468603	-53.968445
	2.937305	11.058351	-5.753995	63.527370	-74.319908	15.884995	23.045703	24.822429	-37.797071
	32.200982	4.421378	-15.345973	63.001990	-51.432610	37.413868	38.958443	22.780687	-5.425521
	49.051966	9.131163	-11.958649	65.003895	-67.588305	30.813267	44.480107	26.815027	-5.847031
	2.251852	-19.568780	6.437045	20.298038	-28.723273	-36.725288	20.324882	8.114621	-8.906832
	-24.384417	11.222716	23.120573	2.509547	-19.798521	-28.290296	6.433801	4.730025	-5.042251
	-43.543540	12.176011	4.450411	-28.510911	19.587871	-22.822505	-11.698980	-4.133374	-8.027816
	-57.254365	-12.452882	-26.165939	-26.331833	-11.279232	-33.223178	-20.642009	12.239687	-50.446885
	-46.936685	-14.929258	17.401078	-30.718158	11.189099	-7.962998	-37.208622	-10.416471	-40.785669
	-31.943116	-15.575318	9.251520	-37.827588	-8.073288	-11.193091	-33.156292	-13.114554	-16.340655
	-12.307077	-8.936388	21.672931	-19.012357	-14.183405	22.291709	-20.362050	-21.945497	18.685227
	20.865089	-3.341890	55.006453	0.839571	-28.495438	50.342736	8.173050	8.457087	91.383083
	12.129216	-3.627148	34.750419	1.674910	-19.719771	51.361792	-20.474008	4.417219	65.012486
	8.527452	-4.623435	30.638547	-28.378084	-17.353354	39.529125	15.095490	0.113778	49.831401
	12.799345	-5.859788	13.344394	-26.156087	-39.533100	83.544051	-8.986695	13.769814	27.266779
	20.345079	-2.212528	36.964379	4.172210	5.424335	46.348727	16.478623	-7.055307	33.260302
	26.983135	-19.481966	29.478352	-0.643025	-9.774365	67.132174	13.253335	15.938125	60.385506
	-18.038993	-1.026767	1.328695	-12.505251	8.356938	29.987447	3.311830	3.385217	18.173475
	-13.923779	-7.005022	-27.557602	-58.747767	-21.817386	40.509870	-23.060804	3.078203	-40.695262
	-3.448065	-7.048891	4.018557	-28.907920	12.814914	35.414706	-31.218390	7.569363	15.360580
	-16.412802	8.923413	-13.330073	-29.494637	-3.464126	6.969898	-36.590989	7.252055	-34.622146
	2.330646	6.303315	-34.452295	-12.955164	-0.756303	-2.222468	9.053568	-0.724341	-59.502347
	-39.154184	12.135120	-13.565516	-42.611620	10.470175	4.882591	-49.413099	3.512534	-73.140149
	10.689054	-1.667497	41.080001	-19.921024	36.568478	53.840099	1.467777	9.827485	16.335669
	7.177837	8.350064	4.239199	0.260428	3.441978	-33.440394	8.749295	18.908976	0.194283
	2.277019	4.805497	3.909044	-30.186266	-34.616786	-3.167913	-33.213006	-14.569480	-48.172934
	-9.732386	5.272046	24.591710	-17.345087	-20.455285	2.050333	-33.958514	7.504065	54.575629
	-11.856365	7.413393	59.453533	23.128267	-9.641808	34.100809	-25.228646	28.847942	35.279798
	-17.134191	37.840654	35.487154	-7.604814	-19.297219	-17.557994	-33.987435	12.296109	-1.514933
	-20.380060	35.116562	47.573955	30.505311	-38.600924	-11.041775	-14.848912	18.806392	23.700035
	-25.394320	13.864458	0.341480	0.816909	-90.367786	-12.534089	-31.200856	36.390427	-10.465179
	21.733180	10.717808	57.539393	34.753981	-75.922800	-7.522578	28.843688	8.224195	78.523192
	22.345404	17.304303	48.790794	34.555130	-9.794881	33.283795	30.145628	-5.029676	82.629414
	-4.877848	14.747923	7.946451	71.094456	-29.641986	2.435491	40.221178	27.641506	34.879387
	-16.285110	-13.582221	-2.534827	22.290676	-34.663234	23.891922	31.122404	23.613883	21.687066
	29.458603	-3.789014	15.431805	53.379320	7.891502	43.421506	67.301674	-8.956155	84.813940
	37.602586	-17.953552	-12.091633	52.145205	-5.181219	12.177541	91.897360	-13.950882	10.522112
	35.429874	-29.462910	-26.442198	32.500132	-0.584200	30.943611	72.072533	-7.298830	40.012746
	-1.696427	-12.757101	-13.086770	36.624185	-41.351013	46.319107	14.995557	-0.297348	3.668701
	21.027888	-11.829955	9.894802	40.529418	19.742439	39.893033	34.566511	0.347168	6.782206
	-8.763047	-12.321441	41.350763	1.438174	-20.401385	70.466399	-15.334344	-0.896472	36.698251
	-0.252524	4.245526	65.898953	-24.609258	-53.177693	92.308156	-41.307795	25.109495	24.930219
	1.439941	-36.340740	52.106054	-4.012750	-31.098846	106.954920	-15.863189	14.809235	32.958972
	-12.842587	-18.596929	65.333677	-30.290095	-26.055553	100.225130	-38.435838	1.399074	24.876199
	17.159159	3.252575	36.365165	11.509602	-38.583256	123.411312	-27.243375	29.047656	95.344629
	36.442668	7.552206	0.739398	20.959285	-51.387314	119.245171	6.257954	45.748510	34.742481
	15.492188	20.501054	17.842673	45.213008	-0.824920	101.785797	27.818124	18.644236	61.836977
	24.977607	30.935761	28.609995	21.113518	-16.423074	104.780710	-8.186045	16.590198	21.407583
	5.987600	46.190534	26.356738	5.496187	2.764517	77.062100	1.939333	9.765607	40.057297
	-12.455772	31.193246	46.287079	-4.580657	7.914961	73.320533	-3.935072	19.331823	39.960611
	17.669586	19.000139	20.018396	-50.418070	-6.125792	49.984814	-15.544417	-24.120933	41.611207
	0.181565	14.598247	1.395617	-47.530374	-1.020385	33.167434	-21.534991	-22.861812	5.893327
	-0.799091	19.975783	25.303054	-63.629968	25.757394	43.621914	-17.160213	-24.646831	-21.426726
	1.484025	25.865341	-9.648705	-47.642948	8.580893	17.243648	-64.513320	-5.794433	-22.933025
	-30.423957	16.344619	5.340965	-17.338852	0.622182	-0.195473	-83.617989	5.794220	-52.016979
	-15.281628	24.440748	-11.336328	-14.007986	40.215487	-5.070554	-30.758414	-16.565694	-7.411553
	-15.546974	23.224171	13.132365	-29.091214	46.061484	-11.095954	-34.752703	-8.686331	-5.751408
	-12.744358	27.139578	3.236221	-4.348927	57.747097	16.479108	-30.488294	-20.256111	-18.158490
	-42.370126	33.998085	-25.912678	2.745859	51.278462	21.292451	-33.772487	-1.427125	-28.093569
	-16.565851	1.941800	-12.740717	-17.293885	82.181046	-12.864972	8.360529	-33.973876	-35.450247
	-10.235037	-1.891642	-10.740493	-25.372370	85.732676	10.545015	-20.599550	-53.174479	-64.680072
	-16.668949	-8.006763	3.956539	-51.739859	39.388117	-3.789851	-10.345596	-41.728527	-39.505564
	-21.839207	-2.827997	-14.915992	-54.614465	34.103952	41.787955	-81.524451	-31.531265	-84.306726
	-1.194325	-14.938894	-29.722279	-60.603845	96.914230	6.502058	-12.442053	-30.498831	-49.063752
	3.118668	-13.549683	-42.344956	-81.815367	95.573776	-35.286856	-28.472821	-60.543087	-53.875802
	-18.967860	-10.310343	-25.571457	-59.474444	62.103789	-34.785005	-22.203046	-54.124730	-48.369155
	-27.458346	-26.028926	-52.351366	-64.805133	19.078205	-48.814436	-11.583600	-19.139516	-82.664842
	-14.176699	-29.652804	-27.588172	-46.851343	33.358311	-18.693149	6.706596	-41.853389	-15.652737
	0.162232	-16.194835	-29.800651	-39.075377	17.599211	-4.249716	45.084512	-19.550892	-10.816361
	-12.884313	-18.751337	-23.989902	-11.428047	21.777775	-24.732214	-27.383153	-11.383075	-31.704572
	-18.813127	5.162445	-36.546155	-1.421586	1.623454	-38.535128	54.206620	8.058969	-53.965906
	-30.826315	7.137691	-40.587248	16.983405	-35.592986	-45.779129	28.587535	9.874462	-69.702419
	-10.244384	12.884904	-27.920406	12.834944	1.456697	-14.852638	12.319796	3.224646	-46.579161
	-44.853787	3.720554	14.154116	-16.633989	-20.954977	1.970437	-4.629079	19.172176	-27.437566
	-44.085615	5.420451	3.635106	-3.547380	-5.982072	17.480674	-66.763903	29.664330	-20.090962
	-26.779984	9.765550	8.777103	-0.063978	-50.141700	-11.346160	-29.557270	56.848847	-16.010246
	-17.800095	11.137930	6.360080	30.128760	-56.809641	8.771991	-68.905836	79.044133	0.212785
	-15.529793	14.497995	66.017225	48.747084	-37.857715	16.064525	-32.466222	65.788550	34.434588
	-48.002521	20.458251	55.586306	25.714706	-34.208881	-5.344943	-92.769258	69.291671	-12.291808
	-24.413832	27.847059	14.014215	-11.575513	-41.284963	-33.073081	-83.024449	31.629673	2.735686
	-14.856029	18.542619	5.900082	-19.039181	-16.738635	-17.281544	-79.945636	29.813594	-6.667374
	17.946368	18.335280	-2.729297	-8.303782	1.762507	-26.090714	3.633827	14.843448	29.371580
	-0.767018	5.863298	-18.523045	0.492173	28.853363	-50.382301	35.482336	-0.281409	4.605194
	-1.280617	18.094499	24.841336	15.988211	49.652491	-23.522959	28.805289	-37.498723	6.074892
	34.185414	18.629714	-2.771867	12.359797	25.148760	-33.064347	49.398130	-30.766721	12.912058
	23.563607	-10.444434	31.736343	17.522743	-10.865956	5.847735	16.199024	-1.289579	37.874380
	11.866386	-29.251342	9.969603	31.857724	-16.727449	-50.163742	30.701022	1.762212	15.358719
	12.622287	-26.378848	6.948096	35.813881	-15.255301	-50.970969	23.076312	1.044926	7.397567
	19.171837	-12.221651	-10.707688	-10.163632	-25.234899	-52.754172	13.771232	8.101574	21.062761
	19.540099	3.572821	18.285558	38.404818	-5.641653	-27.857678	49.159394	-12.114058	-10.724142
	13.542129	-6.493148	-21.073410	37.150788	17.066556	-32.177262	49.385277	-15.054515	-7.732799
	17.306841	2.335357	-42.194966	27.155216	32.776925	-42.254363	20.915419	-8.030756	-41.480320
	23.346350	-9.888750	-9.552240	11.376156	-14.681198	-15.542329	5.241168	-11.014135	-0.135065
	46.254451	-12.433595	-18.454952	37.891419	-1.274674	10.013379	18.245031	-3.121043	-31.684118
	10.491695	-13.675669	-29.066070	22.252181	-18.138456	-31.670937	41.732674	-16.148883	5.381946
	-4.532095	-16.926421	-33.561216	-3.172724	-42.001194	-64.716171	26.935109	-12.813697	-8.866611
	5.365697	-26.519047	-13.426629	-4.570750	-36.959083	-26.608697	18.876235	0.803859	-51.434380
	41.963386	-22.197593	-31.651761	19.006539	-13.955685	-38.944345	61.854781	-16.150649	30.647264
	6.894066	-25.656116	-18.244470	13.073175	-23.915931	-65.505375	63.683943	-15.544139	50.685543
	-9.393683	-40.984102	-23.858917	12.378461	-40.694570	-53.452689	-15.769764	2.328030	6.568595
	-8.133246	-48.937086	-7.985277	-30.846650	-28.552907	-39.205367	-34.524664	-2.889466	7.980065
	7.585380	-56.382725	-23.268672	-23.622568	-46.461682	-15.220852	-25.183027	-17.212618	0.856853
	-17.657490	-47.355659	-20.182942	2.127147	-11.053404	-51.500934	4.240691	-19.300285	17.049697
	-43.500165	-36.628168	-7.530916	-14.600335	-1.472084	-38.994152	-44.133779	-0.621313	-2.265188
	-10.595716	-26.962420	-7.136429	-22.676036	-3.279939	-26.465645	-23.246884	10.692740	7.473017
	-27.892684	-25.850109	24.277794	5.510991	-7.043281	-36.576554	-30.727238	14.480482	18.500015
	-3.647063	-33.209569	15.884919	-41.297677	-21.680438	-21.605600	-47.884238	-21.159134	38.430856
	15.803739	-22.540930	10.488156	-55.869157	26.108705	-69.886555	-1.547211	-20.212528	24.282986
	-9.546937	-33.087361	-13.856665	-41.076893	-7.749132	-24.362781	-46.345115	8.862524	27.155576
	18.671152	-15.749547	-0.584723	-10.973296	20.173593	-7.832272	-11.459333	10.105356	10.163398
	11.321838	-20.757507	-9.943904	14.846607	-19.795722	-1.156900	9.563311	0.138466	-7.733359
	12.474138	8.351965	3.320633	46.534108	14.950493	-19.622062	38.501657	6.807316	-2.151672
	19.374493	14.121633	-15.723241	27.929246	25.626918	-43.915873	3.538183	10.252449	4.098088
	-3.603642	6.719712	-23.263508	22.638263	13.155488	-18.245726	9.606232	-8.900394	-8.855589
	-34.476409	-8.255230	-28.567934	15.531419	-6.027696	11.218387	-27.083693	9.659139	-16.241562
	3.803918	8.943238	-11.358201	29.298312	41.686759	-13.203948	1.675173	-20.960386	7.931151
	0.450813	5.787666	3.686000	-10.275130	23.940534	-16.380769	-34.797380	5.009173	-7.077968
	-3.561151	25.983025	-6.691950	4.067277	25.820861	-12.485051	-23.247175	8.524225	-43.610676
	-23.851750	8.898751	-15.151965	-0.128104	2.647627	3.997118	-28.438600	12.504131	-9.660814
	29.478696	15.742148	1.245071	15.915053	19.587271	0.566583	-1.031483	5.013480	-6.162713
	12.741431	5.604580	4.566189	-8.349453	33.843808	-28.774837	7.040509	-21.548713	16.438006
	48.129415	4.032906	-4.174679	49.066637	41.176588	-30.966001	47.209768	-0.707430	22.573773
	18.122613	2.503548	11.211329	27.308390	55.241258	23.810623	19.738665	-14.977975	10.847697
	28.589652	-11.832107	-20.968998	2.792264	21.657066	-25.038065	46.295305	-15.939691	-9.321211
	-3.275480	9.659313	-8.987948	-5.820526	37.657276	-18.707392	1.677769	-6.753645	-42.647506
	5.988031	21.485963	7.839297	-0.390231	52.764245	-35.799811	18.659802	-8.684414	1.278213
	3.261087	9.571597	-15.581443	12.441071	0.991414	3.948289	-8.110110	-3.932794	-41.866571
	-11.593495	-6.281645	-29.878126	12.187256	-18.448604	-0.280654	0.431100	38.128914	-31.178090
	-0.764232	-23.924625	-22.378823	17.894224	-29.943493	-17.575757	-41.525871	-11.112881	-46.953461
	6.677564	-19.588755	7.396056	32.344882	-33.390835	8.113283	-20.055160	15.020695	-50.750968
	18.699758	8.898690	-2.579493	44.919571	-3.908221	6.951433	33.527151	8.111984	-11.106333
	10.307904	13.454240	11.602225	58.967652	-10.485578	-2.790313	10.770252	40.526029	12.244988
	31.090811	12.314022	6.676647	51.584985	1.729435	29.620757	-19.109378	21.791855	2.906140
	21.515658	32.739738	-19.240737	27.976413	-31.110533	3.624625	39.654671	13.235282	-15.580299
	4.173749	50.888326	-30.435103	69.230467	-6.845990	6.400945	2.122105	15.722808	-28.172236
	-0.358515	51.667952	-17.197631	29.815082	26.257523	21.203176	43.223823	29.416965	23.152860
	-12.834039	53.932367	-21.412965	32.250509	13.859955	0.935814	6.962248	18.483627	-27.626315
	-4.814087	40.460453	6.953056	28.711732	-37.634137	19.498328	-17.912937	-6.616970	-30.201014
	9.452466	46.169910	3.927976	56.610809	12.202559	40.159193	1.410527	15.765171	-8.053765
