	-22.601521	-3.845328	-25.466921	18.437983	7.876395	-34.165943	-23.988495	37.451399	-48.173092
	-9.551343	13.038625	-63.417812	17.747107	-7.496423	-5.137918	-12.157708	33.792032	-110.133613
	-34.694261	33.218788	-36.430833	14.209240	-50.763641	-13.792543	-37.373370	29.710753	-69.464243
	-27.956644	60.918039	-43.335828	8.431839	-41.643789	12.200659	-36.288724	24.537597	-51.951283
	-0.311753	30.362733	-36.546402	27.080326	-4.091666	-14.459508	-13.980380	-17.057212	-22.609478
	18.054627	16.542121	-42.317729	43.913774	36.372374	-28.744371	4.495073	-12.022057	4.081171
	-8.466584	12.501540	-0.691955	6.100373	10.002835	-12.659776	13.014377	-24.827843	-26.113530
	-5.123324	18.238474	-8.154605	-31.992147	10.715767	-23.921720	-6.665405	-29.047879	25.596444
	5.589677	5.668675	17.852493	5.987450	-10.025193	-8.125652	23.219428	-10.090225	25.957582
	37.444179	-1.974101	-10.874393	11.389586	15.095665	-22.525292	21.231847	1.075510	-23.323717
	16.525158	-5.387158	8.338181	9.694479	33.579634	-28.174153	22.811727	14.937047	-24.977762
	-12.038409	15.188632	-14.772313	-10.137112	41.678857	-26.752761	-0.152671	-34.426967	0.431225
	-0.947127	60.729360	10.117403	-33.253682	33.126382	-7.523773	2.812084	-30.213496	-30.621319
	-20.526919	23.137788	32.728701	-49.601160	-3.289140	-14.835873	-6.634845	-40.907066	10.056229
	-0.417015	3.713064	26.749361	-37.976026	-18.021709	-3.343008	1.069661	-6.758943	-0.823323
	15.362275	-26.457059	48.429015	-39.465260	-24.799458	20.559825	-7.037358	3.407330	22.025578
	-6.650891	-5.217054	13.637826	1.755533	-58.052431	15.884720	-23.398815	23.197568	39.682231
	-26.150381	6.225429	11.804386	34.021064	-58.966988	2.053551	-4.819178	0.999005	6.630012
	-1.078762	17.643986	24.062214	8.094150	-1.796856	13.521618	9.909370	-1.654976	36.796151
	-5.777613	-8.465388	25.557396	8.510053	8.127143	26.368985	-10.887624	-24.165947	26.038301
	2.168685	-28.705201	1.753352	-24.831089	16.132585	15.127054	14.915812	-29.187655	15.643432
	36.360554	-42.748951	5.382748	19.332624	20.157280	19.710835	11.364785	-22.687783	11.225245
	16.730593	-6.663129	12.795407	-2.516089	-32.465548	30.170140	-9.445463	0.642599	21.668999
	10.119453	15.977875	40.799685	-22.832807	-29.820441	11.391985	-7.519552	5.567330	25.009802
	-1.727039	12.103919	50.635063	40.567908	-40.759409	30.029782	14.286891	8.094687	56.046131
	-4.443261	-0.993177	4.285687	26.856214	-21.590001	27.403038	-3.805869	8.737539	17.982686
	8.349939	7.560540	-53.684220	34.808597	-9.523682	14.370666	29.021376	12.981178	-17.617150
	-33.232328	43.955344	-23.006957	29.702175	4.041341	34.960644	24.048746	21.605785	7.316470
	-19.225068	28.896352	5.571324	-13.195936	-2.899924	23.108012	-1.866879	20.895024	-8.254307
	-27.639975	13.665377	31.515730	18.759555	-2.692329	23.375890	-2.585872	-8.557226	-3.927465
	26.529980	-8.835699	21.638144	15.706969	-4.588509	7.935680	-11.107527	14.589395	43.569219
	2.418526	-11.074728	23.431404	7.928265	-21.589354	15.663105	-15.183053	2.341349	36.865821
	20.147450	15.226875	-11.472847	16.495334	-15.024349	15.742848	-25.209718	-17.329160	2.291598
	-38.426397	28.618716	-22.959516	16.110726	-3.584264	-12.513631	-7.143503	-0.685939	-15.969959
	-29.384758	27.132558	10.573337	2.275823	-10.217492	-9.126749	7.802464	1.369540	-34.827400
	11.324776	-3.209849	-8.299716	28.823406	23.222522	-0.720061	30.518559	8.039755	6.925372
	3.347254	-22.559901	6.429142	8.286398	-14.863932	8.708824	12.742389	-9.568023	14.314465
	4.864986	-17.141130	-12.946384	17.948334	-6.565674	26.547647	27.028843	-15.546542	38.812454
	5.003073	2.181748	1.446922	-29.147036	-19.731090	1.614804	18.354540	-27.893028	-9.904426
	-31.272946	-11.754101	-4.227480	-102.023321	-26.256534	16.668395	-35.714047	-44.364627	0.755594
	-10.587242	-10.256458	4.321446	-75.730841	1.682108	2.234994	-28.388078	-32.015427	24.126063
	-15.337336	-14.471626	10.391504	-37.022421	21.976488	16.277238	-21.541457	-39.810757	0.628372
	10.104443	-30.457234	17.946685	-26.763865	-14.392549	0.604791	-7.593554	-7.358399	-5.900167
	-9.255466	-23.904848	5.374159	-35.297987	-16.629615	14.691619	-4.359457	-30.311010	69.573632
	-5.028262	-13.534439	2.011535	-27.507638	14.641682	-6.263268	-9.719099	-3.627534	21.337450
	-4.617357	12.695628	-25.364433	-15.322631	48.242071	-28.764930	11.510233	3.463733	-5.525419
	3.826766	24.346370	-49.067070	-12.649006	-2.633717	-5.359588	8.377803	-5.358541	-71.772828
	12.439788	20.462611	-9.188817	17.763311	-6.409969	-6.783475	18.160569	1.310829	-52.516905
	21.284225	1.583284	14.712203	44.180859	2.508173	-1.161171	26.068165	23.512575	-15.230945
	22.775663	-18.641736	45.195818	26.633789	-6.431758	4.961937	40.873514	19.279269	41.205688
	13.779004	-34.283012	76.103300	2.707949	19.361980	12.630063	19.573902	-28.681687	92.680912
	27.405543	-53.606660	89.119262	-34.188001	16.766578	21.071033	44.316323	-59.398661	120.298989
	18.184502	-41.367505	32.924231	-43.867015	6.023479	-7.436573	3.924167	-11.485644	90.779443
	-9.928228	-41.170939	23.847386	-31.707009	-3.644826	-18.364219	-11.171768	-15.134977	42.518414
	-20.313478	-1.757892	9.825626	-10.637276	-29.233879	7.418316	-34.897211	38.063456	-6.345759
	14.179309	-1.865147	2.165629	-26.858572	-15.934569	14.424394	-25.117739	23.713874	-13.137280
	17.674677	23.407603	-37.051748	-7.035961	3.835353	4.508734	-5.793542	9.530643	-33.286734
	43.139474	-19.378981	-13.156238	14.092412	11.214694	33.315960	36.509246	1.310904	23.075290
	36.315453	-34.112351	27.338741	-40.985871	-12.348520	37.625904	21.682624	-20.178260	51.850461
	10.727592	-31.982343	25.815432	-25.359409	-22.055781	65.710881	36.250101	-25.572865	14.407009
	6.662899	7.631846	12.764622	-30.314333	-28.694265	19.095135	27.818823	-6.575145	4.001702
	4.921574	18.847722	-17.963666	21.462461	-0.868183	-12.668834	43.006204	6.629253	-22.068723
	11.007758	48.411374	7.963769	42.007387	-21.623933	-20.685774	10.732762	30.864860	-68.759176
	10.466358	70.523395	48.902458	70.610100	-36.541189	-19.648057	14.585556	22.393072	-18.260240
	0.890749	37.752937	27.460651	46.649436	-39.733088	-3.813576	24.109039	8.819831	-6.554609
	6.984562	3.441249	-25.833878	26.263924	-32.852633	6.165911	-6.990939	28.549887	-19.692789
	-21.406419	14.718959	-45.637367	7.342974	-31.096946	4.207058	-39.607106	5.069614	-48.327307
	-9.758679	20.959344	7.299834	17.897092	-25.224320	-7.311679	-26.591684	24.345749	-55.590068
	-15.970098	-9.578887	-19.281046	21.534210	-16.950168	-11.668049	-6.973471	40.890187	-12.727824
	13.323636	-67.955598	33.105915	-4.854596	-38.163751	19.396232	-0.574231	0.006526	33.186278
	-13.668356	-64.226764	27.220290	-25.770944	-63.590159	19.502537	-7.261647	-11.951871	66.683162
	-12.733999	-42.510758	36.255176	27.316532	-31.418958	31.387970	-18.085381	14.273120	79.369110
	1.023137	-17.758303	36.036035	73.327544	8.778183	9.532175	20.583401	22.667320	44.701201
	-2.134047	-4.871599	16.564150	55.762190	14.589709	17.230137	12.451412	8.506024	28.062987
	-13.417870	-0.561331	-8.288452	18.764949	9.840608	10.145606	-8.433754	39.722108	3.101584
	14.289297	10.326693	15.885272	13.338729	15.455699	-0.278441	9.532730	7.778354	32.080833
	37.217644	16.266968	11.148584	52.741615	54.810655	2.829357	23.348348	13.099050	26.843878
	20.431536	5.061963	11.424192	37.723532	35.128786	0.607172	2.045168	-18.379709	42.485418
	-2.618427	-3.249997	-1.733895	-59.036335	2.844331	-17.468207	-24.409340	-33.195153	5.924498
	-5.249436	-19.394534	2.086633	-48.866974	-7.252726	-4.643065	-46.130671	-13.100006	9.695980
	8.626224	-20.744868	-26.235832	-35.644093	-3.389560	-29.374636	-53.905225	23.624829	-17.314488
	-21.962279	-14.404939	-17.021371	-17.117636	-6.301532	-22.656559	-22.964493	-5.206520	-7.905705
	1.867958	-7.596040	2.356622	2.389714	19.769912	-19.737629	-15.359553	4.098602	14.733274
	-15.313132	-11.133495	-11.898292	49.298695	47.706095	-25.335803	31.970656	20.998279	-14.354643
	-7.340228	0.300927	6.033675	47.207641	38.356282	-15.830687	10.456576	32.246547	-19.356616
	9.745020	-6.383253	-5.065277	44.238706	55.795396	-17.591776	-24.236979	24.575185	7.610827
	-8.897025	-7.594964	21.720363	37.003299	41.419948	-24.619395	-13.540323	56.464072	27.288550
	12.610854	1.179922	-2.099432	18.003529	15.152845	-15.492873	-8.001659	28.585502	-7.909631
	-12.979000	10.959355	-45.161544	26.917489	35.729910	-7.974478	10.927535	45.106785	-12.222302
	19.451258	-27.545398	-19.058303	39.876935	66.762716	0.197145	11.445456	44.421765	-15.115885
	2.454616	1.829512	-72.124666	35.148763	54.495983	-21.432159	0.960408	39.849533	-60.635520
	-29.006805	-2.902330	-70.300744	32.330662	45.047264	-20.074062	-21.315302	42.535639	-95.485482
	15.056627	-3.847470	-57.815854	36.039049	67.131647	4.815440	-5.699335	27.946330	-48.808501
	-13.836253	-10.877673	-78.477556	7.154774	19.882774	-2.143954	-30.960058	30.048876	-73.725677
	-18.426387	-10.914660	-86.702905	12.448913	16.316254	-38.507171	-48.179320	34.799483	-50.360425
	21.100317	-49.170345	-10.069644	-9.957377	46.491081	-9.515338	-18.108061	13.866470	-0.441666
	5.619735	-60.188883	6.812014	-46.337839	50.167132	-26.241620	1.037849	-25.769412	7.476501
	-16.214476	-50.203239	-19.443366	-42.164493	61.564936	-40.242194	-13.354941	-33.315195	-8.795343
	-2.745699	-34.216579	25.165262	-36.708524	82.924409	-18.049307	4.439133	-9.913917	7.509600
	33.595933	-20.063132	40.721174	1.343441	57.847850	-16.521615	17.982063	-5.110816	31.511993
	30.023674	1.538224	41.930118	22.102353	11.811313	-6.367011	38.885936	-11.172269	29.237283
	37.500628	-0.004056	-17.488697	5.398352	-21.651491	-1.337065	47.691420	-28.138707	1.070951
	29.631917	5.421268	-16.150758	-15.855305	-5.024153	-7.080536	33.280403	-32.178807	-14.286100
	23.275948	31.012016	-31.956855	-17.051452	28.701930	-15.703402	36.065304	-24.089194	-27.603551
	0.994528	26.240103	-43.278974	-16.771944	28.242921	-24.483729	31.859535	-25.202407	-51.306212
	20.785902	38.344187	-36.788451	-0.491400	47.075451	-3.516353	53.528272	-58.938845	-26.232895
	-21.821587	35.107144	-11.775407	-24.695029	6.986649	-13.753992	53.312827	-21.437169	-23.223781
	3.177861	32.853407	24.620039	-22.553995	10.194833	-19.076715	39.561068	-6.596760	-19.492454
	-19.501012	22.711413	32.810850	-74.413550	2.902120	-0.146904	16.175969	-30.354774	14.486431
	12.555655	16.845104	10.229913	-65.719129	-10.926524	-7.456791	5.285099	4.265746	1.161888
	8.465710	35.844619	-13.901239	-43.240019	-34.757131	-14.519283	13.931597	0.660029	-16.515276
	11.201321	2.023055	-24.673269	-18.985576	-34.451235	-36.974006	-10.196188	8.250386	-0.854507
	1.551269	4.593143	-14.555445	-11.634993	-9.616967	-8.506950	13.654412	-11.061821	6.506448
	-9.002235	5.777337	-10.211435	-24.614128	4.512567	-3.316968	-3.333560	-13.543397	11.949889
	2.022066	25.386775	-21.757915	-36.558404	26.948699	-23.551795	-2.758738	2.659775	-43.999213
	-24.200841	40.627303	-16.190378	2.960607	45.539490	-17.666081	7.999806	-1.955991	-41.909487
	-25.300441	28.618118	-10.722591	17.277453	-8.970652	-17.417780	27.108355	-12.988300	-64.965606
	-15.984734	19.205558	4.463911	7.848078	-41.085287	-0.272328	-7.358978	-17.226896	-30.502748
	-15.780437	18.018597	9.188180	-20.719792	-50.620245	-18.196450	-23.353741	9.741775	12.435630
	-24.975465	28.702232	28.349350	-26.016445	-17.819586	-16.568645	-26.401463	10.492478	12.737481
	-44.921599	43.301977	27.617708	-35.956826	31.604777	-15.948500	-32.667520	23.107035	13.771518
	-22.508768	14.548369	-7.543297	-50.523288	-16.049637	-24.141124	-25.162142	-2.844856	-3.065458
	-37.664367	25.838092	53.217364	-59.904041	-33.230295	10.781570	-21.381255	-51.614764	51.133976
	6.826304	11.125452	43.413655	-4.691195	-30.601374	8.525694	15.430815	-42.154773	66.057701
	16.697681	-21.603533	51.342499	-13.511539	-44.087693	44.574848	-0.260843	-71.369578	89.052991
	0.657695	-28.830845	16.448309	-28.114018	-51.399381	19.065304	-2.036243	-69.903661	6.223383
	25.461230	-45.798826	76.424530	-22.908332	-47.138163	38.440077	18.534416	-10.464246	34.317026
	20.386962	-39.490649	30.689066	-48.980818	-54.737819	25.064626	7.258960	-11.169559	85.692131
	-18.162944	-40.402396	19.182905	-61.453801	-52.003242	5.038867	-24.508803	-22.707596	15.807394
	0.469917	-48.700040	17.059680	-47.230960	-42.912635	31.121075	-34.669801	-15.492444	51.018972
	39.983893	-33.550912	-24.805398	-32.325889	-45.989961	-2.487691	-1.710551	0.000129	-31.135324
	4.692580	-31.871884	-32.660097	-5.839354	-49.233870	-3.357932	27.576865	-7.639478	-32.250970
	7.933250	-1.464077	-27.498226	-0.328379	-34.795695	-1.719236	-5.358171	-15.208401	-7.917028
	8.776907	-1.628043	-8.706104	7.748039	15.801439	-8.946520	22.430738	-16.211724	-2.929958
	-6.248445	10.572890	7.198260	-3.241779	17.068252	19.622364	14.066159	9.725950	21.418359
	13.129261	11.832156	-4.533164	16.833529	-1.058775	-2.323015	22.841802	-7.836091	21.902093
	28.989986	-9.904244	10.175482	28.412009	46.502981	15.230877	24.147767	-1.393716	55.520447
	24.877051	-13.208712	37.953282	29.343457	45.067284	-4.737568	26.916499	15.336396	79.880732
	10.312149	-13.666179	26.384974	33.532267	89.972253	-23.597414	12.707320	0.636300	57.320219
	-0.054835	-24.428152	-6.380314	10.802018	71.429254	-17.928911	-5.007335	2.034575	13.191246
	-6.934180	-15.068944	-12.355499	25.850113	58.337253	-15.040590	-22.193848	6.470627	-3.642311
	-18.930651	18.866384	-12.569537	34.540707	33.833323	-37.837477	-16.962935	21.534156	-64.233511
	-32.782238	7.943793	-27.474306	27.074454	18.998596	19.044313	-26.957504	39.029276	-73.289351
	5.375999	29.781620	-69.549319	84.404975	62.423831	6.220089	-0.169854	37.112159	-74.773661
	-7.119989	13.787712	-36.770733	55.559818	7.992741	-14.441396	-36.685745	45.355709	-76.944616
	-14.021440	22.805135	-42.471463	23.975621	16.397019	0.459944	-29.695078	31.613127	-64.119244
	10.685235	25.957671	-48.625047	34.615723	4.833305	-4.364416	-27.639343	40.667176	-60.799597
	-10.046829	33.974696	-24.720809	50.128142	-15.425157	-9.666712	-16.112470	23.481267	-46.350950
	-17.269495	19.330790	-42.124518	67.833301	-42.877964	-21.561206	-30.851366	66.156427	-60.169895
	-20.829215	46.043209	-30.912665	37.322920	-39.869574	-30.260691	-40.168259	32.789582	-49.950257
	-34.586741	36.714966	-39.079367	31.707788	-5.303727	-43.834252	-20.854532	18.513598	-45.418946
	-5.791018	15.417344	-40.859351	3.950371	41.614508	-51.005941	-22.370080	9.443807	-85.043493
	-33.238850	-37.330133	-57.314384	-32.792970	52.200909	-31.227250	-46.485757	-6.832206	-49.537115
	-15.488362	-35.134099	6.457946	-3.144753	7.069667	-21.388351	14.643899	1.514691	-12.848238
	7.662968	-49.821682	29.691265	-4.267339	1.538669	-2.999600	-28.068716	25.293184	13.801870
	12.892670	-56.154327	87.776837	-37.191934	-6.246037	5.203671	3.689061	-5.518112	54.674978
	19.371336	-37.983876	94.324082	-44.313355	-3.681430	18.035209	12.854290	-49.965231	90.734185
	6.522975	-31.803733	87.078811	-30.466270	-8.749854	23.560479	48.072899	-21.135687	83.203136
	5.930721	-31.725200	67.750371	-17.953882	1.569133	21.687029	11.108619	-37.136231	79.257639
	1.856185	-28.040800	-2.413115	24.389542	-3.783404	0.155783	-17.955186	-15.985833	19.321267
	-5.041324	0.658452	3.322410	39.799276	42.062153	19.807683	-4.745631	10.894885	-10.948122
	-1.446097	33.299066	-20.560411	9.707681	-1.391996	13.505544	-19.258668	30.476148	-62.336282
	-19.657049	39.226276	-59.804951	-3.594082	-9.800202	-15.040757	-26.178383	46.405452	-96.012642
	3.912240	14.540389	-61.518251	14.423549	12.104818	-2.646519	-0.164172	44.566063	-58.681201
	-14.569319	21.332588	-37.713167	21.740386	-15.347217	9.497727	-12.424464	42.966155	-59.895737
	-24.644128	22.339856	-51.361241	28.965935	-5.954435	-6.481837	-19.054396	21.087724	-82.452561
	-3.367084	-3.225666	-47.217544	33.016888	5.706275	5.447501	-32.462029	12.228995	-56.276789
	-1.756551	1.521986	-60.485956	34.466487	-17.352006	-11.106409	-29.539936	-8.037436	-75.158534
	7.471143	-10.223316	-37.532484	1.066842	-19.879001	11.457225	-8.095546	4.574170	-53.558113
	27.875013	-17.258914	-0.828563	-7.751368	-24.150301	17.033339	33.219746	-23.232291	-24.462713
	-14.701765	-28.580415	13.404035	-19.406597	-0.744456	13.416618	7.791074	-40.475883	14.387281
	-7.395694	-9.548242	-9.186821	6.084614	-24.095396	-1.478092	14.686649	1.767066	-36.644395
	-5.397569	-18.375355	-2.068116	-18.992477	-70.729947	8.516331	-2.040137	-17.821835	-7.482821
	19.521836	-12.445497	14.076041	-17.685749	-78.382039	25.023782	5.272331	-21.835021	-8.203665
	44.848020	5.689942	-3.193574	-16.944701	-26.228483	39.053927	11.330344	-8.732119	27.184628
	1.867627	17.663436	-20.871583	-10.602968	-36.791458	-1.239931	8.995763	11.554714	27.818582
	32.101817	20.460761	-33.868484	5.246639	-53.033254	11.220737	-13.652111	21.298243	-14.591711
	-0.492877	-5.134994	-56.235776	-2.330318	-16.005603	11.893088	-21.622501	1.758819	-55.780448
	11.844903	10.348409	-49.399296	-18.258312	26.128451	7.199872	12.458880	-8.133401	-51.268229
	1.282936	12.702725	-39.282995	-12.499960	36.937706	-22.086732	-0.171567	19.370398	-39.929566
	-10.902317	-4.056618	1.886193	-28.258776	33.615406	-0.374923	-0.783601	1.501590	-9.812510
	13.411969	-28.875171	11.519174	-35.204539	49.159028	1.059395	14.347911	-8.748648	39.437868
	32.575489	-17.800065	-41.990015	-31.621515	49.357275	9.101204	-5.170965	-5.772619	6.439893
	14.466342	-2.105066	-61.811073	-10.060886	50.329476	7.834694	-20.334889	-8.130914	-51.516151
	-10.317919	14.163752	-75.726573	-13.556203	60.821997	-8.576936	-14.523813	-7.778866	-55.047896
	15.219668	5.704669	-45.400054	-21.767585	50.255504	-15.632733	-15.888193	4.028012	-32.658362
	2.382376	-6.359336	-51.611995	-10.709982	31.392052	-23.234301	-13.767059	-7.441295	-48.926007
	21.697217	-7.635109	-43.965645	-11.604357	41.918682	-4.103014	24.364414	-23.574334	-45.061431
	-10.083831	-4.995405	11.132892	1.697378	-5.772740	-11.485496	-0.879893	0.394918	-12.531218
	-2.568074	-1.248326	37.226015	-0.494324	-10.155956	17.829835	5.841269	-16.601248	27.502310
	34.314824	-26.345958	66.102525	0.919244	-23.254177	4.432123	-0.086983	-53.178529	74.895247
	27.283767	-43.905752	63.788022	-17.932387	-58.886760	21.007197	-7.522448	-47.048794	53.412252
	4.735388	-52.021720	39.362223	-8.782081	-23.691131	26.852758	14.333042	-60.423150	71.309642
	-1.553398	-8.516528	24.525057	6.775869	23.862665	2.623821	34.984728	-24.276619	25.290345
	-12.885429	1.920343	14.825355	41.271356	19.597279	23.299873	43.456405	-9.227462	-4.704320
	0.575544	1.680403	14.196831	15.575992	33.050890	7.609846	33.507929	-9.812980	4.727133
	8.953477	23.817084	6.093334	23.393256	13.251590	1.262414	14.859695	4.541160	-30.970558
	-16.593489	14.362100	-1.637012	16.966155	21.405201	17.836707	10.985298	22.657324	32.198707
	10.381144	3.110212	8.871739	10.109911	-29.429838	26.289740	6.306656	20.573096	3.668758
	12.589124	14.754869	9.212254	20.771372	-46.999369	45.522140	-5.775342	46.340111	22.349993
	10.992289	17.267849	41.318272	22.222488	-38.373194	11.882880	-34.525983	48.510421	29.374238
	0.605200	32.620524	8.431001	15.038456	-43.528712	-0.426358	-19.504143	61.176904	46.835041
	-2.323174	48.982138	-11.889443	19.478511	-29.349574	8.181403	-25.830394	77.083970	-28.474739
	2.038368	51.615475	-52.394225	38.324252	-44.158348	21.506335	-24.570773	56.986448	-68.601167
	-13.758674	32.083630	-16.381050	-7.230073	-30.985438	32.967700	-13.854456	54.688504	-61.118489
	-24.967413	32.718632	7.831820	-22.846913	-25.784940	23.806063	-39.134532	29.079807	-38.411665
	1.866493	6.362914	23.168993	-21.974555	5.977620	48.180598	-18.888153	30.357827	0.154240
	8.511643	-24.581410	10.166889	-29.474163	-28.153173	61.920811	-14.430746	-12.688631	35.980489
	44.105264	-21.668781	-15.460907	21.456900	-7.121387	36.618474	32.753575	14.478889	45.818563
	32.536317	16.270060	-41.740926	18.450504	18.931293	0.215822	40.774535	10.355312	21.361167
	1.298169	21.711644	-16.345142	0.981582	37.201006	-8.598180	-14.273695	1.028052	25.996480
	25.617644	12.504078	-10.746912	-6.530972	3.155286	-0.221795	-17.081580	-19.696979	-2.757842
	39.532790	22.759224	22.651103	-13.122604	29.437951	1.638628	18.438560	15.190412	8.519896
	38.596442	20.211936	-10.263603	2.208010	-18.765673	2.365754	15.017640	13.285570	-17.909125
	31.222367	0.189528	-4.473281	-6.642516	-15.832457	-0.578605	43.467149	28.660870	39.901673
	6.119008	18.217774	-1.225225	40.360150	0.432034	4.141042	44.438298	23.840274	12.867488
	-11.614909	36.818906	28.738995	-1.897060	3.074149	13.222910	10.190467	45.685996	34.465667
	-14.992981	28.028537	28.192486	5.303783	-15.582791	17.388839	-19.360656	17.677305	22.264447
	5.778938	11.364170	24.218410	33.629894	-37.261821	15.540489	-2.600543	28.824053	57.019341
	5.504313	25.215324	2.187895	41.973077	-52.839934	4.032644	7.264464	46.324958	32.926382
	-4.755935	0.876598	-6.370167	32.029269	-9.648736	-1.979641	-10.805279	52.107897	39.120443
	-3.729240	-6.742137	5.496956	60.082629	7.416787	20.400104	19.499116	26.339892	11.977311
	-16.049021	-18.921947	-38.307503	77.517595	-4.524145	16.764830	-3.017742	28.952615	-7.402274
	-16.979009	-4.271125	-6.721120	22.564824	18.100984	11.837191	8.820867	0.134175	9.083001
	-15.173070	36.396198	-5.507271	39.286061	30.482237	-5.950816	15.818055	-17.381943	-8.360430
	13.636864	-21.256536	55.083636	3.623042	-8.511915	13.651947	16.410268	-5.980988	89.224798
	12.993280	-18.982566	50.958594	-18.124784	-10.558887	4.707210	41.688847	6.402454	96.357230
	-12.904330	-49.571204	35.463306	-36.255769	-28.095727	6.466164	65.727266	-15.946493	46.767026
	27.799420	-56.671205	42.026730	-34.546444	-31.989822	-6.496467	43.471542	-53.436630	105.298374
	9.870315	-39.780735	37.923131	-60.534407	-5.890895	-21.721808	11.261334	-19.290724	76.654817
	-6.656778	-37.407102	22.046610	-56.236133	18.437558	-10.953332	-38.372163	6.357798	65.794899
	12.227637	-30.032857	-19.622448	-65.519104	37.977932	-0.309011	-37.511123	-1.164925	10.165169
	1.119782	-6.911220	-21.331769	-32.990158	41.438082	6.289279	-12.335537	-15.215808	-25.213973
	6.707816	-13.492854	-14.463234	-2.829554	36.615986	22.622553	6.843186	-16.389662	-22.645683
	0.906162	-10.081820	-20.329266	22.514208	11.461734	18.375408	24.963185	4.406238	-14.231863
	-10.712356	17.861297	-21.294555	31.928869	-23.824316	12.248060	14.846158	-3.684184	-14.133146
	-17.107554	30.441141	-12.446702	16.778315	-26.300128	8.381246	-21.254466	12.773259	-18.444493
	-15.768609	31.200613	4.769417	-48.260439	-21.230048	-7.624024	-34.514585	13.219785	5.704304
	-13.304930	29.536208	44.127028	-69.834718	-30.952996	16.389471	-39.471995	-5.425338	10.891881
	1.692134	29.035841	2.076927	-29.665846	-41.859860	7.657473	-3.634452	-40.388540	7.947835
	-34.861520	35.389698	3.695721	-14.444634	-68.081529	8.585684	-27.228721	-36.754713	10.404612
	-30.929563	-5.509366	14.696343	-44.182499	-69.262068	19.350525	-32.077535	-13.059381	27.610552
	-13.090937	-22.708364	28.184835	-29.962414	-57.462628	5.299804	-27.363387	2.364248	57.750994
	1.202882	-37.623340	50.952191	-9.863269	-51.181894	17.655568	-16.282567	-32.811385	65.530505
	-12.940111	-30.358801	40.665045	-28.722303	-25.922586	4.910479	-0.779278	-39.766075	29.731993
	-8.604808	1.976806	12.985858	-34.415826	-36.150799	-3.382883	-8.862124	-40.189337	-7.572199
	-47.260541	49.012439	11.031424	-2.612183	-3.233775	1.200276	-4.822186	-47.285169	-4.067199
	-49.159079	66.878139	-16.524241	38.968116	6.818094	-12.208837	9.053309	-1.911438	-45.335465
	-14.150323	53.473608	-34.142893	3.343064	9.482422	-36.249719	-10.763204	0.611434	-88.606308
	-23.823152	59.627018	-21.303205	-7.577237	22.899216	-9.134580	-14.097732	-24.152044	-82.920802
	-31.674907	51.330327	17.138536	-18.283633	24.124176	-16.214923	1.045871	7.839574	-46.320600
	-34.410779	6.906026	15.584043	-26.092483	23.982857	-3.479429	-19.639790	-4.638038	-13.468837
	-11.961642	-41.803994	26.146929	-43.433640	-7.899533	17.944671	-51.465598	6.119342	48.519070
	-23.344727	-36.972443	-4.807181	-14.177436	-35.082090	22.786463	-44.710498	-4.400829	49.784790
	-7.158176	-27.149707	19.447594	0.800963	7.424800	12.744142	-37.591860	-14.368675	30.639825
	-5.391859	-12.992418	-2.825568	11.182702	53.228663	-18.790281	-12.319901	9.384118	12.948191
	-9.026810	-12.206889	6.495551	8.850084	65.368488	-8.902007	-8.771920	4.381037	-7.737610
	-7.606233	-16.705137	-20.607149	-9.302056	43.742088	-1.243978	-9.096656	10.762858	-8.066258
	-9.737785	-28.617319	-10.259501	-15.787102	41.577860	-7.020268	-40.168579	7.627139	-3.833436
	-14.986446	-23.401223	-0.833194	-22.486581	22.054914	-8.428419	-23.192052	4.243893	-30.382447
	-8.992984	-20.528712	-1.536047	-4.473065	9.863255	-30.745201	-19.407692	18.247506	-36.032573
	-7.732971	-13.040712	7.889120	0.466190	37.928057	-21.517715	7.522179	23.916017	11.203292
	16.086547	-0.417415	1.054734	42.868202	56.351250	-4.560113	16.013716	7.600465	12.591265
	44.326656	12.769650	-8.925691	12.900133	55.668105	-31.365168	52.592051	21.043350	8.467517
	35.369284	10.547585	-17.330311	10.167703	54.271361	-35.188971	65.145254	-22.777765	-20.911376
	4.823625	-9.855752	-20.374552	-22.261214	23.665021	-44.716190	60.342085	-27.458294	-61.356462
	0.022710	-33.135245	-72.570243	-27.699465	6.866561	-58.628813	18.415935	-38.109135	-75.028711
	-21.120170	-30.072037	-80.407865	-36.464335	-1.539363	-69.091278	-11.531949	-12.103294	-119.008128
	-33.337268	1.747697	-61.879329	-19.302067	-25.685046	-53.411782	-8.678533	-19.077794	-87.998321
	-26.207965	-12.599776	-20.706892	-23.653846	1.345331	-26.489612	0.438159	-51.177792	-46.802419
	-15.294570	-27.329362	14.164055	-58.212981	-32.014350	-0.352413	-37.073036	-40.422801	9.280900
	-10.261602	-35.091085	-26.789353	-52.440231	-25.306486	-11.576210	1.712180	-31.653658	-30.916087
	-1.501379	-43.145905	13.129945	-44.054167	-67.236586	11.198669	-18.227950	-48.905539	32.903046
	35.947393	-24.455372	26.141297	21.588586	-58.661982	33.133775	0.796199	-8.822857	28.585143
	30.277835	-27.899832	20.686238	17.408225	-27.593178	44.938674	20.088578	-11.148287	44.019833
	27.659472	7.757384	1.691251	24.661805	25.474874	5.630733	65.526026	-23.206099	38.921697
	1.593520	-2.022018	33.600376	18.075236	24.974664	-5.767885	35.503275	-21.873211	74.239709
	-8.773470	7.085288	73.442380	33.710679	33.623286	-17.174786	33.261106	8.878564	49.732996
	-8.469291	-17.846996	92.571918	41.753115	16.379512	-33.699015	30.407412	-15.674716	112.281419
	-15.518684	-40.813761	98.017073	6.409637	-10.341199	-16.109164	-4.028403	0.754488	65.480402
	-1.862563	-28.148873	77.729371	62.963696	-14.302571	-31.851065	-5.933184	17.328347	53.196381
	-5.817561	12.880755	34.332351	77.517084	-19.443993	-52.004271	-0.260411	33.193627	-25.372838
	9.258272	35.139626	33.104659	84.987009	-22.651829	-48.350277	22.433873	43.252710	-22.260210
	-0.662875	31.049550	40.469617	116.558451	21.939172	-21.569886	30.193363	48.056888	-5.699290
	1.681707	34.973421	25.298784	100.972164	17.307993	-9.707235	5.340453	34.180021	-13.373024
	-9.065772	23.173666	-8.452522	46.080790	4.810208	9.716931	-2.237638	24.973103	-45.165784
	22.755055	10.249721	53.976678	40.662207	10.685182	-9.083737	22.970301	16.476037	19.578227
	33.707198	10.465325	55.456639	22.728464	-4.220897	25.269017	24.973176	11.191834	59.596168
	17.916339	9.427602	89.449447	-16.818572	-6.911638	-0.545385	34.515273	-20.758562	71.169193
	23.468877	16.602145	77.815845	-19.349822	19.035554	4.601920	12.270671	-35.392144	73.387208
	48.285919	23.330231	94.274827	-49.706314	15.410397	10.580540	30.926401	-59.823095	33.803219
	18.063495	5.815874	98.599298	-59.737053	-29.297836	19.010087	39.958444	-43.811086	45.381245
	11.546755	13.737991	41.391761	-24.840206	-44.902045	17.322853	-4.975146	-32.910156	54.888458
	-13.842972	6.331040	31.348487	-29.181850	-35.217858	11.183720	-59.372122	-1.676608	18.474665
	-7.767992	34.286987	-0.985519	-7.759795	-36.727363	0.205061	-54.952950	5.057832	12.775382
	-17.939572	42.543262	7.972452	-22.942319	-36.996284	24.096566	-62.419191	30.208862	6.154382
	12.492315	32.631364	-5.012644	-1.255090	-23.264054	8.184963	-3.817118	30.730765	-2.861559
	20.593742	-4.217194	-47.728382	10.590504	4.633259	7.443608	15.577691	25.322807	-23.128242
	15.380454	-10.127439	-30.546116	36.993041	19.296801	3.547080	45.176343	13.975540	-61.154209
	-6.892363	9.533717	-59.847919	28.791315	30.851326	-19.471293	43.702852	-9.159420	-20.988262
	-23.754368	13.410358	-44.207272	16.299106	62.128040	-19.830846	34.942992	-30.114125	-66.523531
	-24.953832	25.993176	-72.596846	-23.079230	78.333758	-31.357544	33.390636	-28.267846	-56.732824
	-33.314490	13.354774	-37.326725	-5.390942	31.790009	-46.309103	17.371050	-43.737011	-52.223723
	1.795522	3.522447	-14.569897	5.493573	49.410959	-38.904382	13.770480	-11.626042	-23.163004
	-23.958348	-18.464174	-29.383664	-17.280808	44.887792	-29.271558	37.997178	7.540551	-51.671951
	-14.557715	-5.531813	-74.383156	20.290079	50.012399	-41.248662	14.505621	-0.207609	-75.617740
	-33.230281	-2.855528	-7.941233	-8.471270	22.738754	-22.958357	-45.215046	-20.191894	-59.232952
	-37.592249	5.717673	-5.777068	-19.577487	28.567265	-17.879306	-7.288218	-43.170162	-45.949519
	-2.049145	13.056461	2.477915	28.224577	76.147701	-8.025914	31.361765	-5.993496	-3.385616
	1.231514	15.986088	5.180638	35.241388	61.739875	-31.897199	38.077369	-46.262247	1.384483
	-14.154351	39.634446	23.087097	0.826792	69.947747	-47.791027	36.957072	-37.067670	-9.939702
	-31.514193	18.858991	19.805664	-9.459944	68.193176	-45.317860	32.437225	-42.798983	-10.475727
	-17.504482	0.874841	-61.311297	-31.391900	30.754115	-38.782926	18.594800	-27.610738	-77.732863
	2.819926	5.680293	-42.534342	-14.564490	-13.892916	4.185307	5.149422	-53.509866	-25.702750
	13.030163	6.461553	-5.244523	5.383870	23.546262	-4.614062	36.929911	-21.080577	-23.982770
	7.891256	26.916919	-20.728735	-0.846024	40.010334	-3.783940	30.066373	-16.967659	-6.262881
	0.615365	35.844412	-33.791397	38.306288	-16.918954	2.132777	58.535991	3.073228	-23.589252
	0.950279	10.687097	-22.243288	35.950714	-11.641640	13.592651	8.177399	-20.176999	9.677563
	21.279266	-22.529904	1.457326	5.442319	-7.165131	-7.225034	35.808436	-21.930037	39.223938
	27.198513	-12.426455	-11.029595	-14.938490	-14.704271	-15.292862	13.996646	-45.055204	12.065186
	18.263927	-21.776249	30.347599	13.204020	18.933127	8.157102	3.084378	-2.269847	48.559685
	19.411154	11.614715	14.896738	47.295113	-39.608233	-5.539172	19.739012	44.589364	3.557600
	1.993248	-45.561874	63.122494	3.702900	-64.085296	41.246517	5.212630	-6.984453	65.804599
	9.485578	-75.027303	85.489716	3.697564	-52.687316	78.821751	-39.339274	46.259799	117.924094
	52.331458	-60.302736	54.658011	3.798292	-54.113490	79.364277	9.511645	28.413925	75.988439
	-6.378600	-50.492678	30.666917	-1.592243	-66.399572	38.710221	1.789570	22.009732	60.405630
	29.036375	-44.971383	-21.880995	-21.539991	-89.984014	34.954490	13.573853	30.617636	-3.876685
	13.826837	-43.535299	-79.562424	23.891260	-23.627884	-7.968802	10.233413	16.995262	-30.102619
	32.153856	-4.976650	-64.097028	7.529642	31.708573	-1.537016	5.232276	4.085476	-7.933804
	8.367548	21.841437	-40.626948	69.124896	35.204995	-7.370163	21.542987	43.167792	-2.333049
	3.390638	10.276942	12.183604	57.175217	38.465089	3.502986	30.648138	-0.488262	6.351620
	32.940317	19.021733	8.078776	18.812872	22.752521	-13.626870	29.173506	6.048822	-17.243428
	6.973723	18.898180	34.998600	-4.028889	-1.242042	-10.681807	15.370088	-19.944548	-10.119394
	0.299408	21.130182	26.507343	-16.057209	27.526992	-13.337990	3.248635	-33.468959	-13.429682
	12.906834	11.898401	12.809567	22.823157	19.836137	-6.288281	29.789076	-8.210607	-20.180527
	-12.250677	5.066823	-15.219942	5.007152	3.412435	-13.538174	11.056717	-10.575470	-26.100129
	-23.727604	7.975645	-52.288741	25.251440	-0.585465	-30.006081	-7.780917	-23.853981	-44.826715
	-15.993511	-17.527322	-9.793927	20.976017	25.474096	-21.513325	5.759825	-37.676936	-16.092050
	-35.568301	-20.968351	-14.951701	-9.672402	12.370234	-6.554537	8.154012	-30.889247	-35.471749
	-13.245895	-9.507037	-9.783448	-4.146661	-10.276346	-24.674399	37.791637	-9.387660	-36.730575
	-3.014809	2.093681	-10.835669	-0.051550	-4.650571	2.071011	3.953903	-18.544480	-12.127900
	3.844457	-6.880671	4.436897	-7.357097	-40.870892	23.781177	-15.427309	-16.317065	22.262377
	-23.030199	25.352029	41.135268	-12.435021	-12.360409	33.932659	-9.522333	-6.920354	27.469315
	-10.829885	53.420280	31.106597	5.165041	7.668838	23.974120	-20.577717	-4.908569	25.029993
	-12.366148	57.375501	-4.561150	-8.606071	44.916755	2.750686	-17.389902	23.256354	17.254202
	-25.673573	56.050743	-23.039682	-28.395779	62.449997	24.312660	-29.097945	24.274398	5.172688
	-25.426799	25.452494	-40.616527	-49.544091	33.544227	-10.002510	-52.673112	0.447818	-50.131050
	-12.877840	32.768579	-59.536972	-34.627286	57.898699	-31.461080	-35.226168	15.884776	-74.821970
	-34.749584	29.593204	-30.369804	26.505335	55.909221	-21.227921	-18.357750	-23.489546	-41.652319
	-26.807549	24.582245	-24.442030	-28.158926	32.198025	16.175497	-23.467347	10.753729	-71.320100
	-23.997753	21.229914	-20.435273	-17.855516	6.064864	13.011463	-23.293570	13.879667	-28.285411
	-5.145777	15.238369	-2.154172	-20.588833	-10.330201	10.367504	-9.204349	16.716675	-5.976003
	28.244951	22.105380	20.043283	-22.941091	6.562353	14.556662	5.587895	-11.197266	19.629845
	19.281489	39.606460	-10.327305	-5.822591	-1.428233	-11.614928	12.247838	8.133637	7.751039
	42.462194	45.152596	-13.851018	31.092806	-13.264744	13.641620	30.808405	30.862681	-27.624288
	18.154456	23.135378	10.405459	22.001806	-34.909351	15.076364	11.067347	24.455894	11.104599
	20.688680	-26.526179	-15.828408	-5.249849	-46.720214	10.359177	-10.989737	17.141336	20.310983
	21.178762	-23.785190	25.007251	-13.477977	-54.146853	37.202908	-3.100598	-11.597353	48.840463
	32.054370	-27.023586	35.521865	7.765810	-36.581092	49.098422	6.237669	-26.706940	78.872240
	42.277957	-32.248945	41.602117	-6.110464	-27.697819	23.770631	6.300793	-10.790196	48.826280
	36.274909	-38.360221	26.421890	24.765476	-14.821768	-17.284403	6.302274	7.970644	88.485838
	15.086068	-7.948605	34.310645	-28.945970	-23.444697	-4.013067	-10.837627	-12.774698	68.119759
	8.579142	6.017413	47.142791	-0.332546	3.963047	2.336007	33.486722	-14.677043	40.958763
	25.118187	-2.987071	87.457126	28.528838	51.138083	-10.395412	35.475956	-8.961606	73.271418
	27.210658	17.170932	103.391102	11.829671	52.053636	-1.748199	44.637172	-19.065020	70.377220
	6.653514	18.305694	125.437169	-1.378923	36.985917	2.837206	59.675739	-37.173694	108.380268
	1.834087	7.906844	101.827193	12.428784	25.200156	4.965240	24.397041	-9.040089	105.323560
	4.603512	-33.076385	80.052836	-31.572659	1.767391	7.210026	-18.721623	-41.534478	99.162526
	-0.600863	-24.794324	51.433874	-22.616680	24.115911	-9.017658	-0.163770	-9.113496	57.167177
	-22.927465	-14.602382	25.666237	-4.867459	15.474787	-8.063553	17.120571	-11.569947	45.442414
	-19.118601	-21.278291	25.366654	-20.183913	21.157925	-1.878035	2.050883	-40.601388	61.264022
	-23.737396	-19.484344	18.901239	-26.978090	-41.126852	12.198595	-15.008492	6.861530	38.982135
	0.922260	-11.932830	-19.625871	-1.940917	-50.193854	-9.369413	-5.224101	10.227387	-11.859627
	-8.489516	-16.971546	-44.485595	36.223083	-48.009761	12.909475	-43.965038	20.976748	-38.502452
	-29.303106	6.850701	-87.085504	81.140175	-26.218173	25.524921	-19.345151	65.060334	-49.139721
	-6.290087	13.358325	-113.926076	64.449169	9.557771	-5.235584	4.752506	48.224512	-92.016553
	-7.579609	6.663964	-34.710848	52.924442	-20.076739	3.245264	0.219333	32.687336	-99.730869
	2.548069	-18.498856	-47.575140	22.945593	-45.537813	14.715421	-6.699296	15.560118	-48.875559
	-30.092509	-12.409330	-73.714364	25.105478	-48.965970	8.020678	-44.021132	6.368978	-75.500125
	-19.192732	-4.319638	-73.154180	39.282875	-28.017276	13.132014	-38.317668	20.528170	-110.865270
	-0.617809	3.384231	-87.803121	63.235953	-28.998983	-3.478511	-24.568260	54.280836	-122.865586
	-30.023462	27.412629	-76.401973	51.814585	-41.956690	7.828703	-16.567091	18.914224	-95.761345
	-3.159486	34.884997	-52.585718	60.220620	-24.798318	-4.541298	-10.697000	48.701481	-63.254729
	24.713192	35.044927	-17.220187	59.040317	-14.908378	8.806603	3.581429	32.081048	-26.474574
	40.098759	25.364476	0.730280	31.489319	-13.471351	9.195066	53.275865	13.329916	-0.521839
	39.738436	17.700098	-24.200229	45.071033	-38.464480	-5.438288	58.801800	15.478351	-8.830046
	15.822602	-16.209450	-1.737255	8.166818	-34.444512	-40.450111	9.927738	-1.315447	-5.031905
	6.271681	1.388311	5.764721	-9.004166	-17.107567	-22.238444	40.147390	-28.335153	0.769846
	7.072632	4.327060	29.668479	18.177808	-12.367346	-23.264978	43.406079	-9.054246	13.486145
	-13.615575	47.717165	8.171248	1.847763	-10.386316	3.591516	1.678603	-12.520392	2.137333
	-16.833202	27.178261	-1.247044	-19.501395	-24.184329	-9.653979	-11.386547	15.099160	0.860442
	-18.011410	12.797103	-0.933094	-29.663646	14.084569	0.092454	0.223787	3.594676	30.440544
	-2.020114	-29.010915	1.943293	-44.899386	-53.067978	17.019686	-23.891486	1.726785	7.150048
	-36.723224	-38.148500	20.141705	-10.515385	-39.825333	-8.152814	-44.700589	-25.806326	37.726285
	-36.185766	-36.390765	42.348247	-30.430799	-9.058507	5.494710	-54.894817	-8.768437	40.132868
	-21.714544	-16.286813	27.723359	-71.668000	38.596172	-1.004174	-48.442333	-7.898990	24.127930
	-14.491527	-11.850604	20.650582	-54.907560	38.883749	-3.046479	-50.982125	20.876720	36.313625
	-9.895302	-17.436656	20.179831	-60.532405	73.608284	-11.282133	-16.272482	-5.288196	9.905996
	4.572238	-47.580240	-2.049190	-61.216968	50.616063	-9.653324	0.387012	-27.972540	24.089760
	-17.707510	-44.085700	-2.793847	-67.946764	52.366110	11.844139	-32.793533	-13.374643	12.522060
	-34.023563	-49.722494	-26.273158	-73.221488	56.802655	-1.295650	-46.083729	-23.513751	-1.039059
	-12.098054	-34.866053	-27.183775	-60.727114	51.761037	-24.907318	-39.025083	-44.473476	-6.509744
	-20.728321	-18.379203	-1.579205	-48.461282	75.977339	-30.516087	-40.342199	-31.200122	-18.248295
	-24.466710	-20.543947	-17.361768	-45.720614	58.943606	-53.721104	-22.959573	-17.415003	-31.612275
	-25.001890	-38.651384	-10.020923	-50.356534	58.386370	-25.885311	-19.642094	-35.315860	-36.439883
	-36.590940	-30.272646	-10.599615	-74.993931	60.206552	-29.592979	-27.296274	-14.296896	-16.839575
	-18.519207	-49.791737	-50.680858	-89.791009	65.705048	-37.562539	-61.679807	-15.279156	-41.895451
	-26.492808	-27.106975	-45.973051	-74.354783	68.497782	-45.439364	-40.308388	1.477720	-74.491514
	-37.735308	-6.662171	-8.654020	-67.303119	82.454321	-34.601670	-4.081189	-17.390358	-14.688512
	-10.360748	-19.082174	-16.651594	-55.899217	25.932437	-12.150532	18.605974	-4.184168	-38.883728
	6.875074	-33.824868	-18.894830	-25.427789	-1.851126	0.910888	-7.974794	-11.611484	-22.019118
	44.825569	-20.284846	3.617366	-10.911175	6.211600	13.096240	26.778207	-2.259050	-3.173373
	48.012359	-17.226839	-1.884676	11.611144	-39.984497	32.871032	31.250698	-4.307237	17.027849
	17.517248	-9.360490	2.629585	0.946851	-26.957769	34.352508	13.328317	-6.830399	-13.731874
	19.561001	0.014587	14.604959	10.277404	-1.196427	-5.419287	29.110587	-17.114720	-0.653630
	2.691757	18.497162	6.822613	55.769016	-8.580039	13.068538	21.119014	-10.532197	-3.313219
	21.560009	21.624248	-8.788692	11.755086	-32.297221	-3.254410	10.802312	-21.717025	-26.806122
	5.180518	8.252128	0.883178	-15.683004	-22.113443	0.341706	5.657310	-21.010168	-20.116580
	23.904829	17.330987	25.154053	-24.302634	-8.964099	7.343206	-2.199160	-20.631659	28.075990
	22.502578	-6.910757	9.937875	-17.319510	-13.859965	-10.308441	-6.253087	3.457401	1.704464
	19.919046	-15.441885	0.594556	-16.945212	13.126645	7.617115	-13.510842	-28.981231	20.909910
	1.975481	-17.599024	8.970041	-8.534916	-8.433342	-7.419358	-27.746463	0.212332	-37.087030
	-24.021157	-18.664136	12.487318	-6.859778	-43.311748	-16.152281	-32.685814	-16.481963	-23.774447
	-8.647195	-16.890852	10.570260	-21.425346	-45.214106	2.873314	-15.815151	19.861105	14.436211
	0.032882	-14.482208	21.970435	-12.188041	-21.134904	-11.685736	-20.380847	1.977482	31.162933
	9.310302	-4.427556	26.994040	-7.807373	-2.352189	-9.776771	-1.793021	1.820742	45.055997
	35.311575	-19.318870	9.271820	-25.685546	15.031106	-11.608097	25.624309	-31.775424	36.117353
	11.201027	-41.163297	39.164726	-12.071226	11.189294	1.318874	-1.667942	-5.312723	19.923509
	12.002798	-35.880931	42.816509	-20.177567	-26.192403	23.774051	1.553498	-16.434944	38.096394
	10.575367	-31.570879	28.460038	-34.424561	-71.435501	42.739640	-18.670372	13.673494	31.257648
	3.205945	-22.361343	25.974202	7.964487	-50.350790	42.405354	-30.239152	43.406498	13.269888
	27.773541	-12.135671	15.643958	40.859254	-39.067851	37.731487	-25.484367	19.789830	1.366449
	-11.622574	-12.202470	-18.019335	65.230967	-48.963149	23.621303	12.785579	28.794503	9.848824
	20.362810	1.235176	-16.568070	53.870334	-25.048863	1.613748	15.520803	14.670749	-11.965560
	53.258605	20.942591	-26.440219	56.604420	-3.526577	-23.339736	75.326758	5.106471	-2.949466
	15.223004	29.893308	-32.425631	59.892507	-8.381976	-10.941336	53.534584	34.411970	-31.017602
	23.613437	11.798284	-75.824347	29.916090	-39.139305	-24.667991	1.274582	12.093108	-70.022577
	10.371176	13.439448	-70.823589	28.421972	-13.037396	2.439808	-17.200396	30.320325	-87.281883
	3.198704	16.637459	-35.862987	48.433387	-32.853009	7.617039	-3.037097	42.417395	-66.514952
	-20.405305	1.626878	-12.947670	40.714616	-56.060379	22.445090	-18.043396	29.345409	-14.296008
	-11.950355	-11.521420	-5.676166	20.132178	-39.576816	14.993906	0.810262	12.032754	14.662677
	9.541447	-9.866268	-6.622007	-11.387671	-9.967619	6.209610	-3.955619	0.745426	16.713721
	20.517537	1.516435	-14.665749	-23.348227	-17.374552	19.132881	-30.626370	2.006387	42.179926
	-5.383007	23.407067	-12.984507	-16.682458	-38.259474	1.038723	-70.517785	11.936629	-28.421397
	-13.283318	16.070048	6.883936	-0.399870	-31.637298	15.253392	-36.611602	10.923166	14.625251
	24.969610	36.255934	-7.634602	19.243208	-1.034500	31.174535	18.592160	30.757597	23.213089
	2.760034	43.347807	-28.867360	10.950639	-30.344134	-7.439773	13.214571	53.575955	0.541388
	22.035579	56.870006	-67.856719	25.541755	2.894086	-10.231222	27.811058	43.880811	-35.730528
	18.057302	35.367646	-56.230555	18.033877	29.728680	-36.760324	5.605370	25.437325	-58.138679
	25.014410	56.893082	-45.288009	48.285358	47.296428	-45.343889	19.129074	27.102446	-56.469758
	-0.271257	19.100737	-57.321099	21.018560	10.665358	-49.373755	32.780266	11.726317	-57.373777
	-1.053407	14.434889	-33.667060	8.852346	19.898497	-14.895313	0.555242	16.512108	-22.736569
	-16.486253	1.777613	-48.165526	-13.205944	18.402240	-33.711322	-22.747480	1.800862	-25.207995
	-15.139770	-1.839990	-49.543855	-19.346619	2.263259	-18.075095	-36.295696	-19.534167	-33.724943
	-23.627544	1.633939	-12.049872	-21.653921	26.357172	24.492741	-46.937001	6.237038	-30.006749
	-49.391003	8.159496	-28.037071	-34.664169	13.924399	-7.053544	-38.521629	24.386215	-37.109510
	-55.381463	3.137958	-15.504516	-27.345115	-8.489054	4.353451	-54.132544	10.626249	-63.336036
	-50.073971	8.166129	-5.076315	-38.382772	-37.994674	3.925583	-52.618736	0.193628	-72.991286
	-2.826450	0.138066	22.890628	-30.836888	11.606495	1.908879	-11.109478	7.663935	8.554691
	7.682490	-8.077026	38.448954	15.494764	40.812170	5.732484	21.884269	-17.155467	78.554769
	16.975997	-24.523485	-33.162111	33.926908	42.382912	-27.080027	79.842861	-28.323348	-20.477477
	-7.718071	-13.389391	-42.825793	14.833658	59.445710	-1.810716	32.656337	-39.492410	10.051544
	25.105520	-5.902603	-3.980431	-26.868931	37.929615	33.438669	25.568012	-12.486748	2.921799
	20.565354	-12.475410	33.140121	-7.115695	19.176537	25.477952	-10.188763	-20.878315	45.129550
	11.430011	-39.901141	5.866331	-19.260851	28.730818	1.029708	6.681482	-10.852025	37.036116
	-1.965532	-39.496217	34.211570	-22.693443	29.810651	18.128839	17.852479	-16.596869	41.330793
	-12.198690	-9.602003	57.708951	-18.925065	5.775678	21.558237	9.128786	-29.431434	52.620225
	-15.748460	-26.257558	36.117834	-10.216193	-12.582461	26.350184	-23.434144	-0.464109	26.178775
	-24.702893	-37.117826	34.267726	-24.835775	-45.895112	32.174137	-31.272302	-17.015564	53.300822
	9.300608	-34.088319	33.991073	4.626656	-26.181864	54.100971	-11.582009	0.358552	66.542403
	10.715470	-40.274327	-5.095147	10.066127	-40.195508	28.399779	-10.735383	-12.051752	17.539397
	-2.352479	-24.891753	39.855793	-10.333520	-24.509229	48.511497	-22.593994	15.583645	73.013905
	-28.514147	-24.647099	47.244068	33.461081	-17.569592	17.187199	1.921621	20.485164	51.111966
	-26.989862	-21.219388	28.545296	24.462238	-35.735360	0.809686	10.788175	-11.714291	43.343917
	-7.045912	-29.698652	33.827368	14.617701	-0.308797	29.091914	-1.995179	-5.269983	45.692799
	-1.066732	-18.786393	63.548484	53.334945	32.257339	33.238916	11.755707	15.104290	77.714936
	27.398242	-32.735538	65.599933	58.646939	12.474403	18.803170	29.944346	17.957878	73.660466
	4.293042	-32.225936	18.996566	25.580345	23.218890	21.000715	8.966287	23.530510	23.743879
	4.055916	-4.030317	3.069502	1.204607	21.323407	6.868396	-1.950397	35.677215	13.636528
	-23.050814	-18.650103	35.836819	-25.179794	43.657679	-0.613284	-5.499051	19.328762	71.835216
	-22.931974	-31.340374	38.579427	-17.957845	-11.512665	25.149631	5.762574	-10.247490	87.352020
	34.061395	-55.050168	-6.030717	-13.285654	-44.081679	36.026275	21.779501	-6.223456	52.906257
	18.521523	-31.145365	9.139043	-30.556288	-38.256289	8.969662	20.598419	5.793796	49.400669
	-26.409223	-19.678265	-16.391757	-11.147271	-54.431586	17.750170	23.010615	24.585983	0.210887
	5.129727	4.986309	-9.800500	10.236343	-33.577343	1.834584	6.019146	22.349308	5.931735
	-2.861992	-3.795889	-3.803126	2.567679	2.638195	-30.840950	-24.353300	6.196864	5.366456
	-3.410012	-14.452108	0.819570	16.735775	11.222946	9.009405	-25.088343	18.686113	2.281319
	12.320690	-1.010636	25.310505	-3.852677	35.993229	11.718879	-22.387372	27.037209	5.001230
	2.734698	4.476544	5.275539	31.349261	14.094230	-29.017128	-36.324224	35.098757	-2.329122
	-4.213174	-10.253609	2.393047	27.893478	29.539963	-23.636879	-31.237707	16.532148	-11.657995
	-12.074225	15.250627	18.309880	18.085249	-1.438601	-16.477328	1.796615	18.318042	4.433702
	-16.514765	-33.422261	2.698820	-12.404588	-7.448973	1.674065	-16.500185	42.550460	1.076002
	-27.100013	-36.379763	18.901841	-43.422447	-63.467114	14.314540	-53.864567	32.474105	8.796531
	-12.093771	-22.056968	15.079134	-26.848274	-39.250776	58.193103	-38.265152	42.837732	24.414630
	23.033264	-16.977248	41.175932	9.468863	-27.261256	61.721839	-31.778442	32.964452	39.934361
	4.970554	-4.379947	5.197929	-2.883443	-49.727597	46.409726	-12.273935	18.095719	20.419481
	10.891471	-9.729926	-69.368205	0.939677	-51.407872	3.842724	-10.267927	25.238514	8.630665
	16.543821	10.909893	-38.144469	37.534410	-30.280433	6.333027	5.029230	2.930530	-49.285499
	2.389996	4.779482	-35.944591	19.182752	-7.720900	15.237499	24.290055	-12.726980	-25.293879
	-15.290259	14.395126	-22.199179	25.254382	-22.742269	20.325888	13.882914	-17.104944	-40.219482
	-1.224800	9.883867	-1.950940	-18.739707	-23.124585	14.900772	-10.836299	-55.281392	-10.843076
	-9.102051	27.173155	16.232119	-33.185460	8.815341	-16.874142	4.466435	-14.185860	-32.891841
	-17.305327	23.545456	-40.749733	-16.831399	21.851881	-20.139238	-7.540751	-31.162549	-70.896420
	-9.486973	7.772340	-45.273944	-37.849774	4.390454	-30.308380	-22.370625	-43.511203	-82.269348
	-44.813380	16.942742	-10.332233	-62.352849	-3.179547	-16.043180	-45.225430	-62.288975	-59.636106
	-12.232277	21.562295	10.684565	-51.301685	1.399485	6.257726	-31.357673	-33.426875	-1.145579
	-23.062621	6.859609	28.271760	-64.548848	-28.001703	-3.344141	-28.567877	-20.404919	3.857951
	-33.467254	-14.684108	24.135243	-44.851459	-25.720333	-7.782154	-56.544030	-20.340405	16.833500
	-9.426399	-5.635767	49.957037	-41.486339	-17.530104	1.371992	-37.398868	-0.237107	29.199366
	-2.539513	-8.007560	-10.044411	-40.503185	-23.094574	-12.591400	-31.181732	-36.923360	-22.001363
	-23.022512	16.763155	14.110294	-28.795172	-31.196599	7.117582	-15.006437	-34.882072	-22.271608
	-41.454654	4.440469	35.646550	3.397187	-34.394519	-2.349348	-25.623195	-37.384137	-7.583597
	-25.041053	-8.150343	6.282850	44.651922	-21.813329	-16.254350	-20.264116	-15.014158	7.682880
	6.124772	2.606915	-19.323234	73.544176	-21.934631	-13.643597	-16.042484	12.157208	-46.351880
	33.657167	7.440305	-33.681602	79.893239	16.108294	-2.383152	15.410780	45.467882	-24.270388
	19.506337	20.970435	11.808898	28.499345	-4.171365	18.360101	19.448625	26.245293	-21.632967
	41.173624	18.270256	10.030048	27.489590	11.559223	39.108639	37.370505	8.232926	-16.602482
	47.348343	34.696887	21.107751	14.462446	41.624527	35.712119	63.817272	6.175292	35.531172
	60.509868	11.821962	-22.203497	30.205661	52.554803	8.405282	73.708816	-30.912915	38.737586
	60.924227	26.996797	-27.530710	54.507545	63.997139	-5.855447	93.270072	-12.817442	42.756251
	20.839940	32.632662	-16.271774	23.217028	36.097866	-15.498399	41.671861	-24.533573	9.144983
	20.718310	18.579772	0.975220	0.132241	33.201785	-25.685220	44.633572	-16.623141	22.779146
	14.732584	8.118821	-22.242376	-17.782493	38.623070	-46.877386	64.480563	-38.492735	12.168330
	22.408983	31.667125	6.226539	13.523091	59.639674	-25.427300	65.404318	-19.649419	-3.180377
	11.880738	49.708614	-7.137243	41.081160	70.762382	-50.246067	65.107235	3.981327	-22.936752
	0.704691	45.707888	-14.615757	13.875110	67.960664	-37.716457	66.651123	-38.005510	-6.899169
	-3.641779	50.166188	-8.472225	4.686655	54.805076	-55.152422	56.675576	-35.291474	-54.259098
	-25.663313	52.698726	-39.594887	-11.134112	47.803261	-45.494558	10.348860	-9.167484	-36.897533
	-8.868954	27.997134	-25.318770	-45.106055	75.268987	-44.805149	21.632764	-20.951464	-25.729453
	-16.577886	15.536693	-24.881257	-63.014246	62.977622	-21.521656	-9.744776	-37.665715	-7.670620
	-23.956027	-28.129667	-32.435680	-44.273463	24.480038	-45.251955	14.855531	-46.010370	-7.178873
	-31.293619	-27.236563	49.409130	-5.750158	-44.764433	3.535221	-24.975131	-35.740090	63.809225
	10.838904	-20.564426	40.067228	13.615566	-44.817361	6.342808	6.355164	-16.353284	55.373088
	17.555659	4.826624	22.173577	-0.762668	10.200898	19.228045	4.845301	-8.894616	78.482580
	11.061389	24.980433	17.279226	-10.196524	15.740447	7.528988	-15.144242	-14.467581	6.932701
	-13.884493	14.514611	26.390453	-38.410954	-10.067720	-0.825009	-17.106023	14.948667	-11.551430
	-1.261654	-20.348594	13.480164	-54.527720	-23.896300	15.254478	-27.558567	4.362279	28.359081
	-7.163331	-29.118409	31.103836	-48.515453	-25.734168	38.301678	-36.759983	1.804936	43.978566
	10.308243	-38.841608	18.118784	-31.157207	-23.023620	43.073214	-17.485612	-2.167270	30.270642
	29.366512	-42.072761	-11.709229	-1.717226	-4.246228	38.726643	-24.548472	42.142206	0.708813
	15.586058	-8.963539	-3.267322	26.199227	24.809837	11.446560	4.564444	9.538533	-45.663692
	-17.269994	18.091601	-35.492509	26.975167	10.688820	4.396724	-5.698688	3.838274	-32.890245
	-1.029551	3.910417	24.997797	18.023160	-42.662488	0.627929	-33.288050	36.705878	-41.569159
	19.976802	-21.141321	81.461921	1.669635	-32.293943	38.550856	-30.150408	7.179316	37.517949
	16.695968	-23.120519	73.167967	-6.692544	-59.387902	58.825627	-19.361067	25.105417	67.535921
	8.969522	-25.321337	45.027450	34.941337	-41.175917	55.116648	-19.226704	38.407676	72.608137
	11.752763	-30.247312	38.099472	-0.180232	-44.200806	65.210594	-25.038769	7.394316	48.876618
	2.073844	-17.447867	47.832639	22.871564	-48.527631	56.580884	-16.552835	14.188803	72.775327
	-22.478609	19.363795	3.602086	32.754729	11.304972	24.052109	-15.286955	19.837104	20.985246
	2.147637	24.690340	-27.926099	-19.418673	19.511193	46.694214	-9.344905	3.954876	12.278001
	-51.590606	21.624441	-29.710681	-17.388289	1.249179	12.708102	2.058780	-28.415849	-9.679101
	-32.869501	-7.256777	-23.562959	-66.261689	-17.034049	17.337239	-0.416704	-32.248668	5.427915
	14.699091	-34.031880	-3.775881	-26.814202	-31.001044	49.081431	22.714040	-31.024646	17.867281
	17.996232	-7.078606	-13.497997	-11.398454	-21.483790	55.150977	48.291503	-21.847101	5.299652
	32.412587	5.205345	-38.668357	0.032529	-1.530172	31.951109	31.336674	9.844165	-39.765411
	23.440549	-17.842865	-51.063784	-18.164908	-18.016812	13.186925	43.602778	-0.966618	-17.158965
	19.711388	-22.430898	-26.792844	-40.214748	-23.349392	-21.789564	19.345412	10.627335	-20.347685
	42.588525	-22.510108	-16.732866	-0.165161	-36.136700	-19.368853	26.419103	11.625290	-17.000861
	36.119251	3.665017	-38.367695	7.501435	-22.199657	-1.135577	9.529967	50.282417	-36.662331
	-29.019502	15.914407	9.504383	19.809287	9.505939	-5.133575	-31.398627	31.761143	-5.131358
	-14.378525	13.278167	10.234057	6.628363	-14.423951	24.572403	-5.681050	31.425559	16.177280
	-2.822721	-1.781074	6.743298	38.439383	-18.254377	-2.088756	-13.315035	31.706709	-6.399784
	-9.432498	-11.354338	-19.760401	27.614223	-6.672244	-21.130051	-20.867242	41.829034	-23.186826
	-7.761337	-17.337898	-45.095884	39.633172	3.411133	-39.749744	-2.450209	35.723868	-64.855212
	-19.833877	-5.267864	-16.250316	78.040140	32.902970	-52.723656	22.243096	-3.518069	-58.639122
	-18.205588	5.356994	15.608253	60.041225	48.639909	-31.312181	28.371583	-2.039447	-37.032494
	-48.840284	-12.335187	-14.136627	45.932748	-16.893296	-30.470618	7.362839	-0.193948	-24.310207
	-44.995699	-28.020800	-18.116929	-4.406617	-54.931072	15.574384	-41.277436	15.681397	11.044417
	-28.597932	-30.225412	3.795011	-21.907933	-47.997567	3.711031	-31.068979	2.510211	22.652446
	-28.690628	-12.947454	-15.731204	6.377892	-17.577864	10.532539	-76.399566	11.973861	55.665273
	19.903844	-18.844293	-30.910330	20.910223	14.762763	26.467761	-19.434759	7.267847	27.711966
	-9.724508	-3.529833	-26.491016	29.819509	48.467504	30.364571	-3.953600	13.892430	-7.393615
	8.330258	-14.975624	-19.833828	7.237790	7.646717	6.027748	-41.255005	21.586419	-21.304170
	8.859282	-14.744969	2.897839	6.895043	-17.619639	0.712393	-34.923948	42.482590	16.428289
	-16.216248	0.828041	43.138720	10.974489	-16.336981	36.979197	-35.217810	6.925595	14.291617
	3.466153	11.613795	11.746843	-6.566880	1.543189	19.670970	-32.572955	35.711500	30.145215
	9.569840	-7.700688	-2.355206	0.904996	-0.984480	-4.410911	-24.367823	-0.149026	-7.915842
	16.851463	-12.828474	19.531964	-18.682214	-10.003511	-6.767962	-32.720319	23.383975	1.598370
	35.841778	-27.252793	14.458398	4.198950	-11.105568	2.012815	-1.137134	11.802759	34.405071
	7.153923	0.823590	13.514788	18.519099	-6.112669	36.482161	-9.073609	9.680991	47.042205
	32.478068	1.668250	7.730880	22.198769	19.569582	20.433805	52.498609	10.820947	30.126830
	42.716031	14.746003	29.631196	47.964545	22.405210	-13.602215	63.988587	19.474348	25.040057
	8.320388	33.358802	-0.129473	10.845555	40.229096	-7.528721	60.598631	1.223140	2.730357
	19.322653	52.650223	-26.423205	-3.484339	22.236383	-28.375106	43.649526	-11.905818	-56.860322
	4.035584	59.409009	-24.401765	-36.704427	-6.284881	-10.495302	-2.293281	14.057530	-38.203207
	21.109317	56.534272	-1.829984	-1.721280	17.449645	-11.959332	2.338821	3.486054	-6.469700
	-7.441000	68.247008	-9.038807	10.699083	-15.945709	-4.852960	-13.228711	35.130445	-40.838538
	-10.402547	66.091011	-32.332549	11.794073	20.525630	-22.207013	-1.978072	-1.252340	-50.050894
	-1.688535	79.338830	-8.616086	10.954422	56.448367	-34.619498	34.018028	7.918946	-53.451211
	-7.158328	92.415458	-3.212761	34.493770	63.776206	-33.896687	20.834290	-18.475755	-82.117602
	-50.713729	67.871513	2.274043	3.853944	13.242748	-19.284799	-4.515339	-5.358970	-42.493852
	-44.919523	54.485758	-2.610592	-13.192822	2.155235	-4.217082	-15.890802	10.458127	-50.639858
	-23.257973	38.045710	21.695722	-34.361068	-12.565891	8.870772	-51.770443	16.075695	-49.709838
	-5.744482	24.310183	-17.275639	-14.661543	-22.521103	-18.195010	-48.238745	17.287191	-74.328611
	-23.742268	39.174280	-8.450427	-0.287470	0.058722	-21.544791	-15.252159	48.584743	-58.519811
	-7.904066	52.271305	45.621515	31.747883	11.593452	-5.244849	9.841405	-4.072614	5.966161
	-15.155552	26.597103	37.024268	-12.313092	23.038344	12.139209	16.297315	-9.822777	4.405035
	-18.310861	0.119450	33.062763	-16.384012	-8.022538	12.306031	-20.506297	4.383560	-6.875044
	-15.403118	-1.638479	17.814301	-15.128619	-4.742545	29.936579	-21.219567	9.747326	5.955786
	-8.001589	-6.885409	9.595250	0.977858	-9.069519	6.182974	-32.500176	29.505886	-6.001305
	11.402367	1.341549	41.252317	-21.394641	-10.924537	-8.476301	-30.763307	9.672279	19.787670
	-16.671355	17.947531	45.031217	-14.641262	-38.919126	7.520587	-15.578300	29.017819	47.149281
	-10.409359	23.490082	27.995123	-14.441358	-26.278948	-0.483020	-39.347402	20.452397	-15.570213
	13.920943	35.327125	5.246322	13.675852	25.813995	5.703742	-9.741700	17.831645	1.524881
	15.290275	34.056054	-10.258873	39.439591	-1.620761	-29.197090	8.739455	16.713661	-7.620740
	36.901715	33.813973	-19.669117	16.449943	13.219859	-28.222109	37.079877	0.063944	-9.644149
	0.670290	21.752829	-13.325210	-16.418592	6.893158	-13.551373	26.051138	-12.305403	-28.611963
	23.665136	-3.975793	34.141018	-0.242290	-14.008974	-8.063338	22.602729	3.333585	13.726345
	18.506175	2.824096	74.363346	-7.341539	-14.169242	5.417778	3.995293	4.023622	34.274259
	8.977755	-3.494013	54.751377	-16.317843	-11.627638	12.953882	40.251362	-3.489976	50.165133
	23.290977	-32.440187	52.891209	-0.177310	-5.360454	2.106784	33.020558	-27.608951	67.194698
	38.637416	-29.889572	67.545996	-1.729925	-17.775723	15.187354	29.081598	-61.796486	67.836459
	30.394587	-25.964096	-11.267305	8.359768	-10.444112	-18.281721	43.750382	-17.130821	-19.299312
	36.056947	1.202192	-48.869237	-9.531928	2.175069	-17.378944	34.010137	-11.397626	-35.117135
	-2.483472	17.382991	-67.054775	-22.057521	13.212997	-16.835978	22.529596	-18.543349	-33.703236
	26.843463	34.005986	-40.766447	-12.865791	-13.285617	-4.184062	-3.302557	23.760588	-52.366827
	20.205734	34.497725	-29.003897	11.016077	-26.528698	-0.052286	-24.627096	16.810030	-22.171033
	-0.195374	43.867467	-16.756707	39.581677	-55.168348	-13.203498	14.147428	28.764570	-17.656486
	8.674955	45.527013	-5.195951	46.725171	-72.905394	-8.036917	11.078100	-13.959961	3.242872
	7.232086	37.623863	1.719837	45.288772	-62.605247	-7.910922	-4.691525	19.627996	0.254287
	15.388118	26.066167	25.641439	25.765182	-30.531816	-23.313112	16.763619	3.095416	11.373452
	8.908427	12.400123	31.851031	4.405910	-12.435012	-2.650200	0.244857	23.175862	8.869004
	16.566302	-1.903990	-10.617982	11.203425	1.640352	20.110115	8.834654	-2.578590	36.973008
	15.582636	-9.962232	-30.111656	8.362808	7.057153	-9.106632	25.444478	-12.748710	-7.805224
	-44.435573	-2.001803	-58.812523	-3.132657	18.484462	-42.278648	-21.912421	4.904607	7.312746
	-11.975749	-9.844917	-51.013629	-26.911391	5.024937	-54.278055	-37.893376	2.831694	-55.090563
	-4.046079	-11.011678	-80.736114	-25.020811	0.357469	-44.427473	-45.446133	-1.076146	-23.104736
	-23.598077	-18.747233	-21.519718	-31.434157	39.567518	-27.516343	-31.658508	7.915255	-25.775685
	-22.094244	-20.104992	-61.822433	-26.228227	39.954240	-34.870830	-7.889113	-14.270657	-27.361720
	-13.961711	0.302270	-66.033900	-31.228853	33.851350	-56.273406	-23.111392	-18.389338	-73.968059
	-63.197688	-2.409502	-82.350555	-27.326564	12.747709	-52.226080	-23.764164	-32.099802	-56.978180
	-43.469963	-30.821554	-39.163520	-50.837438	-8.000526	-30.962639	-72.240120	-12.031669	-92.832193
	-12.587621	-22.974559	-22.442703	-60.066092	5.689718	3.160534	-49.611387	-37.374028	-15.684760
	13.159080	-19.880079	47.443536	-22.174358	27.080602	33.908688	-10.625865	-1.374881	64.773982
	35.865338	-3.283894	62.810285	1.709631	66.167064	18.486738	50.923699	4.873063	69.941769
	44.403964	1.220893	37.932899	-5.133071	57.908793	-3.701376	94.692699	-46.475235	64.593481
	36.745416	-7.811416	34.888240	-13.723050	17.110913	1.745355	53.750420	-43.924745	62.759475
	24.624799	-16.615018	26.333981	-15.603684	-22.655519	7.549235	18.323583	-17.592723	43.538334
	7.054544	-30.550549	56.540325	-49.791466	-23.487247	10.801311	-17.272910	-4.312762	81.026198
	-14.105976	-34.654266	65.701809	-49.993686	-0.509066	5.155509	-24.014024	-2.930861	84.309179
	-5.989432	-32.040335	58.869296	-21.752281	14.826039	-11.006105	-0.987367	4.203270	92.402535
	-25.755398	-5.593668	31.173684	-30.519559	24.868363	-13.850337	-1.053183	0.219671	60.704396
	-23.705530	-19.799909	7.106325	-14.068056	-10.946565	-23.874608	-17.491053	23.367255	9.084498
	-2.933351	1.608426	-42.836159	6.899889	-6.220490	-23.503069	-28.490361	25.106015	-41.191679
	-32.516170	22.868476	-11.414973	19.563127	-23.289236	-25.178963	-22.485162	16.296409	-18.218767
	0.059911	28.402006	-30.289432	3.516930	-19.735816	-23.475516	-9.055352	25.305350	-33.333041
	-7.351368	22.688970	-4.235672	14.721631	-4.301802	12.197393	7.285828	19.855274	-23.188921
	-23.741775	5.212442	-23.950673	-0.180599	-19.834402	6.227313	5.228477	0.139158	-24.467509
	-20.654461	4.190495	-1.470583	-30.480328	-0.189048	6.265959	-17.689137	23.051840	-22.526422
	-24.634183	19.497722	-13.007365	-34.915340	3.982075	-20.011881	-29.897624	-5.095971	-35.414576
	-27.381881	17.214207	-15.544164	-16.981806	-15.089485	0.086573	-14.104418	11.849137	-39.170218
	-12.963873	-0.868240	-30.457927	25.516404	-38.613892	0.895166	14.697786	7.799508	-26.779633
	9.200339	11.182899	-9.023195	47.013726	-47.120769	-13.018469	28.035968	-13.065819	-16.331278
	-16.146851	18.412087	-13.108016	64.327440	-33.122354	1.330727	27.675769	-4.918050	-43.411270
	-10.930036	13.768680	-24.092553	76.143490	-30.464169	5.993207	6.036946	9.577333	-18.437917
	-23.538154	-8.236286	-3.668061	47.402008	-14.134038	-4.082508	-3.339795	-2.478838	-17.352836
	14.446252	-1.089640	-38.511078	47.183563	24.264967	-8.775183	4.624397	18.564829	-29.702898
	-6.644262	21.125534	-33.590648	32.155107	9.192906	4.038079	-8.698550	22.080081	-63.666667
	-5.227315	10.636998	-53.163383	61.672780	26.774000	4.465288	-20.524594	-6.074009	-28.320864
	-12.604051	26.857750	-39.214263	34.491564	16.292760	-7.974522	-1.482135	-14.406502	-57.610593
	-22.637250	7.960378	-63.194123	26.721594	8.468581	21.910961	-13.155799	-16.126421	-68.414489
	-3.386835	-0.214119	-33.794062	24.651056	4.279941	25.485666	5.778848	18.160975	-27.603211
	3.076575	-7.307861	5.694932	46.255028	-11.414815	36.341016	15.703843	-10.960233	-37.852357
	17.582596	-19.444854	-20.736734	16.666204	-30.775750	48.095888	-8.338723	-26.622477	-22.191427
	13.533500	-5.742951	-9.641715	-3.094301	8.325842	32.809611	23.664263	-12.928895	19.044590
	12.757980	20.250569	-22.943456	-0.357679	0.145369	-16.275713	22.393993	-2.060760	-50.943953
	-30.727237	29.877445	-17.525732	35.826739	-36.829299	-26.824541	-6.207255	-21.718769	-74.294395
	2.454354	1.116874	28.558935	-18.739392	-6.119131	-0.708821	-19.987175	2.079681	1.304290
	0.059076	17.806032	7.010611	-12.883511	15.152978	-8.545818	-5.654001	1.183901	-32.466007
	-16.519719	23.280695	9.821191	-39.803280	24.663119	8.333659	-24.826771	-28.930101	-33.255999
	-20.852989	1.325407	36.479102	-30.816797	58.747591	13.648799	-18.989207	10.097018	21.480071
	-16.654822	-5.824267	5.458502	-44.938691	-3.522450	9.281944	-21.392529	-19.048026	2.083317
	-0.047810	-40.225713	-2.624673	-41.809887	-8.866075	8.688458	16.978018	-6.441928	-11.610143
	9.495725	-32.736047	46.608490	-19.653445	-9.224214	10.480549	-7.725767	-24.380835	55.347335
	-13.303977	-24.826725	26.053366	-14.169661	17.684487	18.731383	-2.429732	-11.972777	50.705011
	-4.285638	-7.281412	13.345688	-32.579337	-13.181192	34.277736	-24.641782	16.667699	35.655268
	1.415297	6.033979	-18.268217	-5.322500	-37.609798	10.397646	8.372724	53.313557	-28.155586
	-5.012003	10.775223	5.157766	16.810886	-41.700536	-12.137566	-34.570552	25.480517	-14.138557
	-16.804206	8.931021	22.381088	-6.874308	-65.900510	-7.041878	-47.107291	33.217497	16.969739
	-17.341867	1.960987	74.986785	-37.616180	-16.899173	5.951951	-29.260430	5.884309	67.033486
	-12.461684	1.265639	50.096078	-34.741993	13.217213	-6.420946	-45.322065	8.587183	94.582963
	-33.371630	12.313341	90.800151	-16.816398	8.063392	12.541858	-33.798220	26.842877	84.210615
	13.383797	0.898933	63.266039	-14.708749	20.653425	18.084289	-3.171370	32.603820	82.414189
	20.434516	-0.220953	22.391414	-34.155809	-10.553045	-4.908939	-2.107699	25.311613	20.234466
	0.338441	-29.946377	-15.273901	-19.437887	-20.602922	-15.995191	0.611715	10.891753	12.883496
	-18.793763	-16.688118	-9.065728	11.032952	-4.802546	2.153006	6.442281	8.354007	-16.866287
	-18.793985	0.116043	-38.057302	-6.988702	-29.936701	-9.415691	-26.956516	6.312563	-30.442328
	-16.395495	5.942437	-18.135504	-17.444787	-40.975988	23.485819	-38.770385	-19.652187	-0.473662
	-28.383267	-15.391990	6.729513	-18.703350	-21.950774	5.693896	-50.817723	-27.007592	16.375552
	-21.714433	-10.542533	-7.677170	-16.889227	-23.569474	-8.277522	-42.043698	-9.982184	-30.978403
	1.193171	-29.841423	-15.956276	-33.107034	-21.722006	32.339964	-20.541506	-19.421961	-8.293603
	3.916793	-43.663034	32.157197	-32.395521	-19.470965	-3.973300	-13.916530	-51.667860	38.520934
	6.630598	-59.619408	42.394764	-52.269686	-11.804570	-3.635368	-19.456720	-27.554747	71.660725
	31.231964	-72.498484	23.330942	-72.982255	-9.675592	2.750772	3.207125	-34.503110	50.660670
	20.798132	-48.857523	1.040334	-22.330966	11.274570	-0.263094	-0.741342	-26.535617	12.305173
	41.467931	-15.219240	-7.023929	35.110769	61.088872	-1.154017	56.576744	-67.383905	41.416639
	13.771180	-0.048551	-21.149190	11.061948	36.159631	-20.827642	82.205963	-37.941084	-1.516188
	8.434543	-2.664999	-14.985769	20.554684	17.186947	-10.509983	37.822561	-26.105482	-17.040247
	-3.115526	11.169009	-32.887150	15.578125	18.404413	-14.529212	33.029316	-24.531673	-39.032595
	8.499635	24.435230	-18.595589	-10.429556	42.505741	-20.323337	17.346944	-19.700660	-32.920114
	-33.502725	13.832684	-12.947352	-35.150373	-16.376065	5.926231	-19.554582	-17.067021	-31.187646
	-17.091243	-10.377890	12.722631	-58.875530	-22.275785	25.235176	-36.081249	-0.883892	18.883384
	38.884066	12.566535	103.366555	52.848469	1.937288	50.837793	16.029834	55.637946	102.456509
	-1.771563	34.055101	-33.801712	9.651060	41.569937	-20.921147	-6.527183	27.221834	-33.591327
	15.408360	-16.764379	73.237356	-15.974202	-33.143824	35.236222	-1.987946	16.614187	86.225893
	23.774246	-43.606833	58.110683	-4.560181	-24.981350	12.078265	4.947375	24.088835	109.009777
	-11.017603	-26.461496	13.213677	0.859918	-22.627274	-31.031192	28.866459	-12.363224	38.189808
	22.627552	-5.551996	42.261347	-33.923081	-25.320292	-27.326129	19.747007	7.732148	43.236961
	27.018328	-4.326358	53.263474	-33.064673	-18.718035	-24.120485	50.109253	14.713949	54.925643
	17.241264	0.864938	14.340428	-14.772357	13.795293	-17.443668	42.582219	-28.703352	8.968634
	-0.040264	13.533726	-17.490512	-40.903794	18.577206	-16.789524	39.730850	-30.703430	-22.667903
	6.382496	28.519616	9.554100	-7.554812	41.540864	-3.074887	8.678675	-13.623582	4.808323
	-0.841357	44.166065	-14.541769	9.907696	32.800256	-11.113647	26.197751	-7.194032	-7.772892
	25.212797	9.832526	-14.425600	31.280619	18.736562	2.668601	-13.493849	6.185255	0.542011
	31.847995	21.939502	-12.219303	35.392116	37.364327	-5.411390	31.039580	-27.326345	30.377081
	-8.980223	11.647114	-47.604409	50.978366	37.458036	-33.692964	25.857098	-2.208751	-49.503650
	-1.830906	25.768042	-51.109817	50.832348	11.644487	-27.856343	34.918503	-1.838929	-136.439936
	-6.562539	50.126505	-40.510819	72.309120	37.525975	-44.664458	27.760966	14.072995	-68.513952
	-25.702521	82.448489	-72.922273	56.428414	-5.886826	-30.161564	17.680771	32.488422	-140.429099
	-22.987319	70.889386	-80.541543	45.424616	-15.329307	-32.561461	-22.665752	11.476009	-104.333317
	-41.965180	48.816694	-16.705038	22.513583	-30.043599	1.433323	-45.451854	26.280804	-70.100620
	-44.186598	31.945507	9.318202	-7.209863	-7.156057	-0.342299	-35.316033	31.594886	-66.709419
	1.882917	31.141804	15.573580	22.065974	-6.040455	10.522577	-43.216676	23.377862	-43.606431
	16.373412	32.163919	35.245902	24.094818	-22.120601	13.578805	-8.395282	20.431670	-37.167722
	4.245525	10.227924	-4.748138	57.239572	-3.113352	32.140171	-22.362863	56.473891	-21.758662
	2.365521	1.235604	-28.436863	10.096238	-40.988740	19.755760	-8.416596	39.428600	-16.923597
	-2.768135	-26.588083	-43.825380	9.619314	-41.110594	10.300378	-10.548484	31.959250	-9.806446
	1.683450	-26.453061	-38.383907	31.197528	-1.356043	39.879108	-10.606708	18.369994	0.004077
	-13.975906	-26.188051	-16.028673	42.653102	52.085196	44.695511	-4.554040	-9.009730	-12.027315
	4.983626	-27.986815	8.587583	1.424963	-7.974919	50.631849	8.414325	-3.716370	37.815142
	8.405551	-13.612618	0.027355	19.851464	-1.178251	28.640654	-3.524616	21.478472	52.045694
	16.849776	-2.498211	15.099068	19.361686	44.076604	48.635254	19.380711	15.824058	61.985593
	4.985032	-20.588284	24.322535	1.621182	10.230531	52.393346	-22.062385	21.398025	39.435134
	19.267417	-39.856058	-0.459861	-37.253914	19.589598	37.107830	-35.019215	3.035583	36.420817
	-8.275605	-40.575000	9.277319	1.701105	23.591022	7.875032	-5.089303	19.741075	43.449731
	-2.725193	-53.333362	-9.709012	-0.329024	9.440849	4.659956	11.533708	-14.290607	-40.433947
	-33.811250	-50.679022	-33.134028	20.952322	-11.913260	30.344851	-3.393605	-8.471641	-62.391678
	-34.159616	-23.135557	-21.903596	25.028122	-29.054879	31.328025	-14.986587	20.576826	-0.450011
	-20.028724	-20.205702	-22.944173	-0.643311	-40.427965	15.917712	-54.866031	3.259945	27.026481
	-4.735224	-26.521110	0.247031	42.845289	-45.188006	22.582559	-20.373707	1.764732	6.977020
	-25.193956	-12.754489	-3.033827	31.542024	-32.329563	12.702774	-13.196874	-8.456107	-6.953252
	-13.880416	2.379396	10.076321	16.840999	-25.315000	7.092710	-0.265915	-8.243037	23.704870
	1.929222	-28.744324	39.950866	-8.701909	-3.206783	34.215429	-24.803138	4.205730	45.486734
	34.614288	-43.998058	14.225130	-1.135640	22.871170	27.067957	34.182655	-11.271891	51.371469
	2.329644	-21.453292	16.495359	6.702483	61.206197	11.369167	30.268907	-25.491427	65.512468
	23.511974	-4.418778	-26.301063	23.934422	58.807195	-40.513341	26.090334	10.776924	22.872835
	32.616177	-15.012201	-55.990138	20.666129	56.538087	-52.431170	38.481991	-22.801565	-22.529068
	51.825306	-18.817068	-14.194712	-35.964187	15.626859	-28.777791	41.606520	-9.560937	6.463045
	16.157803	-47.883345	15.382639	-51.011079	-32.672885	-2.937336	31.191183	-47.194654	65.904501
	1.278148	-48.158522	22.317059	-41.072852	-44.345727	15.589196	-3.205685	-51.815449	59.745655
	5.562403	-40.366645	19.879644	-37.191626	-10.749987	-27.461201	3.572266	-30.192913	35.116735
	-20.960042	-34.453001	35.288134	-34.052863	-29.749474	17.388048	-38.062095	-20.129298	20.316117
	21.220895	-30.307376	13.425404	1.842243	-30.553778	3.924663	-25.199061	-2.166881	29.137386
	-16.662805	-28.132403	21.761261	-30.005294	-44.616830	5.761834	-31.367369	-22.727415	-0.850903
	-40.853842	-24.678400	0.313376	-32.647016	-39.257714	1.093638	-27.994003	-23.313432	-17.538188
	-32.560802	-35.957458	-9.709828	-36.469700	-57.768008	0.923347	-19.518227	-34.846294	-21.063746
	5.465182	-26.794976	-6.489616	-45.290561	-15.364642	-5.727260	12.119667	-22.667625	-0.375834
	14.382642	-6.919955	-21.865395	0.279330	36.641101	-39.039988	22.496830	-38.177112	-20.834458
	-19.995633	15.914419	-19.523666	-36.606865	41.488353	-41.001574	13.174617	-20.581570	-22.953999
	17.875161	26.523029	5.578359	-51.787876	56.950886	-44.746974	29.779438	-53.188531	-33.995841
	-20.074237	50.825846	21.689590	-22.307738	31.721285	-11.896477	-6.672855	-21.625260	11.510823
	-13.481330	30.283743	24.829000	-42.928945	37.369372	-6.119018	-20.023209	-36.930018	-8.280137
	-0.222240	18.414751	22.058053	-25.579098	14.824123	9.349307	-31.040809	-28.084417	-9.643752
	-14.161749	12.693707	-4.839525	2.806736	-1.061987	-7.120978	-13.198367	-8.136714	-8.596322
	-3.461253	10.236677	-39.751435	55.356816	-19.933529	-11.906995	-3.824264	0.638783	-13.863888
	-3.388266	8.592924	-53.922692	39.227310	-53.979022	-24.569346	-38.784193	25.386155	-57.249018
	-47.984879	27.166309	-15.503669	45.810670	-70.215273	-16.321601	-16.289568	-7.982666	-77.844134
	-21.471175	29.270720	-16.961058	19.038174	-60.552481	-6.708212	-15.326277	-9.774636	-66.368270
	-17.937896	11.137296	16.221643	4.506262	-59.785263	18.851058	-20.941545	12.968433	-16.249272
	-5.850240	-18.055203	3.437154	-12.252006	-38.206754	70.111987	-29.276014	12.768716	10.103372
	13.518752	-34.941259	40.499080	-13.400215	-27.572044	46.624381	-7.824371	-8.656452	54.426186
	5.662360	-29.973291	-1.945867	-32.269434	-19.384583	34.365247	9.258962	-34.539619	44.896582
	10.111942	-21.791865	-22.157020	-34.807191	-8.885539	0.054256	-11.103704	-9.318837	3.253149
	-12.132273	-15.592578	0.917513	-21.616177	7.693189	-1.135655	-44.508770	22.718357	5.049256
	-28.806654	-29.541555	-3.040547	-34.992540	-25.718024	18.414887	-37.684782	-18.139481	32.850886
	-17.509956	-31.212474	20.819094	-14.449989	2.218709	24.394654	-28.131291	6.374554	35.138437
	8.562021	-10.444501	20.049664	-5.172545	-2.823252	-2.687261	-9.956992	-6.761665	30.935803
	-11.118428	3.610033	-17.444214	12.626294	31.799443	-30.623073	38.761937	-16.587479	19.327875
	12.550504	3.706155	-8.164806	18.069430	-2.757680	-11.670920	11.869352	-14.028924	-8.191332
	-3.679883	-4.604940	-8.682676	-17.813858	9.839205	-14.803342	-20.034758	-39.617682	-23.312528
	-7.899886	-11.407734	-32.732340	-28.402962	32.923219	-12.900809	-26.531116	-40.782805	-4.015206
	-25.679127	-33.900821	25.911762	-50.430421	-12.862461	27.421418	-54.309427	-7.236291	11.444124
	-3.121302	-11.305036	-16.159912	21.758162	24.400621	-1.354875	-3.244046	21.134364	-22.469403
	-13.050299	6.093861	-64.742014	15.024846	-17.292236	-24.517179	-19.031280	17.244716	-76.011306
	-24.044843	1.260014	-54.464156	-33.632547	-22.121180	-8.295131	-42.225637	18.412420	-67.007773
	-10.450223	-25.861358	-72.036487	-47.957567	-26.733947	-9.011652	-41.334791	-19.366258	-52.044916
	-31.093197	-39.247684	-47.027820	-66.065671	-21.740814	-26.973191	-61.069608	-53.484645	-20.499455
	-34.661853	-14.825786	6.594467	-38.544256	-1.030709	-26.422468	11.863816	-17.919437	21.767697
	16.552629	21.554900	19.228372	5.007726	32.637386	-21.084016	0.763210	6.384962	-7.488417
	-37.284230	43.958766	73.476197	4.372177	41.786860	-0.534258	-10.081389	26.392783	57.896468
	34.810750	29.591481	63.118258	19.000989	36.437344	8.978356	8.910544	30.599310	48.665802
	19.764530	32.461246	60.717421	22.144829	33.704614	-4.630837	21.290181	32.963453	44.345502
	38.782894	2.896964	76.397158	-11.726665	-25.927479	-6.137834	17.536546	19.129450	64.040642
	-0.483094	29.861933	64.156307	6.404559	-21.667270	-8.366244	-5.078549	-5.091381	71.985797
	-27.161729	6.315848	65.664810	-13.769577	-11.210465	-0.036785	-45.519231	5.323163	43.307678
	1.095761	26.861212	29.493845	-35.764501	13.454281	12.557145	-40.947498	21.664767	38.461822
	0.229451	25.166433	22.278999	-31.217355	14.856478	16.969730	-25.084868	39.890954	49.294415
	8.678494	0.401119	-6.086114	-5.590759	30.973752	29.032611	-17.297446	25.573998	-9.364981
	-13.371797	18.933326	10.727289	1.936862	7.135821	12.977061	-28.240623	22.883996	11.580121
	-8.215176	3.522182	12.353482	-8.378631	2.601422	22.338006	-22.648791	18.867888	10.458014
	-19.403545	-6.248201	-16.682681	-15.259592	2.495564	7.053056	-7.996829	16.143082	4.900752
	6.561181	0.535817	-29.605206	-12.591980	-11.616091	-12.283268	7.397836	9.401586	-51.484428
	-19.417898	6.751118	-31.379259	14.015807	-35.012986	2.648579	13.024871	9.111084	-17.701179
	3.084204	27.550501	-21.043617	55.150111	-18.428628	0.527582	34.270992	29.020623	-55.751311
	-9.676684	29.058223	-50.230490	79.107112	-29.350045	-25.242322	22.507530	38.433438	-88.704812
	-6.267673	17.534581	-54.768278	101.856997	-60.906410	-14.694972	7.607972	34.901698	-83.369942
	-5.562515	12.035995	-50.753866	70.419540	-45.861338	-15.093225	-10.435954	-15.316699	-66.751772
	-15.286516	-0.237729	-8.286183	16.044536	-61.202540	23.450708	-29.420579	-28.886255	-10.109119
	-20.722381	-2.160222	14.846743	-6.234613	-53.688328	27.355555	-13.351187	23.329942	1.802418
	-20.891552	8.856372	-3.919420	16.188631	-4.858866	28.091222	-21.421339	-1.530917	11.700689
	-10.260984	-1.068017	-7.176014	9.903183	28.241305	10.528046	-23.948098	5.264369	8.202482
	-38.179876	-5.241611	-22.360852	23.197633	31.016234	-22.860936	26.682561	-3.485362	24.131907
	2.652323	-34.418069	15.116699	-8.068873	-9.550067	-8.109716	-34.139492	-8.165133	40.212080
	-15.518632	-8.750140	20.022787	-24.649638	-14.390721	-18.899023	-48.245805	20.943816	42.203988
	7.287984	-12.270473	36.137068	-21.889590	-17.192023	-25.073895	-26.509403	25.759503	31.992555
	-16.417926	1.327196	45.069181	-27.995313	-39.147461	-21.135432	-54.863168	45.442709	11.439873
	-12.425565	30.717946	41.772670	0.174364	-33.234906	-6.079517	-46.209119	56.988365	41.549056
	2.204230	16.165404	-0.595593	8.138896	-34.571730	-1.752000	-20.804001	58.383010	30.640359
	1.071340	12.116560	-36.111336	27.014579	-10.160885	-11.958074	36.581477	24.380105	-10.731431
	48.813141	-10.150436	-88.418519	28.782840	-30.452183	-15.251419	51.168330	-22.041929	-10.263426
	35.974770	-1.336817	-35.837863	21.990789	-47.432544	10.146535	49.882257	1.397382	-9.478799
	14.737911	-9.102212	3.178918	-10.511687	-64.252689	35.593689	-18.633444	11.982315	34.019401
	0.766465	-37.723764	17.544574	-15.831707	-53.433837	27.373338	5.795194	-2.910240	16.560764
	19.121317	-21.837763	6.686812	3.461548	-28.772501	28.659156	-28.109700	17.213045	25.198072
	44.470698	-2.469333	8.679532	5.076106	-1.760727	44.782376	-12.630760	32.838853	-7.421612
	9.435055	-36.468032	-50.535039	48.113984	24.028272	5.049028	22.763207	2.041452	-21.961276
	9.391308	-28.281492	-67.096841	12.653710	25.312019	-19.863673	38.347874	-20.186336	-7.631386
	15.860096	7.260202	-50.800564	35.130094	55.000123	-25.737284	50.409954	-13.338205	-49.291260
	22.207759	35.344219	-38.827093	-8.345092	50.244514	-58.497109	58.634249	-40.222764	-42.486758
	25.716345	33.988959	-1.588691	12.188604	65.182659	-33.588556	55.855825	-26.617542	-24.065414
	44.928802	29.320216	19.874069	14.342028	47.065305	-16.714078	75.878595	-36.266345	-4.593047
	17.203880	-11.719162	7.909176	17.035255	25.936482	4.455286	69.978534	-58.255606	49.099339
	3.193175	-11.039273	12.177720	-5.307770	13.496302	-15.759112	37.940520	-66.013481	16.054165
	9.278128	1.429098	4.697297	-11.808647	4.803123	8.214364	-13.872583	-47.074925	16.615815
	-12.458764	18.980317	-2.963754	8.249124	2.501502	8.454092	-21.165413	-17.582025	-32.463640
	-1.029147	7.960184	-12.484178	10.297638	-2.974946	1.338434	-13.069571	-4.449380	2.813944
	-23.950619	-15.798648	62.693654	-4.249188	-1.279109	16.504318	-40.955838	-17.956878	49.392760
	-11.003120	1.028043	51.843685	-0.398733	2.663191	31.292284	-33.740063	22.348358	52.979279
	-16.050118	-5.665238	63.168617	-3.805356	8.483119	32.205710	-25.028798	-4.544455	57.367166
	-2.555699	-1.752920	33.405229	-34.719493	-4.026702	20.392570	-9.637637	-41.632509	-11.875051
	-10.275097	1.690539	-18.882479	-22.611698	13.225579	5.900438	14.265881	-31.243194	12.679938
	-20.523022	27.392464	-10.135538	10.171748	4.555960	-17.684045	5.778494	-4.740827	-33.836153
	2.272446	9.894000	-10.989857	-25.143843	-25.113005	-21.203463	-0.785409	-17.230366	-3.958054
	8.140629	-17.312565	24.593729	-42.606242	-35.905912	-7.505725	-6.481168	-28.103488	34.082417
	-14.008213	-32.879564	37.174693	-39.360237	-43.720875	7.573834	-15.689006	-9.209142	20.069189
	-5.217223	-23.515696	34.659941	-4.622060	-0.300083	27.300181	-19.999402	17.564232	22.572580
	4.095518	-8.981716	27.914284	-16.002602	10.631164	47.077373	-2.657523	0.107368	24.227455
	-3.707305	-2.040348	19.369267	-19.534367	17.860238	26.934179	-10.820383	16.273354	-23.311281
	7.998652	15.726462	-17.432196	-19.797830	-5.717483	37.600974	-15.151609	10.040277	-38.033775
	-9.771343	4.382900	8.476758	-29.481636	-41.829900	34.505165	-22.341868	28.434185	-41.801476
	-11.353490	23.042478	-14.320460	4.975478	-6.466759	38.486476	-6.311002	-0.033235	-11.749971
	8.855393	22.051100	8.605133	14.273440	-1.186944	45.361203	-10.436511	13.635819	30.512757
	16.049209	20.785436	-31.298856	18.929758	38.960912	13.439333	29.273544	12.717115	-32.824041
	7.376968	16.591922	-12.998823	8.599207	66.745500	-11.858345	27.013147	-7.054090	-41.271399
	-31.101080	1.424685	-5.826267	-7.600692	47.730755	-1.170928	26.369435	0.566590	-10.224244
	-9.706285	-3.787686	-6.231906	-11.098624	11.997257	-46.430991	-18.217039	11.056132	-28.592607
	-7.726252	10.258803	3.467641	19.169525	11.900431	8.624262	11.411605	7.091131	1.989226
	7.672756	-0.924000	31.323201	9.945390	31.978486	3.758612	-13.676467	-13.921595	30.577412
	-1.576342	2.651945	40.989269	25.072211	-12.484802	9.632308	-28.111331	18.490798	52.932655
	14.524004	-5.296846	39.815945	16.055852	32.826022	13.830855	-20.999476	50.122444	-4.659836
	9.099961	-20.782048	-13.161242	10.985987	35.661372	1.550945	48.745284	1.201324	-13.780475
	24.338104	-29.069529	-56.116209	13.754605	21.407168	-13.429344	35.331675	1.640574	-28.700043
	-6.014686	-11.675091	-24.578098	-10.329811	2.821234	-20.001962	-17.061412	21.062519	2.266358
	-8.475608	-20.035139	-12.917759	-1.656901	-22.689097	-18.486644	-28.820837	35.798708	-4.389922
	1.817652	-3.172012	13.805231	-9.817685	9.901231	-19.907532	-15.716829	44.116350	14.834397
	13.596843	-9.304215	51.014538	30.302364	-2.292121	-4.223591	35.460235	55.376986	22.180142
	26.166368	-27.125799	50.019898	19.340066	-10.487715	-16.396279	43.231027	32.120314	43.330185
	1.320023	-27.792487	54.347497	-0.872740	-14.974881	3.580979	45.663071	-3.980121	40.062947
	47.492598	15.486907	-0.830292	28.944391	29.262294	-26.502209	44.733811	39.875130	17.053207
	9.381298	16.891442	-0.462504	44.587345	17.717455	-8.112675	43.329869	24.087679	-14.887773
	-0.214998	21.195389	-2.614989	73.622095	30.723210	-18.026836	60.021355	25.104262	-37.271609
	-7.437433	14.272470	39.896694	13.311240	-2.341444	22.806673	30.570305	-13.793675	35.802202
	33.365152	-27.542816	0.433779	11.129946	1.233875	1.624713	48.028322	-3.944682	27.259875
	8.772641	-36.682212	-5.842523	-22.778494	-16.431580	-0.340837	14.343943	-20.202481	19.946832
	17.890926	-28.102835	-42.168275	18.309396	0.419689	-29.763437	9.005324	-19.720370	11.909933
	9.330955	-4.752565	-40.328122	21.660386	22.012737	-28.319856	49.466467	-32.775721	-15.577690
	22.627423	3.964321	-64.777448	18.290676	3.447584	-34.585635	50.525820	-13.187124	-42.331989
	17.335360	26.309866	-51.603529	57.730824	27.943288	-66.162840	48.547630	2.056238	-62.308595
	21.236470	23.563456	-29.070698	42.362167	27.262107	-35.260903	59.037422	-36.487328	-28.080425
	20.496732	15.724924	-45.142731	48.817254	-3.703301	-36.309803	53.034541	-21.069194	-54.113133
	14.039067	19.300298	-11.955228	77.092241	-3.632451	-11.617811	37.596748	-17.011029	-65.143813
	-3.984055	17.699209	-19.347513	33.992767	10.394897	3.466329	19.853072	-44.282189	-24.152155
	-6.709838	-18.202892	-7.518104	-43.911027	-80.297250	12.053258	-61.417937	10.440381	-1.345975
	-3.163426	-2.943969	-5.815383	-32.282399	-2.600532	3.322557	-3.076882	-13.118713	-6.700920
	-3.931256	15.584397	10.026798	-18.442207	18.766893	-10.173116	-16.618216	18.037585	-2.547889
	21.002929	9.376177	36.086159	-22.805991	23.339324	-4.563004	1.175145	-30.111805	-0.944959
	42.653613	-6.335220	-8.059936	-3.662532	39.069629	39.917145	16.534548	0.036975	-12.306675
	37.106921	2.214339	-59.291774	10.800636	27.485242	21.133604	48.115355	-13.132501	-34.583183
	-5.021974	-8.460917	-30.359912	-10.796704	-4.608614	9.847034	46.958906	-28.264283	-23.175132
	-1.868694	16.507794	-0.264209	-12.991921	16.566363	0.680195	15.911284	-37.821250	16.273807
	14.212396	-1.449426	18.718940	-14.487137	37.156673	-17.918625	27.288250	-10.195020	-15.654191
	10.560701	9.169396	-5.798528	-11.558759	27.667438	-9.665821	3.270718	30.847134	-12.614186
	-44.573624	43.642479	0.894503	-3.568122	18.551816	-14.066728	-26.033460	23.835712	-16.442403
	6.447204	28.708603	-19.533331	-6.036759	49.521011	-31.824250	39.481782	-9.637071	-38.158804
	6.379532	30.819533	-12.281470	-13.024185	63.588436	-28.571362	35.263521	-31.372682	3.098738
	-8.780484	26.176201	48.772172	-26.540457	55.447132	-21.350407	24.548642	-34.436160	26.539063
	12.479324	6.542513	58.699214	-47.946232	35.504871	2.045167	-20.874830	26.851181	24.298172
	15.723005	-18.419986	25.539119	-28.582831	53.843942	-13.241081	-10.060445	-4.040232	38.385218
	22.700787	-14.461880	31.264936	-30.607628	36.645372	-10.438313	-10.024331	28.878126	26.127849
	12.747309	-37.821164	24.709686	0.066067	13.493396	7.432878	31.238385	18.379846	18.632815
