	8.138791	-9.370402	17.935462	-6.482189	72.874809	-14.469035	12.771332	-36.471023	81.843810
	-18.295154	-18.689836	10.809108	-17.381781	23.221447	-26.675480	-42.056893	9.788039	48.988802
	-24.079705	-24.542251	-11.933903	17.909380	28.398716	-35.404768	8.446873	14.003640	21.111027
	-33.470112	-41.394797	-20.424777	-18.248842	12.753201	-18.764645	-3.177352	-8.001052	-8.849848
	-34.490552	-28.999384	5.768897	1.899496	-4.563337	3.343936	1.661176	-11.054018	4.285672
	2.527787	-41.494581	18.295388	38.919815	-20.466188	3.572640	48.364799	10.376919	25.767065
	34.415515	-52.563112	38.599904	15.337571	-21.862629	-20.079601	102.836378	10.505073	70.019626
	48.003120	-45.146335	55.791348	4.360537	-41.927561	2.174947	74.568185	-19.972704	38.597310
	65.928612	-6.227398	67.575909	15.552411	-13.258679	26.065516	102.152122	-3.888916	20.367556
	61.819606	22.469117	47.089092	58.962010	7.939866	19.964481	62.023885	27.622711	-3.743117
	72.256746	9.173169	31.683910	53.279521	-9.930570	24.985513	57.716524	9.339928	2.231847
	39.185202	23.438400	17.595081	24.604473	39.791571	17.356049	13.479056	-5.837727	-22.260021
	34.216742	23.967267	-3.225614	31.998087	28.595237	37.116052	12.557093	4.172637	-9.351734
	48.328491	19.332418	-4.815961	-4.708200	23.050778	15.417981	6.589935	-20.918073	14.493342
	49.661067	-44.467860	23.213317	-18.773749	-43.009075	12.547017	2.850523	-3.351746	22.721309
	-15.079481	-52.149650	11.716266	-87.094071	-39.702782	19.673753	-32.563201	-43.097436	6.046130
	6.180512	-44.736866	10.398383	-34.333964	-52.111817	12.025242	-20.014267	-38.275629	-2.182948
	-45.191069	-38.675500	-8.947509	-32.905373	-54.561965	-2.621770	-56.871389	-2.563548	-35.586327
	-14.093029	-55.404917	-1.098924	-44.624536	-39.152079	-11.515862	-58.456576	-25.222772	-42.674167
	-15.929360	-19.033905	-7.595728	-23.335267	-15.314609	5.499825	-41.976211	0.337403	-37.444907
	-16.597395	3.115791	-19.777743	12.799815	-8.960232	19.814145	8.050891	14.503013	1.394850
	-14.609307	52.282060	-37.705015	52.187555	-0.189248	7.987788	0.996043	49.452621	-40.478408
	-31.524261	45.219489	-14.338528	34.119477	-13.409422	2.743069	-11.268524	24.878211	-23.528016
	-36.433750	84.360022	8.000482	59.604049	-2.202232	-17.115499	0.105800	34.856432	-63.277099
	-15.719038	73.763450	-10.520326	64.609811	14.929654	10.237370	1.000199	30.521359	-55.659465
	-6.368545	46.613853	-4.160346	52.426663	-4.869562	8.843352	22.939216	27.157226	1.949256
	11.123035	18.846096	-30.050444	42.686094	-7.517441	24.260671	11.352114	42.971022	-15.024054
	-15.875286	-3.082587	-13.400016	-19.708375	-26.575448	17.958344	1.553215	-3.636578	-9.081473
	-11.155430	11.172504	-14.852962	5.041637	23.476760	20.880460	-3.148029	-9.872446	16.038018
	-31.353691	8.864680	7.817563	11.606031	31.372284	9.631032	-1.975764	-14.213375	39.389245
	-22.054583	8.989039	0.412593	2.381449	16.372413	-1.518718	-16.968607	11.217920	32.588010
	-2.590167	26.666572	-1.839050	-5.050495	54.521458	-2.245484	-39.563467	-12.386918	-10.631198
	-21.273490	5.862569	-20.679652	0.411999	7.846749	0.761769	-34.014412	2.620181	3.585310
	-3.530818	33.571205	-4.247066	1.851628	37.845094	-1.617679	3.119337	17.105072	14.036959
	-19.807252	-3.101528	-25.776612	-31.876967	30.660865	-2.028917	-18.978902	5.738543	-12.241939
	-29.783929	-19.770282	-14.527426	-56.822861	-4.785788	-12.075122	-47.213190	1.577894	-21.320505
	-70.483928	-26.539918	-26.659964	-43.571862	-25.839385	-10.198861	-40.535756	14.372211	-32.476167
	-49.469990	-17.781105	-11.562002	-40.205165	-19.968472	-9.122381	-49.175882	-15.682289	-9.669024
	-25.217111	15.949466	-15.602032	33.057043	17.901588	-14.728354	-7.557045	-2.763427	-27.183636
	-16.060152	24.754140	-16.682774	75.123836	7.366179	-21.091775	4.977109	39.751251	-35.937743
	-25.021620	31.051851	-6.349459	1.146256	7.555021	-20.044728	-9.145938	-37.248074	-27.915247
	-23.369185	24.658680	-11.280496	41.615118	-15.304358	-7.931016	8.416543	26.371412	-10.301228
	-44.879360	80.436113	-51.195929	38.371467	3.132722	-7.236543	-34.544165	38.961466	-88.659314
	2.311510	30.003768	-11.021505	-4.305671	-17.705970	-23.115427	-7.420174	11.784864	-20.910172
	21.257043	-12.056929	-33.079550	-19.809098	-25.267549	18.663977	-41.473859	-12.514891	-34.241695
	16.072058	-12.534184	-26.116329	-2.925384	5.685228	33.186218	-2.761646	35.597393	20.465629
	36.245568	-45.824461	7.256202	-26.649107	-29.940020	6.831224	22.294125	4.718054	-0.668539
	19.584704	-61.654321	-36.450805	-2.959313	-20.870205	2.985091	-2.317329	1.933148	35.916007
	4.779479	-47.474320	-9.698299	49.386566	-8.482841	-6.209584	12.709041	33.838006	33.959373
	32.053014	-32.419471	24.798140	28.809011	12.325355	-6.383155	78.210711	-9.226195	50.184577
	1.130158	-41.083240	12.738925	-21.630096	-4.974313	10.365546	19.041204	-9.304905	18.953417
	-2.948001	-22.482971	18.284879	-13.588227	-14.071370	20.479550	5.002043	-10.896636	23.809199
	19.384210	7.881792	6.109170	13.662673	22.629666	26.181453	20.587497	0.356812	9.868396
	-5.786078	37.974977	3.852832	45.038463	47.606124	27.180773	14.977197	23.174270	-0.294692
	-17.165385	40.276541	-7.191415	72.308906	39.487012	-10.826571	2.352156	49.019938	-18.989868
	-25.376005	74.463587	4.353539	41.012981	68.280427	-5.255990	-14.825707	56.639129	-30.258590
	-9.017446	72.109771	2.056797	80.328243	41.627473	-6.461769	34.161331	41.967794	-21.288146
	14.800483	74.707867	-2.176157	117.946525	54.456083	2.306032	48.558597	67.066269	-10.418802
	-5.167315	87.522764	-27.778895	117.309473	48.173228	-17.396201	31.666745	89.724392	-26.255437
	-10.602542	85.718930	-21.079666	86.248634	41.281729	2.338501	13.832875	53.900419	-25.083845
	16.863322	84.960219	-39.827125	80.739868	33.084493	1.324202	28.594677	62.035990	4.445132
	-5.557981	117.736610	-48.236793	122.141305	36.489587	26.186534	10.762163	56.460658	7.415720
	-37.466230	93.387980	-62.423541	114.661843	3.083398	24.651691	-22.948891	66.410129	-53.341645
	-18.425428	79.691761	-49.164442	33.219452	-16.857519	27.203148	-43.730908	9.159332	-56.839657
	0.012453	59.523404	-42.810200	17.940739	-9.395562	43.288704	-24.657339	9.517993	-21.836164
	-2.357548	16.559538	-13.961940	-0.962398	-26.299040	12.453213	-29.172002	0.549694	-23.712340
	17.302304	-59.603133	18.516219	-62.517002	-61.208906	-6.864181	-15.513202	9.425767	-20.878601
	4.086643	-105.777444	17.209049	-116.379255	-91.348706	-8.899203	-52.090580	-52.582020	6.527532
	0.960032	-89.100843	30.793211	-95.296959	-63.275815	-6.504586	-34.679222	-26.589998	24.129351
	-11.366547	-74.435638	23.584676	-76.007128	-23.981018	-19.278238	-50.669124	-24.103196	15.727165
	-7.696360	-110.957118	34.431056	-86.394959	-85.463336	-23.923951	-56.213193	-20.266843	8.158572
	-12.438182	-98.771441	42.154604	-104.430228	-52.483586	-50.275926	-74.550774	-49.683029	11.418798
	-12.144138	-88.287335	30.129859	-95.435685	-23.330102	-17.849546	-53.377665	-35.054026	42.740255
	4.407931	-49.862734	13.061191	-46.065897	23.345323	-4.837487	-14.630779	-25.791235	43.173173
	30.697303	-53.811008	5.543750	-9.212506	-13.122521	-43.874018	6.816328	-18.837545	30.014065
	30.723742	-61.190667	-7.700096	-21.353498	2.543754	6.835800	21.160973	-30.413935	75.710047
	18.890288	-32.322684	-12.862696	-21.770627	24.165045	-14.681337	41.797993	-6.777814	80.853985
	17.256359	-45.136453	-8.785777	-37.147308	29.223071	-5.636703	1.018863	-40.535939	67.172588
	44.027910	-54.893464	3.177236	5.689117	40.491150	-25.654568	0.683568	14.762351	103.158727
	16.359817	-7.153784	0.223148	-49.609583	38.628228	-67.593183	-31.485064	-19.302953	71.566429
	16.189460	-8.361285	-11.309283	-37.205656	45.846080	-40.679054	-44.381615	-29.078851	60.013506
	-11.170978	10.703382	-17.529229	-2.528940	54.201932	-43.304390	-24.227100	-9.697304	70.889914
	37.238828	-0.282009	7.890116	-36.630970	33.654694	-57.872036	-10.577359	-13.410454	56.693159
	23.252841	-30.867887	8.874085	-51.884836	15.263944	-34.840524	4.636007	-7.683310	18.848574
	20.325074	-54.548048	15.839853	-91.309333	40.715687	-22.150285	-17.841433	-66.617829	76.909888
	29.661090	-63.258339	14.044067	-94.965799	23.566053	-29.075944	-48.979089	-10.932586	69.389692
	19.922473	-90.953526	-0.448534	-120.116740	-0.187747	-46.097835	-44.907548	-40.444994	22.049365
	0.171678	-86.264172	-18.687507	-111.391514	-16.741738	-44.635905	-58.844239	-57.326647	21.138867
	0.169679	-51.669847	-15.019396	-83.271244	13.148797	-24.622804	-5.254644	-40.669754	-7.428275
	-15.423179	-33.059907	18.316775	-25.071899	10.371100	-2.407497	11.522440	-42.752050	-10.094765
	-21.732123	-17.050470	-2.120429	-19.787517	2.094253	-10.195739	18.444204	-17.769716	-36.969999
	-35.911919	-19.795022	2.505805	-40.581635	-54.364900	27.858678	13.969839	-26.764341	-48.351972
	-3.489504	-35.177388	2.086772	-43.434951	-36.682662	-2.601544	-2.556332	-27.314639	-47.105504
	14.295664	-40.562954	25.217184	-40.817307	-20.194925	8.718544	4.679708	-11.964688	-9.399449
	17.454225	-33.913979	4.837610	-21.138165	-19.521384	-5.196381	16.093891	-2.693288	2.129782
	9.332245	-22.428496	-1.983130	-25.291046	-11.496582	-14.470031	-2.801496	8.805316	-3.216409
	22.104269	-6.702704	1.324503	3.488309	-14.009746	-7.868022	3.912083	6.803668	-29.161656
	28.142070	-4.823586	12.438450	20.210416	-21.604757	-9.762148	35.798933	0.751254	-18.222431
	19.988735	-35.762071	15.984134	7.539207	-26.327944	28.222202	33.752597	27.081451	-0.130352
	31.152445	-36.345732	20.596643	38.679121	-39.955494	3.844123	20.763519	17.098999	-24.272290
	-12.375042	-36.952278	18.827908	44.018076	-34.144683	27.561867	28.778479	44.544072	-31.916462
	31.734745	-41.228210	27.099840	38.881080	-48.577825	-10.700753	72.505186	16.689994	-13.759832
	35.007637	-31.673530	33.713783	51.964400	-58.455570	-2.950799	64.593480	13.665030	1.624367
	42.448337	-39.810591	18.060460	35.895277	-33.463901	-7.826538	61.668235	22.827252	10.246354
	29.070575	-34.548361	38.659026	14.425029	-44.307281	9.332218	55.851668	9.773052	27.863766
	50.500621	-36.830074	57.508315	-13.217457	-29.513956	15.485412	52.926636	-14.656415	57.035657
	53.005606	-51.864053	94.292418	-25.839804	-74.495771	48.608571	-5.656372	-17.572585	37.455406
	27.713972	-46.122269	89.523838	14.748578	-104.171573	30.847063	-16.215974	-14.652750	-4.064409
	11.996093	-39.736283	103.290336	29.226186	-102.574631	37.598909	-16.181126	13.437418	-29.031639
	2.344800	-39.407822	54.229647	73.158967	-75.452684	58.736557	26.472377	31.377551	-20.460664
	-12.938319	0.060160	31.378732	83.730122	-36.765797	51.129418	46.369019	54.149569	-30.601044
	-11.275198	13.517439	5.504461	108.458530	-14.220470	32.570506	52.573731	61.823729	-45.128241
	-22.649738	15.712751	12.250771	93.569386	-7.089736	35.034868	59.277360	41.025031	-18.818761
	5.012543	25.688139	9.291119	125.826356	0.726722	34.930850	78.065928	72.059755	-70.889977
	24.710797	22.594200	45.577202	104.338943	-27.381881	32.589656	71.460762	48.563354	-53.449480
	-11.866571	28.506607	14.709724	129.602896	-21.502375	19.846171	59.994417	55.640705	-55.756785
	-0.888001	38.656603	27.551587	58.908126	-9.552747	32.743968	16.046127	26.255816	-29.481956
	1.796743	58.075707	5.226888	55.387805	16.799123	18.621731	55.264317	35.592595	-35.720940
	-17.003851	46.863948	12.203056	69.641514	13.217194	28.848923	19.625117	51.865036	-53.370740
	-27.271532	62.698468	-16.640376	93.621948	24.535344	20.137543	13.173208	51.539488	-34.694685
	-42.654695	55.660664	-30.592199	63.079342	38.034379	-1.991974	15.614973	17.162163	-63.474105
	-34.609360	62.458062	-27.885790	43.347389	30.160917	-10.939929	17.312955	10.535897	-39.792128
	-35.793813	40.293543	-40.629242	76.508205	6.879791	-11.004436	-3.113703	10.650021	-35.681245
	-28.230996	19.514707	-30.313227	52.038250	-13.942520	-22.017264	4.686635	36.100951	-39.802402
	-42.152795	-3.589113	0.663022	8.833577	-38.507024	-16.947796	12.336792	2.961445	-38.934934
	-9.771486	-2.709548	39.201554	8.694395	-70.070857	-4.974962	25.425709	16.089119	-38.072946
	20.839947	14.681874	41.918834	43.603996	-76.658834	15.322752	50.374049	26.021897	-43.746563
	19.150708	17.006947	63.829281	71.998557	-66.538468	40.194504	43.860882	19.942705	-32.311234
	3.247330	16.780459	49.244899	1.963615	-44.401557	20.311632	30.999620	8.126381	-28.083153
	3.775122	12.879652	68.329611	-15.061323	-17.622301	26.579136	10.443483	-24.233176	-9.172402
	-10.451891	-12.785856	38.775666	8.899866	-22.997561	34.126050	-25.583848	20.242731	-35.090446
	-4.256258	-12.515466	28.019228	11.828687	-38.989485	32.675203	-18.036741	8.504369	-12.729194
	-29.861930	-3.628972	2.953928	-7.804732	-34.197377	22.477603	-36.899216	6.215281	-48.817291
	-25.280904	1.237033	-22.325694	2.662414	-0.738155	7.932522	-1.924607	0.804270	-27.339442
	-32.678696	-8.096868	-42.859914	21.096280	11.085241	18.323703	-4.904473	2.557866	-22.782424
	5.560343	-16.942828	-39.745651	-11.589561	12.499789	11.027676	6.665815	2.388968	22.732211
	-11.361997	-29.175478	-36.730209	-28.136452	-8.452657	6.624978	2.652485	-18.922655	20.973703
	17.003846	-22.768488	-37.936830	17.460301	-17.796924	8.148316	23.916057	-19.658883	-7.046935
	-15.308487	-37.401296	-26.461455	2.374164	-33.664414	27.043720	24.316146	13.919646	-21.754490
	16.141422	-27.668550	-42.034826	46.070831	-11.300275	10.256232	34.182099	7.431477	9.476882
	3.601181	-8.382914	-47.415233	41.266738	-22.487898	17.854244	4.418935	-23.222238	-0.966309
	35.417931	-10.747949	-28.153548	0.130127	17.935033	13.339168	-16.483090	-28.728946	18.034935
	24.516467	-11.530742	-19.567231	-24.696666	0.164674	5.037379	-72.999078	-14.787571	18.137297
	-12.186724	11.359484	-16.133718	-56.518373	3.024642	8.221048	-79.186324	-10.909382	-23.974818
	-43.895778	3.780905	-37.608660	-36.571385	-11.114080	-12.120707	-82.379861	-1.372613	-44.941781
	-31.563077	6.077614	-25.465352	-27.037592	-13.725907	-3.686336	-117.768093	7.355904	-35.734689
	-32.067408	-1.227876	-18.053723	-6.975635	-25.193025	5.470403	-100.453591	38.449928	-19.920991
	-29.591517	-23.485959	-13.201602	-39.404787	-56.910882	20.677423	-47.166843	-16.269003	-29.249061
	-14.642361	-19.959662	-2.516813	2.021538	-71.320420	32.384216	-43.799060	14.444820	-32.098211
	-5.375063	-18.530480	15.238899	2.631364	-77.420158	10.572928	3.093707	-0.873915	-30.845373
	36.711829	19.220888	23.658085	58.893247	-27.950798	31.354369	42.041898	2.933872	-36.419421
	-11.152274	25.282045	34.545924	-0.756681	-30.735554	31.643859	6.078948	-11.703266	-40.611122
	-19.578924	11.868926	11.391054	8.083295	-5.924015	19.913965	-16.059388	-8.601455	-24.088849
	-4.898802	-1.283378	-2.700046	-37.303081	10.015901	12.730121	-23.771283	-3.081041	-0.986607
	-5.921847	-5.406773	-32.822481	-40.088352	20.693691	9.863446	-11.402916	-20.464757	-2.509949
	3.410946	-21.184572	-25.489723	-70.530173	39.782792	-4.963326	-41.156295	-28.336581	41.594907
	-39.941607	-27.249114	-18.293762	-61.233537	43.614528	-15.341473	-35.620633	-24.341582	31.868513
	-34.429350	-26.899430	-18.321143	-74.287345	52.906717	0.617648	-40.522256	-23.472568	57.539247
	-40.010447	-10.811223	-30.085322	-3.556208	93.221026	-5.937713	-19.933915	-19.242722	51.236605
	-69.290989	5.618803	-52.437454	0.160294	83.456446	-24.745509	-21.024420	-5.141553	39.120141
	-57.183789	23.617871	-41.120446	-29.436957	60.713042	-43.537335	-49.393590	-11.315952	16.203880
	-40.103000	31.860639	-28.361715	-11.620303	45.206392	-22.841259	-20.567907	2.250691	-4.478534
	-57.836115	55.635121	-37.036472	-28.440695	35.518442	-13.056387	-51.411049	-30.051892	-44.112889
	-32.426283	52.883453	-58.727436	-24.155214	27.488558	-7.030742	-48.358215	-23.956642	-50.293743
	-34.802974	42.287119	-67.908240	-13.818848	54.602350	-27.479598	-65.571644	-2.237233	-14.875522
	-43.362296	34.032796	-34.617624	18.088068	41.184233	-4.462377	-17.177560	11.956938	-33.615033
	-30.097472	40.325373	-20.601727	8.978940	38.361953	0.308526	-26.691298	-30.906097	-36.722623
	-21.725634	25.612688	-18.827256	-5.153527	27.633308	-10.385244	-17.155562	-15.575474	-23.896113
	-0.123863	-12.576049	-19.412866	-18.567160	-6.354886	17.374652	-22.238292	-7.385138	-14.783765
	-1.804696	-14.553815	-28.143540	19.265963	-36.480873	-7.635737	-19.359891	19.132873	-46.504864
	-13.263141	-26.609478	-13.336182	-33.298441	-79.264034	-31.268098	-33.129854	-26.442390	-37.501509
	-31.903439	-19.935382	-17.720666	-35.490021	-91.609176	-8.118819	-5.535056	-15.354461	-29.690428
	12.729836	-47.185160	-12.930619	-30.363040	-57.689808	-6.924714	6.095065	7.325717	7.334720
	-0.847260	-16.139451	-46.989316	15.986619	-17.486975	-0.204689	-5.854396	13.779598	16.715011
	-1.151786	-10.613147	-47.711538	-16.223115	-28.292644	-8.652998	1.718950	15.594356	7.090247
	-12.168684	9.012589	-58.915722	8.377253	-50.935822	-18.881774	19.863308	1.149098	-34.827293
	-5.351224	5.737783	-19.923875	5.254408	16.985602	-9.894422	6.521324	-1.685892	-3.331802
	5.623653	22.791326	-12.500644	-23.036485	26.017241	-9.346976	47.231791	-10.019613	11.681589
	-34.617312	29.925507	2.428772	-47.317745	34.697480	-16.874995	1.323120	-32.227695	-6.291491
	-37.532667	22.368927	20.644103	-40.246177	37.980650	5.346871	-10.524223	-41.488371	38.492455
	4.387241	-7.372268	21.599720	-42.640097	25.045592	9.272368	-23.611669	-20.366727	57.958765
	5.093920	17.527610	10.486439	8.894776	75.046685	18.159529	-15.476488	-8.254499	105.243680
	19.125896	6.227551	-19.885760	-41.770996	33.816467	-9.141014	-17.599566	-36.315483	20.756476
	14.047001	-7.296968	4.293151	-21.987547	2.828656	2.016564	-1.786047	-37.427799	47.571067
	42.021617	-30.818915	33.775323	-32.809532	-51.899266	-34.424386	28.462287	-32.571296	3.685256
	6.511307	-1.855449	18.125401	14.203229	-33.845461	-27.835837	26.030546	-9.773114	-17.400473
	-11.802501	-4.354817	52.123139	-78.017205	-49.533707	-17.609196	-23.550818	-46.939593	-39.584803
	-34.440141	0.508604	80.921495	-48.567215	-39.067348	-19.796324	-21.767098	-46.272074	-7.828272
	-25.729945	9.742989	81.353297	-35.866165	-10.380969	0.795795	-34.770134	-42.415785	6.421119
	-48.993968	31.097834	57.544228	-34.973636	4.835678	-17.360910	-39.687429	-5.248916	-5.119884
	-32.839708	29.528775	11.421461	-64.754878	22.467589	-6.693128	-63.369113	-26.433419	-35.980883
	-36.890728	39.598851	-6.611868	-56.597249	-6.442936	-8.615072	-71.186774	-2.305499	-56.232288
	-67.182636	21.226072	-13.928700	-44.355701	-28.628947	-3.006414	-49.622264	-16.604130	-80.675449
	-32.488031	25.323113	-29.401802	-15.513678	-2.776625	-5.678701	-36.645697	32.610164	-50.506449
	-30.485408	15.866582	-33.113671	-53.239541	-26.520908	7.434706	-103.314194	-0.649584	-40.919950
	-29.077784	12.010367	-22.679107	-66.616094	-15.184258	-5.405695	-96.592991	-0.686396	-48.395671
	-25.306014	9.963586	-9.172780	-77.500226	-14.194429	-18.000688	-60.355470	11.269582	-25.990920
	-5.607392	18.594221	8.145066	-62.858012	4.277394	3.794070	-21.922501	-23.238838	-4.941725
	-19.972325	7.428925	-8.783287	-72.637940	-1.605897	-2.419742	-58.751108	-23.828077	-18.484628
	11.607168	-0.097581	0.717509	-58.198522	27.864869	-9.197331	-42.018558	-25.156269	-8.044347
	28.845398	1.561048	27.052675	-51.617905	31.199848	-16.886065	2.931324	-11.500224	49.007201
	-1.376088	27.997426	8.799553	-45.705630	66.931623	-5.165712	18.570454	-27.434602	53.673562
	28.597303	13.724322	13.587188	-47.579927	76.082647	-5.915394	9.038786	-34.221525	52.085539
	25.218182	6.186394	2.099063	-60.650251	60.822095	8.956279	19.249795	-41.362003	87.335954
	16.846751	5.375779	1.455583	-69.489894	49.622973	22.753344	2.357597	-19.799474	104.796559
	-20.149384	12.421477	12.698611	-77.122410	55.922467	23.607060	-27.829497	-44.234652	77.279186
	10.354051	-0.621724	13.823790	-72.066659	55.354238	14.262609	-16.244278	-48.759560	76.711767
	-15.211345	2.287786	24.558118	-60.060446	44.600411	-16.480795	-10.862006	-48.864225	54.819885
	20.679487	21.063369	1.793113	-21.414851	70.703642	-19.528517	19.214305	-10.312273	35.242111
	-17.027197	38.879207	-11.704933	-27.684005	48.737096	-21.499451	12.441497	-21.578283	-0.383557
	-13.061216	47.989648	-10.613064	-15.900803	20.282012	-37.859009	26.730390	-15.450595	-33.313381
	14.067003	56.547220	13.736261	-6.277008	23.774678	-31.441628	17.189083	-21.032628	-41.023189
	27.672260	63.096615	20.207961	24.585987	15.607643	-8.467654	35.015296	-3.830901	-23.114010
	4.725603	40.754679	26.906275	-43.640282	-2.446441	-4.529758	-26.392670	-9.615865	-5.433678
	39.328071	29.923832	11.689453	-77.423792	1.638508	28.167384	-33.047629	-40.183121	17.774603
	46.059398	23.923587	-14.424945	-68.055298	19.529089	-6.186552	-54.799945	-17.166999	17.350430
	5.701923	33.780404	-29.103304	-19.859595	43.812752	-19.466783	-29.044810	25.573745	29.463951
	-12.521678	33.616225	3.981871	-53.605484	63.036022	-37.971342	-5.995450	-3.710874	27.534951
	12.330410	26.062616	-17.484907	-32.176265	36.977532	-42.649153	31.019771	-27.963901	49.204084
	-7.375066	34.236342	-21.378931	-15.999218	17.224652	-17.352553	12.847078	2.685978	-18.869820
	-17.853807	28.458981	-41.691327	-8.044027	16.806098	-8.629427	1.987044	22.374877	-11.113570
	-10.952430	19.633962	-19.348589	-18.736581	4.931285	-0.648822	-25.862202	-10.094233	-4.808846
	-27.824736	-13.058820	-20.880104	-62.319295	-0.312990	-5.120344	-56.823462	-5.097376	11.260426
	-40.771247	-16.742131	-28.597926	-73.908752	-7.825078	-1.628820	-71.531897	0.404267	14.488174
	5.051431	3.070905	-50.033487	-22.968955	28.748737	-4.776491	-33.689235	30.864327	5.849883
	-18.947776	-23.857090	-35.589654	-98.490832	4.098310	10.853562	-48.098433	-39.056137	18.360841
	-31.218608	-42.252608	-53.689366	-87.775490	-41.057633	7.023488	-35.696424	-32.719995	-13.087649
	-40.056653	-34.515044	-52.786730	-54.819080	-68.538243	-5.024555	-28.012165	-13.133425	-35.422058
	11.977296	-11.488308	-58.294813	-43.639420	-24.674675	-13.848973	-36.985110	5.197874	-20.970125
	-30.789679	-14.462569	-24.327261	-53.437436	-8.035520	-19.154344	-8.737734	-10.614906	11.913141
	1.504322	7.607708	-27.790323	-13.941708	27.552849	-6.854287	5.685389	-21.155701	-5.816391
	-12.702575	31.609195	-19.700803	27.760587	49.899499	2.316415	-2.052305	5.120781	26.424889
	7.335877	59.297907	-26.654356	67.145247	77.096113	2.828992	57.909686	23.828642	23.495600
	-6.459390	97.113480	0.351940	16.938091	112.267449	13.278807	36.180280	3.554828	32.452463
	1.223599	84.374253	-14.823307	13.827296	91.901214	5.561718	-3.829900	-3.747264	21.938608
	-10.954277	60.337175	-2.489581	34.682360	50.547424	-0.766095	-16.833040	22.353993	12.217913
	17.487766	73.593163	-33.668204	97.592857	40.714415	-14.726574	16.160912	40.245016	-27.159192
	-7.498175	50.889349	-34.979067	77.155018	18.883448	11.613915	19.568841	13.406247	-25.529390
	11.756857	37.022365	-40.802566	47.124047	-5.339426	8.030161	-18.569332	25.577204	-11.771314
	40.192961	30.020101	-49.991440	82.657635	17.281383	-8.186437	7.185400	44.716024	10.178432
	7.188956	50.587712	-53.602241	81.762678	70.844840	1.671019	42.501395	36.331348	24.424183
	-0.787189	25.629596	-41.467780	39.295644	46.599275	-22.289688	19.325444	-3.547706	4.415894
	21.141391	32.417113	-20.341289	46.548190	23.939393	-15.688921	40.451283	48.348689	-36.007683
	5.649061	24.633765	-16.458001	54.248665	12.722560	0.057251	-15.690144	50.595250	-30.890108
	33.640039	71.075828	-13.030879	120.548693	21.899857	4.958267	14.060030	36.729908	-6.403013
	20.520617	30.867766	3.470629	75.392353	-6.826444	-0.833890	38.511707	20.987472	-5.420328
	55.661869	15.940072	13.344855	71.941835	0.442490	14.835853	81.781681	20.549599	15.885505
	35.476083	-19.322687	37.812843	50.094890	-30.680199	10.236582	67.792966	7.505846	16.989892
	61.967251	-3.314788	33.322255	41.446445	4.354907	11.095286	104.760339	-8.442394	37.900490
	38.059833	-30.744681	48.939110	-54.604990	-12.335391	-0.209820	69.957493	-51.573820	60.293239
	41.276031	-51.983414	47.711303	-32.618126	-50.541399	12.690320	61.843853	-72.737735	56.764910
	57.645131	-58.410223	59.396675	-72.140760	-23.270043	-20.897807	-1.699511	-50.938152	42.652409
	27.719883	-44.754123	19.690609	-31.291564	-15.748457	-36.094848	-5.602297	-36.586261	18.149126
	29.438143	-42.377382	23.230805	-44.655269	4.266301	-25.110558	-12.200049	-59.730282	58.055876
	13.484949	-49.319089	22.095803	-54.856384	-10.102076	-39.279185	12.580024	-63.441798	30.575218
	30.477132	-42.921975	13.410274	-19.048814	19.277924	-52.684574	48.199153	-40.813208	53.103164
	7.259306	-49.186447	28.579973	-44.855094	7.811089	-59.519703	8.108419	-15.090337	66.744258
	17.152828	-26.425854	12.234995	-35.733914	55.325997	-65.301212	40.023412	-46.114487	67.888513
	-6.553762	-36.409021	22.795389	-39.252489	31.361099	-56.963790	47.887293	-71.858397	50.096500
	27.442917	-31.436797	8.744876	-30.348428	37.085129	-43.233380	46.690461	-41.969488	31.405677
	8.917965	-34.975255	12.064835	-8.499980	32.447712	-3.835954	26.064038	-16.090066	12.431987
	13.375082	16.404103	29.636776	-10.386274	24.708844	-29.321752	37.530061	-27.379145	-13.020211
	2.980924	35.883056	40.324751	1.282097	34.611325	14.375454	50.100963	-40.729469	-39.103963
	27.976083	47.295574	29.679220	21.267796	10.027413	10.630678	10.018500	-5.871082	-15.527075
	38.327170	70.141511	9.310715	44.329100	-5.804243	-9.695877	19.735676	-16.158382	-70.146861
	15.436806	51.113400	18.300789	27.487209	-5.828295	-12.953512	8.299846	-5.302968	-51.652514
	7.595269	-8.439872	15.105385	19.942997	-48.709757	-12.105662	27.598033	-5.774559	-42.187251
	-6.160784	-36.099484	16.409978	22.397957	-64.506567	-7.473167	12.026605	25.511870	-49.336404
	38.220705	-62.241042	40.359278	2.827299	-60.357122	7.316755	19.666973	-10.211338	-14.972081
	53.126508	-92.035189	40.214454	-41.948334	-80.569965	9.305116	17.909095	-21.877594	2.674835
	21.901130	-40.871269	36.024838	-59.986137	-41.301936	35.753424	-38.692668	-0.782990	-23.108140
	5.160779	-33.492642	41.133832	-12.016762	-23.003795	27.548750	-47.624351	18.457644	-5.993249
	-2.413672	8.368733	49.038276	12.588929	3.811308	17.365813	-41.208339	2.277182	-26.965890
	-7.319971	16.045493	26.241496	-17.886501	8.497105	2.756966	-61.351971	0.263000	-26.533736
	0.946614	-12.957803	14.769909	-36.150118	-27.125246	12.822635	-20.440187	-22.144627	-33.581767
	5.264977	-0.402536	31.717731	5.115120	2.839203	7.006937	-13.671905	-19.518998	-6.624819
	12.244421	-1.685875	20.198715	-9.192514	6.938021	17.886988	12.748737	-15.874611	17.569538
	-1.451133	20.803513	16.557681	29.433409	39.621744	5.243535	12.401420	0.595826	24.754839
	35.905127	32.443283	8.754385	37.896978	71.430294	18.478779	47.982124	-21.910039	6.771511
	17.855020	39.985017	35.801691	56.206851	94.414003	12.079048	40.893460	-1.408836	11.863452
	4.019040	52.294577	27.750779	71.025923	85.161477	1.123353	33.071575	5.148905	1.430041
	20.782053	78.139373	15.553554	72.540489	89.822734	13.224442	69.892815	8.489604	4.377375
	5.749454	55.443626	2.920248	46.132727	73.847889	20.764426	27.231972	-0.594801	-26.338387
	13.639950	58.458192	-8.833823	59.628331	65.290984	38.714466	33.445130	4.772999	-10.115949
	30.037544	40.821237	-11.471158	58.578835	40.484688	17.855676	5.689883	11.941360	-34.786000
	33.753226	49.855577	-29.556074	92.571424	28.221294	23.231438	36.529266	24.692654	-18.526075
	20.321889	44.241243	-39.663132	-0.869675	9.424651	6.215698	-1.815176	22.062150	-29.363051
	6.840249	21.818877	-46.182281	14.774564	-8.916605	-7.929271	-1.291114	-0.063513	-30.580271
	26.699816	31.511897	-36.717582	20.942489	8.031744	9.372906	-10.659089	7.271854	-49.485828
	18.223920	36.757698	-57.661425	43.857355	-15.426778	-1.094347	15.360345	43.025885	-27.351244
	16.692998	41.951388	-42.865469	-0.435593	-1.373139	-27.147875	9.476609	-10.617293	-29.088084
	10.094945	30.080340	-29.713571	27.507319	-5.715398	-15.386540	41.349696	24.615864	-60.797918
	-1.949103	36.399257	-4.804630	3.972428	19.564461	1.835044	-13.613725	20.782634	-23.478782
	-19.527214	38.019340	-31.167929	-16.034196	69.768293	-15.335567	-2.654365	12.136361	0.489222
	1.044284	56.171694	9.719134	-2.451780	59.428692	-12.642139	-23.470315	-11.799683	14.962241
	-0.686004	52.816410	5.283862	-22.702052	62.216648	1.330732	-23.677818	14.569967	9.054178
	-9.825578	34.390743	-7.679402	26.465087	76.722506	15.973226	-15.228092	29.154789	39.229892
	10.129124	15.791173	10.343476	51.372120	44.915364	19.129136	36.236264	-2.956989	20.224127
	54.859127	2.334812	37.107351	-1.367569	64.307276	17.104282	70.849941	-32.365268	55.197054
	75.322354	-48.512875	51.785113	-38.975773	-0.147152	45.767115	88.981683	-44.246234	39.373714
	57.359623	-36.851795	66.151816	-29.641453	-15.713910	55.633070	77.685451	-31.451251	24.615893
	56.660282	-35.529914	71.162767	-9.308715	-50.028740	52.748312	79.528950	-6.057024	-6.250876
	25.158147	7.439205	30.782021	-5.916154	-33.340345	57.310525	53.540923	1.833893	-15.049352
	-1.236807	-8.582433	28.384532	-20.752198	-73.573710	65.268625	-3.442093	-0.203759	-57.970364
	-20.425922	-28.205448	-1.500717	14.988037	-108.810213	41.189349	-4.304484	26.002273	-79.255028
	-31.183394	-47.370200	28.283473	-3.450529	-95.066958	36.734890	-12.445330	16.718805	-60.663510
	-44.092787	-33.470372	-26.885149	15.521231	-76.151979	31.253452	-4.209657	20.914033	-75.412613
	-8.909326	-25.581595	-20.518575	-11.402553	-77.623595	16.246647	-14.512643	13.029270	-49.406652
	-26.588269	-27.870740	-32.476093	-13.178956	-62.718016	16.851895	-36.189932	4.956439	-66.301979
	-30.517725	-21.180378	-34.817320	-13.972227	-54.914613	6.774911	-14.014218	21.546178	-60.379124
	-35.330541	-23.372769	-22.770363	-1.230778	-55.101540	7.756445	-45.998424	22.531100	-46.943547
	-25.509734	-17.570062	-33.029631	-3.558971	-49.664622	-0.782959	-19.746909	4.878654	-42.673027
	4.893155	-50.094572	-15.145113	1.538918	-78.927151	17.715537	-23.252574	3.479729	-38.076821
	-43.778171	-36.983090	-21.711866	34.130061	-36.151790	6.626585	15.260118	35.935506	-23.164280
	-9.863317	-10.893512	-33.660822	22.721669	-16.673396	8.662339	14.776645	-2.098882	-1.896829
	-14.749415	-0.152225	-22.132749	28.849251	-33.835281	23.112312	36.609774	15.933065	5.373976
	-3.087389	-1.048104	-24.922204	40.423787	-6.126856	15.360348	32.045981	-2.413957	-47.069825
	6.885007	-14.037315	-17.888358	49.669973	-5.175906	-5.422937	30.246797	27.157601	0.394784
	25.822124	11.387186	-17.359504	55.948555	-0.636687	0.639338	24.856863	27.418185	-5.594158
	20.586340	9.413735	-7.544723	71.542922	-1.899718	-2.501270	44.747754	40.589266	-1.290819
	26.271401	26.812778	-10.037854	94.666330	-6.445610	-3.926178	27.023749	42.835608	-8.721591
	43.752604	30.075098	4.654750	61.148779	29.231141	10.450477	31.737672	22.526707	20.802087
	33.272270	-2.572735	27.331925	44.270556	20.841838	19.761789	20.308829	7.736053	39.373625
	-1.253765	2.403461	15.182532	51.580169	26.085009	15.539342	16.806099	5.370213	70.328196
	27.020934	3.121232	28.815375	-4.439370	21.629398	-13.193376	40.759155	24.344865	63.082156
	12.890739	14.619145	45.595930	9.372390	46.386612	-7.123256	34.156462	-22.263001	73.168291
	13.035983	-18.864188	47.526927	19.222105	10.969627	-22.912325	46.110170	-14.018271	82.007606
	7.170646	-20.370910	37.722334	27.811368	-4.081280	-36.678284	42.708344	-3.257915	66.856173
	15.064244	-31.538024	46.352823	38.693520	-18.194026	-15.141950	44.109431	3.657280	66.849065
	37.433166	-18.487345	29.954958	20.752507	-19.393944	-10.746792	47.111391	19.580904	78.104893
	8.345239	-0.811834	52.220102	-25.113401	-2.607636	-37.003682	39.372340	-21.726177	81.716202
	12.688948	-18.547368	48.352504	-0.089856	-8.628831	-36.571807	34.447729	-4.956359	61.980738
	36.346018	-13.115225	38.515982	9.140138	28.568532	-35.255195	11.400327	-17.344061	51.786712
	-2.606121	-9.904492	25.339993	-4.855970	1.435866	-35.004902	-9.842994	4.469001	39.576735
	8.202451	-5.412733	14.681424	-42.685509	42.237827	-36.821894	-42.410848	-36.888897	51.413891
	50.534006	-24.342999	41.835155	-27.591590	51.227218	-35.762222	-45.067376	-51.631185	73.785052
	31.371058	-20.668022	17.892378	7.457591	39.619848	-27.783442	3.143962	-24.537066	66.413667
	53.046791	-0.513137	15.635918	47.523014	65.505345	-37.729249	34.779135	-15.942260	43.123067
	58.739874	-7.674402	11.756435	49.989108	63.902967	-30.075103	46.603121	51.701247	69.643831
	34.697956	-3.427981	13.474433	20.685617	78.295469	-20.769908	49.217500	-11.731419	41.859725
	20.214838	-29.855463	34.106309	-36.289442	23.086919	-9.856835	42.586027	3.755792	16.861286
	-15.746270	-33.134676	4.812688	-23.487740	8.324324	-4.446484	19.493554	-23.335230	20.608908
	-13.824440	-52.655082	3.775088	-48.972471	1.984517	-11.646280	-37.959306	-16.884172	20.858222
	-32.838155	-16.704281	2.002410	-53.290799	-21.058077	-17.302296	-6.310325	-12.851745	-2.682348
	-38.920296	-27.089426	7.534922	-87.023421	-15.973770	-8.983881	-78.139468	-61.453357	-4.520682
	-40.160523	-48.650409	16.402838	-48.099836	-30.822990	-26.852480	-57.270623	-51.119697	34.553291
	-28.888841	-51.967344	6.565354	-26.853672	-27.843442	-26.417926	-24.093522	1.392540	20.073294
	-3.410583	-30.146305	-8.869936	8.511425	-62.211287	-21.123944	-6.062307	-5.694937	-3.681537
	-39.191098	-26.398060	-14.029823	-31.086040	-33.910229	-22.575623	-25.077738	-27.284960	8.614483
	-30.230596	-66.018047	1.414577	-66.497561	-52.854443	-29.943621	-23.965431	-37.695839	21.569125
	-7.223009	-68.077022	6.301189	-20.818448	-41.186316	-7.699370	-31.319390	-23.070482	28.343893
	-22.463917	-53.313705	-17.963046	-10.899338	-26.092961	-5.923094	-20.540931	-16.189668	50.875362
	-31.860320	-51.317812	5.118533	-43.283724	-8.502202	-20.867571	-30.282889	-25.675237	33.639890
	-12.474904	-75.481663	25.229240	-31.130892	-16.545848	-20.274884	-19.194093	-58.630373	70.486390
	-31.231351	-82.807983	-0.355899	-35.703555	-21.360367	-5.408714	2.731952	-19.657675	53.137270
	-71.417136	-49.017909	-3.219478	-26.409835	11.008966	-7.213066	-3.765398	8.756167	59.118330
	-31.137010	-26.939003	-7.187716	-11.678402	0.880072	-20.264492	-23.093179	1.046368	47.395279
	-20.379866	-21.599370	-4.744366	-19.538783	16.489140	-4.591330	0.779591	-47.865554	25.135915
	-6.441042	-27.907723	-14.176203	-4.856668	18.999041	11.293680	-25.498677	-26.803708	45.183792
	-2.917608	-10.569255	-42.543662	21.393520	29.242863	-17.076141	6.693578	0.570414	46.916340
	-52.702849	-3.378245	-35.044577	17.353118	17.329033	-25.974065	-18.989838	11.389871	7.589531
	-9.800008	-37.011554	-16.197557	-67.321818	-6.116859	17.117631	-59.643587	-13.278227	37.408764
	-6.077463	-81.879964	15.873941	-115.150879	-34.981104	16.609445	-20.261683	-68.305300	31.140199
	-29.265034	-53.616509	6.249499	-27.694362	-16.868833	-19.910623	-18.600758	-31.860141	33.084198
	-14.517402	-54.672265	-11.837173	-3.791519	-13.270881	-16.964047	3.556728	-11.806605	33.301049
	11.898909	-25.208469	1.355289	17.587038	-10.167623	-38.919237	47.133797	-30.202800	10.773731
	29.039754	-28.798847	33.437780	-19.653892	-5.991532	-8.263866	26.482712	-33.576783	35.311869
	32.825765	-38.847073	29.041146	24.410453	-10.213668	-26.395504	61.182135	-4.527043	41.923937
	41.349170	-31.808258	30.435254	65.297910	-18.260429	17.169812	91.996714	21.595379	41.109209
	43.367277	-24.491097	19.209343	75.089005	-15.901347	-12.724015	78.828145	26.321594	18.110693
	65.975784	-22.805340	17.449300	20.142323	-16.430888	-2.989158	40.129281	12.013610	29.269299
	82.230355	-43.495334	23.078722	-21.538633	-43.393475	11.832732	43.499762	-25.083850	40.176515
	34.720125	-34.715717	-7.627071	-11.120685	-77.413407	12.024000	27.368326	19.431615	9.767882
	12.423862	-46.451899	4.326274	-18.520940	-67.692008	-4.436997	-43.260957	-12.667690	16.921799
	13.633423	-60.620989	5.887333	-38.416986	-60.784344	-33.850589	-60.297275	-10.853385	15.727029
	-22.354530	-67.268704	-1.736391	-55.757595	-76.749312	-42.458742	-51.049804	-36.832674	3.445792
	-16.066807	-52.489445	-2.237315	-43.714311	-23.427285	-25.133762	-35.562341	-20.966455	11.439999
	-35.240414	-44.853227	8.406612	-18.272139	-49.263736	-24.691809	-61.828146	-14.866873	-19.642998
	-34.873000	-22.369207	-28.739894	-13.634965	-24.095396	-42.739503	-51.917380	-11.644527	-39.756821
	-53.839719	-48.019274	-43.465735	-66.167537	-57.475814	-24.889274	-72.739828	-18.632773	-54.247167
	-50.758848	-26.269108	-55.208061	-20.424848	-72.419353	-16.903846	-84.672262	5.393902	-60.746577
	-13.478524	3.422081	-69.150968	-8.240011	-56.743180	-21.594080	-85.843393	34.035339	-42.143738
	-32.240373	7.237655	-65.628449	-15.515262	-41.460011	-29.981503	-85.830951	30.786970	-84.026776
	-44.510368	-4.483918	-44.757254	-37.122929	-45.216442	-13.188959	-77.871347	15.367744	-89.818455
	-47.528438	-0.864172	-20.281802	-56.528464	-52.665288	8.721926	-80.599167	30.586828	-42.568133
	-65.400190	7.455085	-40.810247	-48.118665	0.229298	12.548769	-69.018890	6.611276	-34.952231
	-45.572814	14.355359	-51.915901	-67.138428	37.394963	21.030426	-67.001210	-1.264814	-18.814326
	-49.488980	12.920790	-19.229960	-83.944603	60.524669	3.689816	-96.120338	-9.907000	-2.581120
	-28.562379	-20.192030	-2.501748	-116.951875	37.674308	-4.076633	-50.157214	-48.047480	17.419848
	-31.447049	-14.955712	-0.419748	-80.530393	56.925630	6.739480	-75.067958	-16.135987	25.146655
	-25.086261	-16.483407	4.482247	-44.996360	36.683199	38.549809	-9.039231	-14.996982	24.105667
	-27.192076	29.821075	-15.325554	-14.453188	51.649634	21.160722	-35.635399	-13.936749	13.483235
	-11.696987	16.407409	9.151693	-49.895021	54.713836	25.661206	-8.047568	-2.513218	64.432623
	-16.899972	43.285912	-2.921507	-6.616355	87.884553	16.803454	-15.248942	-11.989137	67.661859
	-17.121335	48.740708	-3.087867	50.083074	89.537536	7.395448	-6.336705	25.387912	39.636740
	-13.427146	70.917186	22.275925	10.631497	81.181950	11.201455	-7.295256	40.471684	18.908852
	15.640662	36.143291	56.598874	-36.929983	41.602361	-5.746707	-16.720005	-11.851102	18.894860
	-11.866141	39.648795	39.588979	-25.243423	10.235200	-25.603347	-25.392866	-1.385467	-5.059885
	-11.255586	16.639195	32.215185	-46.417973	-26.384005	-36.666420	-39.163401	-26.027333	-17.112263
	-4.958716	-43.162524	33.870461	-72.048076	-64.746385	-12.097574	-32.840146	-20.262591	-35.978647
	25.466246	-69.408094	37.019264	-80.635617	-80.710522	-25.947562	-24.855031	-55.413799	-4.138802
	34.298803	-94.515506	41.783848	-64.089683	-100.369490	-7.814805	-11.433077	-32.362391	-23.061270
	35.535341	-35.695224	22.893637	6.628713	-65.047502	5.224554	38.703062	22.694732	-16.747623
	32.263859	0.041825	1.782088	38.346732	-12.967174	12.904951	10.611787	52.114328	-18.799493
	43.991085	21.342821	-7.840045	69.370175	-4.980220	2.987638	61.218150	26.208457	-9.727187
	56.883263	29.209957	-2.264970	77.510865	-8.284306	4.745150	59.032308	24.082322	-4.846164
	21.295514	60.879625	-22.659044	112.002503	-20.499881	19.369221	35.742344	75.671143	-61.469769
	45.922932	61.415722	-47.819411	88.176312	9.717470	-2.727418	34.274565	66.108646	-37.714202
	12.986540	59.932138	-49.710998	110.544919	-4.769972	16.675943	27.759624	87.997179	-64.258290
	-11.063121	65.588162	-37.610657	69.426717	-33.236044	26.540642	22.001215	56.745949	-69.359074
	-7.914174	42.624151	-28.713172	41.020920	-58.091698	35.617922	8.961679	53.317277	-58.413473
	-14.159046	59.080373	-26.491016	49.426887	-31.732512	38.043547	-18.591532	76.782690	-64.707838
	-10.295805	68.683585	-12.621924	98.449058	-26.120721	50.835227	3.038246	61.122077	-51.014759
	7.828868	64.239022	-6.218587	56.524528	-13.341218	43.861960	24.313319	53.666079	-31.484687
	-1.849181	49.345485	-10.905219	51.232174	-29.979791	22.550530	24.826752	20.699934	-26.611601
	22.636535	52.529230	-11.192555	98.730036	-5.051332	43.940878	44.258121	75.735180	-41.770567
	-6.241612	42.067059	-14.960606	94.442202	14.630823	62.239869	27.870073	56.317637	-30.441904
	9.141712	14.285374	5.943734	38.272062	11.928648	56.890097	14.819894	25.904532	9.285895
	24.837473	11.762312	9.927873	21.856289	25.036781	52.397644	8.799483	29.616387	-11.849546
	23.894321	13.299763	-12.065265	43.471377	39.022684	56.674866	20.365209	46.748222	-3.855325
	10.905566	31.933380	-27.473191	101.055357	41.848216	40.293802	63.826301	49.549219	-13.277923
	-3.797802	22.322427	-26.201265	37.871407	52.443052	37.912071	31.299741	22.849391	-3.196789
	-18.006985	11.206501	-13.192276	-5.549816	12.048009	31.606921	26.281624	-6.565725	10.457974
	-34.621994	20.110830	-22.545805	49.784325	22.781591	26.889599	27.944724	26.898100	-14.388855
	-10.688182	2.612309	-26.347075	51.839496	4.099914	23.396973	22.357377	58.387735	-18.503803
	-13.116067	-7.719645	-22.847359	-17.844097	19.598272	37.164430	-12.600011	20.465341	4.444824
	8.790252	-4.217315	-12.460404	-32.827422	-4.123336	27.315615	-30.431648	-7.306313	-14.682397
	0.021514	13.980388	-13.779700	5.499330	34.398897	39.269334	-28.539418	8.799029	-21.718063
	-13.731519	26.817700	4.352605	25.361477	22.073452	47.650097	-9.513678	20.670382	-33.974721
	-25.185096	22.477243	25.334344	5.621135	26.455876	29.580172	-22.139662	14.004053	-2.582743
	-12.067457	29.874388	25.422307	-21.916005	37.290621	-1.508537	-4.660772	-26.186229	-4.831025
	-27.353208	67.999615	4.041322	40.542075	65.831006	29.458166	-16.413685	40.765433	-24.086219
	-36.655321	77.935186	-27.490216	56.821336	63.940181	10.254912	-1.214925	41.803472	-60.165788
	-9.487853	50.799423	9.603172	39.322852	61.538816	28.123963	13.729303	-2.107732	-31.412395
	10.538814	24.867492	-13.300155	49.348000	-9.393889	7.594121	31.151015	17.017719	-66.457797
	4.034598	39.132727	-19.591588	71.752156	-13.695029	26.051464	15.287057	55.931758	-63.910552
	-14.886139	43.720854	-28.415259	101.360270	-49.262818	25.630012	26.305571	60.795301	-78.666080
	-14.288018	-4.835727	2.480262	12.354853	-75.091102	9.123381	16.623914	-1.592799	-45.881786
	-20.787047	-8.233342	23.493856	4.003373	-124.198502	8.034966	-27.091637	7.518704	-41.315660
	6.750308	6.891483	14.208614	37.006714	-89.453030	1.495489	-33.695690	8.313291	-54.234526
	-0.160078	12.147383	20.307370	46.590949	-55.445224	-20.662308	-6.573884	22.934713	-29.555322
	19.574478	-4.014819	17.703004	15.288177	-27.157336	-12.184841	17.378582	-0.138141	22.826411
	-15.394762	3.987570	2.576380	74.754865	-41.881167	-19.023731	41.390913	20.356031	-1.135852
	13.626491	30.193295	9.818980	95.060274	-0.394549	-2.252395	38.774318	26.578932	3.594437
	50.991793	28.158756	1.205004	81.141158	-8.675354	-21.214988	88.736505	5.671040	-7.387558
	39.071718	-16.451892	17.113301	63.994927	13.350405	-21.596331	97.783563	-3.684910	28.134010
	23.663422	-38.790198	1.714836	25.775001	-11.852915	-16.492878	59.854982	5.294459	2.596885
	19.860113	-43.383828	3.892902	21.480046	-3.764812	-25.851576	34.944067	10.510070	16.422528
	-32.603078	-31.573618	-13.572322	31.743835	-9.602540	-28.427977	20.708795	4.713151	22.014127
	-7.793635	-29.029319	-24.731823	0.022013	24.564184	-79.268817	6.904157	-23.656711	36.574548
	-16.961088	-60.799568	-8.661063	-58.614367	17.579678	-31.776003	10.084918	-43.498490	60.709010
	-23.867636	-48.848535	5.202545	-34.351766	-1.646082	-28.990589	9.867954	-5.480392	40.541376
	-2.795022	-25.909748	4.771372	-21.325537	-6.071733	-20.622071	-21.752910	-29.938114	-28.098251
	-1.574856	-10.820464	4.515143	3.980605	-8.146142	-15.402616	29.358433	-15.889939	-14.308000
	-6.145759	6.244094	7.737751	8.205455	4.692755	6.170805	15.887858	-11.404175	-53.299876
	1.092492	33.089969	13.993352	51.381532	15.738339	-1.818748	54.217897	10.200786	-39.272377
	33.842013	39.192124	26.749316	27.118498	25.231077	-1.305390	31.550614	-12.391235	-15.851769
	8.805760	28.735811	49.359025	55.922889	2.704835	-21.553935	39.231306	14.630034	20.430248
	46.244516	19.977149	24.746518	72.078963	-5.832667	-3.499915	67.619257	5.491803	34.710072
	46.653301	34.602118	7.512078	63.230334	22.278359	-11.400775	66.471713	-11.127416	3.767444
	24.656685	29.243973	2.106384	36.956150	63.292843	1.955411	83.748007	-2.346907	-0.466664
	20.974373	28.549458	21.486659	36.253882	68.410876	-21.250060	53.701142	-35.711792	21.786634
	12.850814	27.597617	33.442181	-30.684154	70.111869	-39.191672	1.115485	-15.743351	7.123569
	-6.117803	9.152208	15.861729	-31.226324	51.290457	-26.366350	12.454680	-19.910266	-11.075054
	-15.086306	9.808684	43.309985	-71.379445	69.687698	-23.372025	-25.408521	-59.721948	-10.007065
	-43.890141	7.096030	27.667016	-69.537907	44.182151	0.508942	-20.425120	-19.934070	-2.137482
	-0.341093	-12.476605	9.561120	-87.699105	52.202103	-15.563576	-17.506007	-59.246209	27.444707
	-14.212783	5.536814	-10.800320	-56.876821	9.894999	-12.048164	-22.533258	-33.857616	23.800609
	-25.704091	-1.982091	-20.686451	-52.767751	-3.827248	-11.767913	-30.111269	-7.508235	8.059711
	6.484218	2.636541	-26.946153	-60.020194	26.916979	13.794500	-37.802238	-40.221284	28.509948
	13.739580	17.443014	-20.383286	-85.489836	43.034249	4.627793	-82.521700	-13.105643	22.627432
	18.372595	25.954784	-12.681172	-38.894629	54.355456	18.627531	-49.308152	-9.864918	34.736826
	12.933860	25.213772	12.237148	-4.495467	8.397342	22.826101	-27.103556	-22.871794	17.417509
	22.793788	66.795424	-7.699422	-3.332570	44.731960	-3.904136	-4.751445	-9.623417	36.382096
	47.241288	23.365656	4.616595	-76.266438	20.034512	14.639001	-23.863095	-39.796982	45.900230
	15.217563	-7.225847	-9.425532	-105.038177	-4.123588	17.152485	-44.557560	-36.826724	32.624763
	-12.363178	-6.659574	13.259156	-125.472990	-45.355139	5.322004	-48.424962	-54.726425	22.319426
	2.540703	5.339086	4.832426	-96.241888	14.570833	-5.603454	-40.286489	-60.451194	57.513049
	12.457090	-3.567517	34.366147	-85.963682	-5.151402	-18.563426	-30.255613	-52.542137	43.391002
	-21.701702	30.998988	30.153962	-63.593238	32.259095	7.468478	-7.520461	-40.319240	26.248390
	-0.506556	20.721091	10.539565	-68.564576	1.132338	2.709686	-19.821665	-28.559040	23.880695
	9.762059	39.201992	-13.721328	-80.010775	28.137087	-7.485632	-56.819238	6.081875	-8.763316
	4.830433	26.081657	-19.616051	-93.925453	2.945914	-4.995803	-41.701599	-26.691083	-28.260922
	2.562880	28.043442	-24.006931	40.034209	5.228302	14.136933	-0.148916	51.740401	10.902316
	40.818719	48.753271	-17.253201	197.163182	35.457409	4.360611	97.824124	92.855460	35.883396
	9.003693	38.382985	1.478130	95.383337	-41.660400	14.986371	40.488170	13.653350	-15.208507
	9.270240	4.833313	11.765202	53.449052	-65.828009	38.872962	35.155771	33.167772	-8.213278
	27.238025	-72.482170	12.740227	-10.387649	-39.762348	24.356707	65.411538	-0.623485	41.621771
	18.765186	-106.602487	19.727450	-58.076736	-63.427177	20.302605	-20.991617	-48.925159	25.523608
	56.703065	-115.985590	41.484168	-73.301880	-58.319121	45.747809	-25.236312	-59.839993	65.603078
	15.919492	-60.205112	3.429873	-48.976246	-56.007840	-0.802072	-60.210795	-23.326436	5.992391
	4.373871	-56.428259	8.453043	13.146422	6.059932	9.133867	-26.771697	-14.109908	62.643225
	27.691342	-76.653000	26.401622	-15.587924	-25.222649	-8.243853	-3.761273	-26.670422	44.593290
	-9.139390	-103.062620	57.171033	-79.172044	-56.478880	-2.736448	4.227630	-84.148027	40.152875
	-66.746859	-96.423417	10.051790	-45.931184	-107.575084	-2.811621	-11.335170	-25.943589	-38.241921
	1.353937	-121.176058	62.720501	-109.450333	-94.777878	29.385748	-26.547091	-56.903323	1.582211
	22.995974	-102.574824	41.674543	22.234769	-87.974928	36.167931	29.115550	15.838639	46.308313
	40.700706	-54.097152	87.320492	-22.889024	-38.228912	9.189852	34.864306	-31.813394	65.487536
	62.375849	-58.843555	88.056501	-54.390342	-26.392808	26.547944	31.476588	-76.892741	69.402665
	42.438844	-47.983155	80.783879	-5.419358	-36.748037	30.471652	40.883688	-26.100022	32.300063
	41.814553	-43.580919	53.785000	-58.504781	4.114308	11.587910	29.685826	-65.106654	30.141668
	35.796402	-37.055853	41.602052	-39.395140	31.862319	24.480916	39.199728	-63.248937	68.653273
	43.094116	-17.623395	26.873468	-20.666418	17.000442	5.719129	19.076046	-49.503329	40.544399
	20.977237	17.949880	-20.763645	-0.483659	29.904414	12.784109	-24.770185	-2.420949	-6.147070
	31.207584	32.227654	-1.728914	-15.422124	52.273189	4.412997	-30.876433	-28.704605	2.449988
	35.909344	52.168632	-5.637709	-0.699077	67.704488	-3.376906	-7.750343	-8.176852	5.559654
	12.901320	13.021010	18.368570	-30.330283	33.751519	-13.123121	-15.768632	-5.091900	1.823992
	15.873084	12.733173	-11.760199	11.897765	27.552763	4.930367	-13.326889	9.770827	-22.764566
	27.392630	-19.543486	-42.104150	-34.035521	-15.702928	-2.918517	8.440131	-15.816385	-30.461513
	23.622763	-8.368143	-38.184806	-36.389512	-49.551795	15.892510	1.912719	-18.669704	-33.133290
	-14.683934	-31.165460	-39.163701	-52.804997	-55.438623	12.687439	-21.444596	-37.696102	-77.861682
	-25.667109	18.442156	-51.090075	-6.430852	-67.901174	27.835596	-20.680506	-5.640737	-93.221046
	-14.725855	22.098697	-31.789222	-17.613351	-66.813436	15.725822	-86.067700	9.857512	-106.849065
	-25.327425	30.168993	-29.263933	-3.612330	-45.403321	30.505808	-70.629142	-0.504993	-112.085816
	-21.097380	46.153512	1.959609	-48.279904	-35.480858	27.484217	-54.955810	6.005317	-82.661473
	-10.653044	33.043506	17.899179	-27.014509	-24.434788	-1.293827	-47.812656	-4.790280	-55.055350
	-13.272633	6.634807	-6.715061	-25.298629	-41.729442	11.396119	-35.287759	10.631323	-42.510963
	-24.436654	-17.113405	-13.132046	-4.909049	-15.377885	20.501169	-38.091797	-4.393568	4.091628
	-22.933584	-39.602597	-13.320133	-33.285866	-23.949968	21.014430	6.813650	1.087696	17.527614
	-16.098925	-17.084398	-17.509917	0.751407	-14.172807	26.899132	37.061229	3.883706	31.979017
	34.600099	10.114162	-30.494758	36.548793	8.447411	25.843544	16.277639	33.362853	25.924735
	34.412314	48.944034	-4.591115	98.069297	25.315324	31.611509	78.137451	45.723006	32.559107
	18.837842	24.726660	7.302182	41.553139	43.950110	25.414168	66.380535	34.383708	54.811747
	31.301160	42.588468	27.928420	51.054155	44.692666	0.604696	85.666510	-14.371413	37.746247
	63.940263	65.426901	-10.628458	46.071831	67.981776	-5.837510	68.546637	22.479020	18.481597
	15.982811	64.300168	-3.869312	62.033204	77.012819	-8.492149	42.603052	17.960260	16.055620
	31.501078	53.310744	10.959151	38.285241	44.041733	-14.600792	34.117445	13.533415	16.984941
	-8.409062	20.896998	-5.192038	10.317682	19.613033	5.888822	36.271585	3.917881	-10.182254
	0.327486	-2.663984	-5.955777	6.489428	-12.400127	4.999030	14.574190	29.707059	13.673923
	13.820007	-25.996631	-25.062452	-6.031676	-63.496856	3.873792	17.904594	12.409234	-3.113453
	-3.534585	-35.467309	-54.822179	-7.055444	-68.712421	-10.679706	19.893449	8.861358	-28.158623
	-11.885187	-58.960124	-23.316070	-69.103360	-84.045576	-3.683966	1.504787	-14.480973	-21.506233
	-27.153221	-7.333077	-22.638708	-23.132187	-38.209842	-2.219168	-4.505445	13.992501	-69.967069
	-30.188195	-6.760733	-14.532440	-15.027638	-31.752324	19.151720	-53.764669	19.354309	-77.993345
	-21.564628	26.661093	-3.614269	27.269613	-3.348822	15.575002	-31.717856	15.925258	-56.205137
	-27.394967	13.764871	-4.869294	5.443760	-11.246286	10.436209	-31.124755	29.495500	-47.200297
	-9.145672	-10.956960	7.559150	-26.907369	-39.938923	9.105936	0.845264	-7.133305	-52.955918
	11.737292	-30.337960	-16.221832	-5.432426	-14.524227	22.163650	22.998471	22.592997	-12.305134
	17.028877	-4.987781	-1.453560	-26.885844	-43.165590	35.597009	17.109256	-22.483162	-18.209505
	-14.629116	-1.607506	2.296628	-32.945238	-48.158677	30.273632	-7.961295	-0.325593	-12.876521
	-14.342650	-19.096609	-2.415862	-32.376315	-53.210496	26.332955	-32.485382	8.409090	-22.152264
	0.868888	-7.713410	-4.408758	18.660454	-52.279263	29.978641	-21.711385	26.290460	-31.134322
	-36.297056	4.914941	6.459975	4.534210	-44.994779	0.453889	-74.416819	6.207928	-40.531328
	-5.120752	21.922752	-4.908995	42.795867	-12.484702	-24.335495	-18.724759	13.485608	-29.753624
	-24.420094	21.682885	-25.075462	7.493116	-1.176441	-20.193487	-0.173064	-1.064129	-7.823677
	-1.630536	1.703311	5.981758	-3.252814	-8.370634	-15.283345	-1.540659	-1.344817	-1.994510
	-9.882438	14.799199	-21.524089	-4.057574	44.128268	-23.035124	8.668241	-14.535291	16.411482
	-19.747555	45.869725	-45.882810	44.534001	61.569662	-15.816077	19.309963	39.558021	1.216798
	3.260702	25.763581	-8.513588	32.395840	48.960216	-8.013686	53.949091	-3.149662	0.913044
	2.168238	36.632875	-12.905274	65.844696	11.542483	-7.241145	34.442334	-2.384812	-15.047561
	-28.580189	54.197194	-6.480917	56.514264	15.624302	-30.834688	25.754895	26.834159	-25.659566
	-20.883843	52.744261	-9.586344	41.407303	16.123334	-26.915033	-34.123477	22.929542	-22.759044
	-22.003193	57.577435	-9.899082	42.575276	32.434460	-4.010982	-34.998357	51.049132	-31.067887
	6.442514	64.641102	-13.011425	4.438483	39.654386	-37.939496	20.674682	19.683474	-56.755175
	1.903603	66.257385	-11.743254	-3.575792	43.107726	-11.025419	-7.652117	27.256309	-35.266160
	23.342381	27.643229	-29.743121	-30.688901	69.604264	-8.571018	-39.435964	16.817636	8.477656
	-10.892428	2.100192	-32.055763	-46.969887	89.718341	-26.394467	-49.618693	18.034025	-10.059307
	11.778425	-43.707436	-20.533281	-70.633936	74.263692	-22.988375	-24.701534	-31.763954	29.117144
	11.785890	-63.391534	-10.463022	-71.689824	39.558618	-33.056884	-19.735593	-39.992546	29.232723
	-29.332718	-62.339952	14.390654	-90.872509	31.559778	-40.340009	-41.512466	-40.529773	14.765607
	-14.451078	-52.233909	13.988902	-55.686868	-3.398418	-49.117889	-52.405103	-30.458518	25.262980
	-52.259794	-69.349852	26.102742	-91.110722	-14.650184	-23.677050	-32.186170	-45.101915	45.793559
	-30.176275	-42.660120	45.358517	-78.576762	-15.268672	-23.616912	-24.110673	-27.204154	5.652236
	-34.786916	-42.579159	11.537050	-53.165726	-5.910360	-8.408163	-59.368278	-17.054537	-10.959593
	-8.041020	-21.165758	3.346321	11.833625	-16.928226	-33.889958	-6.558007	39.259705	-0.574948
	-20.381849	5.196254	1.697259	-8.800284	21.668409	-45.417661	-15.461727	7.920328	-31.088002
	-9.248514	-3.665273	12.939824	13.551901	12.561231	-22.648014	-1.893968	1.530669	-2.198117
	13.611818	-2.165656	26.696071	26.525441	56.156741	-54.523866	-8.506855	33.190177	69.623827
	-3.531603	-28.772767	31.154824	14.236713	35.408100	-18.932316	2.850083	34.104318	64.516036
	13.551712	-22.966438	9.973904	40.245730	36.051497	-26.211257	20.123756	39.832836	79.541732
	24.516822	-45.893227	16.868621	2.871232	6.776508	-25.712093	35.617131	-16.176958	90.980597
	42.903165	-39.663225	36.470278	-17.871257	2.621105	-19.611933	45.647976	-34.037447	96.057943
	38.756905	-8.719002	25.338652	-3.361119	15.133724	-43.769914	15.071419	10.226155	51.978275
	36.680739	14.264684	-1.469075	30.381260	15.934152	-54.109405	9.932350	48.450503	13.558749
	28.564365	29.247314	-20.255606	23.910135	45.926090	-64.495593	-0.728208	9.811462	23.128575
	35.725517	25.518706	-39.506272	53.322546	53.308320	-37.212118	-22.630174	18.212385	11.636291
	9.174976	50.266472	-44.567092	96.978457	41.489766	-41.410420	40.493667	32.844429	-47.970746
	-3.551141	82.591243	-63.994978	115.693381	34.942138	-46.264410	46.675081	62.136542	-86.550388
	-10.575267	99.648656	-47.890719	131.761342	62.812738	-26.233807	46.458660	64.042947	-56.953811
	-3.107262	84.363412	-53.370160	79.166097	23.006398	-39.013058	28.741974	46.337014	-72.543391
	-21.956899	74.826031	-25.944006	88.748686	23.108446	-18.470074	46.246294	40.366544	-28.129478
	-6.320257	85.072947	-25.266981	84.015973	-0.471506	-36.874721	19.481887	32.530629	-51.384522
	-23.611047	88.456006	-12.242742	69.098257	-4.919153	-9.332521	44.295165	73.306556	-21.965547
	1.610670	77.779927	-19.905967	105.197881	-21.900849	-11.798585	63.514366	64.766499	-75.874211
	7.400015	85.286406	-17.167914	120.489981	-6.904668	15.762180	97.927364	49.478021	-67.073834
	-2.350185	83.707861	-4.513785	131.349402	-36.190633	4.178072	74.712985	46.027527	-67.108297
	21.604242	79.215935	-30.159633	135.434416	-25.293919	23.410587	55.715401	24.539464	-63.391646
	17.665383	47.179784	-21.692296	65.473588	-15.108272	5.378927	22.757036	25.180407	-25.827225
	26.636725	12.528215	-5.024814	-15.575646	-38.422099	22.713806	-1.708151	-15.670136	-14.386002
	20.369858	18.366216	9.345131	-12.272534	-31.992294	12.017052	-33.475082	-9.855501	-9.976583
	-9.215351	16.376434	-9.027308	-7.891697	-23.675272	-10.673707	-34.618193	11.468043	-12.776774
	27.493314	55.448690	-11.508738	35.562876	5.864335	-5.249450	0.404030	17.679998	-33.428494
	-16.584130	46.040266	-13.895232	22.396371	19.396100	-19.358907	-44.591807	-12.162891	-13.783321
	-2.385581	71.181161	-18.505671	36.846483	48.558667	25.304470	1.055069	1.111779	19.575468
	-38.138150	76.362726	-17.426307	48.570520	64.972054	-0.651985	25.879737	33.508766	12.766867
	-10.436915	83.412747	-54.055652	108.842243	70.850323	-0.102968	8.737144	65.463219	52.115138
	-23.503546	68.232291	-32.427880	-3.866200	89.132699	-5.006263	12.531725	-6.731662	60.341591
	-16.565308	59.763527	-14.020000	18.577677	47.696672	0.194770	20.927525	2.089089	59.640316
	4.558334	87.099595	-41.714697	47.730407	58.456279	-9.215482	11.528557	37.629830	5.592651
	3.085747	92.956464	-31.065535	74.712719	26.573732	-29.176086	51.236472	40.219216	-17.478477
	13.775478	83.506548	-35.030981	94.130544	28.596237	-13.158935	62.334307	33.816334	-8.105937
	-11.894414	48.851740	-35.682518	-10.186186	-25.024938	5.080370	9.677352	-14.439987	-31.309943
	-17.500615	26.599579	-12.366807	-42.566207	-35.304939	0.346777	-33.092581	4.159462	-40.876460
	-30.966645	17.877872	-7.858106	-47.317748	-36.758630	9.465902	-51.699896	23.634753	-46.425863
	-27.655720	-9.283795	-28.455640	-9.632648	-27.106171	-19.486248	-54.245987	44.379981	-29.008697
	4.537678	-21.965819	-41.796980	-65.250014	-8.617944	-32.439449	-37.250164	9.989095	-47.316732
	-3.789769	-24.110420	-27.837071	-59.309818	-9.496202	2.210626	-46.111454	-2.172612	-48.715518
	-28.434349	4.372320	-28.460629	-21.872914	3.832773	0.297025	-14.804719	20.758631	-39.711810
	-3.398888	19.030112	-9.493384	-4.330085	9.378914	7.477771	-31.596337	-2.173436	-9.026440
	-16.926992	26.266352	-3.103413	24.972238	27.972136	9.479636	-28.294363	15.283800	-1.949227
	4.997975	30.067250	5.112257	24.281998	29.783785	3.715254	14.659926	1.221534	36.052207
	15.946914	51.150478	7.708195	70.456450	45.034614	14.288008	26.365768	14.895548	32.859432
	46.091278	44.528900	26.076678	35.204101	47.155593	17.501851	43.503821	2.089470	54.087524
	19.250665	62.046670	34.602816	76.417212	59.038043	22.746381	85.472832	28.291831	44.569386
	43.502228	42.860288	60.838100	35.095879	48.371984	12.121635	44.857471	11.880820	50.837509
	62.205210	31.123918	67.811374	20.873441	58.724511	16.312348	55.132137	-1.852768	60.295031
	33.770317	29.214204	47.787948	49.997067	44.008427	-14.912394	72.362133	-16.696453	36.681423
	30.936375	23.835510	49.671016	38.724796	32.054340	0.142134	55.369815	-17.680426	35.042205
	38.809224	4.040950	48.894869	50.383784	8.830230	-3.833812	44.857888	50.629672	24.460653
	17.747835	-30.242651	48.391759	-9.807524	-2.036345	11.585349	36.565290	-3.629190	46.944042
	1.454421	-40.621317	62.677659	-10.469183	-50.963083	23.942891	-16.537830	14.935280	19.960161
	23.181306	-41.298694	42.547082	8.470575	-48.627951	13.812853	21.027610	8.451091	12.140624
	15.265331	-21.622634	14.883047	69.742568	-29.851310	7.513328	12.904319	36.343963	-7.116973
	18.714607	-14.893815	26.366872	-15.108433	-15.815653	14.735745	8.597023	4.848634	30.331282
	-5.387188	-23.520960	43.690384	10.762957	-15.140051	22.264397	21.182019	-28.799809	63.362944
	15.715569	-31.449699	53.332055	38.553205	-14.131403	-4.789838	45.022422	-9.793124	70.769727
	31.138307	-3.716795	51.488640	43.870911	30.870143	16.760856	55.119428	17.375159	89.060269
	42.477057	-9.675019	48.116025	103.493044	22.958291	-10.075888	95.298254	31.863317	90.057391
	30.926462	-31.888017	46.019617	-15.609298	-4.072028	8.578801	35.268922	-33.373151	100.683601
	16.202426	-69.935828	52.190758	-19.992058	5.691981	23.870143	25.942944	-7.818207	98.166282
	14.519267	-79.227528	44.078316	-20.605476	-25.964084	4.351365	-16.085935	11.448983	62.877060
	-15.261680	-72.653924	23.922674	-54.253873	-46.050470	14.875754	-21.766627	8.409347	85.131430
	-26.776094	-64.192338	37.565871	-67.442894	-34.688801	13.606258	-39.452015	-17.530671	45.872176
	-41.952002	-81.032554	36.623766	-74.078184	-44.925852	4.654139	-42.389764	-31.689053	14.611315
	-40.847163	-65.036808	40.488715	-60.671648	-31.884510	15.322089	-78.414624	3.066276	54.803042
	-62.222551	-78.200930	17.702754	-99.626441	-31.212824	23.580882	-79.620108	-12.216155	42.919205
	-74.856882	-67.010804	19.539969	-84.608022	-0.267417	10.981628	-61.186916	-27.945724	58.964681
	-61.618645	-72.968809	20.387447	-124.638845	-6.170477	9.623292	-73.964112	-31.534842	51.679462
	-71.249290	-73.121909	11.801129	-82.395508	-19.534663	-1.567566	-62.215709	-23.826453	29.741800
	-55.757805	-56.765646	12.127564	-29.134098	-39.238904	8.335628	-20.609558	25.899573	-2.621968
	-33.034210	-52.921889	-21.812199	-33.900952	-25.515950	-2.361377	-35.885808	-0.029926	-26.148500
	-48.885287	-49.422577	1.498671	-27.834498	-30.670215	7.535394	-56.931546	-21.280228	-18.577583
	-61.393220	-32.517391	-25.548605	9.557066	-17.882518	-9.258941	-40.894751	9.588393	-36.951872
	-28.783659	-32.010811	-54.511651	72.897087	25.470849	1.957024	-19.831399	60.154034	-18.219694
	-32.999349	2.103675	-68.611406	151.358470	43.046117	-0.938960	44.484827	91.247821	-21.064775
	-9.092594	-7.213970	-39.061012	55.193906	39.044940	6.907110	25.612421	32.177048	29.316679
	-19.609343	4.946877	-56.605863	82.768653	34.056279	-4.131012	33.236434	31.869840	30.820240
	10.544818	34.492289	-59.318429	94.002062	53.330987	-17.547052	47.210434	38.315060	17.627359
	-1.689557	30.400117	-47.316385	70.754377	56.138602	-36.932254	-8.688692	54.806822	31.406944
	-9.207891	40.452108	-55.702937	47.720344	46.166708	-13.587851	-33.669376	24.438097	2.222812
	4.286395	37.592118	-42.725667	-5.512922	22.223512	-1.140408	-90.766716	-5.277389	7.154558
	-16.408604	24.162078	-28.847511	-7.413298	35.501047	-20.559906	-81.957979	16.817232	-24.578921
	-7.329137	27.971272	-27.160685	18.865363	26.033928	-33.907638	-73.044429	39.151371	-39.413909
	-43.712812	52.353059	-20.964443	-10.672211	36.480702	-51.843921	-55.748935	17.260079	-20.930324
	-46.648345	53.545271	-31.647793	-8.072930	31.327244	-69.076246	-49.638884	42.551968	-18.183707
	-11.413857	2.121067	-26.963983	10.134677	13.136504	-24.772286	-17.667107	34.014961	-8.114849
	-24.042297	-25.214830	-29.998755	-15.774413	-29.483915	-27.230995	-66.622829	44.388664	-41.150065
	-17.604854	4.248216	-48.664469	2.043675	-14.619623	-47.416848	-33.346012	1.954500	-71.950631
	-27.879905	3.600120	-38.189841	39.795211	-27.780033	-24.183796	-48.654898	11.660801	-67.255538
	-11.673378	16.423140	-19.975147	64.499214	7.525418	5.899677	-22.535849	30.263002	-43.916790
	-24.450653	34.800044	-2.604282	80.310355	-3.781983	11.536897	16.237198	55.953215	-19.270442
	9.138609	67.322272	-4.686822	70.422382	46.239109	-7.193644	0.192256	43.358304	-45.964777
	29.952965	52.415752	14.220022	5.247521	46.807750	-9.968551	-7.471136	33.333714	6.408818
	-21.002877	53.787460	12.779064	11.294903	29.691834	15.894061	-21.060325	40.299893	-0.490006
	-60.611606	75.505124	-13.135333	-0.616407	40.480096	10.095187	-26.677198	29.865110	-68.488491
	-48.723527	59.958696	-40.221394	-14.226078	26.326803	19.531145	-85.467099	31.530142	-62.870282
	-68.845691	58.461972	-23.096954	-58.275981	38.785347	12.016261	-74.956931	26.043058	-25.299091
	-61.197661	32.872842	-46.159666	-55.706345	25.809246	10.334019	-100.858634	17.991055	-45.392761
	-56.582313	27.762084	-33.715502	-87.386037	44.876543	9.635437	-99.033676	-18.227527	-47.399600
	-39.031752	32.987051	-19.488175	-50.622386	20.907455	-7.999975	-45.058128	-9.962518	-49.524885
	-29.379165	19.056475	-39.502555	-51.550520	-38.323806	-32.601242	-98.031276	9.334969	-60.609190
	-72.100979	4.408620	-29.843632	-73.854321	-30.586726	7.346709	-88.113179	-5.316752	-81.135737
	-48.344820	-20.492958	-12.553538	-118.433732	-67.509385	-23.012803	-114.134643	-22.341649	-97.394633
	-9.871141	-32.030828	-33.550983	-44.671888	-48.439371	11.440348	-34.252957	1.415565	-71.062756
	17.899049	-31.064258	-34.412868	15.110271	-59.131862	18.089425	-0.115148	27.234847	-48.879926
	-0.626385	-22.539395	-38.444275	19.277633	-45.586688	17.624132	-16.635302	53.234481	-72.002600
	-7.127916	-32.582473	-14.013441	37.455879	-25.354031	45.196482	-20.570619	8.249822	-60.878965
	9.468766	-33.153891	4.937238	68.123405	-7.273875	29.882842	20.875044	18.759535	-2.804079
	65.888317	-24.497016	-15.743900	100.869315	24.463159	30.552436	61.083389	38.489412	-4.231442
	23.186919	-3.039296	-39.331139	101.459572	-10.533281	48.111306	77.056734	45.502910	15.341164
	44.116587	-42.926362	-33.225281	68.971503	-22.935200	42.101935	54.287691	34.158054	37.271757
	37.843928	-64.756105	-9.034156	-33.489530	14.552797	17.720554	29.329746	-20.222344	51.657091
	15.647397	-38.829818	-1.719728	-3.590882	44.685134	40.072072	28.217362	-46.229907	50.384903
	48.307120	0.006317	-11.574607	33.375287	42.781865	36.455407	35.156159	-2.040729	32.339218
	4.048080	5.633327	-34.036162	28.590079	57.289127	27.723595	3.535125	12.753732	35.929230
	16.556492	8.991504	-13.500722	45.218775	72.620045	29.322355	52.802065	-3.441440	45.379635
	3.107548	22.199625	-8.038850	66.717358	64.836259	14.700560	40.162317	8.656354	56.401416
	-16.564479	43.417872	-16.362501	76.635860	58.144598	19.964518	55.355975	0.373388	47.766714
	3.769126	16.858735	-24.904246	33.353189	54.764912	9.549026	75.672561	-8.394519	97.845490
	18.045715	21.840314	2.870720	8.069970	40.481378	2.125208	85.587631	-19.224166	77.522836
	32.230931	22.309018	-22.312023	9.674359	40.818240	23.692489	56.449177	-19.599948	57.702908
	35.911843	32.116921	-34.165224	45.092383	49.366428	-1.040266	53.474507	-1.893709	32.602620
	37.852345	5.328564	-37.446291	27.767590	46.214024	-19.459395	47.873927	-15.078404	63.630773
	35.825139	1.400267	10.568739	-2.062055	77.857849	-2.194065	71.819884	-44.701407	59.064119
	12.374197	1.259997	-15.023211	-10.947044	74.022138	-15.735934	35.331490	-53.447204	32.042990
	15.241539	-0.104894	-27.154667	32.150016	86.389365	-8.255582	41.344400	-24.408039	56.282031
	11.542877	2.848138	-43.018136	55.211182	76.475152	-4.571941	75.797785	11.223307	14.887652
	-7.316246	-6.228759	-36.767590	23.013536	84.571608	-24.424997	35.629160	0.253534	-32.994781
	-64.252843	-28.201322	-27.855842	-25.393444	55.848455	20.572916	-13.487447	-18.629860	-46.884191
	-7.147410	-19.201468	-29.754383	20.782889	44.210070	35.493990	23.611039	24.193222	-26.560933
	-13.729511	-53.612382	-40.090646	16.462374	-55.176094	40.761457	-5.837892	13.140476	-56.867441
	0.627296	-27.942876	7.842192	-35.299555	-42.917442	27.427530	-25.412795	-28.893955	-56.858817
	-16.998458	-22.835056	38.359832	-135.687090	-48.915961	37.215974	-57.858963	-90.729126	-21.475341
	-13.160514	18.141200	48.481952	-49.755489	-72.723136	20.926263	-35.223070	-13.184111	-34.494595
	-2.677372	-16.309065	46.027289	-3.425059	-109.264863	23.501620	-42.864657	-9.777683	-41.558286
	-18.299190	27.669670	1.478504	6.698356	-44.192801	18.644685	-26.981328	34.965841	-28.900359
	-15.797493	-2.233135	30.017195	-1.675371	-24.330801	36.282654	-22.427350	6.564242	1.564430
	14.231101	7.628402	60.836373	-1.142951	-34.678280	21.425971	20.389937	-10.349169	31.265617
	25.778447	-5.064779	57.869889	49.701978	-22.699547	10.223574	35.394117	25.673613	21.813328
	45.806891	-48.403502	51.123451	1.625109	-35.192505	6.894307	49.483020	-1.069415	39.164525
	53.403785	-92.915925	30.437904	27.272438	-56.239883	19.705864	69.671139	0.583156	65.004091
	32.052912	-98.425491	8.970391	6.543910	-52.495341	-5.171808	53.368445	11.202079	34.075324
	-12.168344	-63.444013	-6.531739	44.471310	-57.107492	6.223464	49.348695	36.739758	15.002843
	-2.624995	-56.744636	0.175470	10.702743	-23.893867	-17.893666	34.621281	31.589431	30.410474
	-0.568785	-59.923310	6.297477	-1.973680	-21.969511	-6.636494	28.282204	6.488099	38.942065
	-9.711426	-60.136849	35.002782	42.012596	-26.296181	-0.361133	65.153928	7.279083	33.226218
	-1.890854	-58.470282	36.265329	20.681306	-16.172012	11.652825	65.508856	10.302348	30.222924
	3.033243	-71.623618	35.265729	25.721506	-31.230560	0.512339	37.751712	20.858348	36.291321
	2.985461	-53.084484	25.046474	2.747594	-8.612430	1.414455	28.015546	-21.564478	22.530460
	20.814530	-37.270047	19.369097	20.814610	-11.785753	-5.366486	26.502724	-3.278100	26.838727
	7.038700	-12.238676	10.468978	66.237045	-20.748451	7.749975	8.243078	3.145307	-22.658540
	22.972787	-17.228477	23.123689	94.676415	-39.084060	6.350058	24.691431	15.595707	-24.865542
	34.517264	-14.356540	29.763998	57.777943	-42.896465	21.858395	20.981220	1.391521	-8.215817
	-0.041676	-24.493504	20.668694	93.426104	-37.777290	23.292955	58.514298	21.269538	6.267361
	-7.830961	-18.398271	17.104072	108.948652	-33.456784	33.265730	62.954358	74.272076	13.455969
	1.966326	5.899097	20.214688	67.720266	-29.576785	21.322386	28.468663	12.860784	-6.819940
	7.172642	-21.159086	25.148774	7.191628	-66.274812	-0.241482	-8.245349	29.195384	-37.816530
	2.576908	-56.245956	19.944917	-32.508932	-47.885688	7.845801	-7.083370	-14.140344	12.875541
	-1.613665	-53.611573	16.929371	-70.707587	-39.735826	-29.860596	-40.150212	-8.533744	1.577571
	-34.446129	-37.763303	3.053155	-69.422192	-82.315641	-31.477148	-80.887232	-12.940734	-49.832524
	-27.105389	-60.271687	10.165929	-75.047043	-80.925474	-32.619927	-83.337204	-42.499529	-37.305587
	-31.742852	-39.586414	25.760297	-49.741410	-63.776646	-30.291794	-54.488183	-6.969956	-76.006343
	-29.348089	-33.600480	24.374911	-22.694511	-49.222738	-21.417233	-25.860802	-2.669685	-89.777343
	-22.950536	-21.870234	9.833806	-4.292380	-36.785733	-12.475819	-37.207044	-26.024893	-68.251081
	-38.352470	-40.133113	-2.876961	-44.245371	-57.771844	-2.311177	-53.233776	-25.052473	-36.603579
	-10.030181	-7.923127	-17.224262	-39.760658	3.548817	-23.290481	-49.772068	-53.006096	-47.817856
	-23.421960	32.165707	-47.048806	-20.536405	-10.085023	-32.998634	-19.933285	-8.596464	-60.111780
	-14.929614	57.520805	-51.292307	21.360186	17.946144	-47.117522	-17.597416	6.542145	-29.406006
	15.800306	27.146497	-47.638704	20.629326	29.351927	0.702723	7.110315	39.279294	4.337040
	15.364122	1.788224	-5.396190	-80.171011	-1.999743	-42.452735	1.549940	-39.491265	-7.323164
	-31.884411	23.177978	-6.762615	-104.906910	-1.351118	12.312992	-22.848115	-63.945770	-28.986898
	40.559033	13.172400	-24.068131	5.432374	-2.310742	-8.937170	8.870637	18.307406	16.018582
	5.057958	6.727129	14.994338	-63.769672	-13.523582	-12.600595	-38.950557	-34.385574	26.366631
	-6.162651	24.728967	43.937821	-100.804330	0.868559	-9.624612	-53.650704	-32.821452	-22.757012
	-14.652688	0.339227	58.759610	-190.251173	-5.412066	-22.849809	-93.636678	-90.343368	-14.686397
	-33.419229	-22.085757	43.277073	-140.272223	-34.278719	-34.870632	-87.755930	-52.817977	-19.933836
	-43.379728	-1.477761	22.378227	-149.693961	-27.733046	-40.205081	-100.315194	-51.496246	-37.392195
	-1.688603	-5.656017	10.224466	-160.350660	9.920281	-24.210710	-62.197841	-88.951224	13.543150
	-33.985016	9.275667	-19.476740	-81.267770	-2.174136	-59.393743	-33.631288	-37.702843	-16.079829
	-71.380403	-9.536613	12.535009	-66.286430	20.386927	-40.157944	-31.748872	-0.145668	-29.145819
	-53.802489	21.548908	-28.008297	-47.116915	7.742881	-38.817259	-27.611760	-16.672846	-49.634121
	-5.978657	7.299751	-18.242708	-2.795950	31.343673	-21.379874	0.148964	-4.290269	-19.457616
	-38.095248	46.897400	-41.384749	10.419818	32.076341	-10.348560	-27.863660	7.040551	-45.340239
	-57.369851	42.463053	-55.445274	-34.053357	45.938023	7.364992	-63.686017	-12.572414	-63.511776
	-72.025417	59.762123	-19.741672	-73.525051	12.101772	-20.870773	-94.163981	-57.538884	-93.083653
	-50.840851	78.373847	-43.320036	-5.061544	42.744104	2.098615	-78.257388	-12.582437	-94.238867
	-67.982284	65.319724	-32.457017	-87.237591	26.888660	10.070333	-87.266493	-48.383408	-79.492984
	-47.829942	26.233184	-38.847179	-65.678897	11.033328	31.032950	-77.577677	-31.537538	-51.971475
	-18.789298	-1.564866	-18.989302	-113.571540	-17.673140	10.820165	-48.857149	-62.440954	-67.061485
	-7.423794	12.137928	-43.918404	-76.758503	-9.287630	21.136478	-53.718446	-52.291780	-74.063948
	4.069977	-3.114340	-14.004984	-34.242235	-11.117053	14.488061	-24.413713	-58.417920	-28.738732
	33.905995	4.005039	-18.171324	-39.925773	-26.530994	20.313880	12.531381	-33.048043	-28.287206
	30.129875	-0.179051	8.922058	-56.571661	-17.503611	25.107136	48.409801	-60.468663	-27.742795
	66.803697	-16.662215	19.586484	-51.959193	-17.575960	31.691094	27.239852	-57.012571	30.242272
	9.192864	14.199026	-19.375147	30.484710	-9.320280	23.906233	41.467134	-0.820147	-7.654307
	49.379354	16.748217	-18.172174	24.089267	6.892242	19.499714	75.025958	-8.986070	22.196193
	54.016448	-0.738179	24.379751	-40.586909	-39.355827	22.477000	50.667453	-48.778753	-8.311436
	63.293806	-29.484948	39.473863	-42.741911	-67.609401	40.892787	39.342775	-32.352158	-27.420495
	22.022228	-47.249052	26.546493	-42.193658	-36.515738	22.029637	-6.982187	-28.009574	-31.207043
	42.333796	-54.607349	34.429658	-57.829278	-26.562037	21.800318	-19.784028	-25.147496	-29.672158
	17.462357	-21.633003	21.434913	-19.418733	-18.633645	34.308093	-11.770513	-8.974547	0.098149
	-5.705333	0.972358	-18.151785	2.668182	-4.793477	44.879723	-0.698545	-26.854228	-50.937433
	11.678748	-16.212246	-15.160202	84.950573	-19.410979	50.684237	54.906189	51.430925	8.135442
	-34.741653	7.573888	-28.957064	70.936727	-23.430076	46.061783	35.359116	18.665156	-22.520742
	-30.981740	49.728123	-31.879870	104.901734	-0.265917	5.707000	54.152424	47.226152	-65.421417
	-38.381376	41.377532	-26.256493	107.643688	7.514352	27.718790	29.147909	42.730505	-74.927698
	-36.155575	42.951535	-26.420537	98.841441	-1.922396	14.340815	2.322500	50.413125	-71.937854
	-44.840449	50.081263	-8.324624	110.916294	-33.522172	38.489644	-8.901389	49.929939	-70.125055
	-44.149515	59.903463	-31.166486	49.864173	-25.883995	2.488828	-15.959197	38.739318	-70.047168
	-42.591605	66.809608	-32.436374	89.876032	-23.272253	10.880852	-2.046883	50.711019	-83.129090
	-21.422106	34.091513	19.488596	110.223400	-34.524173	4.508458	30.900971	37.151463	-29.044140
	-12.967933	30.480796	14.844789	70.022652	-18.691542	1.016047	40.367279	-1.405842	-38.970408
	19.518041	14.613917	36.294951	9.369316	-2.255887	4.119872	28.031240	-27.576733	-21.639893
	9.233533	15.646050	41.122680	9.653472	8.803216	-0.092970	31.638502	-28.210292	13.151945
	15.473176	-19.002306	61.028612	-37.171685	3.467104	15.699334	58.073967	-21.808372	67.202743
	23.586164	-15.718780	62.265718	-29.454306	30.245672	18.910018	54.408925	-29.850015	79.189881
	18.580499	-11.119082	40.803605	-4.954514	1.937005	10.483189	49.521711	-1.611434	81.574535
	18.155293	-27.663723	52.193279	-41.530132	12.638526	25.284013	3.488529	-17.886412	104.902428
	-11.812358	-33.326514	0.887934	-45.194629	24.704410	-3.994626	-15.001022	0.638799	105.441369
	-7.163288	-19.524445	5.284145	-14.138692	34.541422	-15.634934	-3.618121	-1.414289	88.030159
	-24.874803	-11.319311	-24.476278	-8.087704	20.966514	-20.783330	42.308365	-1.174485	87.078703
	-8.444172	-24.766672	-9.596337	-57.289474	65.660236	-5.368824	0.593610	-14.625983	81.857769
	-18.013815	4.881949	-21.230232	-10.593511	50.019957	8.179650	14.013086	-3.700466	60.365956
	-6.923222	14.069453	-32.852038	-16.839638	10.655912	2.317893	16.339301	1.124413	-14.996185
	-2.144974	-20.212539	-29.574779	1.271556	16.848826	-5.618456	24.401372	-16.759525	-26.781514
	19.102664	-21.371057	-16.054698	43.755177	19.706414	-0.154524	53.600585	31.684139	-62.385983
	-6.961671	-49.708214	-9.912662	-5.219279	0.227098	10.114116	-23.042221	-32.160602	-65.159752
	36.601409	-51.372338	-37.445578	30.931421	15.154834	31.726681	7.076451	0.507143	-39.477540
	26.290098	-39.757950	-17.196328	9.098420	7.950109	2.774940	-28.508359	6.050868	-11.305099
	59.059234	-45.633996	-14.793973	-5.592489	21.449892	6.795024	12.901640	0.394105	22.667901
	36.661103	-52.692657	2.446992	-29.249274	1.036739	5.351096	-1.378626	-23.538969	36.121304
	28.319592	-14.779298	-24.899918	-5.933648	-12.470192	-2.794339	20.495469	26.526967	-12.007298
	28.157707	1.475366	-17.441227	-49.256369	-19.842745	5.070076	-3.496640	-30.918836	-8.823470
	27.347772	-10.690006	-7.481807	-35.835675	2.251684	-26.749842	8.903226	-9.213728	51.792834
	21.757869	-45.811358	23.197044	-91.812451	15.794334	-23.287814	-38.606244	-46.432441	60.660506
	-3.862261	-26.468533	26.270153	-45.834984	46.608112	-7.375632	17.861737	-23.660525	131.729236
	-32.307308	8.141395	27.261425	-18.389010	28.557948	-17.416084	8.255957	-0.086508	52.114879
	-40.345715	12.218736	31.571951	-19.303734	35.348613	-11.503162	1.006099	1.496083	71.766919
	-10.951825	-20.709153	37.504628	-86.279766	38.887614	-7.879446	-51.424515	-47.400796	92.902376
	-14.879143	-50.463025	34.758530	-101.957922	25.076936	-10.369163	-47.335744	-51.006401	107.250752
	10.904944	-45.693659	-5.121325	-27.627285	21.965026	-14.689905	-45.121617	-48.605019	97.501361
	-4.052143	-32.859395	14.959163	-20.806107	25.322462	-23.892860	-3.611555	-18.131617	52.732219
	-2.770876	-17.555565	-3.395740	-31.563172	-4.505409	-4.102143	-28.156923	-9.721306	51.551899
	0.141990	-89.905158	12.501866	-37.217418	-31.124264	-2.803463	16.117959	-15.412641	34.907192
	-0.325163	-55.729298	7.999967	9.641013	-32.376725	3.719402	5.889020	-5.507995	34.211077
	6.512725	-26.710790	16.007899	-21.820480	-5.790822	-3.964934	-25.962288	-2.271877	14.181497
	32.313834	14.930291	22.403652	64.475159	11.368425	-2.953298	46.377004	16.858219	5.589743
	23.615314	17.511235	24.723304	-7.315725	1.889953	-1.192696	21.505592	-10.623080	-8.150917
	30.974043	23.753345	-0.163208	10.711807	24.848888	-5.722222	-11.867279	-1.026263	7.848023
	-27.874520	53.001979	-35.505666	60.491812	24.554573	-12.754055	-23.327304	53.379042	-68.290396
	-14.926859	62.779764	-13.509344	4.341281	25.932086	-22.283310	-31.812510	-3.388958	-51.087109
	5.028958	30.504239	-0.082397	19.907170	23.970957	-6.985797	-31.995361	11.072507	-40.125935
	1.105352	-24.618867	-0.573275	-14.624273	14.850140	0.860385	-21.204783	-29.411592	-33.085503
	5.768034	-50.868067	-28.029424	15.760565	-57.386182	13.230415	0.067902	8.330359	-74.352014
	41.495819	-69.174153	4.163194	14.966768	-102.987922	17.652294	16.968630	12.465382	-26.582719
	37.623344	-74.377315	15.772892	8.391345	-94.057953	-1.259424	35.820328	9.031965	-20.767645
	29.734888	-57.418343	41.147303	-3.559456	-92.347037	-25.744769	15.349925	19.339066	-7.927577
	14.654326	-67.020556	36.992622	-43.776594	-74.458187	-17.999933	-7.848941	-32.107421	9.135968
	-12.700040	-65.531675	16.400163	12.785082	-53.866264	4.316380	2.838213	13.595456	24.015465
	-29.256767	-43.599692	-0.559033	-27.020371	-55.994996	-13.734874	-39.841667	-14.546995	-32.084876
	-7.618350	-4.711138	10.252410	62.376556	-15.378413	-10.091504	24.371782	10.069013	5.475901
	7.308136	-1.335105	21.444234	57.715948	-7.316990	4.364454	15.286071	35.552784	45.999710
	3.800734	-9.319457	45.724385	21.534626	-32.865249	5.807593	1.355535	-14.238629	56.376213
	17.801904	-14.691086	50.477593	39.838185	-30.181642	2.540989	45.832911	-5.558765	45.398676
	27.779631	14.605122	53.307097	87.686733	-17.323583	1.829127	39.086227	9.580039	48.081628
	39.873579	50.199760	13.823952	140.209280	37.875568	8.411925	108.096220	58.153356	32.687608
	16.732396	57.462031	32.299328	153.719877	65.155321	19.416338	82.532629	38.340688	9.470738
	18.086081	76.029924	15.970817	147.324382	43.264150	1.861097	74.123702	59.126821	-17.134163
	19.500170	102.547227	13.573771	110.473841	77.651297	11.878085	55.891863	33.036626	-27.063828
	7.376401	99.189526	-13.122317	157.049473	97.122866	13.300708	73.800519	71.028302	-6.924040
	1.909532	90.674408	-1.582889	80.208494	52.249230	-15.498243	17.235894	29.166428	-12.905806
	-23.452450	60.742603	17.504787	31.392500	60.867412	-18.271844	6.069910	8.431656	4.278197
	-15.272629	41.403209	5.937167	-9.389248	33.897044	-26.923020	-1.447930	-0.195826	1.276064
	-9.240350	0.641007	23.497297	-51.716879	24.841479	-34.928915	14.694146	-18.958623	21.370900
	-3.482641	-28.872229	39.394858	-70.202759	-20.512496	-29.393262	-4.762257	-20.567486	23.772591
	-4.900458	-50.968116	27.361604	6.091575	-48.325181	-12.013970	-1.522233	32.140660	28.868835
	1.195110	-46.228801	2.035724	-18.497858	-48.643315	13.910699	-28.660448	15.697200	11.163825
	-20.244287	-56.416382	21.458908	-113.843614	-62.672257	11.522106	-80.685303	-29.829105	-10.045255
	-1.659458	-50.009507	25.396320	-78.175796	-44.871282	5.310319	-47.422573	-23.350200	48.237354
	8.408637	-63.582682	27.731521	-69.624561	-43.093604	1.876777	-62.150565	-9.244234	17.580703
	1.042037	-59.417342	14.831186	-26.752429	-24.966673	24.836086	-55.074973	0.971428	23.164502
	-0.225298	-46.621397	25.422945	-63.953616	-43.306802	37.813970	-33.570817	-14.183553	22.202089
	-32.740745	-27.365244	13.879256	-52.343138	-28.657984	32.420614	-52.474070	-26.134969	-41.609457
	-21.266626	8.859533	9.408307	-32.927869	-16.454787	26.249908	-23.819634	-11.438338	-57.717339
	-37.123194	-11.010745	-1.093635	-38.894765	0.964518	24.831639	-30.326925	-17.116297	4.279094
	-26.262382	-24.722490	29.804272	-131.572582	-14.592137	25.912813	-50.874602	-95.235832	4.056467
	-28.125352	-32.120383	45.796582	-145.644033	7.554092	15.720853	-52.156038	-90.614553	-1.268833
	0.221692	-27.542272	15.171020	-76.252031	-19.473409	3.802847	-35.362784	-12.790177	0.632070
	0.942146	-30.020969	-20.031404	-44.512357	-46.885796	9.601409	-80.696171	-11.797993	-12.946775
	7.215348	-51.038862	-1.740385	-73.664499	-41.619239	-4.511511	-62.490263	-20.982486	14.352299
	-13.915529	-23.257808	4.009307	-77.870392	-44.741135	-6.264205	-64.735343	-24.248007	-33.320479
	-21.250987	-24.192199	-4.001726	28.634049	-17.367888	8.045037	-36.100518	17.232126	-29.306391
	3.747559	-28.497906	-11.610528	2.500709	-21.024454	-2.443038	-30.013259	22.866359	11.836407
	-36.396225	-24.231079	-1.881852	-68.459171	-39.207972	-0.015533	-42.370777	-48.334904	-3.239928
	-40.616425	-25.728317	22.593076	-113.924586	-15.301732	6.859527	-59.913218	-51.155733	4.009429
	-10.178779	-53.440578	5.444428	-91.823464	-41.385764	8.679393	-25.853259	-52.727349	24.266766
	-29.621036	-31.279285	15.036542	-66.614425	-27.524753	-21.838863	-18.753381	-26.249502	8.777755
	-65.957034	-10.450818	-17.281373	-49.206071	-12.305336	-28.020567	-53.485121	-24.701755	-9.214152
	-27.379171	-51.454149	1.078281	-81.771290	-26.603217	-15.352467	-71.893421	-36.012196	2.881250
	-1.044031	-40.543244	10.040201	-65.679908	4.764491	-19.226321	-37.949972	-30.036148	28.429711
	19.487897	-58.754325	28.578748	32.826106	-20.022495	-2.481975	-12.043410	-1.576912	23.319871
	11.650989	-44.725148	19.144397	1.503355	-1.009430	-13.136699	-4.978579	-36.067305	18.452629
	33.193485	-22.153753	13.048528	36.985005	25.613731	-2.500709	27.112532	6.729402	-3.384445
	47.162940	-4.274509	30.380425	117.458262	19.683773	1.569499	59.497908	56.250399	22.079411
	87.033236	-24.605296	40.055875	77.557422	-1.520528	-6.595266	65.079764	29.267630	19.295611
	57.505553	-29.386824	25.468483	38.264045	21.465496	38.759225	49.058397	20.346142	38.231032
	18.215110	-25.306096	-6.732476	15.631356	-7.941408	-1.051023	14.077390	15.210799	-3.997149
	46.312246	-2.225343	-3.192024	68.271761	-15.778438	-4.894761	49.457916	31.989146	-10.058050
	47.316150	22.620228	1.582820	85.675377	-28.323646	-20.664897	82.044311	44.679043	-25.295838
	58.709557	-6.825917	12.339084	110.247145	-21.119175	-19.769781	96.907019	35.635122	5.094044
	26.458710	26.123657	20.587574	57.009224	-60.125577	-20.368458	66.509172	0.566278	-67.442302
	32.906904	-0.406007	6.732121	65.290413	-69.385364	-16.403177	52.904347	12.902218	-17.847203
	59.487618	33.772267	-22.477315	95.981036	-35.591305	-31.236486	75.369451	38.528298	-17.067337
	48.170271	36.589075	-4.349803	64.995577	-25.002667	-10.800041	73.749117	-4.279824	-3.462332
	17.380781	56.602384	-17.733778	36.786440	-12.219367	-6.750217	72.196535	18.348861	28.264555
	25.940449	49.440116	-33.803129	71.724311	34.892402	4.974986	42.578676	56.806985	30.005968
	46.148587	90.057616	-41.739319	48.111758	91.809577	-5.683421	90.205155	26.240215	48.409252
	43.614461	77.720551	-24.184272	39.616101	109.620510	-3.803745	92.041248	10.691558	80.225097
	32.288628	64.434617	-11.528634	32.367772	82.250397	27.772609	58.834116	30.280031	69.481278
	19.159814	51.611339	-33.306607	-22.007027	80.723234	-20.382247	13.392223	-41.366962	35.871506
	0.997540	93.665007	-30.946849	-35.368768	86.351389	-41.746602	-9.714666	-28.501713	-0.290877
	-12.732217	106.951104	-55.395168	27.481015	101.279266	-27.844078	-3.048373	17.430054	-43.294279
	-7.281677	69.851906	-40.068579	3.210911	35.434200	5.880247	-25.281026	18.498397	-25.933314
	-27.294335	47.548959	-58.477384	7.083567	5.882692	8.853283	-35.179754	29.743349	-55.325314
	-22.945935	35.907382	-30.003437	-50.863803	-8.512462	11.821217	-96.156345	23.110415	-68.324238
	-10.166183	28.289106	-13.994690	-64.036990	-12.509713	-26.088894	-47.062989	-12.934547	-43.609771
	-32.507711	30.367716	10.168186	-146.797345	-15.973281	-27.203672	-51.610517	-63.418513	-27.904784
	-21.287068	18.384353	-20.404235	-71.840598	-9.485943	-7.944812	-60.726277	-20.112600	-25.667481
	-23.055093	39.697747	-28.183093	15.255671	18.715075	-10.695115	-0.401474	21.065334	-51.971943
	-34.948051	35.647280	-27.027583	4.163882	51.999149	-7.322076	-1.584415	12.085736	11.482621
