	10.564273	-14.404620	15.578652	-39.706526	-49.731860	-29.908221	-48.085537	12.657626	2.507317
	-12.414458	-42.350110	19.235048	-55.812770	-73.441310	-10.154881	-87.081657	-5.848502	47.157893
	-39.439660	-85.369260	-10.385497	-85.235481	-70.118686	-26.452205	-88.442991	-26.531876	46.993111
	-10.554561	-56.498673	27.679138	-65.224686	-38.480310	-53.172192	-73.288903	-24.202696	69.905611
	-48.298073	-61.285395	44.132702	-58.921249	27.672092	-76.249441	-38.739899	-30.099661	48.882035
	-39.944353	-52.678952	11.757422	-47.846851	8.010336	-63.177382	-34.483528	-27.026994	26.342238
	-20.353671	-63.027330	3.267204	-22.631531	58.188425	-92.660261	-4.865477	-38.755580	31.382514
	-34.169725	-58.702069	4.403981	-32.427187	4.387166	-79.979157	7.397454	-44.516461	-7.774962
	-4.149506	-29.614248	30.934686	-0.169004	-0.878132	-64.637449	5.678438	-10.574160	-3.289944
	-20.853784	-44.017222	23.626462	-35.400281	-42.985371	-36.720517	-23.746173	-42.908919	-3.295235
	1.760436	-18.069238	-21.004898	-37.305879	-33.792743	2.419617	3.383299	-48.720919	28.535155
	-11.409926	5.149761	-77.258637	-39.830976	-28.898257	-21.768954	-14.548680	-17.210328	-27.075784
	-78.285870	-35.588182	-39.463584	-94.864766	-45.198185	-32.471476	-96.313826	3.923804	-26.988867
	-39.829196	7.824318	-12.754452	-57.105495	-30.583522	-20.529405	-78.253353	-20.136630	-51.295854
	-24.296406	35.174555	-19.106701	-18.664482	-23.888598	-13.327448	-40.233142	1.522840	-29.830648
	-31.725848	45.108123	-19.750159	-33.814393	-47.935446	-4.967403	-56.481549	55.362146	-47.742702
	-17.841974	35.644976	13.200430	-27.922165	-38.711948	11.408558	-65.954115	29.101560	-25.443026
	5.106211	26.024562	14.586715	16.365780	-30.552248	8.321468	-13.477496	25.793075	-13.235280
	17.083001	-14.658789	31.015797	-35.499478	-36.096152	-1.901998	-50.231392	26.077259	31.822852
	17.578153	-25.339386	14.824175	-17.559937	-31.481596	21.644118	-31.437072	31.572838	26.614685
	8.387124	-24.075184	12.959333	-41.630688	-53.129122	8.364879	-47.495519	9.559547	-15.062621
	1.014581	0.566537	16.153384	-6.624387	-18.235849	0.683549	-29.532618	-1.390092	8.847185
	-3.147543	37.737574	8.570155	8.057673	49.206398	-15.910543	-10.400824	-18.712220	10.751672
	-10.623239	47.166799	1.844009	10.260969	10.604470	-3.894776	18.910339	-4.456503	16.208185
	3.884022	50.140325	29.772034	17.351831	31.309938	11.407892	10.968194	15.866469	-1.220004
	-5.773571	10.145986	29.828644	-35.483599	13.155880	11.369402	-26.169436	6.758333	19.418450
	-23.906148	-3.189910	34.993729	-34.980366	-6.639574	19.614270	-30.438100	-2.922832	43.537881
	-15.462182	8.444795	19.623730	-33.534076	13.433370	6.057393	6.144165	-33.986823	18.760343
	-40.968804	2.365478	22.906675	-13.766136	21.083272	3.979218	-11.830470	-8.771546	19.397998
	-7.104492	6.330007	24.470052	-9.957623	42.188175	8.672201	-10.887267	-19.094968	14.554869
	-1.343681	25.397367	28.724445	-24.157057	38.346018	23.973486	5.370748	-7.122070	25.522432
	-5.285471	28.700382	23.174172	-31.876705	17.451608	10.756689	-13.821213	-9.849466	33.540712
	-23.649665	15.604048	22.756931	-23.210070	41.927135	3.877556	2.658730	-15.666734	-1.495670
	-24.237637	25.873720	10.340673	-21.721260	41.028564	17.635475	-26.214076	-17.729257	-17.078548
	-23.019745	2.554766	-27.817849	-15.375684	0.964413	-6.362235	-33.993020	-0.734891	7.416477
	-24.063622	-38.465840	-32.162598	-70.469324	-11.155451	-17.974380	-80.696899	-23.571943	1.395561
	-14.734829	-36.378818	-5.330098	-82.733183	-33.692438	-45.832162	-44.920450	-35.625567	20.011444
	-25.930609	-25.797149	-17.499870	-48.523752	-23.417187	-69.489536	-43.295885	-23.685339	-21.350273
	-18.384739	-7.192810	-41.280782	22.801636	4.024362	-72.175319	-32.170876	-5.055383	-22.232591
	-20.289808	-1.812249	-37.755362	-19.304822	-13.204493	-24.203064	-35.004384	9.687614	-52.647194
	-15.091546	-22.837657	-22.210494	-38.069755	-10.076964	-18.262678	-11.941668	-10.453452	-3.713108
	-16.173941	-76.843145	-30.546766	-38.349743	21.809309	-20.724905	5.609690	-26.711634	-13.763323
	4.539062	-58.902340	-11.601244	-11.320164	61.748219	-1.001520	-0.590927	-20.952165	33.284950
	-19.906461	-49.399246	-6.262850	6.242887	53.029073	-13.328925	23.594996	-4.984764	-49.586071
	5.463656	-38.386759	-53.096102	1.062161	24.566568	-13.862852	-2.108983	17.346637	-52.367479
	30.494165	3.781082	-29.788350	28.468084	15.975989	14.018283	26.568795	40.716420	-30.909152
	8.350353	24.046311	-35.672316	50.149897	15.220751	-4.843117	38.333444	-6.007482	-26.869135
	15.377305	-15.501443	-17.389620	7.482230	-12.506571	27.545287	-0.878874	21.119558	9.086276
	13.132818	-16.944080	22.341575	15.025791	-1.975379	36.442253	-10.784830	13.617025	47.840462
	35.992009	-20.890403	44.821412	12.711485	-0.564923	-3.865710	32.649751	-8.560014	54.039948
	29.515769	-24.139941	12.256331	5.910955	-27.785523	1.009724	5.851501	-6.922313	18.907763
	12.481888	-6.433571	-3.782018	-7.056333	-22.879153	30.763207	7.882778	-10.044381	-23.533785
	30.635311	5.787397	-28.919748	-7.595665	-55.456353	9.521952	-13.888688	7.914448	-45.083473
	-25.324061	23.745035	-67.242446	17.278517	-61.272153	29.219580	-22.933246	24.707157	-90.050320
	-14.544669	-5.583268	-60.560339	36.533571	-87.664110	23.503056	-11.883833	44.362431	-38.739271
	25.181029	0.127906	-4.875344	16.716860	-58.973046	55.241516	-11.313769	78.620153	-14.021957
	37.291611	3.953790	-8.845595	40.271523	-30.218685	10.839373	38.479918	45.480036	14.107014
	39.242344	-11.779052	-5.322479	43.589103	-6.140308	6.757521	39.379831	29.108657	-29.111028
	22.103987	-15.675162	-1.437098	61.666324	-2.428184	28.405187	23.027317	21.956946	7.472057
	51.309572	-5.682867	-30.195023	77.284427	-13.569586	18.403716	63.697206	35.824336	-39.896014
	13.554973	-25.405017	-26.402440	74.542026	-26.583346	34.852845	56.852209	51.533121	-16.251209
	19.287117	-23.344188	-23.514683	33.410100	-38.325483	19.675646	54.133121	38.469549	-37.426188
	40.120888	6.649192	-10.094633	50.894712	-8.306120	29.639752	42.563153	14.253482	-0.971398
	12.393181	15.827393	-34.812997	56.528559	-28.242196	21.357357	37.186550	6.182036	-22.189302
	30.120476	16.904541	-49.069679	64.438632	-65.467685	12.880286	21.783205	7.653182	-23.383426
	37.655136	31.618528	-15.337900	70.461823	-54.462450	15.651640	5.839251	35.973878	-10.875953
	30.381379	37.213521	-0.401800	73.901394	-43.495682	20.190717	15.543336	47.789587	-7.133964
	15.070042	34.512366	-2.520923	79.632738	-40.886410	-2.767331	0.233190	42.886607	-26.196117
	-0.003617	39.743241	-19.323796	108.391445	-25.083989	2.654383	18.353464	81.942042	-31.505843
	-5.682958	52.200402	-16.211007	126.115325	13.980569	10.764402	61.998871	89.660296	-46.684562
	-2.900282	24.147731	-36.222682	111.573310	10.096925	10.050377	30.830864	112.143547	-49.132109
	-12.723041	8.051183	-42.983499	99.667923	-6.196732	20.601870	-4.906656	82.568434	-61.690709
	-13.141815	16.852096	-41.032241	101.531564	-12.018531	8.774955	-0.585910	88.427367	-44.542371
	-3.027160	26.193498	-26.676493	83.657719	-46.947812	-2.437841	23.932193	87.488360	-66.715817
	-6.403153	33.022024	-22.808819	55.512374	-38.427877	8.385273	11.868484	89.588198	-47.797849
	21.536794	35.817900	44.291823	51.280271	-21.022993	32.383520	12.211873	91.404233	-25.523655
	36.165612	32.169800	51.842018	64.947389	20.953184	-17.102954	35.016239	56.058242	34.985852
	26.004422	-30.871825	54.169008	22.974202	30.004428	1.489926	54.390030	29.325523	70.190477
	13.242069	-47.808157	59.706008	25.281134	59.292296	15.333150	59.005962	27.753898	79.021541
	4.582843	-45.967064	13.775170	24.195518	70.807439	-2.030258	69.098849	-26.905465	55.084305
	7.965440	-87.747784	35.993628	-25.252285	75.837294	-8.204470	27.855675	-31.614708	35.920926
	-24.422762	-71.974736	14.707253	-37.739131	49.297883	5.193919	53.527632	-26.727269	35.070894
	14.626675	-31.462793	54.771243	-6.517917	64.127380	18.146005	45.439468	-33.944615	28.736987
	46.180622	-6.050977	41.733182	-13.320220	92.219861	-29.085806	60.256895	-40.657857	54.271921
	18.645440	-25.041621	53.664557	-33.560158	99.988622	-11.388244	52.479572	-79.317280	70.008554
	7.597626	-38.432280	64.138905	-32.788879	96.064555	-2.276088	35.401369	-59.124603	63.507784
	8.695494	-4.398500	38.917799	-3.702721	99.438850	-45.139059	59.296747	-68.229375	46.861753
	-2.123889	-2.170248	-1.669289	-33.012289	67.906504	-24.541190	33.579066	-79.899456	22.783626
	-13.058264	17.361652	-17.570819	-38.675760	25.164275	-14.334327	17.545749	-40.297656	-8.794283
	2.023163	50.455961	-30.981378	-13.587461	18.824532	-17.582658	44.340777	-23.625724	-29.544627
	4.158861	56.083294	-50.627680	1.075800	18.048809	-35.919236	49.075388	-20.626214	-24.715438
	13.158487	56.268324	-21.558386	17.750256	25.071787	-36.208960	23.506576	-12.950271	-24.165334
	6.245808	60.931307	-13.865970	12.101415	46.342018	-45.683088	-4.274056	-34.147639	-21.174535
	13.570226	63.922054	-31.029606	3.372412	52.259350	-56.783197	5.373059	-7.478028	6.209996
	-21.185525	20.820229	31.244132	-27.968328	46.677451	-65.419502	-53.981417	-26.487192	-12.097583
	4.511546	-41.327800	71.407800	-71.312515	-3.643895	-31.872011	-20.985683	-41.012635	42.934675
	-4.550501	-49.164649	52.083286	-64.037680	13.718308	-22.368397	-6.862877	-19.618471	92.358187
	-33.411199	-99.708187	70.741002	-68.541478	-17.983806	-48.872623	-43.503767	-24.985769	81.652435
	-6.640772	-73.903310	25.390127	-43.657631	6.706030	-11.772999	9.952818	-26.201838	65.605529
	11.893724	-59.370703	19.286526	-18.866000	14.846168	-29.011418	21.038160	-64.052015	24.402315
	-15.234795	-68.026366	4.333881	-44.613593	10.045415	-41.653516	-2.953212	-32.454867	38.563198
	-1.781478	-45.796328	-26.827967	8.501788	-21.229663	4.382434	7.292606	-30.604466	21.020166
	-2.452682	-16.122400	-72.224044	-3.539018	-22.585075	-27.530456	4.099060	-22.917133	-30.676171
	15.114643	-22.025218	-65.609243	-0.592657	-4.328134	-21.516493	13.282142	-24.082141	-51.427470
	-5.401236	-11.938944	-43.040329	5.142792	-9.912020	-16.848681	17.548099	-5.003150	-49.694217
	-12.491873	-15.072235	14.157704	9.320549	-1.998598	-1.487276	6.839702	-25.610899	-24.783495
	16.050416	8.113398	-28.999589	7.192532	19.750793	-16.505832	22.117325	-22.422437	-13.464661
	-20.102511	6.527797	-17.945566	-35.453449	-9.142372	-18.144974	-1.341080	-26.940020	-40.792565
	-13.382507	20.570805	-52.396565	8.927669	7.261804	-22.980393	-10.942370	-12.105188	-12.831813
	-17.008577	42.468976	-65.721746	-8.647734	31.695706	-22.114716	5.050043	0.486817	-49.895425
	-22.739728	19.926170	-71.680324	-48.199303	6.062326	-37.985846	-42.045746	-29.054800	-31.700334
	5.309923	33.252266	-55.576264	-38.427689	25.342048	-3.680769	-25.977442	-33.401599	-53.276470
	-13.374952	43.455274	-58.736984	18.374289	46.906367	-34.544421	11.787210	-32.916399	-3.354027
	19.979097	26.117396	-75.103912	14.043876	30.765152	-24.646399	-11.471723	9.816425	-20.310342
	-5.395087	15.194041	-43.664539	-11.958697	-4.356448	5.620289	-16.907504	6.711788	-31.491563
	0.654420	20.589436	-31.559625	-19.197859	27.806299	-0.927294	-25.805830	6.620488	-7.205868
	-25.669048	-3.778179	-26.417052	-76.314885	-38.483555	-6.324758	-91.344197	20.692303	-6.956102
	0.893722	-8.004764	-21.213604	-69.392644	-1.983134	4.654707	-50.710957	-0.401762	42.762919
	-20.538549	19.119237	-13.478628	-26.914185	-1.940184	-9.597980	-26.004689	-24.276348	-17.548260
	-39.504619	0.971819	-53.174179	-43.351558	-24.058657	-5.326119	-78.575624	-12.618583	-31.017254
	-40.343924	18.737434	-40.155566	-32.583056	-24.099794	11.226550	-52.495428	-13.994682	-12.456848
	-30.870028	37.263295	-24.836718	20.919559	8.132449	-5.389670	-14.784471	14.830396	-42.287299
	-13.904504	48.659451	-9.893789	0.957737	-8.941200	-31.441675	-21.282434	44.856208	-55.509698
	-11.106987	36.333884	11.228751	-21.551906	-37.300465	18.935469	-68.280667	53.111804	-31.029265
	3.684541	20.137339	60.070548	-37.563393	-24.132374	10.243219	-30.585542	17.281810	-24.631978
	1.471481	8.371640	42.731984	-18.294906	-1.953563	1.865466	-28.309584	17.147869	60.255753
	10.401014	-26.530606	19.777337	-29.025661	-11.697113	-14.301277	15.722913	0.414471	27.923199
	4.199416	-51.057189	0.209479	16.659814	16.285562	18.613906	30.237721	19.538810	-3.648372
	22.905384	-40.960923	-22.049375	61.096859	9.353150	24.559443	78.859504	7.769857	28.779010
	23.110947	-35.691148	6.900959	49.249422	-10.782311	43.584872	57.267716	-1.759156	13.120943
	38.558687	10.545140	-8.067813	64.720041	9.056446	42.211618	64.218366	-20.459055	42.226196
	49.681704	50.367310	-15.370511	66.228555	36.840137	24.379460	63.301794	9.199954	20.266269
	14.891040	53.413587	-14.979385	87.741724	39.181620	0.663572	54.488100	22.308266	-18.333769
	5.837454	53.910623	-16.004441	45.940763	15.377343	32.969996	37.153706	0.124617	-7.737661
	7.842621	21.702020	-9.689732	21.619794	-33.806694	21.174100	24.765209	-14.946322	-13.509330
	-4.395453	-7.577130	-11.411031	14.979549	-60.098888	31.146089	-9.354985	21.324376	-30.248323
	20.793845	10.052119	36.224988	-3.412752	-67.670526	27.607327	-13.679389	-2.099701	-55.111486
	-6.924915	9.000530	32.488134	-2.755197	-54.150841	51.127887	-37.499054	11.539791	-13.673598
	21.223851	45.755024	56.058722	1.652607	-49.333435	49.008442	-40.666747	27.030678	1.868338
	-12.244413	39.442390	25.456787	-39.484663	-95.722191	14.345574	-65.210324	30.036365	-10.565022
	-2.386285	33.906646	25.886082	-3.808751	-75.645389	27.712036	-11.553862	30.668143	10.215829
	11.622796	33.049600	6.292668	15.583307	-39.204747	2.891983	9.033018	1.421227	30.693116
	9.107612	1.033680	35.024277	23.470399	1.697564	-7.424807	27.473075	13.104462	34.176344
	-4.874832	-11.835818	66.121114	46.463692	6.824403	41.436758	26.025523	24.894784	33.923783
	12.456317	-27.468966	43.178094	16.743972	40.804071	23.743139	31.086108	-14.764494	11.404122
	10.832743	-21.699156	28.718252	27.169301	61.711493	32.129470	44.179041	-0.064958	58.110512
	40.354259	-19.571928	25.906098	-13.864674	52.154959	38.514727	39.156921	-27.643163	43.527394
	55.875252	4.331419	0.777441	7.309360	27.770918	45.175160	8.845582	-11.412359	58.962990
	75.683579	29.810111	18.936975	55.027121	59.469450	18.999316	45.344096	-18.011440	61.842939
	64.491234	15.870300	12.731512	52.506963	55.502538	-11.588614	64.144563	-58.209484	67.331672
	43.161020	-17.768799	18.856092	16.462993	30.165451	10.640492	27.293954	-21.476447	42.871771
	14.827674	-16.258104	4.794530	1.341293	25.291845	-12.036046	-15.269602	-41.152403	-1.718238
	6.725115	-10.194651	-10.928832	-5.219398	30.821246	-28.266226	23.390188	-22.003727	14.767978
	5.750998	-16.364322	-12.734947	-38.173360	-10.986619	-7.105130	-22.977085	-7.274505	-2.132256
	-28.933056	-14.849622	0.735519	-33.143158	-22.481600	-0.304753	-35.926422	-18.242320	-45.265299
	-25.316710	-25.963566	35.090723	-20.172897	-10.970562	-9.666054	-48.187175	-16.974548	2.940826
	-22.296342	-26.134347	80.937985	-30.217713	-19.626705	-19.981298	2.792644	-5.988543	51.298857
	-15.009800	-24.754456	95.906755	-12.710801	-3.831128	7.765210	-7.891721	-15.284269	100.333243
	30.257690	0.652227	62.467843	5.542946	32.141745	8.243865	12.750073	-40.711609	79.072406
	21.549585	-16.435681	26.970108	4.474903	40.426365	9.178974	25.960626	-44.764623	55.043645
	2.009734	-0.966698	8.230886	-29.118844	55.838781	10.757444	35.917948	-47.518675	23.170943
	-18.700685	23.116157	-21.432485	24.522533	66.294122	21.988877	53.718125	-39.173321	-19.382814
	8.758063	25.973351	-16.600105	-5.648080	77.049161	-8.554961	66.280189	-21.642166	-19.385110
	-31.214112	2.169394	0.748184	-5.601448	63.927222	-5.847296	26.352025	-14.430082	-48.305812
	-73.806701	-6.636340	-19.161162	-2.224367	35.999330	2.574075	2.705278	-29.484112	-47.385621
	-22.701819	-10.010049	11.704807	-11.146266	58.717501	10.516859	0.620043	-2.940472	14.056201
	-22.100324	7.628399	-2.253461	-19.543977	39.389428	12.804214	-11.368692	32.755876	-27.157214
	-37.884477	-1.613246	-8.511559	-58.516473	-8.823187	22.968484	-61.286733	14.828287	-28.018380
	-56.038316	2.596270	-16.796431	-25.992599	47.824455	6.929413	-32.130969	-17.884702	-22.514604
	-6.545083	-17.701562	-21.193603	-29.176377	29.983186	-3.657156	-0.162325	-16.944116	-22.477984
	-43.208998	-40.556531	-5.909084	-59.503136	3.537746	26.005678	-34.647791	6.840505	4.114982
	-22.781715	-24.196517	-9.026654	-25.730241	27.418403	26.402755	10.064251	-14.329217	12.220382
	-15.434299	-48.334745	12.923362	-21.986563	12.719109	18.797186	17.603564	-17.695692	21.024339
	-1.720196	-40.389197	13.514313	-36.195618	-37.559892	37.218956	-18.959793	-11.110385	33.078082
	46.008043	-25.173567	-8.143594	3.984158	-56.013065	23.091183	23.677919	-32.270987	16.888750
	18.099642	-33.916871	4.907510	6.972743	-42.622255	22.107218	-31.205604	6.577686	10.390529
	-8.905060	-18.675382	-20.190066	13.475408	-105.423169	50.447617	-44.683525	44.518620	-22.749071
	-6.381513	4.085745	-8.338577	25.950680	-70.690006	2.522500	3.073551	38.021713	-58.153972
	13.092305	12.167644	10.743439	-5.687413	-12.728470	0.163720	-31.621125	27.193651	2.791511
	-24.633026	7.823823	-13.165172	-5.305632	12.949493	11.557561	-4.712092	16.574143	4.289328
	30.425176	18.486903	-41.810448	40.802062	80.181944	-29.745872	68.231548	-47.624890	10.189561
	-5.741988	22.340370	-32.348130	14.081571	66.036935	-0.742613	11.274053	-16.946610	17.806499
	-3.069787	10.239980	-5.733313	6.840060	38.149468	-9.247743	10.574719	17.983371	-43.957947
	13.355232	20.851134	16.779563	-3.308968	34.733252	24.312401	25.238371	-3.620945	-2.924203
	-11.410608	13.538452	11.940687	-0.252127	18.603441	33.036173	21.340447	-9.742914	-0.701031
	-6.613173	11.525977	13.173543	-19.371249	-36.513843	20.032734	-39.044399	-17.451974	-8.070439
	-39.810175	20.755502	38.410170	-31.475715	-49.266544	-3.271875	-41.151737	-17.058570	-7.127078
	-22.021113	16.776304	54.966647	-16.256277	-41.381753	7.388686	-50.893174	-16.135033	47.208307
	-7.482563	-18.632176	52.645960	-50.666197	-46.951867	24.487249	-17.932676	2.967422	11.431866
	-42.731080	-25.684718	42.758939	-42.543263	-46.252959	6.314045	-60.814378	0.580510	8.528748
	-1.753354	2.449307	23.866806	-50.450976	-18.892157	5.757422	-22.523899	-41.942350	9.283090
	-26.486626	17.009724	36.705791	-7.524041	-68.703156	7.441092	-49.655367	17.561641	-13.587211
	-36.983368	16.835615	-9.965557	-61.308372	-82.261584	36.614280	-60.457244	-8.441272	-45.028806
	-28.383918	15.193361	-13.479554	-35.667754	-64.944057	18.271535	-55.487425	-14.425750	-31.865888
	-23.257615	8.943957	11.067186	-56.214009	-73.214971	15.629445	-48.904127	-24.849996	-29.051042
	-11.707245	0.962726	36.114177	-37.107080	-106.706729	36.237866	-44.761120	-15.639873	-4.288530
	25.813524	19.694392	54.384107	22.490377	-38.108815	35.800880	17.283317	-24.737433	10.784006
	23.617262	19.562712	43.757812	17.814662	-10.349932	39.830865	32.917203	-28.100287	33.028616
	40.697403	17.298396	3.458092	29.254795	-39.771856	50.701008	17.992948	-10.284107	14.445727
	32.817689	24.773181	15.110742	6.989495	-27.834342	20.460879	12.455698	-4.608025	0.868058
	13.117605	-20.816372	71.928195	6.544971	-49.850181	36.808908	-23.079256	15.920614	27.793769
	-1.141936	-17.485567	25.171372	-8.291493	-63.772330	29.622540	-5.689433	21.685763	1.685291
	3.103556	21.696690	-17.503088	17.520721	-41.709242	26.739327	-2.361161	23.806120	-32.303791
	21.472428	57.899272	-2.394378	18.707487	-5.778908	38.004863	49.744090	36.416355	-38.595861
	23.244706	54.745384	-14.767962	24.231109	-11.959309	34.649298	10.814685	14.980719	-30.107187
	-15.099219	61.313112	8.365129	-13.327559	-40.541289	6.175735	-25.484232	0.754640	-23.994622
	-14.379122	36.104234	10.443357	-15.083311	-25.714169	3.793316	-76.807502	37.402553	-21.879386
	-46.827695	31.211881	29.332794	-34.377436	-16.697580	5.879166	-70.152413	36.452809	-32.114928
	-43.352321	16.948278	13.665623	-18.101348	-30.890682	-24.373232	-47.469084	17.560179	-23.868744
	0.667836	31.052022	-0.417905	10.286645	7.756850	-30.096119	-4.091051	0.077518	16.624618
	19.390153	21.984698	7.409568	22.230297	26.515584	-20.461509	30.311590	7.995939	4.118694
	5.883954	54.312041	-16.433411	48.688769	32.735753	10.669872	65.672420	-9.079265	-12.478450
	5.619839	76.494125	-6.349834	81.572712	28.258855	-7.993232	116.244955	-16.559006	-64.292981
	-27.212130	34.622220	-20.767836	-5.108224	-5.057482	1.955470	21.045970	-18.198429	-100.642114
	-8.330671	14.709226	-1.747957	-6.141734	-27.092475	21.008991	-14.608243	17.839231	-55.555677
	-27.923000	0.196268	31.271635	-19.237351	-18.843519	47.503063	-6.097540	-7.997955	-35.772469
	9.617045	-5.880729	46.491150	-6.334519	14.698595	20.527618	12.138711	0.786654	12.529120
	17.644123	-6.539664	75.631124	1.705079	9.053185	28.298136	-19.394381	13.880107	68.096735
	43.047183	5.832295	88.246922	24.202027	58.941026	15.365134	45.851005	-27.966764	73.954619
	28.414028	37.748538	20.097261	38.639753	72.996503	-4.611652	37.175573	22.563923	48.810048
	49.898513	35.559345	-47.063331	31.985656	70.729131	-32.580471	27.802596	2.774398	16.327943
	22.170430	20.235173	-69.582071	29.423439	68.844547	-31.476275	33.427918	4.715505	-43.801968
	18.516873	15.887213	-78.051540	56.078380	40.174852	-52.709914	58.523208	16.133557	-48.138347
	33.194173	19.076903	-67.696269	62.456655	50.133442	-40.884326	60.514471	-1.843198	-8.180996
	0.334532	24.632325	-39.557666	56.917067	23.356215	-15.478181	26.812473	7.134023	-11.392101
	23.898957	27.401576	19.095382	52.182692	29.858515	-17.444865	40.092436	24.536959	41.943822
	12.500666	7.644785	20.706342	18.295148	23.679537	-39.053675	48.981603	3.663969	19.097072
	44.085406	14.259654	34.263090	50.137861	70.429714	-44.870313	68.286023	27.966827	52.475356
	18.641564	6.069491	54.120172	31.012200	87.384923	-19.801378	65.011090	-29.150137	74.931110
	43.501029	-21.838997	15.527692	26.124170	47.887314	-20.890183	39.660303	-33.373867	66.597953
	15.873811	-5.383186	-5.683145	17.314398	72.017859	-28.664664	48.921705	19.776243	43.244959
	36.334313	12.818754	-5.049649	35.569634	38.572083	-38.488954	72.505326	-36.648369	-19.388526
	-7.558903	-8.198855	-45.200099	35.644750	25.518398	-38.971801	28.943537	2.268946	9.387039
	42.647472	-31.910845	-7.784034	42.099224	53.417617	-8.013288	49.669878	0.821014	52.319118
	41.602264	-49.443518	-39.032303	37.404202	66.898180	-20.110274	84.394333	-12.465872	29.639937
	13.794464	-58.354967	-35.621873	44.458312	30.783054	-28.919972	63.955395	-3.691333	-40.479994
	6.405648	-17.142687	-43.648197	79.199368	33.395480	-10.084655	60.304652	22.298765	-33.528876
	21.238810	-6.988052	-60.698760	64.594741	30.985134	-24.730639	53.753920	16.595334	-31.199729
	-15.232534	-18.855196	-70.141278	62.755498	-18.416411	-9.890654	30.966285	29.636104	-63.371780
	-13.225513	10.569457	-50.923624	59.800045	-2.879035	-2.717695	32.842929	23.756708	-86.932806
	-22.485450	15.430699	-21.231684	45.333624	-5.341181	4.016176	-5.255399	45.528092	-31.927068
	0.500674	20.556854	-22.439417	24.155470	-6.207619	33.378649	21.973790	7.625322	-17.930706
	11.934057	27.172571	-38.021304	12.055167	-28.263937	23.986453	-4.511691	49.107482	-28.513416
	11.561103	33.881688	-51.744059	29.799390	1.289512	19.856655	-11.637936	14.324981	-46.974583
	-8.620972	22.093900	-9.165085	-1.083224	-48.902977	40.850428	-23.525690	64.417140	-47.303458
	45.008695	28.662489	5.205911	6.783629	-69.394758	27.146988	-13.338074	35.756677	-75.576033
	2.593425	41.959736	9.864975	1.830132	-71.734987	47.042482	-53.141948	93.734380	-19.141248
	2.859796	3.891156	15.541733	7.849656	-72.503334	42.571063	-52.561400	66.588954	-24.602247
	10.927860	-6.205551	11.992422	2.595877	-48.383541	51.069808	-53.602550	42.440350	38.663288
	5.559062	-11.718614	-17.053875	-10.031756	-41.454017	22.699271	-35.938639	4.826691	47.979885
	12.525575	-10.642897	14.218985	-18.078894	5.186135	-7.465751	-6.039577	5.802663	74.106680
	-7.275368	-19.602355	29.768486	-32.283679	1.186101	-15.147268	-42.537452	-1.327628	81.602366
	-16.955207	4.961374	14.871087	-37.212137	-24.816794	2.381179	-29.269549	3.970199	45.857918
	7.915605	19.864413	27.562962	-14.784275	15.323719	-2.789602	-30.949188	30.218562	28.041796
	-20.603423	9.151208	26.717992	-44.280469	11.604379	25.688766	-38.705746	46.121332	17.868083
	-18.133265	26.712426	35.052859	26.102582	-3.537081	45.965654	-30.552653	36.415925	5.563086
	-0.139585	5.968920	-25.260818	20.315293	-14.153230	22.979872	-5.694195	28.581076	-35.598806
	45.813888	26.923291	39.324044	53.806050	20.252504	70.414894	45.722697	30.669790	45.453982
	22.216233	-1.218619	53.370242	4.031072	-8.939188	71.484895	5.687431	13.001283	65.045766
	49.342751	17.267154	56.509595	34.274065	-10.715827	90.982175	13.743242	61.273219	14.458104
	53.667919	15.350077	27.949407	39.737773	-16.476273	86.338267	42.549398	46.614610	5.715419
	46.226735	-27.444975	7.210746	-18.169177	-36.669493	49.945294	3.665295	22.246847	39.433486
	28.705208	-26.966954	73.156232	-15.690366	-83.557150	119.388722	-46.974050	53.728270	64.496692
	33.210472	-25.807489	25.041297	-10.823425	-84.649708	113.660526	-44.515817	55.280460	31.038075
	6.665738	-33.543804	37.075776	-10.044371	-68.137261	110.267342	-62.905110	79.531380	18.005806
	33.491533	-13.901749	22.255603	-2.023829	-61.258894	83.335163	-31.691690	62.953606	39.276501
	24.120181	16.432752	13.492591	41.443754	-39.235147	57.481684	-39.696998	57.766812	32.038031
	38.042574	52.926488	-69.601883	93.548653	-3.109154	-2.954455	25.163553	26.849416	6.407176
	13.689707	37.435818	-31.190770	53.897913	10.747862	-39.812646	42.126114	19.524578	-9.721092
	27.173214	35.651915	-77.446903	52.542919	22.728116	-70.459464	54.091232	3.884079	-53.517332
	17.487257	24.760047	-110.742501	60.425855	33.541917	-93.319380	49.805494	26.672035	-81.328041
	-15.517553	13.303465	-106.429888	50.249568	5.971661	-56.962625	72.680316	45.960311	-105.646798
	15.421724	22.260917	-102.059297	48.743732	32.868995	-64.711386	66.316568	14.193728	-99.931458
	-10.573219	31.811052	-84.518343	26.424419	42.641264	-71.594724	58.868311	23.040654	-87.216221
	-21.432099	48.627134	-91.081846	31.760300	26.168805	-68.531461	12.823587	51.419946	-85.687228
	-15.319874	51.371322	-89.709813	41.016812	28.166290	-66.361539	51.094804	12.272122	-87.765653
	-9.279009	77.399424	-73.890021	60.122952	22.775754	-76.528276	54.269975	36.973404	-102.207367
	-27.718286	73.297036	-84.095839	32.159879	-10.058908	-84.333417	3.318012	31.356804	-118.152880
	5.836832	63.188113	-29.138162	61.550643	-2.912720	-35.365682	27.912791	17.404482	-64.785683
	14.429071	61.175651	7.718881	86.284246	11.972507	-45.020936	34.232125	8.667594	-39.702049
	38.493532	43.449618	15.838023	63.874507	52.904589	-33.733139	48.147389	-22.689320	37.867779
	31.280254	8.299825	60.082849	-21.743622	8.243372	-7.374071	-8.439925	-22.929558	29.983328
	22.307163	-11.695887	22.252110	1.804064	1.799229	-16.547208	5.297944	-52.867509	35.734055
	4.233036	-7.963553	29.434823	-21.703498	2.126688	-12.190374	26.760027	-24.933244	4.683406
	-15.415830	-22.442451	-13.611208	21.467939	6.070551	-18.522426	10.305711	0.485369	30.578259
	4.380337	-5.460798	-16.270158	30.564462	7.950506	-5.416541	9.518894	23.842632	17.332127
	3.968205	-1.796426	-4.761074	30.351631	8.234711	-30.737087	-10.995105	21.778295	-6.728191
	-2.377316	-20.413846	45.569231	-5.701971	-10.448458	-14.871325	-16.146697	-32.479077	12.811412
	-20.049375	-13.080314	-12.768891	-27.890850	11.572960	-36.373583	-16.411262	-40.133223	-1.291785
	-9.805329	18.738280	-30.340113	-24.251084	47.278939	-71.077793	-6.891769	-42.366494	1.543990
	-8.158234	46.647462	12.068978	2.876610	80.580975	-35.253840	41.333004	-61.797768	16.549761
	2.059977	29.015568	53.404005	-34.255382	58.686549	23.179618	11.829394	-72.699367	8.300482
	-14.966668	13.500559	27.565194	-48.431241	40.302224	20.000374	8.360464	-49.374135	6.589713
	1.394186	11.674945	-16.513671	-56.318947	42.114656	-1.874792	23.166786	-61.063834	1.643773
	6.896554	-8.508640	-1.295027	-17.793353	17.184413	-2.376618	12.391095	-29.255804	9.609588
	20.426253	-32.649121	0.231990	-42.770488	-17.294179	-27.410266	16.858135	-42.562201	15.303963
	-3.507436	-45.597353	13.541030	-43.732193	-1.348390	-27.651197	-52.367328	-62.343013	47.601024
	-0.224574	-49.221597	47.772514	-70.461573	-48.382386	7.626565	-62.727544	-37.598226	62.984520
	-10.105667	-18.613978	10.372181	-78.571251	-21.542639	-11.634751	-44.168900	-62.383540	41.971233
	8.305964	5.607954	15.895547	-50.525827	-39.009856	-11.358090	-15.172737	-63.809991	41.662009
	-43.175161	3.049684	-4.185808	-32.289382	-80.794137	21.824312	-50.024394	-3.898688	26.576343
	-46.233249	-2.159951	-0.035282	-52.990611	-85.648590	4.194957	-75.709771	-15.721038	-34.751172
	-36.246670	6.166771	-22.261955	-51.890474	-57.178411	11.375422	-74.622489	9.718201	-17.832308
	-17.329951	-19.199749	6.744122	-45.407528	-27.687252	3.982107	-58.882493	-0.962666	4.454705
	-40.760846	-48.574895	1.336714	-59.712377	-21.148646	14.205965	-64.919248	-5.789107	-13.191264
	-41.503439	-43.254396	27.403534	-55.241382	-3.298765	5.378665	-78.384857	-13.523237	34.828694
	-24.525961	-30.401043	40.881358	-45.873896	7.512558	-1.325590	-52.670111	-22.821322	-5.522376
	-14.581277	-40.254893	54.216040	-48.907211	25.276355	-11.441968	-25.153141	-59.823372	60.081662
	-30.427026	-14.642275	41.493521	-50.875146	17.083713	7.795566	-56.886919	-25.492319	42.457901
	-36.140309	21.938448	7.361267	-47.015107	26.254538	-25.789379	-46.358413	19.462452	-2.812654
	6.153207	2.162062	-15.169508	-45.133376	49.042408	-0.525208	-50.118553	-18.851458	36.384529
	-42.659306	-16.532423	-28.484334	-65.554681	20.889190	6.457040	-52.241751	-13.750514	-5.604886
	-26.542607	-26.505296	-13.758683	-78.664658	26.543744	-12.712559	-49.615657	-7.877067	18.725404
	-44.215450	-42.961040	29.826805	-85.106879	26.446779	3.817906	-68.048060	-39.512957	27.365136
	-17.099315	-39.798299	22.094793	-78.416616	6.614832	12.986464	-100.703983	-38.383885	21.043447
	-39.261707	-34.633674	17.918544	-80.823077	-1.396893	-4.719341	-89.600211	-36.071854	3.570380
	-42.607664	-39.956530	55.326638	-83.982276	7.122354	2.949747	-68.136396	-19.751215	22.052211
	-41.063702	-42.206444	48.000647	-64.683986	7.750277	-21.594116	-48.606017	-11.314907	16.985080
	-26.251914	-21.012894	54.523484	-43.262400	55.676288	10.999560	-1.366647	-30.468467	56.644207
	3.994516	-22.846838	79.630429	-65.154587	42.185838	-11.168079	3.153134	-49.959009	50.928348
	-32.426001	-13.586741	51.686370	-48.534918	29.498389	13.662401	-16.708787	-39.981551	17.250113
	-52.411213	-51.026698	43.005742	-93.555805	-11.024908	32.240916	-74.927254	-24.829554	30.480494
	-10.466348	-48.853041	64.821330	-66.851890	-64.664042	14.638128	-56.580052	-4.282616	12.375455
	-28.959823	-61.443887	65.939880	-79.308947	-65.428436	34.695765	-57.738080	2.641092	36.106258
	-24.359990	-55.772036	43.549410	-80.558960	-66.376882	61.981115	-83.055577	27.705626	6.346209
	-10.943519	-28.113497	30.492538	-33.277131	-28.983509	46.164470	-62.938073	-10.996769	28.369712
	13.164704	-19.544196	32.803431	-7.056401	-20.815871	38.071383	9.599443	5.067490	-9.244151
	13.360118	-29.516851	34.041986	3.914633	-28.044146	24.395943	9.290070	-9.583296	14.849795
	21.124783	-44.454072	5.712196	-2.917189	6.961212	21.093129	35.442467	-35.903475	-9.851028
	0.203545	-26.726647	4.776065	24.113720	15.145246	24.105653	34.857854	-23.402419	-13.635370
	5.189980	-28.558312	44.802925	-9.688337	-22.142810	-8.540191	9.087264	-3.600081	39.987366
	1.411403	-15.457681	34.077899	-35.890951	-23.392106	11.326500	-44.236708	2.085028	28.024461
	21.906439	-0.260666	27.027438	2.836783	-21.754137	-25.426004	-12.294863	9.379217	18.017547
	-2.584757	2.185094	30.947271	-3.364248	19.936785	-28.836300	22.629979	-26.330276	55.829640
	3.705164	-5.178602	-5.779067	-6.586997	4.368166	-12.452139	9.688303	-26.036855	41.559718
	6.078839	2.604206	13.932731	10.596555	-6.582490	38.516285	48.251759	-35.142446	20.423433
	-14.410944	-3.772798	7.448099	-14.084447	-24.534001	51.310447	-17.270425	-23.789595	-14.526045
	-6.138767	-1.990315	12.319037	-20.265042	-1.030608	21.935963	18.821356	-23.385181	-3.846963
	-35.221893	-4.177183	28.865938	-9.907113	-10.628086	25.993284	-9.385197	-3.211588	20.079176
	6.001049	-3.995709	13.714484	-27.298550	15.005904	-2.047640	3.095563	-35.272908	34.556649
	-7.677014	-14.981159	-21.489102	1.964841	10.958710	-45.817082	-6.232057	-14.424806	19.063068
	8.455632	-26.285214	-38.771911	6.266385	-1.791496	-23.780081	15.338545	-25.969181	-1.320958
	7.513322	-17.331846	-67.963137	48.057884	-4.917886	-36.425566	39.601281	-16.236845	-6.628246
	56.297932	8.844236	-66.187076	88.347689	0.155338	-8.381125	79.430461	0.746121	-55.933020
	21.664955	3.581628	-26.817241	98.714956	46.826990	-11.845524	124.548888	9.140360	-37.522936
	14.134811	9.306895	-22.022712	85.677955	20.222252	3.660128	71.509716	50.792235	-35.559614
	-12.653440	-0.294328	-20.590083	55.221702	-32.959458	29.251854	47.610463	36.806666	-41.394847
	-19.445766	-0.988637	-8.035945	24.297216	-69.929003	24.256746	-6.962270	-4.026464	-8.720025
	-20.007948	-18.777063	-2.461726	0.695261	-61.961329	17.254870	-48.113466	21.849829	-46.428361
	-18.373356	-3.280914	-29.402309	4.936479	-49.874058	22.273179	-35.760845	5.235034	-46.409096
	16.874791	-5.492656	-2.480477	26.988974	-18.232357	18.640361	9.483463	12.580396	-56.064328
	-8.888314	2.928292	18.160038	4.746301	-28.316651	26.909129	-11.136450	2.720582	-17.714894
	-35.798743	5.786639	13.649758	28.012056	-48.743119	66.638649	-47.724613	29.973530	-46.995793
	-14.401301	25.461098	48.239000	34.999342	-11.047726	73.362038	4.302675	56.604204	24.610899
	-2.096924	16.457620	65.444076	16.578627	-27.830958	67.664230	-19.823762	42.245367	20.399491
	17.062001	-3.877652	85.407259	-2.294534	-49.029362	82.955385	-38.101397	54.070784	65.340933
	55.308850	6.858998	23.921791	12.422198	-28.707937	74.126778	6.179730	74.965397	36.169133
	48.508401	15.722860	12.364468	58.428316	3.273578	13.810286	62.772236	27.693760	37.750670
	51.417265	10.195106	7.008666	60.210792	61.556231	-18.204109	51.991840	20.195824	46.345363
	36.147062	12.976488	-2.861397	41.674882	75.717468	-35.085715	118.484864	-3.973914	37.087351
	19.618805	-8.155945	-52.645986	45.562853	109.188810	-41.328658	98.580750	0.316049	-5.490878
	-17.756570	-20.516911	-9.037372	1.984841	55.736519	-1.141334	23.898681	0.395571	-12.248221
	1.160396	8.743237	-0.270675	-0.822598	37.682081	1.218023	10.300089	0.687835	-30.634666
	-28.364055	24.119099	-5.829470	3.924111	48.834402	-6.339762	18.250193	-14.205445	-37.714667
	-45.447359	29.753009	23.530229	19.554555	12.991285	5.984481	-36.889301	45.197632	-18.377186
	-6.209921	20.457751	20.116035	1.285387	-12.985716	-7.471456	12.308051	6.840504	-14.388069
	1.036020	8.727053	-25.401836	1.750606	-28.880022	-20.047971	14.476347	21.694396	-19.755867
	15.048990	19.733169	-47.239828	37.974723	-37.906819	-41.598132	40.499642	3.839591	-41.666163
	19.951998	23.409004	-84.114238	50.209065	-69.406150	-42.579238	35.804251	17.127419	-46.675066
	21.663213	59.762386	-92.069399	67.387732	-62.619177	-38.135989	37.794097	26.290049	-101.683040
	21.245633	58.181571	-50.175538	61.383695	-39.958031	-16.181084	33.045716	38.284200	-81.416883
	36.091790	71.612034	-38.368545	63.663825	-24.031122	-15.572042	14.288016	58.604527	-49.783074
	20.924900	82.847116	-30.293501	67.872261	-0.600047	-10.971617	33.780515	39.558929	-73.956279
	-4.406416	42.198466	15.071302	12.773994	-11.224149	1.566672	-19.761101	8.646531	-44.179420
	21.343538	34.741162	19.397990	7.762517	-11.831695	34.319245	-16.890853	12.908801	-17.566744
	-10.708083	12.892104	46.424228	7.628377	-7.758141	37.153089	-35.465526	10.938926	-32.807374
	-2.351365	18.466467	49.293145	-11.937130	-7.109710	39.780436	-24.970932	12.058405	-3.684186
	-18.548735	-11.807324	26.731896	-16.366284	-14.731497	37.544736	-26.552133	10.131067	4.849437
	16.581138	-43.396293	-14.116356	-10.140868	-25.370033	16.843821	-8.588435	-7.851285	-16.740483
	-6.433120	-19.938967	-30.238600	19.508547	-0.675283	-4.153532	36.849763	-52.484851	1.954715
	18.148907	-34.807268	-25.688702	23.613599	-21.701353	0.125502	32.384602	2.865610	-15.162676
	-17.148609	-21.362476	16.077260	-16.114233	-26.560178	39.565582	-17.880820	11.556579	6.502791
	-19.962417	-3.634036	16.229505	-5.821736	-41.496462	28.096431	-33.023607	28.295271	-26.621944
	-22.845913	10.889025	32.102103	-14.217965	-60.599976	28.241162	-57.420921	29.514441	-32.093264
	9.883679	-17.519438	39.021091	-44.984459	-39.505857	25.923941	-37.841239	19.268514	-4.218091
	-14.210743	-27.976537	27.454887	-22.078438	-43.892271	19.257467	-44.822478	-4.104031	0.487961
	-7.577874	-16.231262	10.928229	4.537155	7.575317	9.633201	1.226491	8.876260	7.955344
	7.852375	-14.879249	1.786063	-1.744960	28.716835	29.850297	20.691831	-8.193174	53.849654
	-16.578684	-10.438128	27.269743	15.990938	20.482128	-8.280823	14.803895	-36.635541	23.206285
	1.021025	1.118215	-27.890134	8.777044	74.456357	-7.998414	27.260122	-18.028979	28.962768
	-2.359952	-15.672597	-16.004843	9.262207	49.495810	-11.571015	35.306335	-24.361434	29.887418
	-1.358019	-24.842214	4.162374	-8.277961	54.055965	9.923842	32.775115	-24.464802	8.735468
	-1.936601	-8.937796	-7.939995	12.596411	55.270130	-15.427365	36.653361	-25.889968	-18.482647
	-27.411444	-12.358189	-32.322357	7.718456	22.029329	-34.558885	36.716745	-17.780894	13.558402
	-21.354753	-18.968975	-9.569419	-26.830598	21.481281	-27.901495	-21.145935	-11.141667	-14.179771
	-47.531084	-47.169879	-32.624420	-52.529547	-10.127469	-28.001071	-19.373778	-31.994270	-0.131441
	-12.876854	-58.157473	-5.553686	-32.937642	-19.448493	-12.723292	-12.267517	-54.136642	-10.190351
	-50.290942	-38.786852	-33.724713	-27.294010	-9.280826	-43.888421	-55.286309	-52.173812	7.405407
	-60.544205	-40.944073	40.870299	-28.721809	-51.117332	15.354838	-83.397712	-21.181146	-10.366522
	-25.423578	-33.977859	-22.111267	-37.992237	-27.931004	-24.145336	-16.114797	2.050112	-27.395744
	-11.991887	-16.825793	32.374744	7.238990	-21.813439	1.601622	3.628433	-29.320523	18.349293
	-4.437552	-3.739944	1.825674	6.598917	-16.661309	27.725970	1.261556	-19.809014	-13.994083
	6.213078	7.051201	48.522137	12.904837	-33.128346	71.150064	-13.417314	25.400216	2.040609
	3.523544	6.367233	67.265207	17.895946	-18.429231	69.843518	-13.799528	24.128340	60.927205
	9.527949	2.230277	58.038661	-11.058085	-12.164666	33.838744	15.266623	-7.633276	21.384081
	-8.002910	-9.351574	30.283179	-6.243180	-18.295586	25.719011	2.904784	6.200924	42.726894
	2.998754	5.582630	-4.732860	33.044807	25.487883	-15.324436	41.783983	2.362304	13.550919
	30.515666	20.885837	-52.790318	45.204297	28.097498	-36.069070	33.975572	-29.436324	-7.832980
	22.361261	42.151821	-43.504166	68.653951	27.989358	-34.681965	61.142216	13.059508	-15.590559
	24.458535	35.700959	-18.737441	41.389133	46.857779	-8.314002	81.784358	-2.401663	-15.570681
	27.291037	82.045511	-17.367693	76.309710	53.805406	-61.263271	79.456136	7.910029	-27.534404
	22.534499	71.939788	11.401307	39.649564	21.619189	-36.778706	35.631322	-8.448090	-47.670337
	5.032706	30.031607	34.169120	-5.091526	20.280064	-25.484861	11.337789	12.493790	-35.431366
	-6.044957	12.157257	51.981804	-42.819063	-5.405937	3.704611	-15.122547	-21.378190	8.947008
	-2.454347	22.532080	-19.987347	-6.063162	14.186869	-26.568291	20.624019	-23.675026	-48.595706
	-7.247064	9.727987	-10.803476	-13.931399	21.013102	-16.325837	0.797029	-32.017985	1.906857
	-23.513103	2.929072	0.822656	-41.477298	4.784248	-3.490387	-24.167061	-42.666272	-40.885947
	-9.478313	3.647133	24.898115	-39.937478	7.776908	28.922487	-20.340347	-14.518148	-7.221385
	1.932697	7.382005	1.433335	-9.895495	32.220184	14.314092	-33.332400	-18.091327	-9.839301
	7.178009	-3.683863	16.438390	-18.377196	59.038077	44.500351	-7.910892	-5.026875	13.573148
	21.270756	-14.899316	35.254541	-44.058619	14.960424	68.400087	-22.239130	-1.247720	48.698253
	-2.426707	-4.953006	24.778419	-38.415427	41.545684	61.858160	-29.167308	-21.161588	48.701578
	8.124990	-8.443005	28.938438	-51.086758	13.243014	63.918239	2.623601	2.105240	27.568034
	-25.765142	-21.428839	29.875494	-73.726834	10.021685	123.824487	-36.125425	0.000021	36.442737
	3.818329	-19.075175	37.742720	-68.531235	-23.920392	117.079341	-42.496183	37.010954	28.620827
	10.191050	-1.509427	2.323275	-31.135873	-36.953737	105.044599	-51.164471	34.245727	42.914130
	26.488214	-27.371038	-10.274208	-61.484195	-26.496829	69.921124	-39.881220	1.362417	6.176214
	38.360965	-57.384916	-55.011668	-25.243256	-51.061724	16.721024	1.488424	-6.120608	-8.210766
	30.412533	-60.769864	-85.851384	-4.365967	-37.417981	-43.256299	29.800578	-45.628848	26.364920
	9.329666	-56.468201	-93.709117	-22.927266	-36.763356	-82.555031	20.500788	-18.194067	-11.121292
	7.873006	-44.259325	-86.452288	-12.573258	-15.771814	-86.822000	-2.302714	-34.388747	37.289800
	10.308543	-27.433109	-88.502261	-31.631605	-51.529275	-75.682592	-8.986981	-30.005079	-23.786556
	-4.763831	-3.326344	-97.190486	-2.555727	-32.819072	-69.822189	-7.909370	-22.020553	-25.107787
	-1.263112	-14.025524	-42.713093	-26.127388	-23.016289	-60.806019	-20.616410	-35.477835	-15.894043
	-16.263143	-17.326752	-22.144906	-30.881266	-34.597383	-74.106630	-27.901611	-20.542299	-6.219554
	17.144495	-39.112040	9.900749	-68.100809	-32.206618	-62.027668	-32.140263	-15.703416	3.110193
	8.058211	-15.530711	-32.328112	-17.891693	-29.211781	-44.097851	-15.152364	-27.218316	28.500859
	-0.652410	-12.693616	-26.383477	-24.738733	-17.082822	-74.160266	-31.632965	-46.732877	-2.479462
	-42.729500	-26.096526	2.700905	-61.940398	10.916514	-18.016571	-30.318276	-39.989521	-2.952599
	-42.558719	2.791767	21.426715	-22.621264	21.388960	-33.819115	-23.393364	-2.134122	21.994570
	9.138705	16.899365	3.495352	11.473143	37.491549	-36.248721	-6.649352	5.090395	-3.894662
	-4.483283	15.195671	30.502396	17.984086	12.522498	4.450633	-9.997675	13.156876	-6.139064
	1.080489	-0.060696	-1.536160	-1.007201	8.930741	-20.048666	-18.786464	31.593904	-11.054875
	10.086169	-14.105661	-38.696870	7.176135	17.934530	-39.957090	22.737135	16.024751	-29.151705
	5.383961	-2.809778	-62.744180	6.037101	38.050866	-75.154444	8.585604	-13.196913	-16.654980
	-9.248280	8.743929	-74.274996	-11.575453	14.787811	-59.299533	24.581531	12.522777	-25.223798
	-17.612723	16.223612	-29.541868	10.373755	9.803675	-42.053235	30.421328	48.776908	-34.754545
	-9.152686	22.580910	29.321231	1.129481	5.195178	1.920634	-21.927056	14.013495	22.097600
	2.300032	21.394521	-2.253547	-13.013941	18.731138	-25.779759	7.229401	18.162186	-11.415332
	-0.435626	1.820720	18.361128	-15.935016	21.546750	35.245426	-41.305472	48.928982	30.558866
	-7.022627	-6.882903	-17.748475	-24.639918	7.246951	0.721553	-4.258934	-15.827776	9.187398
	18.058154	4.443588	-2.366595	-8.164072	3.132289	43.845498	-8.087129	-4.723664	41.702983
	19.350412	-3.910174	-25.113941	7.844164	19.819382	29.909261	27.733061	-33.691883	-1.198484
	-24.019146	-6.541730	7.704626	-13.840525	-13.103905	88.686551	-43.054692	-14.306589	29.710291
	-29.192937	9.860778	-3.798639	-12.619642	-34.256557	33.556305	-33.789427	-30.467031	-18.284605
	-15.924795	16.118630	-16.932103	12.106251	-68.112517	6.266211	-1.005264	-22.289560	-55.470147
	-16.135520	5.929702	30.285584	-16.606503	-66.229662	36.675834	-65.557533	34.160042	-46.028317
	-1.948137	13.935750	7.981304	-9.980862	-49.474782	12.953796	-65.888005	11.135682	-42.419072
	-42.484387	-7.890253	11.525863	-7.783747	-28.242886	-2.813561	-31.467799	5.580091	-78.369443
	-41.745053	-30.124486	15.288073	-5.286895	-23.710448	-23.409950	-23.976735	-57.129198	-64.173326
	-20.328467	-33.864713	10.756039	-12.049145	3.865821	-23.312121	-15.167014	-17.574832	-34.799676
	-4.705728	-6.188062	4.335102	19.777503	28.285197	-18.694249	36.449475	-26.829619	42.307068
	35.015584	-14.959729	-29.389284	32.286411	29.934073	-68.487368	51.857395	-16.911912	42.111568
	35.137571	6.385505	-55.057667	46.848918	30.755865	-68.069626	78.350469	-14.341671	25.763048
	-4.352166	12.152962	-85.482891	42.603646	48.709982	-73.254082	101.271973	-68.392471	2.834005
	10.717842	-13.446551	-63.819190	36.266877	38.197943	-99.019275	32.063995	-15.140763	0.860242
	23.211131	-36.203179	-54.612916	4.043615	25.130955	-78.549193	37.280650	-31.704185	-1.142977
	-13.760282	-0.945829	-61.106865	29.394572	57.586934	-88.041657	45.870367	-43.581824	-13.507587
	-4.657065	3.019344	-32.884333	37.959735	57.201772	-88.419717	-3.680210	-6.881590	-23.461898
	12.401050	3.243394	-39.804677	18.614668	32.593257	-48.171390	53.910429	-12.265052	-46.035284
	8.255894	-4.912637	-63.516863	34.298181	47.613627	-9.014680	46.326483	-25.486649	10.137130
	11.352315	4.461513	-48.832826	35.198476	52.445695	-28.556719	35.554112	-13.654050	-1.577914
	15.802907	2.184435	-24.385475	49.548165	42.930669	-19.225357	50.749589	-0.951889	19.232278
	1.896522	16.157485	-24.468466	59.130616	56.602132	-20.112208	67.840729	3.123363	-7.716647
	21.891486	23.071174	-23.557480	57.141500	65.394263	-22.045297	30.620084	-20.191334	32.365270
	5.119208	44.004801	-12.755557	43.921206	75.434325	-10.155078	52.417897	2.296776	18.304957
	-0.901267	8.718019	16.203727	-7.803360	53.115164	14.921890	26.895705	16.150740	29.311290
	30.597874	-5.542689	-3.268077	11.052593	50.311622	-0.925128	-18.126767	36.670524	-11.413699
	8.685446	20.167381	-4.261866	25.245320	53.193093	-25.601179	-25.734061	4.414158	4.752209
	1.245966	52.237031	4.945693	10.246588	74.625578	-13.214669	19.366153	11.446868	-19.116455
	15.505811	51.943208	-3.293582	18.906561	37.476690	8.046294	10.774406	26.796311	-4.186132
	-21.396755	49.910390	25.054675	1.549380	46.118043	-24.074721	3.070385	29.637512	-8.223960
	-4.880004	55.956636	38.587659	8.742205	61.379311	2.694102	14.697845	2.758961	0.080402
	16.901217	41.610334	35.977592	2.029244	66.607769	-12.246746	26.140750	13.318506	33.162780
	6.928959	0.978062	46.190373	-16.349976	8.951043	30.170011	-0.216311	-10.282926	44.056343
	23.979788	-14.927380	34.849920	-6.117025	-0.309536	28.260121	-25.464292	-25.187869	32.426062
	-3.424787	-20.372837	7.527770	-25.421815	4.791341	28.582711	25.017857	-10.516558	42.632191
	20.221966	-29.916520	-2.862707	-9.880538	-5.539450	38.248507	-11.730105	8.063459	20.002478
	-25.035179	-25.469978	-34.754028	-34.209715	6.433638	12.465530	-22.693033	-23.230532	28.725412
	-39.659950	-19.892783	7.495632	-52.566969	-7.829199	20.812702	-29.148165	-20.605499	38.607310
	14.022204	2.108947	2.791169	-19.606617	18.624352	2.095974	0.947641	-11.644293	13.052592
	4.150388	-2.845750	34.677598	-48.573915	7.430764	19.870513	-43.741834	-17.974476	50.540912
	7.665691	-26.982325	38.203076	-55.295325	-49.885387	48.154323	-25.487552	-0.715134	44.089740
	-28.414952	-0.590881	25.376828	-23.477297	-24.805618	-17.285498	-52.642115	17.125533	-26.869598
	-10.182344	13.728170	53.151864	10.261143	-5.550521	26.237451	-40.126009	12.194030	2.800006
	-1.899111	3.155806	39.033273	5.470775	-27.587027	49.829213	-29.243795	12.647132	11.800034
	-8.239662	-1.570325	56.651292	-10.386597	7.273568	60.558773	-49.040833	19.473084	34.027890
	46.659216	2.666147	9.416301	14.122865	-15.311792	50.723028	7.020583	27.632965	42.978750
	31.379173	9.803255	-22.758921	37.200389	-3.757161	22.299497	47.182269	6.157676	56.699426
	89.295037	-3.718531	-47.879708	59.468812	-8.225457	6.548110	68.183679	8.708102	-55.226196
	33.610110	10.626678	-36.941552	67.624055	-2.516256	20.466891	83.485314	14.958862	-55.416408
	40.311827	6.614650	-82.951142	76.556563	16.054501	-40.818007	100.717252	-8.722201	-43.495802
	-3.319284	-25.974379	-58.643916	67.538662	21.556621	4.344325	66.218203	-47.360672	-71.554991
	-9.534071	-33.987372	-42.699854	36.256258	-2.394797	19.776842	29.055095	-4.892037	-58.506413
	-4.580307	-33.645770	-24.868188	33.973800	-18.971281	13.611602	45.461249	-25.243529	-6.288462
	-14.908903	-34.856131	-13.478208	-12.613855	-29.375248	18.323981	6.957488	-17.329988	-36.868463
	-38.908000	-22.904014	-22.972376	-31.746692	-55.611404	-7.645026	-47.667381	6.172490	-35.787305
	-42.439744	-16.080552	48.747187	-10.278697	-54.793396	27.615581	-41.022410	15.837423	-15.160945
	-20.415792	-22.467882	-5.339061	-5.773966	-15.477682	25.604688	-2.817838	-8.272986	-45.506621
	-30.138671	-25.579984	7.271335	-8.653127	-4.325640	7.204261	-7.308329	-5.678925	-10.624896
	-21.741063	-44.047728	-10.574942	-28.704000	-9.399571	18.201070	-30.818304	21.607154	7.775498
	9.640904	-33.865074	32.865547	-20.865582	1.787327	60.831198	7.373736	24.752867	45.075999
	-14.273992	0.922416	-7.358823	24.309733	-30.064541	17.074935	-18.203915	27.099668	-23.051161
	-15.507758	0.440179	0.679108	4.330498	-0.727318	-13.017266	-37.495170	13.787141	32.727407
	-17.295540	-17.223757	17.141843	-40.803258	-40.433636	28.404447	-46.453536	42.443296	-1.692508
	-25.775327	-18.104653	-10.525202	-7.121444	-25.562795	17.882969	-53.606029	32.835797	-14.330353
	-5.575333	-0.157326	32.921356	19.139425	-32.646286	13.141955	4.639731	2.240692	-8.279810
	14.424737	13.017695	69.020632	4.155012	-1.728762	-14.827809	-1.356083	20.161294	22.123873
	14.515406	13.776731	92.840406	-13.020648	18.265154	10.468476	-15.291354	22.156068	34.535260
	9.884788	18.165591	83.517147	1.857597	23.621037	-13.905939	5.779016	1.061046	59.606701
	11.115479	27.014224	75.828392	-10.754116	29.486711	4.764030	8.292983	41.754065	36.392477
	5.426155	27.671888	49.230151	30.526158	22.176198	-9.385594	64.775280	31.760032	41.178837
	-13.051302	19.421371	89.981042	11.827381	26.013328	7.091493	21.309968	1.115694	53.486543
	1.032732	13.486227	25.226730	7.014408	41.317976	-33.050472	18.180890	-19.800232	58.321218
	5.172566	11.673328	68.144727	6.033072	31.324948	5.388182	12.758238	1.390561	84.212723
	38.986255	17.618983	21.114394	-13.835033	-14.649792	10.392158	28.830713	-14.018874	63.913952
	23.953647	7.030202	49.246115	-23.069135	-53.306106	14.471147	-19.448876	-18.454435	-0.726121
	-11.120094	-3.018196	5.498579	-40.286299	-34.882036	6.315108	-6.526843	-4.149281	37.466374
	6.853381	-20.448262	9.519898	-33.023222	-40.242233	-13.925613	-58.618149	-16.333587	-38.617608
	4.066653	0.079611	24.377097	-4.819598	-28.095222	44.046660	-5.623484	31.981979	6.552581
	13.554561	3.525088	-36.471040	17.086701	-28.107236	14.997560	13.816139	-25.754660	1.159134
	-19.481424	15.723896	-40.551520	12.925782	-36.991571	0.620689	-10.937575	42.470536	-77.964722
	-5.357110	3.858199	-45.561760	-21.552752	-51.279833	43.429165	-51.398148	23.661620	-52.336503
	-2.882619	-17.664170	-57.082837	-30.220301	-18.253994	-24.467342	-18.255289	-7.151535	-92.045698
	-30.526006	-10.263905	-21.190156	-37.706944	-18.520257	-11.651517	-49.547165	-1.435747	-72.615843
	-9.321331	5.900984	-46.141859	1.661865	-38.940901	-1.055588	-58.754305	14.639454	-58.081064
	-45.537411	-9.507061	8.645148	-9.190543	-50.913315	60.060194	-37.595813	49.268892	-90.665202
	0.027097	-14.330275	33.205980	-3.115015	8.927056	28.952681	4.017601	-13.444868	18.106535
	-13.143224	-1.842713	21.168644	30.469274	-5.853877	31.766029	12.895021	-7.183124	28.737968
	-3.847949	-4.600896	39.316391	23.724182	12.156173	43.745715	30.902925	6.331112	59.159643
	23.980808	0.863213	66.840799	20.186336	59.614289	5.225518	52.880718	-28.710360	103.415104
	11.781158	-7.383047	47.540848	25.564035	80.950860	-40.134261	50.885646	-21.368940	38.757369
	8.598851	18.154482	38.240703	42.352815	58.289778	-34.398687	49.955422	-14.961811	42.161913
	30.980028	8.642236	54.812539	40.320141	32.734124	-6.370684	7.031575	-0.035087	20.623499
	18.457402	-8.883355	74.839140	43.146160	64.827984	-2.908579	60.072662	-40.822437	89.272582
	10.894002	5.448050	25.801492	21.146360	45.486746	-36.138034	40.599392	-37.927223	33.611906
	25.430082	-24.060988	-15.462879	14.842932	27.210354	-27.402258	38.744736	-16.956573	12.103699
	-9.742968	-30.182152	-27.038217	-41.078156	-19.732523	2.470821	7.325306	27.790372	-9.822779
	-25.425633	-20.195514	-31.321079	27.370035	-20.609108	-48.317254	-5.827579	20.487056	-34.267319
	-29.900519	-1.047738	-38.944781	-8.490002	-1.188796	-23.429866	16.835330	-0.518338	-10.280305
	-19.079584	3.959577	-65.782933	-8.495648	-35.799721	-26.934070	-20.784065	20.521056	-82.087119
	-14.839084	5.917953	-46.900106	-33.993435	-47.547735	11.337645	-41.803372	31.405474	-65.789577
	-28.785464	-17.267271	-11.967469	-67.581110	-97.499445	44.586166	-39.389922	42.024311	-40.029055
	-7.306779	-18.217970	-36.388172	-63.833688	-123.539632	55.088092	-85.164107	52.816881	-74.762298
	-6.085723	-22.965328	-17.158830	-34.533911	-77.823839	9.551738	-37.095938	12.607750	-12.824974
	6.233818	-2.681215	-11.935205	24.700775	-8.902150	-52.593053	-30.919855	-8.189909	-22.568063
	16.787021	26.213290	-33.057540	21.585985	14.798127	-45.695910	0.755610	-21.921818	-20.809054
	-10.330904	8.758666	-32.047637	2.953320	30.813391	-65.127843	8.981418	-57.967902	-0.850387
	26.436676	20.112124	-42.849705	2.791890	32.342586	-55.503206	50.858156	-38.760135	-22.468498
	-17.144982	8.674462	-54.741319	-20.548336	-9.613692	-34.342554	-20.347045	-22.428394	-60.060937
	-3.774571	11.740430	-42.193716	-29.370231	-29.299010	-19.594703	-15.182534	6.437547	9.549362
	-3.666854	15.779670	-37.830086	-31.250263	-6.897343	-34.726942	-21.167260	-7.815273	-22.408683
	-13.523808	-3.160372	-19.899026	-25.164663	-17.667334	-4.302224	-37.759702	3.114376	-40.400262
	1.766457	-9.964722	-28.617263	-13.228066	-1.250666	-8.234479	-22.048752	-7.504451	-7.209884
	-7.498412	-13.144299	-3.508830	-3.929865	-25.591399	12.187434	19.553903	6.583533	-30.787106
	10.481601	-10.752549	-27.455719	-0.081888	-4.403443	15.513573	-4.825097	23.421099	-18.306432
	-32.691747	-7.257069	-6.439203	22.286879	-7.101211	1.021436	-4.567087	33.481921	5.945493
	-4.058314	-12.207161	0.735770	-22.275881	-20.601282	13.401367	0.361328	-0.196554	30.877065
	12.955604	-6.429944	17.654253	8.338567	-21.160423	-10.874841	-5.884873	-0.011978	-6.156133
	-5.412286	-35.942684	43.649542	-14.007249	-18.293576	0.979718	8.502499	-25.947878	59.961235
	1.155106	-36.687587	28.337939	-6.432381	-25.437031	38.021881	-6.509012	-43.768838	20.881549
	-6.738094	-35.018138	-13.795098	-1.858474	23.421263	-31.923738	24.559850	-36.622221	5.106175
	1.484664	-33.877785	8.414121	-14.628045	-28.391576	33.161301	-23.141789	-13.233541	18.311751
	35.261158	14.603614	41.069393	-6.365163	23.918202	11.578513	24.479394	24.134961	39.613006
	23.010759	-16.850612	45.505613	-0.372956	23.919318	21.928902	12.769832	19.641049	43.005768
	-13.588858	-31.944070	31.181502	-49.881100	8.010334	24.084399	5.579682	-32.088803	79.896229
	-9.426101	-52.226192	21.309515	-28.143280	-8.735345	6.506060	24.078221	-52.652250	72.526623
	-4.747331	-37.718106	1.822004	-21.133885	-24.133252	40.018432	-8.086476	-13.284440	38.202638
	11.033391	-14.729830	-7.048544	1.815133	-11.714331	12.672604	22.733246	-18.450583	16.881173
	-22.091477	-7.547082	60.603539	-2.370234	-16.221437	44.636008	-22.311968	-15.927253	-1.483998
	17.030570	10.937417	61.640503	10.593703	-14.265466	50.142751	39.553913	-2.800746	6.019830
	0.998320	17.096033	62.760455	21.569302	31.123650	10.210020	13.106327	17.761229	11.494103
	-27.588971	16.039777	41.496929	10.761968	-6.053230	16.550674	-2.516955	4.360856	-27.391430
	-36.716194	18.324047	38.929740	-24.323017	-9.010883	17.906839	-30.871969	3.246427	-1.708642
	-13.868393	44.844700	2.635967	-16.815852	25.424675	-12.638437	-22.106828	6.700182	-45.051771
	-26.267487	46.145707	8.451237	-32.725527	20.831734	-1.724009	-38.561268	4.585920	-76.620244
	-6.143702	51.234552	-11.635530	17.346622	22.753151	-31.545909	7.733579	-6.991772	-57.974581
	-37.290668	47.525254	31.134371	7.560275	51.568606	-17.485786	-12.139366	-10.539239	-31.233675
	-10.525784	22.569099	19.282705	2.652824	20.062211	-1.464557	-20.561071	2.011327	-21.896349
	-0.773568	32.376847	7.358926	-3.444272	36.539586	1.705645	4.270626	-28.150988	-31.912956
	-30.312783	36.379117	15.837929	-7.402703	46.699370	-20.193425	-33.171967	0.356527	-42.903658
	-16.113463	41.524900	22.283640	-5.377197	8.486827	-8.108842	-48.560328	13.890997	-48.819354
	-24.916564	56.337153	13.311534	16.288026	-24.667064	-4.399983	-26.612891	28.623913	-40.496650
	3.942842	52.786113	45.779996	-7.915429	-17.255309	-0.867787	-68.071222	27.232197	-1.645037
	-22.669806	58.185071	34.494709	6.190614	-47.648755	6.308161	-68.518283	56.712133	1.236104
	15.335439	43.108313	-1.662336	-10.083910	-2.906810	9.595439	-43.376972	17.630049	9.480394
	5.777392	7.834270	21.014068	-10.949138	-21.350376	35.459029	-21.002280	12.462038	58.982903
	40.272833	3.485217	-11.693670	12.750714	-14.349289	17.398379	23.220799	25.108215	20.979014
	36.254791	-8.245581	-21.970395	21.187802	-8.680496	34.586183	52.267845	5.023185	-19.007260
	24.126077	19.750343	-9.105435	36.320702	-22.390386	31.670496	27.017782	11.616482	3.755289
	16.086267	20.809922	13.982973	17.186975	48.061305	11.599889	-5.630628	-5.076050	53.752732
	8.052656	17.743328	11.546933	23.884292	17.184596	15.185281	40.340307	26.707221	30.307274
	8.987796	9.409046	-21.004585	13.140408	49.160232	-13.611753	-15.116705	-5.805445	11.055994
	16.109076	23.243892	-13.048451	23.013527	25.796221	26.842338	6.843117	-7.918210	38.582750
	2.167618	37.792094	-22.465352	25.467993	29.200650	9.477640	31.239650	-1.433331	-24.529353
	-16.369163	28.814023	0.436332	20.424795	18.178379	18.905792	20.094402	6.201087	-21.639689
	-16.423617	4.409265	16.228776	7.434070	3.434723	42.713761	-52.411203	18.993317	9.850238
	22.323068	-19.474906	27.012486	5.658244	18.999247	7.131598	-4.094529	3.287761	30.953112
	0.094736	-48.737373	38.610530	-35.186718	-6.134564	34.145174	-5.284148	-25.770072	54.225751
	20.836236	-68.578497	73.840009	-48.696241	1.313795	64.812166	5.734886	-47.795652	99.549695
	12.895037	-34.808432	60.378587	-19.181880	54.681888	11.450286	49.512336	-62.984765	61.948479
	15.215212	-35.240895	34.789528	-5.796713	21.081985	11.632804	65.623081	-26.019135	56.552278
	4.146084	-21.752820	45.202260	-8.433316	16.346525	25.889991	61.808038	-22.361829	79.606160
	13.042352	-44.140570	30.009335	-23.837265	25.395728	18.829124	24.448055	-25.006229	74.983711
	30.457721	-62.455452	6.996931	-25.371841	1.162402	31.572198	27.412754	-39.035657	69.446195
	51.648571	-43.834829	7.467837	3.953087	8.434754	29.616566	24.668142	-29.183674	37.594447
	41.612328	-20.433477	-33.608486	41.660659	47.744436	-14.683070	84.812819	-7.767083	-12.698537
	32.720870	-21.138077	-38.940751	55.553923	3.087020	7.489327	62.896704	-0.835026	-5.888581
	36.801723	-10.862876	-1.991997	58.981196	-21.773524	13.233195	73.650093	10.420123	-36.954263
	10.260561	30.448620	-31.916772	51.906921	20.135814	-9.292939	45.727704	6.800378	-40.797955
	7.424970	19.888585	1.182127	12.681927	8.248944	-19.067850	12.831823	5.211942	-11.988704
	6.504777	44.122150	-23.094662	23.283672	8.536001	-18.528874	11.189543	9.633517	-72.920002
	3.027259	78.630195	12.155058	27.045387	-14.623176	-20.575865	-2.748000	27.103096	-6.276793
	-12.277131	49.993305	-4.926461	0.304344	-33.133691	-22.373241	19.752611	-0.979687	-25.073234
	-24.293199	61.541399	-26.548817	6.791742	-3.662126	-22.951831	-16.815455	36.192603	-24.868206
	5.368232	74.651004	-38.020656	28.163876	12.544513	-19.653338	-23.792967	37.876883	-57.629769
	-11.101065	67.517062	-20.345429	33.230314	23.583663	-25.614526	-9.480953	68.466597	-62.393924
	1.238945	72.456679	-50.408538	30.063715	9.219723	-22.400263	8.714108	21.546642	-59.110059
	-12.943997	46.989277	-55.051889	2.151607	10.407728	-16.700351	-27.593028	19.639963	-97.917780
	13.716254	45.910496	-24.016242	24.022496	25.051696	-19.742979	-11.355534	32.393737	-21.408226
	-0.985316	1.382394	-24.831872	-1.065657	-10.391564	-17.448457	7.343103	-10.318972	1.051697
	14.697361	15.331276	-12.817746	22.322290	-6.562464	4.512357	1.701863	2.923612	-15.785047
	29.896047	16.188280	9.554338	29.300595	17.812827	2.663166	46.934719	0.040845	39.487768
	17.533299	-8.490422	-2.678589	23.446957	8.401236	-16.275079	19.113257	4.696661	53.042132
	13.426460	-14.287534	24.623628	-33.270144	-15.253743	-11.762526	-4.866367	-33.167299	40.883407
	29.247234	9.560381	-23.255234	4.959779	-41.630108	4.317846	6.475945	-4.779009	34.427063
	21.721397	6.856973	-42.882137	12.097514	-50.033629	-3.452168	-0.284030	14.149494	-18.137814
	8.790623	9.214753	-29.967400	7.196081	-50.398329	25.199967	4.063496	8.013878	-20.551470
	9.927601	25.098555	3.596830	20.387576	-70.458142	40.702298	-8.652773	62.337390	-31.229450
	17.274840	43.892256	10.792512	38.449488	-63.779780	18.815252	12.011261	40.378486	-6.295615
	4.900281	11.302262	9.608824	2.902990	-42.172443	25.192872	-3.340321	27.981493	-43.431981
	-30.436581	9.549978	31.734636	-3.297857	-52.336335	24.892371	-34.390881	-0.320697	-16.637809
	-26.818667	4.752053	6.203088	0.276392	-48.241472	-16.399583	-16.406768	3.109639	3.127841
	-4.443430	20.962700	37.342941	5.307974	-40.363276	-0.338791	3.098429	41.552944	18.617769
	2.016186	-3.403882	6.510071	-3.352221	-49.307030	15.631085	-18.715123	20.551443	-5.364529
	18.863478	5.173016	-13.031124	-12.661751	-31.625425	2.365644	-11.436612	18.670875	-41.467306
	-8.604481	22.299460	-1.612452	12.184389	-35.050500	0.380768	11.672650	30.745669	10.533067
	-0.160204	15.781141	-26.567210	1.249584	5.429118	-20.964679	7.410642	-20.524820	-12.338777
	27.070436	33.678337	4.832174	-5.154902	11.487766	-22.807980	35.764209	-0.078382	12.125915
	0.922684	61.124448	6.235192	7.404160	16.572213	-17.339483	-21.092741	43.864226	15.902071
	-13.484959	7.081728	12.188932	-6.200907	2.162160	-31.375021	-15.227621	-13.139931	-9.840684
	-29.843470	-11.996409	16.090670	-21.070560	-4.015933	-11.930742	7.860959	-26.360531	-1.270424
	6.786647	-24.230036	22.561508	-10.407638	48.047645	-36.749812	-7.376285	-3.200913	-4.800921
	-7.117401	-40.373823	12.203587	-19.678466	33.008576	-28.203823	14.538334	-49.544683	16.979447
	22.997184	-26.052510	1.893839	-0.078555	23.739194	-11.649762	-6.066504	12.276633	27.385150
	-9.686586	-8.603931	-24.308966	21.457449	18.774063	-30.401245	-5.347797	20.705165	15.773522
	-24.191809	-35.817151	-75.452094	-3.015987	16.615672	-12.505602	-25.144745	2.505547	7.077890
	-17.609604	-47.713149	-79.437040	-35.674321	-19.505871	-30.930504	-63.084516	24.625933	-49.308034
	-21.075874	-23.335357	-95.767776	-16.945686	0.606817	-59.605470	-35.432790	-2.517467	-93.401970
	-27.247437	-0.168046	-73.898942	-8.578127	41.149956	-42.964592	-31.887624	19.924701	-74.341875
	-52.256108	10.156835	-53.495904	2.006355	9.474407	-32.726671	-7.401367	-0.704803	-53.240762
	-17.544980	29.112035	-75.604186	30.815964	17.475809	-24.460694	2.163788	14.578135	-35.988076
	-3.457540	21.771039	-62.872370	33.220392	39.435997	-43.225305	-4.306322	-6.589256	-43.582749
	-22.200881	1.553514	-77.427950	2.580439	12.478635	-46.927161	3.554033	-11.554868	-59.434799
	-30.319043	-3.877337	-60.125377	-9.264835	-1.491152	-17.097987	-10.472755	3.829966	-33.638166
	-7.702948	10.988738	-71.521701	11.637050	-0.170038	-29.662074	-10.792158	2.603160	-87.613682
	-18.193708	8.117549	-52.480125	-10.514036	-4.690515	-39.488790	-12.392223	21.937448	-35.012595
	-34.983193	6.706271	-63.614791	-4.026493	-23.248531	-11.752742	-38.978439	25.418829	-56.426305
	-39.011169	-12.189371	-48.044797	-33.098975	-1.397620	-19.248404	-50.299147	21.699919	-77.187621
	-53.349958	-26.336596	-49.544721	-47.618416	-12.898377	-8.197101	-64.070650	10.044873	-72.635706
	-52.668747	-20.228967	-31.481104	-37.702989	-48.881697	-25.090363	-56.541163	33.107820	-40.965254
	-7.563567	-6.836201	8.801729	-17.544637	-77.530254	-8.824980	-37.303911	18.069758	-39.926111
	-12.302847	9.113364	-21.738580	-2.304898	-64.857933	-15.998920	-33.952710	28.442830	34.328282
	8.955917	18.573198	-21.284587	18.644378	-51.177006	-25.178048	-31.302042	42.923074	-15.053477
	24.735558	11.165939	-45.635072	32.152361	-88.645568	18.362567	-33.117171	77.034977	-55.445076
	-15.160500	17.213921	-69.928269	24.760704	-53.947240	-9.020274	-44.033706	115.076962	-88.876733
	0.429186	14.416988	-61.135112	41.907267	-53.308799	13.254432	-44.132398	68.380515	-79.898611
	1.995065	16.699612	-38.891470	35.039298	-61.641446	5.437969	-52.395968	77.234082	-42.932396
	17.673609	28.129335	-28.306888	49.875854	-35.739530	-2.747383	-16.418746	62.729336	-61.668454
	45.297188	46.199800	-20.774516	85.735819	-30.692404	5.185027	29.970713	69.994758	-52.536034
	30.275960	47.018643	6.284379	76.696571	-38.147714	-3.122874	31.587120	38.306944	-62.350261
	16.137994	61.631153	3.491386	98.687970	16.483146	42.617186	73.323217	60.929911	-5.782177
	15.783378	66.100808	23.599862	106.604123	64.273645	-7.574115	48.481889	62.037913	-6.149693
	-6.257672	27.156547	8.698277	77.436544	108.611256	-25.568872	60.978450	49.328840	8.303400
	-2.096289	22.911061	-0.880980	48.478447	104.638138	-14.522015	34.778633	46.205978	29.587201
	20.364897	32.758525	-4.097608	48.876695	98.229208	-26.685186	49.935774	2.889114	56.960686
	30.995859	-7.715498	-1.135121	35.318373	79.332539	-19.099589	26.004677	43.066713	30.210761
	7.810206	0.535958	2.227828	5.739328	43.787289	-46.825853	3.617312	31.059950	-9.260975
	-4.387422	20.009433	-24.651897	2.486387	60.135449	-59.631661	1.771981	31.496496	-1.669734
	2.178440	11.370312	-1.652226	-7.589554	9.027612	-58.180512	-14.762573	17.615952	-8.866025
	-28.004985	-3.827586	-7.906570	-34.949227	9.018027	-65.411399	-38.980294	-15.921463	15.045154
	-38.452975	-16.489075	2.723746	-55.926633	19.249508	-79.390561	-58.617158	-24.296614	59.789695
	-43.127007	-38.104919	-4.436654	-66.812918	4.816138	-77.461283	-57.152799	-31.675311	63.617260
	-19.052794	-35.321094	-24.523638	-54.359226	14.335113	-59.572017	-56.261888	-43.081513	49.925688
	8.215651	-13.216654	-55.759699	-33.058546	9.371296	-90.917179	-13.857615	-47.817423	41.744923
	8.137191	-1.783531	-50.579680	-16.826768	25.515713	-61.879540	-20.260745	-15.250438	21.860456
	34.188712	-0.281027	-33.453709	-34.440177	6.052687	-53.556695	-1.743725	4.298653	-3.994403
	6.934128	11.335082	-41.072118	-4.606821	-20.642612	-49.861938	-13.569530	18.340079	-29.104769
	5.829724	-25.260323	-34.186082	-50.189691	-36.951767	-55.607742	-31.500646	-9.073528	31.546276
	-40.786882	-84.439975	-0.712278	-81.072950	-41.446503	-52.504985	-61.029003	-50.693900	49.586008
	8.855020	-85.133182	-23.313362	-70.824966	-26.418385	-29.842441	-13.788749	-46.165069	32.467611
	21.710481	-68.291175	-16.722638	-6.787924	-28.740786	-11.192034	10.169532	-64.373978	35.641614
	-0.080826	-60.875813	13.923387	-34.377500	-29.371825	26.104612	14.587412	-60.087799	25.401480
	8.826308	-23.015166	15.129610	-2.284463	-10.998494	2.946127	3.453909	-45.122573	83.054940
	1.083886	-20.173610	43.782706	-7.258164	5.125341	-15.749548	1.897460	-25.486939	68.187380
	11.636009	-44.858192	100.092406	-37.747141	-0.084098	-4.026850	-26.326501	-36.544555	88.430247
	-23.289534	-52.117670	101.809576	-31.599399	-12.868931	-8.056035	-15.364578	-37.650862	107.877277
	2.810981	-52.217646	87.794232	-39.892687	-4.563076	-20.775384	22.146836	-28.826410	38.244778
	-32.735326	-58.003682	73.818225	-55.683805	6.337644	0.717573	-35.317732	-51.381501	58.287783
	-26.910837	-61.723424	65.184360	-82.812774	-16.557304	-5.997366	-31.383568	-62.419914	59.906779
	-19.746373	-35.347089	59.275370	-51.791211	30.371793	-22.792154	-33.490395	-57.932075	80.611180
	7.488624	-38.161974	101.735353	-45.093956	38.790081	-11.503486	-16.602243	-61.685740	107.291347
	19.571988	-30.289009	94.694908	-53.895111	35.096333	-7.645632	-3.268959	-65.514896	102.691698
	18.851585	0.982652	37.734478	-18.951023	46.547701	-34.715453	-8.212925	-39.863279	80.440292
	17.744904	22.125512	37.922284	-22.711128	39.804314	-13.458421	34.563941	-47.002673	69.683651
	10.531348	0.615122	28.699673	-30.102033	59.750452	-17.535071	22.720449	-46.598578	53.632498
	30.980856	21.323863	16.266527	-3.092256	61.042151	-7.042715	6.552172	-28.114819	34.755723
	-2.632924	14.036952	-11.671047	11.114946	71.382322	-4.514266	0.727745	-9.694004	-7.740284
	-6.631215	-3.386917	22.871771	-0.952567	52.312782	2.727535	37.250820	-38.690661	0.968112
	12.087660	-22.675448	38.852896	2.447996	38.594922	-13.120515	16.629506	-30.064492	19.111332
	47.489020	-21.399074	13.360949	-30.378506	37.504086	-27.214639	36.587196	-62.411601	44.922321
	52.139062	-11.768290	-1.685723	-6.043215	18.509320	-9.290897	39.450421	-39.085644	66.687758
	39.500088	11.259733	-44.575272	27.504916	12.302609	-13.266687	79.690059	-53.374216	40.244468
	27.727406	34.986026	-58.567139	38.051243	9.046581	-26.247574	22.014992	-22.580501	-28.991601
	-21.144183	39.986171	-58.023205	24.143988	3.507991	-9.891407	28.975763	-27.186190	-100.362710
	13.839325	17.817090	-65.494661	-0.984497	5.492381	-1.863338	15.925889	-4.474588	-67.249898
	-21.367727	29.718869	-55.481763	12.857055	-31.356640	-5.783394	28.539577	2.315414	-154.527213
	-8.904487	43.219604	7.093290	6.044546	-0.135353	3.234981	80.958202	-1.435305	-80.680532
	-0.305031	53.163142	0.019742	54.222376	5.202590	8.563172	26.477887	-11.299292	-52.105869
	-5.763815	29.521497	-35.342959	34.478932	10.934781	-0.252615	33.847630	25.377219	-36.889112
	-21.778217	54.742050	-24.661245	54.093214	-16.487079	9.280908	14.805832	41.680996	-83.541716
	-2.404937	57.151741	-36.957505	37.957754	21.236450	18.436095	42.856725	36.167374	-70.122990
	-14.504110	49.087776	-32.387749	19.071463	1.965150	9.164397	23.848576	24.671131	-41.349719
	-9.349159	43.797879	-30.307660	-10.604577	-11.885714	5.907189	-18.253453	39.572771	-54.697149
	-22.970341	35.512427	-13.673425	11.385734	-26.389161	5.495957	6.024236	-5.719856	-82.237976
	-52.906555	15.259055	-1.567335	-26.176408	-22.563387	10.668657	-13.115332	16.245113	-52.968488
	-19.519227	-18.296556	21.371756	-41.553686	0.586250	9.263032	-14.467989	-34.777277	5.187804
	12.820102	-6.412083	-15.710933	-7.475062	-18.107273	24.596157	4.253439	-14.425052	-19.792348
	17.483288	13.101307	-54.645620	40.852570	12.872386	-14.658246	45.197458	-4.227590	-59.937405
	13.235468	12.664521	-50.903283	32.642600	0.185022	8.158000	37.011019	-23.497312	-82.028940
	14.520389	6.486611	-44.440549	31.270208	-13.012711	23.870811	25.987497	0.015113	-72.542690
	-17.454521	18.103405	-25.984413	6.713016	2.534954	35.772300	33.080255	8.034003	-41.413923
	-11.951051	8.484169	-0.568466	3.330455	-14.087934	-0.765105	15.273800	-14.149482	-55.096888
	-32.732599	-12.965012	16.357563	-30.623221	-8.966352	-2.222337	-8.381513	-8.892609	-18.759986
	-6.701219	-19.393598	19.546015	-42.663233	-14.106428	0.655435	-24.388163	8.858536	-0.587167
	-31.561845	-18.401811	22.704470	-54.712556	-10.258626	-1.513000	-40.401068	-7.974866	0.108272
	-20.228163	-35.320900	-1.466561	-55.700912	-43.932832	-25.451122	-38.895136	-27.621861	16.227879
	-26.893001	-28.926702	-3.300149	-48.422721	-55.386561	-15.004992	-37.094701	-22.780113	10.044419
	-7.054675	-27.188895	-10.588329	-15.860343	-42.469826	-3.532389	-13.258117	-5.524231	-5.062257
	-49.054596	-18.964430	26.183651	-8.598482	-3.992281	-3.016420	-5.105763	3.571799	-3.982936
	3.538734	-48.446041	21.383287	-29.940062	-12.650005	8.138583	-21.186931	-19.232493	4.892468
	4.835272	-51.604814	10.611516	-10.256368	-29.676200	22.865452	13.088901	-11.246284	71.134527
	14.171770	-16.811669	-24.638511	22.287870	-18.811624	23.272084	14.978155	-14.693525	51.276320
	34.244017	-14.373854	-22.570300	0.315766	-0.606903	22.912916	-33.962916	4.061804	36.588614
	33.768179	-20.029571	-10.564815	10.379218	25.688691	30.864660	3.938161	-6.259018	34.419907
	-4.933496	0.088272	-28.674631	-3.744901	-9.125160	17.493061	-9.611748	-8.079894	22.124118
	-0.736026	-8.507973	26.190434	-29.163197	-6.753773	30.102593	-10.645155	18.011087	-16.659408
	-5.262058	-22.719161	24.674381	-34.709223	-10.273452	38.758799	-21.481745	-14.881796	15.862955
	-4.908514	-36.517811	10.392699	-40.560986	-14.772961	17.009842	-24.176126	-22.770569	28.335313
	34.724943	-57.049694	40.342789	-27.935368	2.576685	58.685274	-15.694806	-30.551549	69.271996
	62.819638	-73.568187	62.873524	-9.407064	37.951894	7.920734	13.181506	-44.734191	129.555740
	47.754500	-67.181915	82.305316	-40.408266	35.557279	15.100615	11.162337	-69.896739	149.023874
	41.097471	-85.782366	103.123842	-14.713425	45.127034	15.902867	37.303646	-65.437077	192.169434
	22.503108	-61.920508	70.326748	-0.534586	52.183806	25.677223	28.243686	-39.935003	168.899125
	54.241121	-62.939401	82.678022	12.668280	69.273712	12.876139	49.039384	-45.429401	185.816412
	35.051534	-54.816039	91.340280	21.304565	56.962255	36.975945	69.905853	-34.745649	170.822457
	26.520686	-30.610949	87.332201	-16.315505	60.350317	9.965671	13.330186	-24.079556	138.861541
	25.496563	-26.573039	102.285268	5.929285	68.581610	-6.358400	21.935643	-36.231351	125.540805
	27.011147	-36.978926	104.850747	-15.751754	44.278488	-20.873885	17.365401	-27.991372	171.781569
	12.463561	-31.582750	52.201072	-35.873997	-0.670262	-35.611847	16.030446	-52.167822	88.358954
	22.525893	7.952488	36.600138	-25.534358	-26.238858	-21.081839	-26.630702	-48.742034	31.772342
	10.537100	22.746333	-21.896428	-9.045290	-34.764741	-19.820357	6.774362	-17.045857	9.671206
	11.817376	58.777361	-7.966650	42.562760	0.861542	-2.712663	15.336974	-6.581237	8.969068
	4.652372	93.212936	-36.375955	44.196551	5.547484	3.745535	-38.494682	28.623484	-3.162039
	-16.070914	110.201049	9.836699	32.214036	19.397456	-4.440048	-6.493144	22.193875	-32.315160
	-23.931638	114.702026	11.324203	0.101202	33.627490	7.300063	-24.783851	15.717952	-32.714933
	-14.738121	98.219750	16.063073	14.412595	7.603868	15.542477	-39.238299	26.364640	-16.192405
	-29.157692	64.002764	-18.596009	-20.965915	-21.952208	23.714402	-59.809324	14.436977	-47.527604
	-42.230290	29.569462	-18.459542	-32.822681	-20.044375	-1.632049	-85.788934	5.976778	-32.485552
	-4.335283	0.448919	-29.163745	-46.069376	-2.088616	-9.651052	-52.582800	-2.889532	-32.992379
	-5.985730	-13.295302	-10.193939	-41.426394	0.486268	9.730821	-73.585021	12.969312	-87.642530
	-21.020055	-9.932916	-18.260387	-39.258292	3.705959	2.997091	-60.602605	6.834845	-48.334428
	-26.316350	-20.138368	-24.631713	-80.610873	-14.398513	20.984762	-49.493097	18.339963	-40.097997
	-29.062925	-41.239273	-8.802181	-77.374065	-26.281194	26.431739	-86.028598	19.685234	-38.306569
	-32.159840	-36.575623	-47.572416	-61.350608	-46.282343	10.167557	-53.798235	33.773166	-92.856006
	-33.016739	-41.556234	-24.682835	-42.221829	-52.907703	17.213583	-97.584292	65.273190	-55.960397
	-61.993260	-53.293167	-14.183019	-31.837512	-57.289855	-11.860255	-89.274032	38.034160	-68.131613
	-49.757864	-71.782231	-4.243341	-74.118468	-37.601869	19.340489	-85.295954	23.842153	-56.550786
	-54.161120	-62.479030	-12.901511	-70.523748	-41.587380	24.858443	-89.257330	52.761308	-51.709570
	-42.881514	-44.348502	-26.109359	-71.509787	-39.630115	-7.916330	-94.183840	10.196891	-54.340795
	-34.304848	-66.916093	-7.588843	-89.605140	-36.430573	2.898506	-88.767188	-36.021264	-31.289510
	-23.145824	-48.537399	-12.131743	-46.066972	-45.273251	15.817770	-69.007254	-6.279091	-12.678759
	6.099981	-19.516817	49.119913	1.776426	-15.857597	17.888691	3.791427	8.742702	5.315287
	5.924708	-0.387039	36.007924	0.597271	0.065657	-11.738418	17.208592	-7.394951	11.951099
	-28.720177	1.711034	59.259820	0.320292	17.203710	35.192120	7.530395	27.012890	73.407031
	42.712912	7.561821	41.803237	13.467471	-0.261421	33.990884	36.807211	41.884989	67.598243
	36.206466	-5.441218	60.383141	15.857700	46.313960	26.122851	50.562875	17.429143	83.047605
	29.417818	-18.677632	56.231570	20.249294	34.377005	42.027098	38.496975	18.989599	39.564712
	29.905787	-29.401234	31.820541	28.676648	-2.877368	43.596637	51.673061	14.907105	46.739870
	55.404568	-26.100764	50.584517	15.749192	-17.627026	88.416943	9.791399	51.582948	44.467967
	21.470309	4.439447	12.129690	24.055311	-26.906832	63.075729	23.919486	50.908031	16.173911
	13.333335	-4.619930	29.859884	14.168169	-32.570902	39.652917	37.541978	33.180821	52.345380
	34.243769	-7.992849	-9.951747	37.510410	-36.356322	32.688884	30.721901	18.838394	43.739075
	74.043313	3.997440	-72.240121	67.682827	-22.653497	-14.900818	73.573135	-8.431215	28.007987
	56.937581	18.987748	-84.210053	76.449967	-23.793712	-66.555441	90.060892	-14.933287	-11.578242
	14.772901	37.804983	-117.818459	85.397518	5.738132	-75.211825	97.267226	4.077026	-83.799904
	10.893666	65.101981	-93.431161	86.649105	-7.560859	-54.444985	45.614462	16.355879	-91.849812
	22.884870	76.645270	-71.205490	64.522400	-0.605231	-77.200865	51.236782	44.421936	-85.831823
	-3.403678	29.652479	-59.054629	40.686323	-21.274867	-42.452132	31.045069	2.552961	-35.037377
	4.876998	16.412598	-65.630599	57.240356	45.748345	-44.488357	41.670927	12.366981	-25.350867
	14.182913	-2.567321	-48.919257	38.955697	101.825824	-78.625397	88.691885	-30.099391	-12.427616
	-0.670177	-30.114537	-28.451020	23.145377	67.231146	-45.591716	65.181600	-38.257048	2.970382
	-13.157782	-19.898151	-34.148882	16.615088	78.877787	-58.123172	23.196863	-14.830965	-20.257668
	-28.449581	-17.502514	-73.024531	28.203407	52.212447	-39.656348	51.726514	-37.781163	-60.115129
	-13.969400	-12.740347	-39.759245	8.489196	56.880977	-24.423112	37.538884	1.930199	1.321097
	-7.151455	-9.111130	-2.502645	9.781502	67.544762	-0.472299	56.848718	-45.639969	-10.318592
	0.200700	11.711827	-0.638107	37.534082	71.018354	-14.940274	42.704348	-2.724312	-27.589259
	-20.724174	7.225728	17.082190	-9.648050	20.409304	-1.102673	10.579486	24.636001	-9.325199
	-6.387065	-1.070154	4.947689	-41.205091	11.188613	20.940374	-18.298805	-20.189581	-2.926625
	-2.947686	-10.050627	15.312067	-27.526428	2.715099	7.584235	-16.213971	-4.234117	-7.544351
	-0.894312	-4.560835	-19.924173	-9.379500	24.574601	-3.460486	29.142181	-40.556130	-25.474124
	-9.290566	-19.015295	4.506973	-11.432711	12.687035	24.135116	9.516028	-7.716165	11.063144
	-11.343333	-23.882121	-17.138525	-2.943975	-8.549491	63.149921	19.747833	-40.786350	-38.764569
	37.047582	-17.076902	12.009702	18.012715	-25.953825	41.101756	35.878630	-23.069903	12.262191
	45.940701	-6.859118	33.175112	54.081225	8.488478	48.740173	44.311713	-16.455563	38.044765
	30.493271	-7.699689	24.267598	53.530933	33.099589	32.914632	32.133961	22.606739	38.246326
	28.275893	19.343536	9.061033	63.470204	40.598523	2.840185	82.287180	25.553321	27.148279
	22.133544	24.631151	25.046338	60.718408	26.055581	-5.450496	79.991799	4.714683	18.425290
	-19.990132	12.316636	53.029460	28.316392	6.971668	14.078492	27.441977	11.595490	4.818316
	-0.334747	20.537645	34.239088	31.496262	-28.378579	8.666919	37.440137	-1.536065	-24.882720
	2.196318	7.156980	28.285605	18.500252	1.783324	3.470786	34.474125	0.171673	-64.357248
	-33.266820	8.009654	36.301144	12.794208	-10.653712	34.921021	8.592728	-3.247608	-47.594335
	3.125152	-0.829907	23.347287	12.844693	-46.870571	30.148675	0.470051	32.260457	-17.815176
	-5.823346	-4.650467	3.065032	14.306716	-20.804181	30.599237	17.039631	0.193448	-25.784226
	-15.091964	1.413147	-2.410447	25.588072	0.213574	32.135373	-27.025853	44.437981	-26.998717
	9.841392	-16.914483	29.278363	4.618160	5.141886	44.812108	-17.108822	20.009755	3.436678
	-9.662989	0.527064	-8.141348	14.644208	4.238502	34.986461	11.358900	32.512674	-57.346910
	12.133333	33.514460	-21.886204	44.983274	13.586369	9.611724	36.283434	-0.569601	-30.920299
	-23.679204	47.992514	-37.693355	58.540417	8.995393	31.733942	-0.970926	18.827289	-67.259876
	-13.665657	43.037738	-16.519581	41.581813	-13.199795	45.970032	28.815353	6.242741	-93.110633
	-3.559347	46.056354	14.942165	31.192957	-34.913839	20.591689	18.754184	9.907813	-55.094273
	0.956225	37.402128	8.892479	35.002516	-48.473494	39.989227	21.801730	26.709292	-17.646255
	3.141245	14.552943	48.758742	-10.511042	-55.032421	59.994884	-35.826909	18.019677	11.205816
	-64.091283	-4.331395	71.375808	-27.612034	-58.226161	11.520204	-65.007560	33.921242	29.437599
	-19.263394	13.745891	-0.116670	12.390005	-33.235062	-28.882389	-32.160484	16.118506	-20.866074
	-17.674780	24.994348	-18.750071	21.711288	-54.151988	-15.040781	-23.867630	31.624131	-38.848060
	-8.797331	15.487730	-6.847405	-2.509898	-53.222129	-21.766215	-12.419903	27.241383	-72.536659
	23.301312	20.479496	-25.766670	23.218055	9.217490	-25.540921	43.566639	-19.479591	-2.761157
	-7.620660	17.630752	-17.060827	8.298432	17.640019	-14.452499	7.691218	-10.697240	-0.567262
	-7.364744	18.043174	-38.121204	29.268762	29.686327	-55.579565	25.351766	-6.346734	-30.721497
	18.555100	29.020176	67.832020	41.294030	-4.721567	52.940651	23.174692	29.028615	4.241482
	47.676651	-10.876694	48.308061	47.762832	35.596764	25.275987	36.788618	2.821985	73.695357
	55.028632	14.287672	44.701702	93.462161	37.896430	21.154759	56.049266	24.331067	84.370225
	33.501398	0.520854	62.353404	33.941582	5.833532	37.411385	33.884891	5.953091	48.628134
	50.616460	-3.864849	42.040223	15.582930	-0.518069	65.570362	53.253780	32.149035	64.144774
	25.080185	-22.588891	5.904655	44.201923	1.807487	39.773300	36.039165	51.424197	31.551684
	27.935087	-25.578195	-4.219800	33.481371	-10.553704	37.465285	39.920343	9.922279	49.552564
	23.546220	-12.316912	-26.021745	77.444978	36.099429	13.150293	51.079107	18.926030	17.240240
	16.382675	18.630172	-26.941989	63.202644	7.851623	-10.304299	59.046646	17.194905	-9.652826
	5.638264	36.901939	-18.959900	27.054346	-29.326809	-24.641557	35.798192	27.939194	-65.254251
	-9.667275	33.238108	25.445607	13.551950	-18.858892	-18.373238	23.830654	-1.039154	-66.149795
	-14.141114	28.099565	16.320999	3.999551	-27.514741	-22.592577	29.683954	31.601693	-52.587641
	-3.281416	-7.632286	5.164469	-23.512861	-4.322297	-21.707472	2.829910	-19.536650	-56.911141
	-13.767043	8.701491	45.292484	-17.805857	-23.987942	21.290558	15.239853	-28.607994	-17.836526
	-5.593157	15.206506	4.698438	-13.280886	-32.714123	28.798439	2.274897	-2.118661	-29.104624
	-35.208637	20.275047	11.759322	-11.697660	-22.776665	-11.703753	-40.158752	-18.538894	-41.975418
	-36.590909	3.830203	-29.956214	-17.777245	-35.239331	-26.979475	-55.467166	-10.932504	-41.614073
	-14.932978	-22.937171	10.957638	-58.831736	-67.306213	-3.569801	-49.664214	7.936224	-10.213011
	-14.181565	-10.920893	-8.174582	-55.552991	-67.165971	-9.508105	-60.947583	-35.491013	-34.474605
	-49.573210	-8.462393	22.649998	-75.590539	-46.230513	-0.031137	-75.193930	-30.060545	-21.192104
	-43.324966	-18.396466	25.503506	-64.873792	-45.610697	-9.980860	-90.565012	10.432919	43.468332
	-1.153722	-39.682583	38.504142	-50.577582	-14.331839	11.930585	-73.482340	-36.700098	44.041731
	-27.920520	-38.295955	30.465339	-33.295165	11.772500	7.732152	-24.401957	-26.904196	52.912586
	-44.072853	-59.797568	12.586647	-64.992038	38.612652	-25.297585	-54.064702	-33.457966	47.189805
	-4.338077	-52.564363	9.081921	-49.302603	5.782523	-22.955186	-47.876107	-25.854309	71.577633
	-21.992480	-41.383723	27.703519	-75.133245	5.127505	5.405708	-21.673452	-52.705013	66.240651
	-40.090497	-30.249258	33.329359	-50.768544	21.338453	6.928190	-18.973999	-49.623086	40.609829
	-25.620301	-12.393853	44.373038	-13.151842	4.536462	-1.863248	-57.479834	-27.703686	51.554831
	0.622169	-12.398923	42.924710	-10.560277	-9.034034	44.449650	-17.899756	8.092870	29.061063
	-22.642699	3.761030	18.584974	-20.194971	12.432724	37.342402	-66.178025	-2.369291	35.330795
	25.175591	-12.006592	21.718608	-2.704486	25.689231	15.356349	-1.748180	-7.498190	38.348489
	29.351702	-5.089972	12.427033	-11.474688	-30.666949	18.530776	10.860247	16.695370	20.752109
	15.489712	-12.633255	-27.507950	-10.633004	-23.179971	4.213186	-30.830448	5.722869	-2.373583
	15.266858	-7.880411	-44.134417	-8.512667	-31.622483	-22.347897	-18.249008	-11.973830	10.304874
	14.170761	-12.206448	-109.267191	-22.805042	3.401761	-62.159610	-21.132993	-26.759217	-24.499555
	-17.716855	10.919293	-43.813258	-66.981676	-19.201021	-27.905434	-49.181565	3.462295	-46.910162
	-38.038113	31.821358	-51.725582	-73.436263	-3.742348	-1.569913	-69.685009	26.652345	-75.023528
	-13.170507	30.188505	-101.033177	-36.335108	11.600963	-58.667167	20.480824	5.719205	-76.901725
	-6.643889	6.462662	-51.546374	-3.704870	1.671249	-46.129350	-26.486843	-0.054818	-18.901180
	-9.562774	23.667848	12.750447	-21.619297	-1.719572	18.164643	-34.601878	17.403647	-11.432049
	-2.333644	23.615633	28.857616	-27.191500	-19.245888	40.005754	-60.440483	52.049486	9.327539
	6.756509	20.515658	48.922119	-5.954281	8.736320	28.112250	-38.702175	23.189791	-8.876595
	1.071023	6.371400	63.681151	12.275701	-31.903686	53.257256	-47.133412	49.104882	20.878950
	29.797251	18.366522	0.448232	55.100405	-11.970565	38.157637	14.416223	40.956865	45.372728
	7.117808	16.737096	-47.764778	59.907404	35.335930	0.057815	54.098955	4.507977	-12.848801
	27.415640	26.684363	-46.237511	17.956921	37.677014	-7.634540	24.386775	-15.369924	-8.200702
	18.535303	14.125661	-31.365207	42.979141	53.966001	-13.383050	34.140147	-0.638492	-2.109670
	-1.228524	-12.083475	-19.099834	0.092793	46.621495	-22.756612	16.908689	-17.859315	2.853335
	-5.992034	-43.810119	-4.110625	-34.568612	-16.630609	-19.530386	-25.402898	-9.823627	5.683347
	-10.872984	-43.924038	-1.525427	-51.009919	-84.527372	25.158304	-52.647080	8.714670	0.867209
