	-31.347201	38.668760	47.775599	-40.009680	7.424276	-21.641912	-30.088656	14.112984	-36.449041
	-14.546585	45.944121	28.851854	-66.512016	15.848637	-30.442705	-65.560985	-3.528249	-22.622603
	-17.074602	55.410994	21.741619	-89.740347	20.820719	-9.326487	-81.919257	-4.346380	-45.675111
	-43.260128	41.822182	31.473343	-60.120633	26.862839	-22.052012	-94.349172	9.328541	-78.241056
	-38.000502	39.019895	13.423442	-27.359804	5.369572	-19.877660	-68.091847	27.316845	-47.575172
	-34.561268	12.843901	25.424316	-25.761856	3.110620	-10.859739	-49.086784	16.406179	-33.370428
	-10.667542	-23.462346	45.351377	-40.254975	16.473210	8.784471	-24.677680	-12.874092	14.063343
	1.407594	-46.668787	34.835269	-19.010781	-11.132295	50.171345	-5.426006	2.897732	4.704758
	-5.259096	-38.199976	40.027888	2.686537	16.146170	50.824888	-7.105426	-1.417554	41.439115
	0.376576	-47.968989	42.983989	-26.353945	-7.604194	39.115261	-7.362111	3.008427	62.510200
	-14.913081	-63.666479	21.369286	-75.176778	16.692359	20.571333	-55.066249	2.886534	14.053713
	-9.325281	-51.278276	10.109580	-75.665588	-1.689870	35.245665	-28.143962	-17.577635	-3.406178
	8.249841	-50.290427	0.086822	-67.934280	-11.106592	25.293684	-24.885845	-8.937001	-7.764395
	-6.135572	-40.714548	-9.660285	-55.061751	-14.596739	-2.793861	5.483325	-17.595740	14.062750
	21.024087	-33.017650	8.305164	-41.444542	-12.072522	20.890765	17.183803	-13.412132	44.574788
	23.434996	-7.512634	6.952905	2.771447	29.203293	33.744719	49.098180	-6.254665	42.911654
	22.105757	6.147702	15.530489	20.897551	31.831051	45.231575	44.658076	-29.882432	34.502055
	25.465542	20.547556	8.759654	31.547335	23.968484	12.270425	42.175267	-23.490198	33.258867
	28.617090	37.455282	-4.696467	61.838438	34.507618	17.489564	64.559584	4.624985	39.245115
	63.943877	52.995774	1.782938	34.824496	48.868454	24.208932	61.909270	-12.007965	28.460181
	11.916803	44.370933	-15.390245	48.278360	44.735294	-1.618774	37.141168	-12.436514	-50.536170
	25.808021	31.003717	-13.101982	30.297461	75.980436	2.049299	-3.281760	15.598164	-31.565939
	-13.718583	22.771574	11.808224	9.430319	62.203972	17.160063	-25.032081	14.529652	-21.957501
	22.110036	-10.503033	15.789240	-15.440659	27.274552	-16.923690	-18.422080	-10.964027	-36.786933
	8.060913	-29.724367	-14.941728	-14.226138	-17.414836	-24.091267	-0.692006	-17.362630	-42.479959
	-15.851564	-12.469365	-22.569800	5.777245	-22.341280	-47.108338	-8.739015	24.038219	-31.606242
	-18.304611	17.815447	-83.253691	19.818165	-20.954025	-47.587138	30.056358	-1.451472	-64.926686
	-31.510570	50.909041	-67.932782	72.047516	-7.482634	-52.221169	59.521324	7.041777	-66.819988
	-9.665854	83.106619	-63.784267	100.143630	4.575922	-27.668715	74.109014	23.313444	-47.206532
	-22.328110	88.382855	-51.995576	107.311676	-16.333266	7.081742	39.650326	26.609736	-81.544670
	-34.391699	75.370573	-33.455299	95.332391	-37.522194	6.097532	-7.537449	15.561761	-59.069938
	-23.504315	56.261370	-5.413119	63.526536	-17.554590	21.935082	-6.023547	43.713543	-57.527382
	4.804211	33.840678	20.080431	41.838176	-12.571932	35.187298	-19.699648	6.876559	0.903323
	24.305055	-8.102604	27.884568	-1.948610	-32.022130	27.585079	-1.082844	-1.060995	33.395625
	20.775154	-15.338683	34.987439	5.240231	2.112338	38.680897	25.825034	4.275270	66.353611
	34.668517	-7.791333	20.273191	14.584332	21.515809	27.730874	63.978712	-1.865562	68.864025
	62.162980	-13.424289	43.677405	39.004602	53.981688	39.134382	67.151715	-6.856622	96.245570
	66.882698	-19.601721	75.014160	-2.322536	48.907433	-9.152526	55.964950	6.239724	128.224282
	42.797597	-28.713937	51.268304	-7.864083	33.785753	8.321697	34.118419	-24.315606	103.406725
	45.212649	-18.038944	65.860189	17.694050	55.771680	15.205101	45.209594	-14.761836	125.235623
	32.486562	-8.143827	33.072492	2.469408	55.146825	6.016066	30.670377	-11.981223	88.624197
	27.422259	-3.979601	-1.957439	5.748423	38.078328	-12.204191	12.251474	3.435680	66.169605
	0.024061	2.140333	-21.460732	-9.604403	36.740405	-27.226002	31.762626	15.841313	20.742431
	-1.645389	-13.478687	-51.578509	-46.293990	44.420939	-50.437831	43.252582	6.489747	23.784066
	-7.797569	-34.872853	-57.142132	-27.734685	-13.213146	-34.141357	8.888037	-23.665211	-7.738074
	-2.041226	-28.385104	-54.538896	18.271538	0.801322	-23.015329	17.365010	1.191791	-0.022591
	-23.513797	-26.560080	-35.533959	25.721836	-6.614568	-19.734309	-20.743644	5.252332	-59.943556
	-37.579699	-16.320750	-49.348244	-0.625064	-4.049790	-37.036822	-22.857853	-13.758345	-63.175857
	-28.343797	26.699834	-53.204335	4.945976	19.555620	-32.290891	-39.724554	-1.724597	-82.430946
	-40.242679	31.821894	-46.911244	7.217974	25.143721	-2.008941	-62.051428	3.004563	-66.835798
	-22.211704	25.284025	-57.116900	5.988194	-8.624944	-22.376105	-39.341730	18.633066	-64.049418
	-25.944464	30.826935	-14.324925	-15.293246	-2.298335	-12.642537	-16.622959	-6.758623	-62.263911
	-24.878719	4.295899	-17.980342	-34.270363	-54.408687	-7.170743	-14.659488	5.243497	-12.947969
	-7.140294	-1.802959	-20.814806	-16.261727	-57.559834	-8.068816	21.590349	12.401724	-5.075332
	-27.891268	13.078922	2.625798	11.322958	-71.528336	17.211077	-3.456635	-5.121347	-7.453756
	-26.600522	33.247073	9.065047	22.168055	-56.719186	7.627211	-17.837167	10.483940	-6.362104
	-23.271362	46.139755	-6.416062	70.259608	-32.290274	18.412231	6.146937	41.752058	15.808181
	-15.423868	53.195698	-19.243656	96.650168	-28.043558	24.076273	49.632125	22.085886	50.404360
	10.246581	45.941786	12.344984	76.178030	-61.248619	25.532214	19.662452	12.672122	21.356866
	-4.981918	44.178468	8.465354	98.306199	-41.340384	22.523608	29.787948	24.396787	-7.157231
	8.920660	42.661451	19.681155	80.953667	-56.591683	36.384511	28.238511	7.055174	17.197770
	14.554744	37.439187	21.526019	69.979620	-27.558346	11.463311	14.438721	13.333495	21.764013
	18.086829	31.704319	21.629114	30.262506	16.697824	-19.667865	47.460828	-20.544222	55.627554
	-0.734789	9.420830	0.397740	-16.927700	-0.849627	-12.188144	1.903860	-8.293175	47.191081
	1.259245	5.259722	8.975529	-33.560722	-7.945127	-21.973268	6.424129	1.385219	51.632031
	-21.056823	-13.921823	4.792200	-56.346415	-57.620118	-8.177752	-54.051915	2.866363	18.503293
	-40.116489	-20.931633	-14.962998	-71.058277	-75.479425	-15.819817	-71.196418	-0.586451	-18.022308
	-47.923514	-23.183440	-13.363851	-63.266631	-76.433325	-14.317314	-95.267205	18.858773	-26.500931
	-27.453046	-16.434792	-10.873318	-33.102382	-58.600323	-1.879550	-82.512927	1.612211	-55.209543
	-29.547581	-9.804050	9.510922	1.632954	-50.118163	5.652726	-67.242264	2.968493	-42.686676
	-22.811354	12.858974	-4.735260	2.932906	-61.859189	12.582466	-54.712256	3.928404	-57.339355
	-13.404597	24.710957	-5.666350	45.255058	-30.036939	23.550578	-63.917370	25.348758	-40.196845
	-25.293106	27.200041	-40.251816	35.263927	-39.271344	9.105741	-48.025867	23.944530	-65.369049
	-4.074656	27.930279	-16.467910	25.158536	-15.668874	21.342629	-38.647111	15.642123	-92.832723
	-5.076094	51.979285	-9.938858	30.297138	9.947914	-7.661195	-8.605358	11.305499	-59.975234
	-16.188583	41.586329	13.439154	43.960174	-9.882116	10.249194	-27.039396	13.811484	-28.818892
	-22.063497	25.555596	37.933483	21.385222	18.533287	22.238391	-50.549506	-0.113686	-31.905051
	-40.871353	-3.305160	23.158233	-21.609884	22.628990	35.904235	-63.284825	21.213172	-11.412605
	-41.119545	-46.217331	23.430589	-59.391172	-27.358234	15.916257	-80.594504	5.165146	-14.194747
	-14.993910	-91.486951	3.226043	-68.869619	-43.225844	35.101551	-65.149112	-0.035730	17.339325
	7.981802	-74.564294	-6.548282	-29.326998	-26.187172	22.927396	-9.783735	-23.287127	0.814878
	7.379469	-53.600441	-11.049325	1.887387	-18.974686	20.792058	33.969713	2.981506	10.638109
	28.441933	-40.234366	3.815095	41.577638	11.822221	22.178257	96.083549	-4.814334	-0.943890
	22.669734	-24.240576	17.094781	31.728137	26.675541	36.457598	74.805931	-9.038832	23.697913
	21.939000	-18.368743	22.560298	54.229474	57.469362	29.689336	94.035816	-3.579233	43.451515
	32.846332	-5.590985	15.934545	48.421792	40.173707	35.744979	58.113571	-14.910643	23.521195
	37.273816	15.221318	10.444101	75.282383	32.815359	-2.144943	61.184427	-2.701618	47.845580
	32.704933	38.768090	18.444498	124.275252	17.015530	-6.780877	54.311853	10.202883	5.125886
	7.231157	55.457364	-12.406479	114.843778	-29.558893	-50.074454	49.275365	25.942643	45.143159
	43.009281	48.885815	-28.938651	117.980895	-10.069525	-28.019528	70.668070	14.548151	41.838973
	35.293298	51.482379	-9.820258	141.782937	6.459429	-9.720835	93.889459	11.007840	59.520438
	22.354467	23.780113	-13.417211	99.054554	6.338273	12.006216	74.162667	8.355176	31.553693
	47.190215	-25.018105	3.713147	51.925606	36.147391	28.680995	51.289634	1.951340	63.110921
	3.388465	-17.053289	-24.714287	-11.134751	64.141741	28.069151	18.059584	-24.545220	50.026188
	-4.908125	-4.193389	-14.563859	-15.010619	41.311945	-0.426214	-20.144257	-4.305541	4.956053
	-4.062610	21.817190	-39.018768	-46.104224	21.216083	-6.275185	-19.510679	4.293019	-1.846997
	-23.642066	40.991551	-26.210620	-11.513094	-34.483677	-7.246964	2.239663	3.580456	11.446711
	-18.700200	23.042511	7.807000	6.145488	-58.825467	22.956917	-11.941237	10.190934	-9.468481
	20.650669	19.415562	17.223030	-10.835167	-31.365635	17.268158	6.133805	-3.000036	7.652746
	-3.639085	8.939727	37.795262	-40.866538	-4.031020	30.705014	22.534612	6.255923	15.140197
	22.845656	-20.057570	49.570825	-22.878806	20.467000	54.429218	18.621067	-14.758811	39.778995
	51.547075	-54.302765	36.820819	-67.684612	16.641975	50.613019	-24.690536	-24.282676	33.450897
	35.915309	-80.441606	33.725282	-49.894585	14.947153	80.920184	-30.950672	-17.369108	54.532141
	32.741303	-41.738246	5.663285	-4.773502	10.191100	28.552496	7.873145	7.228621	40.641086
	7.401909	-17.628824	-40.230223	13.572582	-3.784297	-21.196568	-15.609400	8.152536	-2.542884
	-15.948208	5.704187	-83.586389	47.798290	1.762035	-61.638392	28.704406	24.182407	-16.757998
	-8.766538	37.299413	-103.214934	76.364947	22.643206	-71.128868	50.799160	26.603708	-4.474890
	-29.482583	32.282210	-68.357173	86.282272	14.837753	-34.064144	32.062410	13.877252	-26.646827
	-13.679671	12.462172	-32.524304	88.207569	12.356095	-25.477897	38.247382	12.749912	-32.221770
	-19.917241	14.636818	-43.906617	117.931291	-10.858534	4.881461	61.146096	0.252006	-7.109565
	-7.897851	-7.291086	-31.094738	97.158583	-45.189100	4.009654	28.732455	9.572074	-4.038460
	12.821195	8.086318	0.393603	100.561300	-48.292266	25.796079	46.234750	0.105253	3.845347
	11.535814	43.184626	-38.315081	127.530836	-21.906433	5.663129	67.439664	21.611356	-63.353437
	-25.060315	59.465939	-72.553369	92.623826	-18.061219	-25.504842	81.343742	32.533923	-61.573841
	-29.453090	76.520374	-94.680042	93.191531	33.749409	-23.869734	4.244677	34.823460	-122.372027
	-7.871727	92.223723	-49.180868	102.180639	40.576718	-12.306327	20.713376	7.373327	-89.818475
	-31.147419	72.644161	-35.942297	77.118912	33.448916	-2.762968	-35.063980	16.111094	-96.410920
	-37.158538	55.075175	-25.694517	63.420025	25.021666	4.355692	-40.314657	23.073534	-62.519512
	-39.347656	51.817088	29.443738	46.423787	30.731417	22.782280	-10.258713	25.669159	-59.590293
	-16.376749	36.652887	38.242786	58.923840	-4.635345	42.530549	-43.654727	-6.710420	-35.543172
	-37.999169	4.107660	37.006317	20.371140	-2.860001	5.222102	-25.636927	-17.536705	-41.480898
	-23.661588	-2.202169	43.996255	-9.944340	-3.546756	11.432779	-51.617778	-9.831264	-32.183881
	-30.157853	-12.794284	45.266955	-3.690618	-0.036274	-1.124380	-63.155151	7.865545	-21.369451
	-44.893927	-16.032167	26.507712	-20.162818	18.183514	-17.113605	-47.346879	-12.006198	8.376643
	-14.039114	-8.771609	11.839363	1.102162	36.533472	-48.915658	-54.482645	-16.671702	18.479673
	-0.516971	-11.272030	20.895353	-18.880245	64.075458	-50.059142	-8.743546	-12.302643	43.221274
	-10.770289	-19.701732	7.304150	-19.137896	97.198435	-57.824416	3.669330	2.081978	56.723263
	-30.415828	-35.526921	28.570489	-50.208506	61.159038	-16.851130	-9.451734	-1.505416	47.215055
	-2.006034	-29.916115	48.221253	-34.888447	47.519578	-3.524138	-30.779564	-1.034733	58.041295
	-11.044228	-27.767696	35.668962	-38.906657	8.122360	-0.885836	-67.658385	-1.394031	-10.675685
	-18.836233	-32.913017	31.472807	-61.176592	11.370617	-15.274751	-61.692878	-10.852915	-28.778587
	-21.303744	-21.745672	8.789650	-38.168489	64.232075	-20.009182	-51.569456	10.030734	24.803051
	-3.755642	-14.277279	2.452688	-17.326804	66.706364	-23.113892	-33.445472	26.476603	25.440145
	-16.467208	-21.080740	-4.311571	-37.448185	82.134488	-54.277589	-25.973301	9.116420	-0.437516
	-1.790727	-25.790599	-10.628845	-21.573233	62.618210	-17.415821	2.517900	-26.555247	20.468153
	4.095154	-21.909847	2.217294	-36.420120	52.907090	-29.201412	9.403249	-20.892510	6.892593
	12.611467	-30.062171	-16.173623	34.679332	30.944963	10.880773	13.596459	8.542021	-25.267876
	28.631164	-48.249550	3.425041	9.889150	6.211929	23.170213	19.932243	-12.222204	-3.207076
	66.261522	-74.158131	11.836843	22.940538	-30.765970	51.093377	24.288941	-20.212677	59.320187
	49.984246	-52.636043	39.691034	-21.548190	-53.947282	82.795855	39.003251	-5.847448	22.334446
	46.258634	-82.035474	38.480798	-48.101535	-27.905720	74.194789	28.881826	-8.100706	46.471756
	31.405118	-53.602500	15.904055	-77.977433	-6.320005	49.253459	3.243911	-23.506865	55.684027
	44.838162	-22.582899	16.795346	-47.491408	2.107078	33.600650	14.468073	-33.375025	20.274356
	14.741217	-27.694893	5.718732	-56.293813	-41.014545	25.709660	-38.754755	-21.725698	-17.843913
	6.949331	-9.516110	15.742736	-42.818997	-40.415024	12.018311	21.651294	10.517735	1.860531
	9.037286	7.875849	-3.164069	-19.625328	-52.869033	-11.352305	-34.192093	-17.104823	-0.916976
	-5.436453	9.370805	-4.622819	-16.469011	-37.869119	-12.335312	-11.272191	-11.319650	-17.888425
	9.256593	23.093659	-1.695813	-15.334121	-34.315510	-21.336525	-49.868873	9.765010	-6.298885
	-14.482025	33.750962	-6.519242	-25.060705	-10.229725	-23.363837	-31.709298	-10.344782	-21.862789
	1.549366	30.290358	3.053241	-23.489580	-12.940493	7.860220	-52.547067	-9.944685	-10.199114
	-26.261457	17.681169	-29.993616	-69.177278	-23.382366	-16.126513	-63.439884	2.739693	-44.952237
	-13.281104	3.751009	-30.852022	-44.528065	-22.810892	-4.556602	-35.258511	7.627320	-90.401648
	8.079644	-2.621444	6.368680	-26.948096	-26.856316	2.172475	4.810029	17.152199	-20.135599
	-18.467632	-46.138899	21.923524	-25.616585	-45.525341	-7.628477	2.315071	17.186769	-2.908778
	3.587813	-69.082821	11.181254	-32.216981	-31.123682	1.305836	27.704681	-8.490377	12.743919
	41.245515	-44.576791	1.251760	-8.110602	-25.672511	-40.587997	-1.425875	4.879471	27.705936
	26.160015	-34.996458	17.395908	-5.500969	-22.000204	-29.934659	-2.296856	4.744993	15.143293
	8.399765	-27.210452	9.372734	-14.002037	-3.283910	-36.684720	-35.636324	-15.454686	31.755544
	-14.651635	-2.366812	-3.924954	-21.871176	-4.294636	-38.083038	-66.138606	-13.331033	-22.371524
	-29.958298	-11.445421	-7.895883	-60.078161	-26.677541	-34.303298	-52.153937	-19.851314	-82.260884
	-62.746200	-18.064557	-27.779628	-59.172217	-56.857972	-27.577679	-70.734029	10.718096	-87.256723
	-58.563879	-25.534546	-15.548103	-46.435205	-47.669115	-6.336997	-19.616349	-9.549937	-38.577927
	-5.488675	-41.738709	21.822666	-12.839257	-17.930274	24.014450	11.568460	-6.052457	40.773545
	22.576517	-68.394216	21.876488	-26.338271	-54.345582	25.193088	38.048446	9.778494	14.122953
	58.229646	-39.828797	43.629882	-11.416082	-1.715946	53.685130	47.169621	-17.790079	73.561352
	41.120144	-22.680663	50.415196	12.481911	39.004947	33.581612	31.342298	-4.489377	111.271276
	21.644139	-16.237815	41.113586	-6.001843	18.654456	-1.444165	13.760980	-25.351236	19.941120
	37.335386	-19.525866	41.828422	10.101858	57.947630	-13.019109	32.290904	-12.828235	90.994209
	13.615264	-9.168124	19.444012	-17.411359	44.455008	-32.953699	-17.430999	-25.846936	79.463815
	-8.351085	-30.189690	23.258608	-68.440411	9.999084	-21.381318	-43.620933	-8.585112	48.025581
	-3.410833	-55.783363	-1.755669	-79.482381	15.400498	-23.037361	-48.052939	-25.565461	20.212233
	12.353103	-41.137841	-2.590001	-74.673733	5.408318	-11.196647	18.525628	-25.227265	27.469251
	4.053950	-38.126521	-31.829007	-64.551413	-26.867120	6.001168	20.568358	-2.967265	-8.413082
	-4.030890	-21.684586	-42.942868	-6.669570	-42.220644	10.198962	21.248007	-3.734359	-16.439009
	4.275718	14.823557	-20.438422	23.905512	-30.774509	6.408323	46.524396	9.893526	-1.631341
	15.202434	53.169157	-27.308631	56.943415	-10.536973	-7.139773	70.891790	15.453612	-8.744879
	-1.231942	47.278483	-8.130156	75.770036	30.701657	-12.612512	51.361379	13.372395	16.008471
	32.185837	11.071411	1.623089	76.702796	52.820021	-14.470737	74.860944	8.056377	54.084366
	30.235981	11.421216	19.435134	54.886688	51.978182	-11.504248	57.560769	-6.413951	102.724224
	25.032235	-31.917164	15.922422	-15.711358	27.362497	-16.303831	15.838112	4.297543	71.440509
	10.466328	-59.387956	18.278418	-60.537837	7.459050	9.034899	3.427942	-1.522116	62.979896
	1.455626	-43.035863	26.237903	-73.387841	-39.015738	34.930021	-32.618145	-2.123692	40.688618
	-0.678886	-13.386665	32.546427	-28.410011	-54.642991	30.414736	-18.617362	-12.036244	33.812842
	-7.053543	15.839690	2.584499	23.797525	-84.824143	28.538757	-2.699738	-9.198249	-26.786854
	-2.667645	37.746830	-24.972304	48.166907	-35.701365	9.925799	11.292197	4.718405	-26.261740
	-21.505557	52.582331	3.340942	56.452189	-19.807438	-17.879107	6.476083	13.483065	-15.421759
	5.122151	25.138857	9.500314	29.173275	-20.520264	-19.710199	-4.972343	12.461591	-6.359631
	-9.893892	6.786158	18.098482	22.165895	-14.148131	-19.423411	-29.353975	-4.992611	11.963948
	31.776643	-8.411397	35.868366	12.511554	22.862411	12.348725	11.806411	-24.924283	65.464984
	22.805657	-26.223327	35.375315	-2.443449	3.996693	28.677658	29.796842	-8.951290	52.918282
	46.081541	-15.728614	62.078497	-5.414305	11.919610	62.521754	5.428522	-5.159270	55.517135
	55.165791	13.499019	68.909599	-9.178844	53.672650	61.950094	50.669248	-22.762783	113.789190
	44.455696	5.013417	47.366725	15.020854	31.740227	57.577954	51.977877	5.945342	83.379212
	49.986927	6.133234	20.408854	19.680981	51.395938	56.553340	50.070699	-10.022262	48.451649
	45.040809	35.457847	2.045124	46.634048	56.206940	29.744195	88.927147	7.159033	53.704042
	42.335875	47.105222	-13.473003	63.896768	25.094886	24.427117	100.721188	13.990291	52.949870
	25.245114	41.728990	-68.720313	65.968614	10.337429	-29.847355	65.816275	17.800525	-0.039766
	-17.588406	52.479004	-77.905344	45.727729	-6.916607	-31.372426	-0.018536	24.410115	-56.473455
	-38.317414	40.656791	-75.616144	-1.997667	-8.730266	-35.283748	-74.383775	23.292616	-40.860974
	-55.848814	37.117945	-55.338421	-0.684810	-7.847639	-40.375952	-61.401227	-18.558756	-21.739796
	-66.659896	45.909625	-26.791213	2.884775	24.648268	-49.125224	-42.953341	14.347733	-7.430777
	-42.949886	31.279162	-8.655389	-4.026721	14.714345	-20.255174	-47.550777	7.906337	6.279844
	-16.143444	17.419207	29.034710	-12.285641	50.016316	-21.078961	1.361393	-3.618134	32.776108
	11.923245	38.790909	30.765270	12.355407	48.898531	2.138677	-3.165117	-0.790756	25.918940
	-1.840536	26.947839	-2.067364	-41.845063	31.271369	-0.452290	-5.680109	-14.286159	18.078890
	12.588866	28.091427	-20.376941	-22.419841	14.478177	-12.570088	0.581494	-0.147506	3.084613
	6.949132	42.804070	-31.688170	-25.663711	43.683125	-36.697596	7.483721	11.830190	-21.384559
	-4.914604	40.219418	-32.859343	-25.905676	26.754472	-23.593411	19.272411	-30.501338	-94.520292
	-24.155588	43.165743	-39.250895	-19.631459	40.435114	-20.219046	-27.091510	-6.233037	-91.402095
	-25.672231	15.371714	-19.640011	-23.095462	10.517235	-47.269366	-24.998545	16.174119	-56.042756
	-0.663252	-6.894023	-17.768875	-22.681320	-14.108769	-29.484695	-48.131691	6.544809	-35.474560
	12.962486	-53.591364	-1.629094	-29.571082	-15.058383	0.587184	-35.876173	-0.949140	6.262337
	6.264365	-69.055990	-0.188810	-0.318812	-37.214538	17.370737	-18.729202	11.978899	12.558339
	43.839463	-34.950310	-8.414269	25.985329	-33.404352	53.823078	29.524272	1.650185	28.051066
	28.518509	-16.731607	8.274899	14.951762	9.917662	54.473352	68.161771	-7.359180	43.053622
	33.362909	-2.935125	-20.878831	23.758312	28.165974	38.969389	63.608297	-2.327970	6.953286
	22.764132	6.902372	-31.656835	23.076705	40.135656	23.603194	34.524006	-16.127172	-1.785138
	-9.786340	18.013772	-65.118763	50.838080	11.496194	-29.993581	36.439838	4.291120	-16.212064
	-30.453833	-1.579951	-63.269848	14.426055	0.705267	-51.602964	0.529886	-21.460822	-58.298901
	-14.043127	-2.920701	-82.896076	18.236330	-28.170035	-68.745193	-19.747999	17.952774	-76.852306
	-37.654621	14.459543	-51.818606	36.214202	-65.944296	-39.646752	-61.608987	9.312374	-83.273421
	-31.213429	15.563553	-36.345298	15.802642	-86.153780	20.972913	-56.558986	15.183826	-81.684995
	-7.428811	-9.788624	-13.329051	2.424125	-105.814756	22.528024	-64.198857	9.366595	-42.382845
	-2.135706	-25.373396	23.450441	16.651006	-57.521634	43.737949	3.376581	-4.184068	17.086208
	22.091355	-25.370912	11.879571	1.277600	-15.347957	33.255275	40.401257	-13.823882	35.410172
	17.918430	-35.339643	-0.564876	-26.443344	33.128172	-16.376497	32.450953	3.602424	15.517388
	31.749676	-31.883924	4.221324	-26.455592	17.105799	-40.003412	-16.735785	-23.318614	22.042903
	-1.176910	-10.960207	19.969249	-43.221188	19.701371	-31.380145	-7.422395	-1.987769	7.390320
	-8.845658	-19.620762	18.929866	-79.280585	25.724439	-13.691778	-61.834283	-23.054316	-11.126408
	-30.432862	-39.230183	-4.486529	-85.500548	16.034124	-26.909775	-41.224689	-44.621184	-29.418598
	-38.427912	-20.431279	3.291633	-45.649708	43.790634	-6.320328	-28.361940	-4.565530	-22.417502
	-17.149969	-13.538598	-9.601590	10.481557	13.757047	-25.719665	-8.663838	-2.127668	-59.383236
	-18.742134	-36.198559	-24.404874	10.517429	0.785015	-48.213717	7.558792	-27.680522	-61.872982
	-2.834604	-42.548078	-3.570115	11.012703	-11.350281	-50.628216	49.334539	-6.325987	20.560465
	43.215453	-45.327800	1.959668	2.131039	24.389338	-12.484809	26.732564	-17.840038	62.152342
	44.389064	-55.310002	12.160362	-49.740368	-5.982071	-7.519312	21.180702	-2.910425	53.736394
	2.672459	-10.601879	21.377554	-27.555644	0.926705	11.099766	-26.411493	-29.650171	3.478441
	-3.563302	-27.825272	56.566068	-47.021718	-15.021102	12.897094	-35.610439	-9.680551	55.191984
	-10.351156	-27.459357	10.227361	-42.639719	-4.679171	43.295499	-43.604580	-9.832033	-3.962679
	-37.120546	-7.843283	11.339994	-34.818428	-25.784535	44.197611	-13.363323	-7.761129	-59.025661
	-13.416004	-2.898586	29.355297	-6.559814	-29.828977	40.020401	-38.108406	11.851397	-33.078673
	13.130795	1.741069	-2.409408	26.338576	-29.700581	64.253231	-21.337752	12.581752	-42.520151
	15.655783	-12.346791	-4.899373	17.106690	-11.970653	26.583075	0.426781	1.923737	-16.134470
	30.021979	-15.684507	22.890461	-0.924345	29.456904	12.682108	9.521392	5.990820	-21.219517
	18.897920	-24.472344	17.676471	-39.154165	18.030340	-20.269182	-38.790216	-7.026832	6.476296
	-5.244100	-26.668085	-3.609205	-103.763111	13.742435	-63.259279	-58.698384	-18.610394	3.623675
	-23.182122	-24.144300	3.176109	-97.993404	-1.104612	-54.893210	-26.477865	-2.360509	-31.236929
	-17.371940	-12.487386	-3.518486	-71.050208	-13.316946	-42.464576	-5.532823	7.634383	-13.161838
	-0.633898	-4.188418	-6.951828	-24.200579	6.915773	-9.931047	10.499092	-15.292456	-18.206485
	15.928977	7.538310	13.886356	-21.982817	-17.637571	5.290208	40.335619	-15.788344	-7.097018
	17.664281	23.606076	36.067193	5.194871	-11.211649	32.580266	22.847783	4.315725	27.244722
	18.308222	24.200645	1.480189	30.257930	-38.155251	16.765823	53.547942	4.411698	28.113627
	37.016893	38.462228	-25.672704	14.825464	-34.422869	-5.687062	37.298839	-2.670617	-22.171808
	-12.560732	58.994326	-46.214398	30.145245	-19.575785	-31.755085	15.042375	5.992583	-50.101458
	-55.481238	43.327218	-48.263586	0.943531	-33.746953	-46.433813	-38.719535	19.682708	-73.553794
	-51.917352	27.162074	-64.644454	-18.495293	-38.794938	-67.651252	-92.020096	14.871174	-96.119390
	-61.147794	19.298265	-45.837946	-45.435414	-45.017836	-32.154918	-83.108186	-5.908043	-132.941837
	-79.777547	27.023064	-40.068702	-20.938727	-33.704769	-22.710553	-81.087995	18.940971	-123.599206
	-52.581096	11.285991	-38.034932	-29.998960	-21.654893	-26.641274	-71.348640	5.778915	-121.828180
	-36.521957	30.141113	-26.885302	-11.279479	-21.799589	-24.933206	-27.436440	21.016298	-81.784628
	-13.674368	37.096815	-21.368224	41.786316	-32.698765	-32.886623	25.270908	31.086385	-41.181322
	17.903186	39.360740	-10.329388	70.194787	-47.606043	-6.351567	62.961151	-0.919771	26.099594
	35.549754	5.141161	-1.491725	51.692769	-44.844250	-17.520817	31.579077	-0.681880	-6.832579
	37.691957	-12.684132	3.021268	41.776955	-42.256614	-11.823926	35.303360	23.198696	46.806365
	39.176702	-4.318965	18.322876	52.888381	-33.842729	-17.518245	10.938201	8.603685	71.288097
	20.140169	-1.446799	0.674511	-9.029306	-10.167463	-16.687303	2.355045	16.010718	-10.669558
	0.182946	-4.891597	3.643159	-25.306172	7.760324	-10.485291	-33.602461	5.678251	8.226617
	24.764001	23.347512	17.908811	19.118658	37.216249	-1.808041	13.712747	-6.675886	-9.590495
	7.620344	26.100605	38.125453	38.257234	63.181679	40.556043	55.815269	-19.560798	-3.288755
	15.268665	19.182865	23.778531	40.476745	21.378532	50.020634	38.006225	7.758129	28.625669
	21.720911	15.660565	50.483559	39.997364	19.484376	50.638960	31.387422	-1.549698	26.620480
	38.273668	19.113396	51.883415	32.331267	23.884859	60.811189	34.717840	0.375701	47.554191
	30.669711	16.706082	87.487991	38.509783	25.625178	89.697724	-8.714779	-3.827505	68.077404
	19.789671	17.261715	65.918736	20.932241	18.784348	62.678985	-19.174142	-10.738472	31.553046
	11.627422	39.878863	34.301473	19.441304	9.778610	33.986626	-50.585833	5.787070	-38.780517
	-3.067331	60.230042	-6.553298	8.963504	12.433069	0.082825	-49.936320	-3.020766	-53.153461
	-41.407481	37.491898	-31.061108	-34.925292	-22.982682	-10.587046	-82.246608	9.399686	-89.158002
	-54.280124	15.651504	-19.039796	-15.247259	-54.432107	-20.657644	-88.862764	-3.924034	-56.524810
	-30.022259	25.788134	-19.391316	-7.248053	-40.505068	-13.696797	-58.488558	9.698756	-83.502122
	-17.189189	49.172827	-40.428996	3.995690	-27.534054	-18.513134	-45.336445	34.357013	-78.196899
	-27.728922	29.678726	-48.429889	21.611869	-16.098525	-39.035080	-17.901803	23.583165	-78.554039
	-8.044131	32.686708	-21.961963	34.564805	-9.675131	-31.072404	17.783911	24.558185	-60.578700
	-14.249784	45.495512	-5.396000	49.117060	28.591687	-16.225478	39.008363	9.999301	-2.166153
	-14.846558	34.076601	13.607089	48.421620	26.430967	-15.421572	37.221581	-11.275602	31.271579
	-3.435206	20.060034	7.755131	33.589446	29.568184	0.891243	92.874634	-4.721649	41.123426
	3.951556	1.828985	37.367035	12.738082	1.671521	30.237920	63.201915	11.395900	53.275655
	15.650281	-5.744461	48.411193	16.978946	24.834001	53.584018	52.220653	1.292066	46.675352
	15.109866	-10.540210	58.436049	33.149653	23.154360	65.185242	49.907998	1.527716	74.237802
	13.883810	-25.708832	74.471373	19.828265	50.881312	76.988052	31.398922	-12.604522	62.331143
	35.380734	-41.416080	74.067165	-14.661239	49.189146	54.586581	49.157585	-11.642155	98.331375
	65.918560	-21.852549	63.523313	-28.624844	62.408119	36.261470	52.375404	7.583733	100.237918
	67.641484	2.202460	73.677785	-42.759758	83.844363	14.893728	53.348516	15.253141	101.467672
	39.534345	13.294854	46.761602	-72.018626	65.581279	-16.307264	-21.200618	-12.703280	60.757771
	-4.740251	-3.589705	26.663802	-93.135067	47.384959	-25.910660	-51.553224	-12.977376	16.856258
	-32.285988	3.499871	-25.358722	-76.979748	23.484301	-23.066886	-73.255319	-20.812247	-20.402971
	-55.117095	-18.683058	-2.426716	-74.019698	-13.638862	5.932159	-61.344524	-12.051743	-45.504097
	-48.988148	-43.627245	-2.816116	-36.769399	-63.401702	-9.592119	-54.860429	-2.181237	-24.169126
	-27.630937	-64.011708	18.942209	-31.125374	-64.564482	0.751549	-21.014408	-4.576607	-40.559753
	-4.735605	-44.574245	11.522754	-14.764082	-51.284162	9.907376	22.432329	-43.644114	21.811432
	-1.435332	-30.296580	-2.366645	-12.996094	-35.215063	5.136863	23.461394	-9.858362	32.312306
	14.237163	-1.575986	-14.651151	-22.834247	-24.123758	-15.990481	35.012100	-13.915599	57.296305
	30.322526	21.582132	-24.326798	11.726966	19.567408	-9.152033	54.281404	13.036658	45.429562
	38.835323	20.130908	-4.732590	38.148506	19.129198	12.141772	72.193698	-21.766176	13.730494
	38.545282	14.073023	22.258702	9.146479	46.391920	21.437486	66.025757	-17.656242	55.554224
	31.105987	-10.034367	40.546453	-1.147823	5.068592	41.434120	18.953265	-4.226041	39.332249
	22.644011	-24.230194	27.610824	-50.159967	5.404316	28.506438	-28.319521	11.650521	56.255596
	31.748195	-38.581049	38.111196	-49.827103	-2.272856	31.011287	-6.698994	-4.941158	57.282826
	-5.607942	-43.312814	9.804905	-71.292999	-23.642360	2.894164	-28.472334	15.626401	-3.157668
	-13.861600	-32.654405	-1.646644	-52.178468	-8.286103	-24.151808	4.222431	-24.117448	3.291143
	-11.683835	-9.248245	-1.271793	-17.029769	-15.427990	-37.044493	77.356746	-22.744825	-4.358673
	-22.189991	-20.150035	11.842375	-16.036845	19.578970	-25.980469	10.054930	-10.496690	-16.623888
	-22.356122	-22.097889	22.713678	-50.654316	44.804783	-0.239107	1.242793	-23.471686	28.744673
	-23.240124	-44.728745	43.163765	-66.661406	-14.437863	-22.899817	-6.072779	-11.716827	11.331833
	11.929065	-68.365913	42.809796	-92.190459	21.395281	-3.897186	-26.390677	11.152281	44.425453
	-10.580960	-92.214133	0.886847	-125.133885	-44.926208	-45.211163	-46.835050	-19.211932	15.143443
	9.361460	-62.720667	-19.114462	-99.305174	-25.961290	-40.644989	-48.738466	-24.100907	-33.329040
	-1.218006	-44.965456	-35.733596	-102.551718	-9.884965	-25.116189	-19.171488	4.778723	-21.236644
	-32.382586	-53.366480	-25.302488	-94.875487	-1.968471	-49.238041	-41.616948	-14.655372	-19.148520
	-6.630312	-36.544118	-5.125072	-53.457610	16.419959	-32.583473	-47.262198	1.060618	-22.522143
	-10.937260	-8.658277	-14.592525	-24.134021	21.305311	-7.774836	2.577670	-35.649002	14.999345
	11.216764	-16.023163	-21.034744	-20.781896	32.376844	-8.910661	21.689288	-26.570266	23.047920
	-7.145107	-6.753967	-18.990170	-16.207897	-5.070790	-24.758045	14.586804	-32.877579	-10.058718
	10.412710	25.340086	6.856650	29.668160	8.600256	-11.600750	48.987516	-30.502844	31.712968
	24.559628	33.285734	29.264681	23.871579	30.906329	7.672006	36.370692	2.667482	70.437552
	38.983986	36.380606	16.212604	22.248712	6.433792	15.021919	27.593066	4.437521	26.896670
	-2.167009	45.088413	13.997804	35.913496	15.128896	-8.521663	11.685824	-4.400960	11.877322
	7.269412	72.828496	24.874616	44.514242	20.006784	13.632201	15.976277	11.630483	29.515901
	-24.737259	51.464595	14.180234	37.226185	31.138816	-29.505110	-7.862198	-16.266664	-15.357354
	-4.285270	42.447357	-27.470725	23.284112	-19.471647	-25.999873	-11.024945	31.417612	-6.614594
	-25.307845	63.814578	-29.185040	66.899354	24.576072	-15.456378	-0.753109	44.640796	-31.249311
	-20.847976	58.689345	-48.074773	52.129967	32.256601	-24.429362	3.209235	13.017647	-32.091392
	-5.380863	41.268389	-33.763601	68.770428	18.376717	-15.212879	1.026627	7.978412	3.902663
	-9.624537	20.734950	-46.807984	41.479748	-3.071937	10.113711	12.237669	10.316763	-24.320489
	-31.272650	6.292493	-8.190694	-13.968397	25.579094	22.274564	-1.900049	20.127544	-36.434550
	-12.265704	-12.070733	-23.275143	-36.696760	14.113049	8.492072	15.198295	-6.947038	-19.117687
	-19.458054	-44.727427	-23.273809	-31.356031	-5.016917	1.781336	-33.245649	4.746805	-31.021361
	4.019716	-69.747569	15.051331	-76.021168	12.899179	-20.127062	-29.490114	-1.432910	-28.185677
	12.243936	-100.265150	31.394225	-77.955359	-6.613860	-4.030104	-42.896145	-24.418714	21.115674
	22.205388	-106.379542	7.347230	-104.472951	-31.355751	-20.254569	-47.220681	-24.391738	19.080291
	1.308378	-114.311371	3.566432	-134.909026	-48.492484	-43.084907	-48.645585	-11.399174	21.666292
	-35.531273	-36.177468	18.013410	-70.431514	-58.430002	-23.614985	-44.924153	-3.754821	-10.158298
	-23.790818	-18.707722	12.368169	-49.841067	1.163490	16.383902	3.275467	-5.392588	-17.974641
	-11.261113	38.590990	-10.112792	4.013131	43.756962	23.031767	15.089699	-13.826160	-4.480586
	-40.129309	6.976229	3.494614	13.979355	-2.774581	64.189912	-39.245513	29.655928	-51.427000
	-46.462239	-19.779310	0.795598	-34.799687	8.448426	75.235140	-53.946591	17.140177	-30.542660
	-21.003958	-34.758917	-2.155964	-15.915371	-35.452096	63.495741	-43.284257	2.232983	-26.515762
	-16.505185	-46.871066	6.906476	-51.521160	-35.717188	28.866557	-41.480716	34.984675	-21.476194
	12.080249	-72.441155	23.941366	-71.310339	-60.145394	27.849499	-16.610481	-16.850486	16.195447
	9.153159	-47.348658	23.099847	-48.219434	-62.155998	11.535338	37.664961	-5.293727	30.175306
	-21.666795	-19.238982	12.279934	-12.982198	-54.562076	7.908540	0.720136	1.792201	-12.457459
	-11.372810	0.891316	-19.800089	-8.152578	-42.736071	-13.651175	-13.816175	41.301201	-19.410857
	-27.871230	18.793764	-59.847077	-8.227647	-27.216623	-48.196032	-74.651489	22.018753	-67.149428
	-6.116463	18.888686	-76.591291	-8.622364	0.730325	-72.643915	-98.905662	39.912055	-80.036166
	-11.806810	9.936001	-50.233048	-40.017528	-6.993261	-32.286930	-69.041251	14.783977	-81.954733
	-6.215650	-19.897796	-36.090323	-45.636035	46.880587	-32.457984	-6.586427	3.615138	-30.758970
	-9.595634	-12.402577	-26.519333	-27.113106	31.292793	4.605543	27.715324	-10.316648	8.484046
	12.325520	-4.566595	-56.038112	-19.115154	36.658328	-0.385546	57.528063	2.559235	-8.729723
	31.319799	36.353741	-39.990542	30.040891	60.164073	-3.244325	67.294239	13.744544	29.220196
	18.112306	49.928452	12.772982	52.077388	81.642749	24.059306	88.907825	-11.320892	31.991890
	3.263679	40.139783	28.975777	35.447752	67.450344	19.489957	86.405572	-21.673324	46.819325
	-3.988060	16.096237	-8.966472	39.788723	46.301517	12.494435	50.954654	-19.378260	46.032639
	14.972296	12.285790	-21.920474	35.933511	19.788527	33.135621	29.687200	17.129499	13.616605
	-11.798983	4.190670	-40.930521	51.272903	8.456500	21.225647	40.440421	10.345157	-20.645564
	-5.567767	6.031150	-74.570252	56.810776	21.599966	4.950634	16.854529	23.265236	-45.798103
	-4.632455	32.950535	-61.357960	35.013085	25.671482	-1.369327	-23.138412	33.733242	-60.207343
	-15.557229	25.819186	-33.747723	-4.551093	30.503445	-22.795859	12.885021	-10.912155	-28.040738
	-5.300797	12.378195	-55.849404	-18.664508	13.625265	-19.930444	10.033766	23.163756	-41.990206
	-2.872408	-28.665016	-16.325271	-51.804662	-33.372794	2.168655	-18.618709	-2.017473	-29.971658
	-4.016293	-38.715460	3.761584	-42.314205	-47.269072	11.087440	-10.699608	-13.653194	41.184227
	30.039809	-35.272976	23.330428	6.246027	-50.716336	-0.646588	-6.504464	-25.943535	6.585901
	2.338533	-15.674687	21.075492	4.076199	-4.802057	-8.764915	18.444626	-18.171384	22.202129
	-7.586232	8.603124	0.044586	5.708678	2.060947	-2.793014	27.085550	-13.540817	-9.945040
	2.743466	27.978781	9.922756	3.570866	21.782426	2.504613	28.641000	-13.281718	0.299183
	-11.783711	29.480250	-25.588411	32.568378	17.629553	-13.064276	38.102591	4.385071	-39.297165
	9.718804	33.052165	-19.416060	46.003914	17.884405	-47.327220	31.307337	-8.550753	-44.895650
	14.905737	41.636364	-21.041525	22.621583	50.585569	-48.988001	50.733152	16.403571	-17.799141
	8.588219	52.079920	-37.712229	32.939683	27.855831	-49.055989	42.576087	18.014966	-13.441048
	0.034135	41.370999	-42.886764	1.986290	54.900915	-55.213416	36.765510	-22.579347	-47.904618
	7.539791	38.521709	-20.573820	-3.462145	47.576389	-0.032559	-2.454448	-13.723548	3.894686
	16.156231	30.574801	11.140469	-41.931818	31.411051	16.575462	-2.076131	-23.120290	20.072664
	4.967384	14.946591	8.627035	-54.002149	62.561205	25.586908	-11.789022	6.862071	22.197553
	34.319938	12.933611	30.518326	-42.170804	30.917934	26.960361	-6.303406	-14.072136	20.020461
	22.365829	24.418363	34.608499	8.303480	2.275528	14.734903	6.623671	-13.800923	-7.021230
	-1.380617	28.465106	26.000477	1.907262	-27.328506	-4.262630	-9.715614	-4.255709	-29.840029
	4.928008	30.448544	-24.342090	27.454149	-14.351109	-2.905234	-8.981643	-18.427405	-48.277077
	-25.394141	47.421389	-33.967544	16.174279	-50.285357	-22.807017	-25.483415	-1.201417	-84.488595
	-55.180175	53.271925	-33.175281	25.678981	-45.733505	-29.431402	-10.628577	27.825765	-95.104103
	-41.902943	63.574892	-35.201956	40.072879	-11.049744	-4.730414	-3.024484	30.712177	-62.880725
	-19.525999	45.144172	-28.370301	26.403967	-20.643107	2.427521	-31.812789	15.308286	-53.475200
	-14.130789	32.410843	-7.476546	39.038305	-15.930972	13.217135	-18.217005	41.991847	-27.396165
	-3.637297	15.468331	-2.887357	20.357513	-15.512933	28.987497	-0.982169	8.637321	-25.028788
	31.253847	2.039493	14.002186	44.175024	-27.728566	60.779576	-13.332400	15.535772	-2.674080
	30.698496	13.032734	28.958411	51.422607	6.663249	35.039305	-39.939923	8.064883	-3.448045
	39.396225	14.682483	48.190284	79.309153	-7.014320	5.807320	-10.651541	7.051269	1.758271
	33.476341	21.130881	36.846788	65.505488	-50.337137	-4.876624	-18.580502	-15.507416	23.056556
	12.165927	21.548539	10.196960	35.551453	-64.586037	-11.385877	-18.947352	-38.640623	11.501654
	50.009660	10.974692	26.699860	-13.690724	-28.690968	-12.810082	3.987536	12.711215	34.561967
	28.461739	-17.045908	17.868592	-24.286994	-4.311368	7.598660	22.912046	-12.888574	49.556138
	39.553381	-38.733061	31.108594	-66.212825	20.839043	29.685533	1.082752	-6.090830	39.379228
	23.088427	-45.230612	54.864043	-81.459423	39.100340	40.940235	2.735230	-6.596148	17.622960
	12.740997	-48.798856	53.852213	-38.258478	38.476796	10.004695	7.471654	-7.986077	63.977325
	7.279218	-67.328165	36.074802	6.130499	3.147228	-33.114832	-29.270993	11.105442	53.302040
	-11.890642	-59.988525	20.433359	-7.131632	-53.150883	-59.183103	-47.376045	-27.145071	13.081998
	-1.034084	-52.133054	-25.571076	-24.922868	-67.689505	-75.392925	-8.755813	-0.375158	-0.433453
	-10.844161	-55.497065	-27.722618	-43.469911	-71.811419	-68.039639	-12.554028	10.213067	-32.878118
	-37.499470	-24.781307	4.964835	-42.566393	-20.276208	-30.097007	-5.219131	-43.590897	2.182456
	19.450887	-3.771242	34.865047	-16.962230	-7.304871	-6.090692	-3.149383	1.412856	-9.823518
	9.460097	-17.428299	4.437291	-17.212388	-10.390899	25.575172	-1.153184	20.659975	20.136436
	13.020419	-61.253265	53.211130	-42.029519	2.851642	40.861499	8.930337	-11.024783	82.134065
	28.143335	-91.872741	53.646173	-43.193561	-39.356735	41.782428	-6.538219	-22.225977	53.485813
	26.223735	-105.129348	63.766092	-63.254933	-64.290731	25.614741	-23.783090	15.066662	40.424845
	15.969716	-108.211206	77.203405	-44.793909	-50.008372	21.497305	12.324512	7.993769	64.384476
	17.802983	-93.031871	37.401614	-57.138448	-13.798311	-36.689299	20.052633	-10.471344	48.936308
	7.011148	-61.750191	20.720797	-23.205585	-15.109134	-40.871669	15.946410	-19.290470	23.852060
	22.317765	-35.933244	4.890393	-46.991563	-2.071894	-26.288013	-12.173667	5.036567	14.092646
	-19.403659	-18.584191	4.383108	-8.411454	-14.446141	-7.005497	-25.037245	-7.384288	1.635334
	-67.028896	27.025668	-36.465585	31.566982	-11.269443	-41.612215	-22.172877	24.020659	-101.186572
	-5.777473	-25.173486	3.362339	-24.844512	-16.885751	-21.128296	-38.612365	-26.592481	11.008737
	5.903433	-15.140565	49.507565	-24.611818	30.207974	2.019051	-0.589281	-7.268545	30.777345
	30.194693	-24.015415	71.182026	-67.544891	26.606346	33.748199	-21.354808	-23.895226	106.061703
	52.201574	-25.083316	64.504046	-29.589967	45.077115	37.804047	12.911674	-16.211027	72.337916
	28.953746	-52.022225	51.536042	-40.708298	23.402112	28.485340	42.030173	-15.646955	66.181239
	37.833245	-40.480549	43.515026	-47.779299	37.696443	17.317988	43.738244	-22.028791	39.455323
	46.601797	-14.773786	-20.747948	-31.095766	26.959985	-10.705432	21.115696	-36.189270	-2.881445
	18.835514	10.283419	-48.889258	-12.196322	41.059968	-59.822952	7.492927	11.880028	-22.560435
	-3.380729	30.804006	-65.053629	12.540844	25.148849	-59.322431	-2.736529	7.103499	-38.506367
	-21.369837	53.918164	-44.083263	102.839621	-7.375067	-49.584664	19.200996	-2.483600	-40.944699
	0.238898	80.931166	-36.449607	109.148177	-5.761825	-25.852169	43.892335	30.555059	-63.881447
	-23.218314	92.041176	-46.732290	146.547025	-36.062444	-12.091877	59.138301	13.764785	-45.107593
	-9.676999	113.286748	-42.748631	166.293616	-37.023190	0.336405	51.963756	28.768094	-58.582392
	-24.074406	100.195876	-54.649516	160.936259	-31.619338	15.914024	50.367853	37.621052	-61.733885
	-6.642986	89.780349	-41.834581	133.595169	-14.366600	6.898077	64.062902	28.207671	-55.527156
	-23.825999	80.349592	-17.413145	107.554328	-33.803826	12.934546	38.751216	11.638303	-59.544607
	-7.218351	53.030245	-15.867127	82.834531	-35.911076	7.819373	-4.551371	10.960869	-42.826864
	3.044622	17.454991	-24.936612	24.710418	-63.795055	22.790115	-27.939415	30.875428	-25.111288
	-16.800585	2.494921	-13.438226	-16.986073	-18.939747	20.345840	-19.065506	0.368775	-8.216139
	-0.759249	-28.216923	-11.144534	-28.934512	10.656924	0.397376	3.415592	-8.669969	17.831674
	19.457704	-57.347732	-12.099650	-57.484689	52.600635	-20.024515	34.932883	1.277504	57.310265
	25.526346	-42.148053	14.188959	-10.756034	33.460364	-25.150633	31.330688	-1.790898	40.154407
	10.164000	-4.050244	5.559280	33.133662	41.148689	-25.056530	51.419812	-4.058129	23.649781
	-3.370062	25.164311	-14.778924	53.531990	18.924401	-31.047347	59.319496	-14.316395	-3.455358
	-33.533802	55.655084	-26.333376	71.263686	10.354833	-12.217814	41.607556	13.389356	-49.864068
	-65.379197	58.752813	-18.872773	94.413960	8.134648	9.082029	20.337011	4.822961	-20.293977
	-20.692114	68.797978	-16.800055	78.323997	14.535570	21.666182	0.731050	1.937733	5.439020
	-14.211310	35.382948	3.423306	59.202722	-10.037987	23.133220	-0.554519	9.072413	7.166198
	10.205173	18.269472	18.374705	22.223781	-11.005323	26.466545	-16.306986	23.964108	8.932356
	20.576457	0.659582	33.924058	-7.619168	41.053188	27.979618	-45.337457	-8.696811	40.771403
	37.844535	-44.364412	38.256214	-65.522543	35.710982	8.705693	-10.363421	-14.415009	85.148517
	16.761343	-41.152087	47.087462	-48.409092	47.717450	-2.949058	16.553176	-13.635129	97.283128
	54.280309	-45.315392	64.220186	-63.398853	32.686404	-30.440296	61.197565	-29.936919	88.130590
	50.622327	-29.361673	25.297008	-50.173125	61.268318	-29.569069	58.703330	1.998604	62.319196
	-1.926657	23.508784	-18.810227	-19.941788	58.331684	-41.758458	51.728390	-21.027440	28.641112
	-12.720489	46.564857	-64.610076	19.167353	27.635943	-57.410882	27.665728	-1.124736	15.853131
	-29.600634	43.986509	-97.807793	14.926392	-7.727032	-68.276993	-22.672535	3.533009	-56.060887
	-56.686097	61.937873	-79.529509	9.258806	-39.610587	-46.856553	-64.243718	21.274998	-91.527916
	-54.166475	18.479524	-61.444746	-16.796240	-36.456635	-57.611130	-85.873456	6.283936	-64.228998
	-41.307681	-9.704758	-48.716172	-85.700864	-28.310158	-57.171689	-74.324358	14.314542	-48.294632
	-48.202470	-12.800992	-18.233129	-105.399994	-18.404607	-28.395341	-69.343088	-0.906840	-51.371961
	-10.609687	-27.631698	-16.030654	-73.333380	-9.050714	0.576195	-33.854701	-2.020278	-17.893643
	-11.168022	-16.946741	-1.349307	-112.119880	0.589544	6.418913	-9.641572	-18.640481	5.397734
	-7.058724	-7.230744	-10.676486	-68.362612	-15.416067	-10.665834	-17.878489	-10.959467	-26.045799
	-1.078284	3.435198	-8.491475	-15.667480	-39.652497	-4.658923	-35.054117	-14.311936	-7.464048
	-26.187802	-18.310414	22.480146	-10.325848	-34.287412	29.809638	2.475252	-4.041242	-23.498171
	1.374731	-24.824253	27.803533	27.328226	-62.548870	39.392326	-6.112597	-17.143317	1.359838
	17.215707	-37.354433	43.592280	35.230608	-31.079449	34.029051	15.171665	7.286688	56.971267
	11.778638	-45.231165	56.272243	42.420615	-2.824164	48.896752	-10.361149	9.227445	65.248077
	5.302122	-22.578964	47.611432	40.694860	5.140438	24.605317	13.503685	-15.137068	40.416671
	-20.764629	-1.211952	35.165852	35.776808	-14.672096	38.092630	-4.629491	5.105540	-7.561032
	-29.680336	25.803658	-4.596693	71.977025	-44.944089	32.919922	-7.003063	17.828083	-57.646112
	-19.964138	25.850536	1.147689	62.799989	-43.410706	23.663077	3.904850	29.710375	-71.950483
	-8.628140	16.505073	-11.609074	53.508967	-90.085226	32.136924	-22.297512	-2.044277	-42.987322
	22.602109	0.051687	-12.039352	72.343077	-59.266760	38.512673	8.293407	3.061563	-5.689933
	39.422026	-38.717112	-11.568314	24.231144	-30.335531	21.565589	47.835451	-6.455029	32.985329
	54.971040	-49.782734	-29.762055	2.726558	5.535524	7.752224	40.349217	-15.755176	42.789760
	56.377186	-34.102564	-51.095117	28.178228	77.520293	-23.528954	71.735682	-4.214852	77.045403
	45.787198	-27.139760	-32.666486	18.532989	81.639967	-30.891329	93.134077	17.437783	81.106840
	9.063128	-5.972769	-14.103976	5.736018	60.604019	-44.555925	72.046375	-11.588120	61.970492
	-14.733907	3.242268	0.907001	2.197042	69.318334	-44.332724	32.489911	-27.529508	24.190445
	-18.644199	1.419816	-3.479248	-41.689249	27.352591	4.096137	-14.576305	-14.205330	-10.684053
	-11.948188	-10.768683	-3.639738	-28.668844	12.604060	12.994405	-33.633966	-26.138852	1.250814
	6.782866	-27.847353	-6.753503	-55.707103	-6.143266	22.836520	-9.260524	-5.546585	1.277275
	10.045701	-8.265287	-1.840188	-66.405873	8.912972	0.332209	8.240581	-3.107136	14.297025
	7.440240	-0.330701	-27.246766	-10.883827	9.411235	7.925678	-8.815049	9.669299	-32.151014
	-30.687757	5.828031	-20.730475	10.018342	-0.012324	-9.956101	-1.359941	-3.022941	-69.062547
	-17.474349	2.865203	-29.043614	-22.268252	-46.334826	-34.601688	-65.733879	18.532022	-54.328036
	-40.316947	-22.232862	-2.510513	-15.048484	-72.889671	-13.323091	-110.009582	18.287441	-40.841581
	-41.535731	44.102865	-40.176794	20.322154	-73.099190	-13.785133	-49.940099	10.806749	-97.894589
	-9.046408	-73.927239	17.502705	-88.681487	-30.381521	6.061851	-53.018734	-6.710656	2.160301
	-14.952949	31.145990	-35.392743	-6.909465	-12.472206	2.851335	-29.805446	13.229681	-46.880264
	14.435697	-15.878798	16.880278	-32.407733	44.547624	6.458019	9.396150	29.980871	3.692176
	1.741051	-24.442354	22.761875	-53.525939	31.140044	25.845215	-9.152357	-32.164427	23.629031
	25.131738	-5.581508	28.189974	-28.934016	15.656943	38.395668	25.932544	-6.182899	15.524106
	-2.074805	-1.460406	25.965984	9.184910	23.651606	28.442248	8.861103	1.432926	26.572623
	27.500419	10.080938	9.875215	48.790070	17.111696	-4.924792	32.520822	15.840770	54.093911
	37.016568	54.509712	-2.475553	91.945562	15.737799	-20.118397	98.333127	16.026989	73.948744
	39.157144	31.874291	19.102063	62.140356	30.413875	-12.700878	42.464230	11.207640	77.823796
	25.814792	-6.007563	25.450554	11.834585	-12.144995	-3.501183	-15.362804	-17.456622	74.468695
	-0.158993	-30.603463	3.581968	-43.388873	-29.902811	14.143989	-50.410285	-12.147128	13.385221
	-8.693306	-48.021705	-0.101809	-77.234926	-32.180135	39.712984	-48.493446	-15.810510	7.425767
	-5.163528	-59.497933	-15.624736	-67.348307	-8.856296	38.946598	-12.782995	-0.523736	-35.926334
	8.468464	-26.637896	-18.257436	-37.701369	1.203524	15.796632	8.462594	2.534169	-20.400500
	0.528323	5.496321	-10.884265	28.814483	-0.948333	-22.520997	13.627063	2.107869	-65.559268
	3.097267	12.173674	-6.584522	33.039497	16.490453	-31.774446	40.066962	-16.426166	-22.158114
	8.810066	-2.606065	-14.503183	23.851204	-8.267333	-23.472489	-3.746341	21.025241	-11.103715
	32.834590	-24.271710	-6.782360	23.895804	-17.871315	9.970284	-1.115146	14.577092	39.018942
	11.379411	-40.205819	7.548361	-15.093428	-1.307642	19.737567	8.412334	-2.307830	29.526735
	30.728287	-37.773549	4.612408	-16.672089	7.214714	39.671101	14.533664	-16.089473	46.593343
	15.090619	-33.416840	26.231205	-45.149857	-11.570677	17.917577	19.754488	-13.769796	-2.002187
	15.817341	-59.857652	47.338818	-63.117938	5.641334	26.341056	7.722780	-7.730199	-1.760261
	-7.840589	-31.220583	4.180234	-26.844781	14.363996	25.302540	12.909181	2.204849	17.130661
	-1.082433	-6.807973	23.627938	2.131253	35.459744	11.700693	27.137541	-22.359773	5.641922
	29.855807	5.877873	21.465532	12.690140	44.657193	22.668098	54.351031	-5.381704	8.598069
	22.746432	30.355927	8.648558	39.439475	59.636222	6.508349	51.980137	10.491069	31.514188
	4.144933	29.626882	17.254780	14.747109	45.547553	28.025199	43.385520	-15.869898	32.740568
	17.041072	22.712297	0.696821	4.579856	24.307744	14.157963	41.876604	22.993818	40.458152
	3.075156	23.294487	12.452730	-6.031967	9.714620	27.522960	-35.766467	-13.518848	28.317691
	-17.693401	32.938434	29.347645	-44.202486	-15.169856	44.835201	-52.990328	-0.713342	6.609969
	-3.513780	20.675416	36.511248	-29.535024	-47.967449	29.077757	-42.357018	-0.458707	26.001892
	-11.291603	28.910323	41.095543	-20.627966	-16.750789	24.387618	5.266703	-12.660426	22.732024
	-9.676788	34.566930	30.215547	-4.549125	-13.118132	2.935261	-13.441116	5.649503	-18.936179
	6.276649	30.080836	4.405946	3.626525	1.210033	-34.898871	15.195211	11.237950	20.550748
	3.594774	45.118239	4.751814	36.622478	16.241393	-30.197641	25.870267	-6.304834	9.044003
	5.849018	58.234230	-13.140110	51.366601	40.723915	-35.056726	35.244795	25.543837	-0.025975
	11.443377	42.349524	-18.441046	56.243379	39.945153	-5.575368	43.968553	3.696726	1.746225
	31.742862	29.829157	12.799592	45.821830	58.886745	52.142256	34.855127	-13.820161	50.155523
	26.742286	-16.994606	33.021688	11.047152	35.915273	45.107617	-5.551680	-11.215014	38.905993
	31.008835	-63.903733	47.242635	-58.366597	-6.648822	51.200439	-47.032239	-36.152667	84.626926
	8.293733	-91.824636	37.576225	-100.363643	-49.274233	20.306056	-84.851157	-22.452461	60.616935
	5.548565	-55.406112	5.906947	-83.412608	-61.425200	-30.626526	-87.367944	-13.680094	-21.764517
	-25.638798	-13.631574	-10.589444	-55.237965	-30.471513	-54.928502	-39.138757	-19.026518	-54.626401
	-42.040479	8.504515	-46.613313	-20.612572	-43.592085	-62.568369	-11.341711	-21.611517	-68.814748
	-46.073165	17.047399	-54.856343	6.929873	-32.166868	-40.007875	4.471753	12.505812	-80.734107
	-32.033823	24.626775	-50.609850	11.099196	-40.819800	12.014310	37.522723	13.705630	-65.626522
	-16.403921	38.185498	-38.790809	21.025714	-21.394975	-7.324551	51.404902	3.806130	-53.257089
	-15.674497	44.203974	-13.396054	53.726279	-10.294134	12.183166	47.288779	30.704591	-17.647921
	2.246457	40.959343	16.331563	77.945900	-11.372543	10.677752	47.755174	6.648166	-15.204926
	15.045782	36.983144	13.938638	80.923401	-0.571254	6.514223	24.328572	4.134880	14.481313
	14.697727	22.259482	34.182784	52.843556	8.878724	-11.013312	-19.254906	2.692498	12.209261
	27.441820	9.106884	8.274015	32.778038	40.747660	-42.833973	-4.774213	15.093629	27.324191
	15.064047	-5.960639	19.225855	-6.034065	66.127972	-39.223189	-0.728543	10.142191	62.986074
	-4.726368	-14.610835	-8.445638	-72.836338	34.106301	-38.712258	-65.557387	11.186119	9.168917
	-5.565638	-33.610306	-17.841451	-81.938805	24.842398	-49.822273	-45.944485	-18.450076	27.255879
	-19.194515	-57.204685	-5.903827	-61.594823	-10.728893	-26.160181	-25.100646	8.651351	-31.708581
	-11.990626	-58.212910	1.313754	-30.625722	-33.810951	32.097983	1.411375	-37.035678	-26.514937
	-23.399068	-29.298152	38.902692	-16.445754	-39.796623	22.719877	-18.980308	-12.508040	26.081260
	13.131183	-15.211835	60.633347	-24.454654	-4.818483	49.506544	3.959261	-2.704844	53.251021
	36.358774	-25.163293	43.961404	-63.454402	-11.087556	18.115162	-45.453698	-12.559848	68.868802
	19.286014	-28.945880	30.211697	-64.141518	7.324159	-12.693202	-11.129778	-3.185664	21.573907
	-5.902073	-53.040212	44.854821	-88.808769	22.447531	-43.047532	-7.994391	-10.116931	67.472849
	9.628990	-59.199041	38.738607	-75.836715	20.331750	-41.922424	-37.961402	-17.921973	46.169882
	7.766786	-64.255439	20.812833	-65.075588	30.264865	-33.001275	10.510180	-0.537201	-3.659785
	22.237136	-41.316881	-34.809671	-43.913206	23.885220	-30.968157	27.028222	-0.173021	-6.633739
	29.551210	2.990675	-57.831853	20.162903	53.490879	-42.233855	40.807285	-29.720770	-15.601142
	-24.333021	31.793935	-58.941691	-7.479994	-1.897063	-30.164192	42.511784	6.326040	-88.069071
	-60.000039	57.484634	-40.234014	14.266111	-33.073941	-23.075003	-10.075759	2.955816	-115.305747
	-67.226684	69.969271	-7.597214	-9.804210	-41.226551	3.035331	-66.986595	-2.093377	-113.799039
	-60.657090	56.020525	12.148487	-13.141430	-46.528544	33.463400	-58.889421	-8.321715	-56.876028
	-29.101919	99.693957	4.248852	67.828439	-79.986411	25.553567	-40.725677	24.887201	-65.060454
	-38.484391	48.705864	-0.959353	11.932551	-49.283691	15.414942	-40.816888	13.259134	-25.228352
	-0.767625	-9.992996	47.884918	-7.426025	-19.762808	13.060398	-26.875738	3.336437	43.609698
	20.882696	-57.773465	57.165151	-34.129865	-7.710256	30.131744	-10.602741	12.360946	104.553283
	53.021969	-69.340350	61.433671	-53.272376	-0.402800	77.555770	-15.401245	-0.398252	106.601496
	34.493283	-63.608748	72.660171	-59.154015	7.870447	56.118735	7.754920	5.528137	71.587040
	19.357267	-50.962964	49.994165	-56.318464	-2.600572	37.861181	36.905928	-21.892069	45.879149
	29.543059	-30.612461	52.726783	-45.327265	-0.023152	17.105020	22.685010	-33.581504	49.202065
	26.920946	-31.065342	44.171557	-35.422196	25.519392	7.149780	20.572631	-5.506325	43.526976
	10.174146	-27.263804	46.180393	-16.423367	42.866427	-7.147653	4.735325	-30.309133	26.404610
	6.074579	-18.904711	31.918139	-0.250651	34.991709	-15.991286	18.901004	-25.938595	38.333915
	-10.311106	-35.683053	32.493882	-9.771342	35.883189	-21.585096	-12.588551	-32.346195	23.766218
	-9.019626	-18.957729	14.729054	-31.291916	50.559257	-19.055619	-35.647459	-21.788762	22.787277
	-16.862044	-8.802661	14.148643	-57.021398	56.235960	-43.623198	-29.367479	-21.754280	18.844732
	-12.664763	-18.551510	-12.372271	-46.295897	45.470226	-58.586288	-50.536105	-7.211127	8.101458
	-30.422275	-10.833410	-28.747155	-42.741022	16.408451	-52.310530	-50.784578	-17.252371	-29.883321
	-52.458059	-16.569305	-22.286913	-55.078283	-24.649921	-54.157098	-49.096173	-9.051004	-37.948124
	-46.982509	-30.513767	-4.497812	-15.222686	-58.722757	-23.548947	-59.408272	15.538108	-51.242643
	-45.741676	-20.501332	-20.312404	6.344019	-71.686578	-16.283753	-44.490765	-16.057512	-68.651406
	-69.965351	-21.613787	-12.284606	6.894361	-67.465297	-13.623543	-17.224103	-21.328159	-91.104131
	-33.882397	-27.322936	-25.169372	17.722663	-56.727829	-19.827164	-12.443294	5.830204	-53.329660
	-20.124829	-13.736313	-30.119358	47.810593	-23.095027	-6.914089	21.220380	-8.134938	-31.617287
	-9.316671	-10.819180	-39.843761	66.134071	7.754152	-6.596603	8.198282	6.789154	-6.761954
	16.312720	8.196137	-31.202993	50.449816	27.113126	-3.582304	39.770933	33.991802	20.141392
	36.210757	-5.577084	-4.562567	43.152905	37.780151	12.796143	52.324523	-2.724117	25.705230
	16.072069	3.792509	24.164980	7.568666	27.529509	-9.500010	58.322334	-4.532425	69.893942
	16.251259	-9.921839	9.838605	19.588205	13.723376	-0.782039	24.438155	-5.317186	31.430150
	-15.446321	20.113789	3.302818	24.376489	-8.143578	17.426791	-18.328389	-0.739362	2.501541
	-52.063190	33.313583	8.821238	61.771276	-45.815284	7.624210	-51.499858	28.135814	-78.272753
	-42.963317	67.434855	-26.745307	63.055488	-45.422275	23.907028	-33.676230	2.427140	-114.562639
	-34.111959	67.319258	-16.297408	49.621662	-47.243955	-7.779083	-19.418542	26.949748	-80.419846
	-25.108776	91.088241	-26.644710	82.646314	-2.423170	-4.690478	3.372666	19.429895	-64.293460
	-18.259982	30.006015	-13.450786	18.900334	-9.519944	-12.552943	-46.230005	2.591372	-53.281565
	-6.283148	-26.391618	2.177665	-23.316624	-7.675341	-22.869462	-38.777239	32.487644	-4.311672
	22.022207	-68.652589	27.982104	-38.476791	-24.577752	4.504370	-26.288402	-0.243010	33.273445
	56.187778	-66.160377	45.959409	-37.801057	-17.911460	55.469771	11.676682	-33.913485	94.541237
	38.096173	-24.172831	48.522776	11.883368	-22.811696	48.145130	26.297533	-22.560544	81.622134
	61.941642	-7.063356	75.524798	3.623443	16.627050	79.958531	60.891383	-10.362354	94.418715
	68.413881	1.135670	64.805899	13.601854	21.135445	84.500120	65.801831	16.204484	103.644631
	44.367742	11.692682	33.780325	5.986227	51.632829	53.655804	50.798477	-20.409382	75.263308
	41.800976	29.590842	-17.001714	48.846470	60.645823	-0.298304	101.136986	-14.186028	45.879436
	25.850123	38.744217	-41.431930	51.263941	81.188835	-19.123942	63.419484	9.219967	-3.309069
	31.602029	23.624893	-49.423352	55.620417	81.057224	-49.337111	74.442367	-11.436314	10.304153
	6.063189	32.213209	-28.564120	30.869686	87.035326	-57.660593	27.064339	-7.996766	-0.641772
	8.799980	15.071594	-11.511633	11.713703	91.713144	-67.756338	12.197002	-20.612099	-13.764328
	-7.482591	8.297094	-14.807216	-19.322293	66.053842	-50.866584	21.493863	3.397124	34.137283
	-28.042803	-11.837613	1.498572	-69.249015	59.189126	-54.800131	-72.301960	11.529096	0.943962
	-32.059047	-5.052635	1.670521	-100.205288	33.592233	-48.447536	-34.148120	1.814050	-23.319013
	-29.504250	-14.063200	-9.413561	-90.972423	-12.934612	-14.965767	-68.294581	6.793057	-13.026503
	-49.490588	-27.356910	-6.389954	-77.678154	-74.987663	-7.697003	-57.017660	1.848897	-57.986673
	-43.674804	1.432760	1.916233	-52.968753	-55.625980	-5.245270	-71.531447	7.629948	-85.582754
	-50.527159	3.083877	-1.158060	-41.488193	-84.971124	-11.172451	-79.135362	23.593094	-80.101299
	-41.169670	-6.753288	2.927179	-56.317509	-26.285523	-5.554871	-25.260706	-0.525145	-23.900928
	-6.530387	-30.925446	-7.149676	-55.518072	-43.769895	-2.049917	-26.740595	13.856194	-33.818265
	-10.726133	-34.152385	-24.613733	-25.230070	-17.414642	-21.236840	-9.663134	24.577846	-12.584731
	37.507138	-32.888442	-41.928132	23.658490	-16.137794	-17.114647	17.934818	17.758183	6.940494
	21.623368	7.811453	-57.220628	53.532133	-3.726649	-21.561712	6.682465	44.174020	-16.002259
	-2.614875	41.901105	-56.107478	86.091273	11.015649	17.515432	65.202088	31.715019	-21.926673
	28.970756	49.444993	-19.304226	97.242274	2.870854	1.635751	52.845538	29.350344	-5.118986
	13.412500	42.621284	16.912312	57.944686	-20.036135	29.938746	13.782323	2.091207	31.301721
	-3.759847	6.535949	11.624053	33.331583	-36.809164	40.169290	-3.535163	4.146884	18.901451
	-15.799297	-36.833025	40.347146	-42.351138	-38.755713	34.792720	-65.888515	-0.891167	49.902214
	-36.002690	-43.826289	28.691891	-63.563134	-50.484459	13.408946	-52.471941	2.128540	43.086780
	-1.873699	-30.270690	34.131869	-45.147074	-41.917049	-20.320565	-64.712975	5.491054	-24.880054
	-40.788714	6.514212	-1.069196	-49.539460	-60.288127	-25.024014	-71.845341	5.920314	-34.229591
	-49.871509	31.775233	-20.502116	-0.572915	-57.562604	-12.183479	-65.345670	8.400982	-69.561014
	-8.237912	40.868135	-58.612046	12.504369	-55.840638	-20.646639	-36.933572	16.911411	-72.019968
	-22.708305	49.029278	-48.020163	46.779593	-17.560923	-41.031150	-10.361715	-8.605696	-86.725409
	13.480733	47.258743	-54.749632	59.242435	15.800741	-12.213335	19.313186	19.607781	-45.742121
	18.352382	28.913819	-52.585753	95.752482	38.204049	-4.717454	50.071315	28.433376	21.698942
	38.082164	27.726757	-56.751151	103.297524	79.710604	-17.275716	73.635209	11.631140	38.233809
	47.318121	25.952240	-16.573148	101.989319	89.701069	-13.416233	98.646168	9.912223	61.062894
	49.460675	41.172286	-6.674163	99.629831	81.866833	-24.284292	108.193583	11.409686	64.262602
	27.223216	59.994287	1.880454	89.930014	74.698575	-8.555740	79.857980	-19.760430	58.156382
	13.468995	54.324039	-3.807439	68.923753	23.837203	23.672580	63.148519	-9.064976	37.041633
	-26.377753	68.308253	15.385355	104.427152	14.113552	48.972502	19.483314	-8.524208	-8.285618
	-21.064287	52.456736	20.377972	40.519519	-34.828914	55.568026	-19.964251	19.086537	-22.220826
	-21.179232	40.312247	15.636947	46.193419	-55.333342	51.847465	-21.048668	7.332651	-50.129726
	-8.630708	19.244903	20.270206	14.485539	-74.580939	61.797431	-38.406050	7.190808	-39.040715
	14.083054	-9.333295	9.560721	-0.317366	-105.773095	61.561172	-16.705025	-16.172833	-49.828401
	-5.049116	-27.888415	-25.079317	-5.372573	-51.031398	28.570665	-16.890997	12.754640	-32.554810
	-14.546104	-26.241324	-46.613359	-10.489893	-64.830458	-8.633701	-1.619701	1.493648	-43.206790
	23.907777	-10.994822	-57.057061	22.560912	18.817518	-26.505408	30.685226	5.049059	-16.595879
	-1.779955	20.878793	-31.490927	19.589541	-14.333584	-30.979040	42.902590	-3.011256	-38.091928
	8.646087	24.041308	-34.770104	14.776526	-7.235322	18.926885	28.895201	-13.918379	-31.073948
	-4.438396	29.252844	15.895816	30.413089	-6.346765	13.190741	-6.655674	25.300334	15.244707
	-20.691009	6.660266	35.056614	-7.039313	-4.459008	46.751621	-33.306887	-1.646607	24.048976
	-15.569786	26.622233	46.522917	41.454710	11.767837	35.453834	4.338450	12.488104	-1.134713
	23.291036	-33.146499	50.250366	-35.430881	25.820261	28.982375	7.823637	-18.933869	72.915619
	5.882440	11.902324	17.469715	40.084367	19.788168	31.387441	23.533703	6.419310	28.597999
	74.159986	32.746753	3.216196	72.204934	68.159062	44.109346	112.505341	-35.850848	93.444806
	17.163801	-14.396453	-5.517706	4.930865	16.416124	36.359348	18.995498	-8.693207	34.231821
	4.475778	18.271269	26.385927	32.749371	6.331361	85.431915	26.977076	1.716291	54.738666
	6.792928	3.808149	34.589097	23.253323	-10.218780	76.518243	12.742941	-10.872751	44.490880
	7.734868	-0.279196	35.403742	23.535137	-8.872449	87.818475	17.737624	13.583658	55.650910
	36.372969	22.367986	10.928385	36.263225	5.462947	57.967120	64.481733	5.256932	11.806574
	-9.645250	27.554061	-24.281127	19.927361	-1.359984	1.258851	40.801351	14.060713	-13.941365
	-5.126843	25.119069	-37.725830	49.298172	6.415181	-36.193000	27.143826	30.533154	14.254627
	-18.153038	3.316080	-32.009769	21.336691	-10.801706	-63.450123	-5.129163	35.096190	23.368542
	-33.517749	-0.555549	-32.380118	-40.093873	17.040534	-74.140513	-24.804569	19.238195	-33.021009
	-34.633945	-22.888990	-46.106892	-64.662566	8.384056	-58.077647	-67.232141	22.819043	-48.852813
	-80.085487	-10.480675	-31.115915	-83.438721	-33.402202	-15.301842	-91.888156	0.923554	-44.470202
	-35.924597	-3.033119	-8.939713	-59.936956	-45.921576	-15.673687	-48.876163	4.966407	-50.040793
	-21.802862	-10.759885	10.699354	-48.546661	-70.322639	-26.435240	-63.509052	20.450840	-48.339212
	2.493856	-8.243168	3.055713	-65.142371	-58.023534	-11.809883	-33.128785	2.065147	1.413608
	-17.321888	-7.438257	3.396010	-30.848064	-73.985260	-1.538673	-39.049499	22.890853	-60.569380
	1.091151	13.611476	-22.049848	0.731504	-46.297985	5.776839	-18.241592	15.388408	-43.083329
	-12.720561	22.704173	-37.851161	-4.561428	-48.702129	10.961049	-36.552664	14.683522	-127.497216
	-23.038306	38.316948	-41.890510	9.505892	-19.602202	25.088268	-28.006807	5.565437	-85.789906
	-35.266375	39.494363	-68.259471	4.455908	-22.873107	12.186944	-39.750581	21.262651	-107.304973
	3.268459	42.563096	-29.507132	9.007256	-4.824715	-4.374591	-0.281002	5.038518	-54.322502
	13.843665	15.255204	-12.972486	-3.760748	7.089061	-23.541269	-16.145971	28.674624	-70.262802
	4.423898	7.761399	13.722568	-4.510757	-2.538315	-25.969987	-15.901223	14.219816	-43.972807
	-9.055922	-10.649268	20.238925	-11.393304	-7.695016	-5.662470	-6.820493	7.261523	-18.761126
	-0.392352	-28.852430	31.928695	-52.202800	-11.723544	-3.215202	-16.799134	-6.063615	-8.918221
	-18.090020	-47.844135	9.157916	-55.893982	2.228472	-19.608360	-39.611607	-2.029257	-0.937680
	-26.577976	-33.757322	28.519524	-65.780474	14.533842	-22.779170	-38.913668	-12.548978	-10.202238
	-26.687437	-13.992243	-9.399629	-46.138023	24.156185	-27.046796	-21.264064	-17.498524	-22.145117
	-1.753483	-8.632820	-22.353274	-38.742157	24.211847	-25.528238	-14.817248	-29.173388	-29.459968
	-55.283401	9.242637	-12.491724	-13.408289	20.050741	-6.592353	-56.428086	-8.815184	-61.916049
	-24.732242	17.728722	-19.520789	-26.754335	27.509518	-5.582480	-42.803627	-26.595846	-56.632490
	-37.599385	-18.345478	6.231101	-35.027941	-13.124457	9.226626	-29.772206	-25.367205	-66.553289
	-22.445493	-27.819238	27.646734	12.963738	-42.027319	42.757303	-30.124615	6.596461	-0.279624
	26.294104	-32.309251	53.861136	25.235862	-38.511545	52.245309	-1.369845	19.263817	40.746771
	30.750144	-56.478068	86.576736	-5.384477	-17.561522	47.001720	10.037700	24.283492	64.782826
	50.202678	-46.945184	101.247874	9.792245	27.934655	56.251455	19.113103	-13.036174	106.510555
	62.199777	-10.106667	81.497753	14.815317	59.710675	65.476761	47.916146	3.139487	128.158696
	33.610349	-14.666581	58.989195	5.163274	29.151458	42.552181	49.399710	-16.492688	101.728183
	47.607948	4.426004	17.115924	5.247971	53.871502	24.427813	49.348222	-36.046263	91.275956
	28.041836	33.077324	-0.662472	32.028684	22.657803	26.574891	33.510573	-5.860043	10.960697
	13.886029	32.843166	-7.496905	15.079718	-4.427928	-8.574706	13.444849	17.006866	-18.879205
	2.826796	19.231162	6.851764	-7.857588	-19.177515	17.859486	-5.362636	7.439058	22.991196
	-0.994397	15.213517	28.504831	-0.641058	-31.106717	16.136739	-0.584092	16.553808	35.772768
	-10.488669	-5.182384	36.121484	-12.349541	-1.364428	2.857443	-11.348674	-9.000053	9.754794
	-3.132480	-36.000323	38.605682	-63.876839	-2.632652	-14.086694	-16.130524	15.673429	70.217463
	17.505634	-57.079029	28.812998	-81.695717	20.032895	-33.048283	-30.360989	-19.482653	50.474970
	15.915868	-69.746164	38.825110	-99.535228	39.507640	-27.488226	-36.033530	-9.805142	71.349178
	12.850024	-70.733468	34.359701	-83.273245	67.121839	-60.977838	-2.349677	-26.894614	71.152957
	24.585636	-43.509593	-15.831126	-52.170089	54.393723	-76.711911	5.232273	-27.036493	14.099316
	17.661381	-43.243886	-14.971658	-5.951597	54.889556	-56.321446	31.957013	-27.709673	19.154327
	-15.534191	-38.162895	-5.716817	24.866079	9.009656	-45.850582	24.282398	-2.379473	14.854728
	-46.183082	-16.264437	-13.666411	0.066545	-26.266679	-17.834585	-0.776980	-17.419518	-5.827238
	-43.605753	-9.226709	-14.323890	-10.968364	-36.972137	-35.098054	-22.615061	-10.070472	-37.180381
	-28.110193	-9.916083	-20.404713	-12.726630	-44.817026	-42.030440	-63.847733	9.792742	-27.041297
	-42.740598	-28.786130	-42.197659	-80.732155	-63.985724	-28.447111	-86.150130	-15.424170	-78.109185
	-21.290630	-34.980228	-23.869158	-69.977552	-63.323555	-35.787272	-73.661839	-17.115571	-79.696513
	-29.692941	-15.456587	-16.927233	-38.788027	-42.337332	-27.368963	-41.300768	20.540572	-87.950907
	-35.305129	16.399761	-7.742963	-26.470986	-53.777035	-0.059904	-62.453238	-10.895233	-79.457867
	-34.796979	19.170037	-1.925462	-28.432026	-68.301222	-10.198225	-33.484270	-3.427022	-107.940809
	-24.951204	21.276018	-7.078698	-12.539258	-21.996114	9.098250	-25.291060	34.509081	-74.669726
	-25.314017	33.384429	-18.254745	25.261674	-21.676971	12.859984	-25.356192	-8.261438	-52.379645
	-11.011705	36.645561	-21.311856	30.967177	-13.258575	13.378764	-6.600102	36.544878	-26.895765
	-2.802052	52.147695	-32.200278	64.835329	12.294394	-4.760052	13.651428	24.729492	-35.645325
	2.938480	63.242351	-33.783587	96.116137	16.453406	9.230669	23.333953	0.148690	-4.405110
	-4.359041	58.208393	-13.696649	91.646436	15.963277	3.497256	12.395381	5.053399	-9.933592
	-14.706368	66.326933	3.214993	92.730391	25.138741	16.993685	43.597966	9.788299	-7.236136
	-14.089933	38.597452	4.049330	70.002769	16.427908	-7.579023	23.818570	8.319670	-14.720290
	-13.211892	12.141508	-3.564793	21.474965	13.440411	-4.004158	-39.396915	2.108610	-7.902851
	-24.058154	-14.488793	-15.054768	-45.573735	-17.054598	-5.166546	-46.407374	-6.500443	4.520264
	-38.973994	-13.019759	-26.834078	-51.968741	-17.515018	0.893236	-53.931920	-0.427120	-13.918921
	-31.818092	-7.696910	-16.612258	-39.620846	-28.486699	23.106557	-46.439823	-28.533717	-38.590439
	-27.052088	-1.647779	-51.087994	-14.164872	-61.165358	-4.016226	-31.097689	-7.051695	-78.568194
	-4.272959	-6.830970	-46.885238	10.944000	-37.483847	10.093148	17.430800	-4.598212	-33.841496
	20.836956	-22.975180	-35.408210	13.375000	-19.406307	-16.319514	18.629418	19.243073	-15.808298
	20.889956	-8.134146	-29.826383	22.142198	4.442477	-36.114925	16.057212	3.172423	-25.318101
	23.470757	16.334392	2.666388	29.922976	5.777252	-26.881815	29.677425	8.027928	6.397357
	-10.625942	30.776646	8.397243	31.802705	38.997009	12.446369	29.433881	10.410360	-22.342661
	-12.623049	32.385453	-0.179051	-14.042059	2.583952	27.755577	-18.093838	-19.004113	-54.220368
	-45.610630	50.371395	1.709020	-29.423082	-22.192172	42.299080	-16.729538	12.847749	-76.512261
	-20.523886	47.845446	-2.635175	7.872334	-25.777507	61.727346	-39.420424	10.230718	-81.158976
	-34.967257	36.840363	-34.413512	3.513485	-36.050570	54.891984	-35.586083	1.991756	-61.545802
	1.899725	37.910757	-27.132043	31.513700	-58.253282	38.096165	18.251119	0.059470	-59.174758
	9.956696	42.372867	-12.323220	47.437448	-0.328477	34.392991	42.288561	-7.911719	31.822250
	52.556248	16.192915	-52.261278	66.454932	33.790162	14.003123	74.946857	-2.160132	50.987991
	38.070486	24.881322	-66.375010	89.507417	65.419011	-33.573435	109.831709	34.353940	38.987718
	64.469883	50.990058	-41.451309	107.900124	115.345864	-23.292484	115.713412	33.067766	33.903898
	35.798392	55.685117	-60.427762	81.832374	119.774427	-25.663567	110.693982	-6.520983	32.566114
	15.318709	70.426540	-40.559127	42.837935	79.428540	-27.067105	54.816233	16.395341	16.775230
	-17.303534	76.087874	-13.957728	33.046917	67.954925	17.909218	24.661193	9.301651	15.737656
	-52.508769	43.735466	4.701265	-1.366475	-18.603757	46.435163	-55.021475	-13.142584	-3.838394
	-49.365782	21.403319	-9.339696	14.148794	-109.933413	6.769768	-32.987249	3.406905	-30.820821
	-29.122050	4.009518	16.139310	53.184698	-96.617878	56.639126	-22.442304	14.811877	-21.102784
	-1.962275	7.463914	7.662381	71.158536	-82.110629	-1.567793	31.719376	7.145201	-30.778192
	-2.906131	-4.987650	22.260587	64.321622	-49.411848	-1.087394	19.499383	27.814613	8.750127
	-3.183310	18.481164	31.180188	63.959877	-21.219192	-6.778615	25.572549	27.162263	15.270325
	-27.241220	46.265440	3.447295	67.049227	-2.426160	-3.513816	13.229039	4.333542	-38.385319
	3.016970	34.496992	24.907418	50.102975	28.910632	16.467326	9.507718	12.302122	-27.144477
	-14.362052	3.927408	5.043461	17.894076	26.639062	12.940627	-45.477305	29.388127	-43.849277
	-1.422514	-33.560853	12.150759	-17.701132	-6.584687	39.015938	-43.329834	17.583515	-30.410248
	-21.955070	-45.581712	6.083158	-53.392213	15.569098	34.395845	-34.764400	-3.685056	-18.944867
	26.812798	-79.650912	24.216295	-81.044031	2.054258	23.690833	-28.654866	-8.056356	-10.237051
	43.885662	-89.872485	40.883904	-73.133658	8.555958	20.529289	23.162280	-23.593006	78.901276
	34.516424	-58.042841	17.893307	-79.126165	2.131438	-24.702645	16.696820	-1.054894	78.787709
	30.525697	-30.136523	32.965970	-71.970202	22.847223	-42.850044	-8.197743	-31.852187	81.675565
	-16.347678	-16.449671	-8.261892	-69.676517	0.875671	-47.598367	-49.238897	-8.832366	8.401519
	-39.972604	-25.822153	-25.810126	-69.883644	9.288130	-46.519913	-96.788574	-21.137157	-56.959770
	-46.252939	-15.782634	-39.302912	-28.925925	2.452892	-19.320593	-55.983085	2.042599	-85.777339
	-22.783093	-29.388904	-36.887551	-30.601289	-26.958115	-8.097043	4.975796	-0.399844	-57.919109
	-8.609784	-54.085047	-15.616514	-19.709290	-33.117556	29.351074	29.924211	6.290743	-54.538213
	7.526485	-46.764392	31.550708	24.118651	-21.293536	33.524082	-5.144772	20.722489	19.093709
	45.836352	-44.457683	48.893915	10.358906	4.855054	35.012187	1.677919	-0.178041	66.430050
	47.652428	-66.795507	47.351304	-4.199675	-12.171802	0.616561	43.838174	-13.084306	105.830689
	58.422016	-42.070853	49.953419	-8.875884	31.228976	-43.560076	16.363027	-14.757786	97.198702
	27.876214	-26.447923	61.010368	-44.602783	42.175867	-19.673656	4.675950	-41.743270	124.796209
	17.155867	-40.722464	42.579718	-70.564640	37.851281	-5.591980	-28.765379	-26.120559	74.111514
	15.650295	-7.659447	9.888145	-58.108372	52.287465	-30.638969	-24.283036	-10.716569	35.999780
	-11.030304	-0.463245	17.341097	-66.029398	55.083566	-30.938601	-9.029582	-31.400615	40.771102
	-12.911756	5.731151	-11.894095	-54.672409	16.993050	-16.744309	15.751052	-28.214863	21.627548
	-1.996127	7.521625	-45.600951	-13.743345	-17.146994	-10.014232	17.952294	-20.672464	-37.446424
	-16.811790	51.286065	-32.565524	18.017398	-49.256260	-13.421681	25.416371	-33.769361	-74.740318
	-14.120625	51.845470	-35.554371	31.592894	-61.791264	34.982158	33.536023	-3.081973	-55.362661
	-4.939073	37.111034	-37.455243	25.070650	-65.619108	22.964899	25.165517	-5.320276	-55.060818
	0.323758	20.003230	5.925246	29.326079	-35.478930	27.279529	1.953808	16.426270	-40.421922
	8.234639	-7.417552	-0.351106	22.946586	-8.848901	36.240241	-0.734696	18.977302	0.574322
	66.037271	-57.239197	17.939021	-7.810625	1.194504	38.458569	15.597714	22.695108	43.473455
	38.970682	-45.758619	-32.523038	-25.281813	8.910804	8.994546	37.431172	2.650518	48.269083
	35.637152	-29.830024	-27.731979	-10.254265	15.322863	5.171614	48.300857	-7.974995	67.610801
	13.474215	-8.529949	-40.489210	1.150059	3.215017	2.255344	12.540548	3.950308	14.325826
	3.375181	4.241005	-3.462546	5.639980	10.988166	-0.539599	-23.187257	-2.058366	-40.359948
	-29.623566	31.792289	4.752732	10.624316	6.924575	24.088118	-35.877010	8.490069	-77.457737
	0.956177	5.009774	14.555976	1.155340	-20.928617	40.354534	-26.459060	0.791209	-14.687942
	8.883783	-30.169348	25.125115	2.722224	-16.635916	45.102558	-35.719886	11.762329	15.621409
	20.456401	-39.858978	41.197449	-20.792911	5.296896	72.954419	-14.115999	-2.699927	53.655058
	26.851915	-52.779047	48.736323	-37.498798	38.629843	98.668030	23.043700	-16.684751	120.189499
	50.169450	-54.605686	49.633519	-10.448214	48.076773	100.945229	36.859563	-44.606768	116.022947
	47.090597	-13.830489	49.641498	26.473514	95.401843	56.799688	69.674960	-10.497283	64.511577
	34.053521	19.301237	-3.645739	57.043553	103.158876	-3.522904	69.625245	8.341886	74.281415
	8.435151	13.630376	-23.853800	16.473319	116.547890	-58.458629	23.538644	0.026276	-5.101845
	-4.344586	25.497790	-35.975061	-3.208337	65.476327	-55.324670	2.360807	-25.130832	-26.226126
	-14.789480	25.449744	-9.376569	-8.855081	39.698692	-41.857573	-58.304881	-4.005398	-30.422299
	-21.002876	13.466095	-3.437335	-35.255564	11.718065	-6.031330	-79.009561	16.073301	-21.064642
	-27.380855	21.709535	12.156469	-12.211011	-23.796226	-5.497537	-24.778379	17.234436	-46.797570
	-33.333804	20.625658	4.257843	-28.442135	-67.847533	-27.691464	-67.849825	27.861925	-23.693066
	-24.548984	11.922110	15.965188	-16.007148	-90.222031	-30.779381	-84.359679	18.205773	-21.317304
	-37.833454	-11.724420	1.521785	-9.343955	-91.318200	-28.002668	-50.877889	5.288009	-34.423556
	-21.727340	-23.464394	0.360334	-7.097754	-50.623812	-27.966448	-26.283936	-11.055258	-7.102574
	22.445526	-35.174659	11.644668	-5.475573	17.057377	-22.871848	36.288443	3.044361	59.817555
	43.468639	-44.466496	-5.880323	4.189997	37.429999	-8.868772	51.721696	-27.018067	31.501771
	43.229402	-18.721797	36.771846	41.019375	54.965849	9.697573	78.123809	-14.548390	99.210908
	53.934817	-0.475847	47.926337	10.455548	67.658904	33.285624	83.798974	-37.688284	114.648022
	68.539352	3.065896	41.330674	17.281045	40.611126	44.651661	59.571182	8.005356	130.477280
	65.033435	36.652637	33.533405	50.153906	57.178363	29.623876	81.306180	18.561248	72.350571
	52.794918	29.977381	50.329606	94.580306	68.283668	35.528059	75.181646	6.745995	115.101876
	32.549930	18.348879	35.129357	74.908274	6.662752	34.792662	80.227273	8.308074	47.600750
	28.741984	11.856856	22.041975	77.801521	18.712849	-18.573628	50.811012	4.048450	51.818128
	20.355958	-12.696982	22.079230	30.392534	-15.335837	-41.311786	34.684062	3.888413	56.413933
	-14.152834	-33.324892	5.483594	23.585529	-33.166472	-18.142698	-15.641412	-0.961765	7.519652
	8.557769	-38.399596	-4.376116	-29.954680	-10.908809	-0.613851	-46.753326	10.404184	26.940343
	-12.735255	4.635661	-25.575056	5.949928	-4.335278	-21.907051	-23.849745	5.398677	-38.842222
	-54.054994	32.249627	-7.769365	-15.690101	-7.086779	19.975041	-44.034954	19.850609	-50.331371
	-14.399815	31.723848	-24.762223	36.432329	23.919376	-16.471511	23.442966	-0.871538	-40.417989
	-15.163656	12.434580	-55.643585	46.691612	5.024662	-19.443335	39.361637	12.946963	-27.603919
	-24.393018	28.679618	-23.668392	25.355624	-49.844063	1.879672	-23.576811	22.997191	-69.980431
	12.389304	-22.327005	32.904499	-35.180350	-11.033469	14.433197	-4.053540	-8.624397	68.670719
	31.909359	-73.064583	68.351852	-33.047798	-42.291239	63.384401	33.626983	-12.030831	92.587605
	31.132180	-56.947244	70.489006	-33.643415	-15.005469	74.392384	36.852172	-9.546459	79.813097
	51.478965	-58.777481	54.798872	-68.452520	24.936819	73.224047	-1.723553	-11.348665	97.574371
	29.886103	-33.432186	4.517662	-41.703949	12.787540	27.661177	-14.027112	-24.863539	52.175157
	-2.299414	-5.489619	-22.729604	-18.786828	31.273749	-35.680679	8.050260	9.764052	14.035294
	-3.934586	-14.117683	-48.042906	-22.266782	25.353680	-51.043143	13.183573	1.790605	-37.687037
	13.001684	-5.480407	-56.105512	4.070811	20.419557	-50.755430	39.540291	-18.371951	-22.322559
	19.196233	-14.712051	-34.009750	31.921914	27.984027	-28.352167	65.568059	10.955491	-33.257566
	11.529871	-21.186214	-28.453025	-0.968095	31.162616	-24.300333	52.680229	3.682785	-21.221167
	33.569846	-1.375230	-12.637337	-16.396978	33.390982	-30.835967	40.886628	-13.155309	29.126957
	38.478841	-6.833548	-32.913251	-51.344117	32.155051	-40.228504	32.979167	-13.547013	23.014510
	10.430087	14.074058	-16.152651	-39.571180	36.440407	-41.751200	24.697121	-13.627080	0.339188
	27.875283	30.494667	-22.931839	-27.231029	54.706798	-54.459007	16.034074	-11.180835	-11.710468
	23.163065	46.208688	-33.020266	22.121530	67.777337	-27.618552	52.855567	-15.822556	0.494561
	29.011510	55.501399	-8.071972	30.526552	66.233954	-14.655598	47.719318	-4.006374	17.804038
	12.053996	68.651002	-8.215867	51.077099	41.511775	-16.960817	34.788535	-10.460798	3.680999
	-19.258653	49.247672	26.963155	55.541175	23.295408	3.267466	18.421405	-16.312437	23.657906
	-31.882080	10.202878	-0.531264	12.175021	-37.219713	-23.784663	-41.052459	28.957532	9.359654
	-45.286284	-17.748323	35.508770	-23.205991	-62.073388	-10.591344	-90.672582	17.853251	-7.237353
	-32.260449	8.881928	28.058304	17.599960	-67.386844	-4.137723	-107.913439	21.852017	-29.385199
	-56.507355	15.696427	21.660866	-13.928997	-101.068579	-26.071801	-115.770010	40.518092	-85.290446
	-44.938323	9.681135	-15.673494	30.531274	-90.734016	-14.262284	-68.929001	13.380778	-107.111856
	-49.160444	36.638450	-23.791984	25.451651	-32.734968	-33.705301	-40.723262	20.076504	-110.510751
	-41.780651	38.281513	-23.981974	57.989606	-45.715216	-30.328954	-27.106243	35.743916	-95.541152
	-61.686820	53.111817	-33.585097	72.689016	-62.540913	-43.766935	-13.756469	14.562336	-36.812685
	-34.647171	55.113900	-24.864464	77.717886	-53.622175	-8.195658	14.171375	21.829225	-46.356946
	-2.281470	38.084566	-19.877587	93.905530	-101.332609	-8.878516	-17.070682	30.131338	-34.932842
	-19.082937	28.370157	-7.092043	50.836301	-97.720052	14.354490	-25.764943	29.054517	-43.283708
	-4.052129	35.609488	-6.586507	39.524017	-90.971640	27.048092	-2.810525	29.568147	-1.455447
	6.760795	40.303419	3.980215	47.271997	-58.470353	33.459050	-12.777809	10.953752	-14.169359
	-16.229175	23.210758	-28.736351	50.119167	-42.803051	36.874020	-31.249723	-10.328146	-54.531448
	-3.127390	26.052240	-21.832301	47.076956	-29.616313	32.287891	-12.439208	13.196262	-19.586150
	6.224752	13.426587	-11.129396	21.824888	13.002499	36.837524	20.846035	-19.131242	47.437631
	1.795216	-27.663099	-17.072439	-27.597443	1.360160	40.780191	8.712997	8.872594	23.613912
	13.420749	-51.706263	19.826263	-67.296831	35.544741	-12.696087	15.238292	-0.392173	59.645410
	24.567047	-95.623777	51.679114	-120.615103	39.655919	-32.138754	-69.782171	-29.958120	87.708566
	15.790373	-53.579631	20.758686	-63.891196	35.442012	-22.281276	-29.486659	-18.872902	27.474942
	-1.417868	-25.554646	-24.195377	-55.466221	43.290790	-62.069638	24.251952	-38.228462	-26.947721
	24.674546	-12.961444	13.850957	-1.989872	71.608032	-27.731883	58.928993	-32.080201	23.423703
	47.047730	-18.409994	42.219052	5.708923	76.369179	12.217751	80.991747	-6.386572	62.284468
	70.756601	-38.429678	51.624240	25.685943	59.201180	43.384669	112.180792	-34.011345	121.916052
	86.468911	-54.183476	87.241198	0.513334	73.105626	52.447054	135.131815	-42.033337	159.511745
	33.826939	-40.992839	29.846422	-45.108411	45.092862	22.603224	63.091308	-22.645677	55.639001
	12.645971	-38.873216	24.554402	-115.228593	50.775399	-55.996046	-26.922426	-24.334076	48.479933
	50.566514	-57.436753	29.559207	-45.864622	77.663749	5.844274	20.156403	-19.546900	139.148322
	29.392314	-27.133212	49.209759	16.483630	52.795026	38.698163	54.471108	-6.690455	92.577878
	-23.135400	-20.392638	-7.374105	-2.904877	21.305363	19.389822	-12.354014	-21.023374	-9.877127
	-5.716495	-100.959254	75.960386	-85.033062	39.886847	14.015103	-4.215577	-11.206657	124.236262
	18.376905	-80.414091	70.103729	-85.202224	36.898053	4.260030	7.908681	-36.345276	125.353373
	18.864649	-75.149943	50.949069	-60.636642	47.189673	-25.272156	-5.583962	-43.609069	88.948433
	31.593430	-54.034307	14.880832	-50.969947	36.356770	-67.144329	64.894055	-41.221444	80.602235
	33.761833	-17.852038	-24.090379	-25.165770	88.611419	-72.601087	62.870464	-14.929650	50.966482
	20.378896	-38.584005	-58.262118	-26.780718	54.902699	-88.062324	35.937545	-19.099402	13.278306
	7.172647	-28.570889	-32.656429	7.365270	23.920579	-92.022993	11.972179	-19.033062	-26.845773
	-28.679263	4.513068	-45.674279	0.613789	24.563951	-57.570481	14.041831	-20.846598	-26.365608
	-36.956524	-19.406327	0.781823	-30.128822	33.531803	-33.781046	17.170548	-13.154553	-11.953346
	-9.735542	-4.550439	-10.015975	-11.312089	-4.385856	-29.074331	-22.739568	-8.470299	-8.126248
	-39.347952	-9.006470	-6.023141	-29.805216	-18.676367	11.124448	-28.350824	-16.126026	-8.437984
	-42.223607	2.591037	13.885526	-8.706003	3.848619	28.799329	-6.636401	8.529220	-11.098424
	-16.977049	12.598445	-23.914954	-18.455511	14.538233	37.048713	-12.565339	-1.555681	-33.234753
	-15.014179	17.045957	-42.527156	10.936525	25.215860	31.907247	10.171134	3.681471	-54.709393
	31.413835	42.098950	-11.755296	9.061259	87.778031	34.070601	22.965842	-1.863352	-6.503040
	2.799577	49.695406	-15.218283	14.763346	68.889821	17.883121	10.588818	11.443731	-0.773299
	8.620203	61.597594	-12.590295	50.570680	48.279157	28.036164	3.535012	9.599857	-39.546556
	8.755975	61.048044	2.002533	64.515801	31.657750	20.798966	-16.529958	36.027855	-31.528738
	10.829034	6.653597	8.121810	28.596916	-0.966664	30.568380	-17.316208	17.719528	5.590656
	7.751155	-3.611262	1.501905	-0.095782	-15.990028	31.528015	-5.584702	-7.054473	4.138935
	6.235626	-6.948020	30.195668	-7.223941	-8.246728	60.724076	-9.080135	-15.133618	51.075830
	-19.255187	22.318239	9.989992	20.579208	-36.799250	59.255876	-17.682196	1.299510	5.231467
	-45.161934	35.024337	12.821816	7.940627	-34.178905	41.578838	-44.850504	3.571397	-50.376047
	-34.439940	35.383784	16.131076	34.581134	-63.744847	27.876412	3.804384	19.551098	-42.978138
	-23.844721	37.499367	-7.341578	48.347627	-74.488129	19.618290	-13.198179	6.342327	-53.054884
	-25.781591	52.020216	-31.710642	3.542085	-41.020733	3.000950	-1.608597	10.756117	-55.381928
	-36.364132	39.715105	-61.415154	-18.387049	-45.332322	-11.603242	-70.085009	-16.438520	-104.296667
	-64.772280	39.712427	-72.782401	-3.625993	-72.658490	-27.375519	-89.711925	0.343659	-167.911892
	-28.633805	46.846287	-84.314725	42.623334	-56.419588	-41.391071	-80.792498	57.075659	-133.580856
	-44.295761	48.446519	-115.122860	65.295946	-25.261208	-55.065482	-52.469209	43.301290	-158.273559
	-28.962785	69.795342	-46.840901	64.733849	22.362275	-29.791144	5.777425	17.576527	-98.338671
	-48.363502	64.031757	2.361436	50.677695	29.363927	-4.368371	-31.346488	52.455203	-60.886685
	-28.188815	55.209350	17.289281	72.273822	14.453205	16.117748	-17.772640	50.719218	-55.962441
	-29.123716	68.127060	24.179360	70.694937	37.033239	45.532443	-38.796250	27.831909	-5.696130
	8.322158	34.101795	28.504021	48.693815	-11.208832	32.692464	-20.878345	30.948703	-2.156785
	37.853273	18.582089	53.561236	32.713656	-20.012200	37.728547	-25.685832	9.339334	46.139865
	1.592716	38.704701	-7.118803	18.046066	-13.314261	-48.332332	-32.904666	13.691530	-44.283987
	31.547178	-54.655310	21.964330	-5.944219	-52.472224	-21.885190	1.539576	-0.507910	45.682479
	-7.636531	-14.582577	16.763810	19.093460	-56.863443	-14.921448	-8.968436	7.684835	-17.610550
	-3.908588	-32.159188	-10.877492	-9.236027	-58.957062	7.364737	-0.592490	-5.451572	-42.373431
	0.823805	-41.277385	-23.915541	-21.392318	-65.142539	27.952352	35.435690	-8.292088	-31.895543
	30.083116	-69.878206	-17.015656	-70.475950	-15.000390	4.718298	28.248631	-28.417081	34.435428
