	-27.166519	52.929813	-37.318588	41.017553	19.247033	-94.702787	0.387932	46.080607	-78.328895
	-21.294931	38.919759	-36.554718	10.947543	16.803707	-52.324503	-2.509983	-16.636208	-45.577862
	-4.876671	27.853850	-25.355204	-23.471270	9.892578	-12.312425	-6.941809	-12.663472	9.456232
	-18.441097	9.321931	-39.658957	-42.709753	-10.470129	-49.862840	-20.801874	-48.220320	-22.933260
	-22.344098	-14.296206	-23.133905	-34.770179	-21.561756	-24.923795	-29.551099	-21.657077	-7.868944
	-2.426517	-39.617448	-47.297837	-17.815231	-21.486252	-31.499959	-31.127443	-2.145087	-8.890103
	13.543292	-40.359319	-41.011456	-36.621906	-34.899477	-36.553685	-29.364198	-19.555386	-66.960687
	-7.091812	-20.408672	-40.116400	-39.788205	-7.409068	-32.565004	-13.615179	-38.985126	-16.250441
	8.490903	-0.821766	-8.333947	-20.402202	3.596329	-8.178332	2.856970	-38.023806	24.049029
	18.242554	-4.261930	7.405118	11.552672	0.711945	-28.561035	11.218700	-0.978593	-3.594570
	6.814012	10.488647	-8.081020	42.476762	-3.677592	-4.476867	15.956576	-1.266309	15.193792
	18.668341	7.779253	-13.103634	31.565697	14.240318	1.658189	15.897686	33.660814	-0.289338
	-15.067704	-2.034539	17.337477	18.888598	27.249107	3.668767	17.264245	15.676824	37.892651
	11.297799	-2.299714	-9.506128	21.844176	53.013702	-7.595920	32.101168	9.484797	20.798815
	-18.553973	16.633333	9.756016	5.574273	64.429273	-11.712152	25.215467	11.311733	33.217539
	8.605513	5.298673	11.952266	2.953579	66.507579	8.797388	-14.058446	-1.953271	31.472427
	1.296598	32.120102	18.635027	22.747159	43.668911	9.020239	51.849808	7.554103	26.932742
	10.608911	19.305098	23.529867	7.925025	-23.671132	10.630182	12.811651	12.347545	27.189316
	14.417773	12.110089	32.815333	18.149857	-29.935590	35.553444	24.145786	8.590814	13.123283
	-12.977779	15.862237	22.602420	13.695711	-23.747719	33.755143	11.474227	19.391417	-21.637325
	-16.842872	12.121746	32.385725	10.981141	-10.044290	34.559679	-7.451993	26.025017	-17.982097
	-37.650257	4.760781	51.537927	-18.798568	9.492035	22.175214	-14.644008	16.814290	2.900786
	8.244383	22.692647	31.616510	-10.417443	-18.991669	36.003897	-14.521235	-3.652766	1.013509
	-11.245998	9.053113	20.287462	0.347348	-31.151425	34.086580	-15.438360	1.596400	-11.727907
	-13.392330	12.336430	33.765377	19.345894	-13.859210	15.075842	12.330476	40.596693	22.935366
	-5.535106	-5.836754	19.689573	36.388031	29.965976	29.277708	24.825071	30.971183	9.829013
	6.217649	-24.867549	8.859623	33.125788	17.477000	-16.667634	35.898964	-11.748122	-11.268441
	16.096874	-41.845251	10.091882	17.795888	1.646357	-26.464409	-7.330541	22.372240	25.016519
	2.608867	-51.698507	52.764565	-25.207497	-20.501936	14.504269	-19.231602	-20.173376	33.205454
	19.842729	-57.223807	55.316165	-42.076285	-27.203535	31.630693	-22.340782	-34.982789	63.727713
	14.945973	-37.885643	59.199351	-38.249376	-72.114338	6.317825	-14.267334	-13.028735	32.988588
	20.410811	10.347784	27.327205	-4.131579	-24.309584	2.960629	36.333078	-5.337230	53.473417
	23.871753	21.341490	39.823175	7.389328	2.267909	-2.983500	13.089585	3.413668	3.878964
	-5.400984	4.999044	17.125952	-69.797648	-60.191838	29.952313	-40.552365	-21.709782	-9.805503
	-29.082665	4.943088	20.565209	-88.497582	-75.160915	23.663315	-82.623140	-26.004724	-46.801784
	-11.177242	-16.144958	48.555466	-79.875980	-63.767719	33.623824	-79.218344	0.184008	-5.671380
	-23.534508	-29.025131	82.467474	-31.549454	-49.281129	51.604153	-41.303677	-16.285705	-14.259071
	-6.698677	-28.679701	83.774324	-2.609880	-18.741567	36.148576	-1.055046	-1.043957	25.745154
	10.250772	1.003743	50.011235	2.264767	17.784695	27.066107	33.024551	-8.544411	45.263311
	9.962543	12.117497	32.550228	2.040498	20.441852	7.014081	51.149947	-7.716073	54.662961
	38.010408	23.942652	25.778163	7.683009	41.875541	8.258023	72.245522	-38.366037	50.159362
	36.701979	26.141853	20.265552	-6.089445	66.244858	17.920626	53.342285	-23.065632	28.104917
	37.074295	32.881340	-21.699894	14.537623	96.304341	25.883005	64.078083	-30.365538	55.441440
	30.248071	16.823898	-26.742173	30.515325	65.762003	28.751925	58.212602	-9.255598	56.476444
	17.787563	38.971780	-25.446048	25.456015	36.188591	4.452158	41.667673	-19.885232	53.918448
	26.655106	47.278234	-61.739492	19.381599	52.447259	-9.138348	32.967231	-19.851413	-7.655032
	-5.090103	52.948762	-34.411150	-10.838862	65.313836	-13.339876	6.402746	-17.348010	-9.285311
	-19.030168	42.735690	-43.634166	-5.870145	11.839440	-36.126488	10.025302	-8.725636	-24.569544
	-21.995049	30.905818	-91.843917	13.247025	-23.718656	-35.931162	14.948086	24.679650	-88.135911
	-25.422985	20.764197	-30.951473	20.916516	-19.896179	-36.389784	-2.239077	27.624487	-73.952509
	-45.578282	-8.487352	-50.862283	21.547145	-18.107127	-44.797414	9.439099	17.315182	-55.205392
	-45.688613	-19.200824	-64.797467	38.058803	-10.543204	-48.000718	-15.251175	72.594103	-107.390947
	-28.535456	4.183404	-64.699790	42.034252	20.082421	-47.643751	12.387265	40.361471	-114.656340
	-39.255064	-17.557022	-64.784029	17.661114	19.608381	-32.495548	-14.459827	-10.741947	-109.608897
	-55.036779	-19.554367	-68.639101	-6.582394	30.422209	-27.162453	-19.616411	-2.864962	-104.488455
	-33.205737	-34.261136	-18.308074	16.030353	15.661798	-21.323246	-1.499193	24.146297	-50.156871
	-0.425455	-34.564886	29.172805	-8.664156	24.014199	2.469111	8.248586	19.005025	20.773174
	24.431906	-9.566243	8.967413	11.269742	15.603541	-2.275252	45.332525	-6.750313	77.348429
	13.880118	4.829390	17.564726	25.823880	3.431109	-2.968698	38.982868	9.280269	32.508608
	10.913010	0.151721	-1.612728	8.478351	3.849866	5.848601	21.436284	-7.163141	37.664245
	10.289018	-14.818881	-0.676325	10.182240	-29.261297	4.352017	-2.053415	-9.518795	11.558368
	2.239188	-6.489653	17.745920	24.879770	-48.818069	18.420581	6.594935	7.619407	-5.615083
	26.295208	-8.426101	18.502583	-12.883028	-55.813504	32.630165	-2.336974	25.378523	19.911022
	-12.941428	-11.776079	3.993138	-40.032770	-38.370864	9.942792	-34.429894	-20.678995	0.172725
	-17.521295	6.040477	-16.755643	-32.302805	-43.607321	12.035421	-31.387916	2.334102	-38.857875
	-17.291760	12.082546	2.256657	-0.622384	-60.583317	-14.518023	-16.447820	1.080394	-71.031845
	-21.089261	21.217923	6.505433	-27.392559	-47.816268	6.542307	-41.114174	3.132833	-46.605023
	-13.635402	26.572079	35.093252	-12.138550	-7.032892	7.598403	-17.383135	-24.306820	-29.696932
	11.861470	4.235671	21.037737	-42.457906	-2.352387	-15.247429	-24.034020	-10.011110	-48.353858
	-43.133794	20.063677	25.629320	-33.936162	24.200476	-16.336709	2.748581	-14.932790	-72.638383
	-42.568395	25.544572	6.849668	-19.357071	79.020314	-31.162975	24.639385	5.676061	-93.667051
	-24.591132	16.556721	-31.505271	-26.964123	42.835467	-28.638739	23.640510	-2.237323	-69.892411
	-12.993680	42.202562	-14.606696	-18.243053	78.645133	-58.700262	26.322843	-23.140718	-117.044854
	-18.061433	26.990441	-16.229291	-44.441421	19.272871	-33.077753	-13.819644	-4.422707	-61.934340
	-12.699589	39.219167	-9.724165	-57.709950	-33.730326	-42.169128	-32.679869	0.262184	-90.538440
	-16.327273	50.610871	-2.279469	-22.283320	-6.831884	-9.223253	-8.010374	-9.462111	-31.868713
	-30.223006	35.655590	-13.582624	-16.707661	4.754083	-51.271261	17.760788	-10.153035	-63.040341
	-24.399407	29.368848	7.717270	-22.792578	18.321789	-59.485382	27.835141	-19.229904	-26.389336
	16.118596	36.979546	-30.775476	21.096850	43.939520	-72.695790	54.144955	8.608976	-49.604561
	-32.772836	4.009027	-90.004697	36.736583	18.804157	-86.319434	42.299522	0.791840	-99.153173
	2.245917	-18.462632	-50.282006	35.033118	41.206455	-31.625120	26.332820	0.647749	-11.506997
	-2.155961	-47.744129	-3.271527	-12.146743	2.000681	-27.717710	-3.961452	-19.312057	36.879213
	-15.671130	-67.403568	18.472036	-65.297405	-6.793430	-16.202056	-56.398768	-31.854074	9.751215
	11.037025	-39.613538	23.481448	-64.523065	35.913463	0.431091	-38.283540	-43.809758	17.036363
	-4.346964	-28.230037	1.232700	-51.333091	34.990807	-22.797488	-11.974195	-4.921365	-23.656694
	-38.872115	-20.814337	-24.838103	-23.534186	-3.167265	-52.257819	-25.277140	-22.891267	-82.730771
	1.947381	-10.081746	0.986779	17.391940	0.487763	-38.353879	5.950259	1.136536	-30.462651
	-17.770564	-34.843898	-6.208362	12.824293	12.133026	-27.666625	-2.105101	11.666123	5.837897
	-2.476076	-31.808815	-14.451624	7.239263	16.645600	-32.002602	-7.715738	14.035975	23.201241
	12.934287	-25.387702	-15.308966	-18.783276	56.983092	-27.618620	9.262132	18.898608	19.428237
	-18.571247	-32.971901	-54.743276	-49.357686	42.461082	-42.208386	-13.334168	-5.030551	-22.740179
	-2.019570	-21.982764	-58.244543	-19.900111	23.701300	-19.999869	-29.751226	-19.447904	-30.452844
	-8.769621	-25.363144	-0.866133	-5.752461	9.142413	10.003846	-8.190195	-2.391095	6.062110
	-9.985925	-32.677118	1.154045	-8.063882	-4.659423	24.575858	-31.575386	-23.379995	54.481075
	7.511085	-33.842743	13.767077	6.462236	-16.190170	17.436346	5.069923	42.415097	49.752209
	33.426967	-28.639882	28.370784	45.771308	4.952289	0.132167	9.348854	50.287175	30.633274
	25.733199	-31.556334	-4.762379	46.409641	-13.317422	-8.985196	5.094592	26.006142	36.053794
	16.308871	-20.985796	-20.682474	33.536986	-46.013737	-32.389900	-8.562320	-10.545301	34.416862
	36.104243	-13.378974	-3.447651	33.866475	-38.790222	-10.625450	-4.213948	3.614649	32.657971
	-1.965829	-20.188988	-5.853615	1.380364	-44.006641	-8.286873	-18.079859	-1.809430	40.335131
	29.157654	-31.381986	60.657353	-22.501789	-13.114275	68.360091	-38.376240	-19.454778	55.815712
	61.063804	-48.652343	47.983347	-61.928628	-5.095068	88.782819	-48.156423	-9.665543	74.339776
	45.027933	-34.696619	56.079531	-8.297519	-29.848386	76.325053	-34.970365	-1.391275	99.348077
	31.821091	-24.501121	34.044490	24.340718	8.170991	32.322960	-12.255147	-1.075812	102.237241
	60.385197	7.960710	18.961012	58.221898	-28.118877	30.642758	18.654167	-7.288147	79.884265
	8.122658	19.029452	-7.310582	32.910984	-45.745861	40.960202	-7.565573	-6.635901	31.057636
	-1.043255	38.597248	-30.576251	9.691306	-40.478287	22.911461	-25.282151	8.754513	2.717899
	-8.318693	29.093102	7.272757	-14.806466	-28.450743	37.247738	-22.700640	2.330865	18.402009
	15.524222	5.895283	25.650865	-11.620292	-15.612703	11.192281	-8.598622	14.546544	71.737328
	37.453511	-23.188450	27.105880	13.405294	10.335145	24.849787	26.508849	-7.824795	120.792870
	41.873027	-29.932151	26.434708	47.171370	49.837796	27.829959	58.832550	-18.561053	105.246605
	44.327219	3.826702	29.224703	55.498481	48.446998	35.714933	59.872553	-4.939846	79.789868
	7.999710	-14.007203	38.252239	33.213950	-0.911215	53.977875	20.563199	-9.631527	62.461051
	26.493804	-12.243169	34.835110	-17.243580	-4.056563	29.530115	-1.614175	-30.396930	78.084248
	32.675275	-3.153637	58.065628	-26.983962	-7.293674	30.010563	-5.190333	-22.732851	71.062230
	-4.827596	-4.613618	62.034758	-60.123560	-17.203839	31.232984	-3.130602	-22.633481	118.524295
	-4.598578	14.720273	45.072093	-32.662473	-54.645405	26.317450	-12.730938	-22.507943	29.772813
	-40.493277	32.905851	-13.038310	-23.155457	-23.040484	12.849054	-12.620649	-30.006272	-64.521916
	-29.343514	34.273687	-32.592508	-17.747419	-43.238457	37.873985	-18.482622	-39.191719	-71.990270
	-25.769108	27.755435	-42.224559	-27.052584	-53.736589	19.646533	-46.705482	-4.084524	-80.599102
	-0.256246	29.636201	-12.913664	-21.422057	-42.349962	32.561712	-22.318788	7.008293	-31.316179
	11.518142	34.182263	25.900417	-12.948200	-42.622990	58.363302	-29.571101	15.469318	59.009846
	26.148374	23.632555	55.274884	-6.569448	-35.384612	66.154877	6.330104	12.947182	61.010362
	3.978661	24.057782	50.035804	-28.126440	12.646397	53.182616	-0.655282	2.837541	50.750225
	-7.282977	16.743422	41.749040	-40.856005	18.424293	29.783852	-6.762697	-0.407029	74.066970
	-3.499690	20.374770	3.917297	-18.171284	1.859239	-7.125085	-16.765786	2.235656	39.386683
	2.951571	39.360931	-4.153678	-15.754704	-22.182587	3.956998	-5.696988	-20.123084	16.146980
	-11.256412	44.732408	-21.411450	-6.932481	-83.743539	13.428740	-18.964774	-21.648969	-54.494097
	-6.834939	46.518069	-13.712653	-42.295846	-92.622338	45.207037	-37.653272	-10.657562	-22.425242
	7.607110	47.769708	2.252513	-19.407521	-40.656208	17.326050	-33.000450	15.429328	-15.098825
	19.398133	36.303151	-0.726799	-4.797894	-2.878751	16.334659	0.313811	0.566592	5.317036
	18.268819	18.195364	-34.222429	4.829980	12.310587	-45.993714	-5.323239	-0.089427	-5.580500
	-2.296404	10.623093	-88.988564	19.718623	42.693742	-54.491760	13.834624	1.183790	-67.718796
	19.927563	6.018843	-90.496756	25.867214	54.896076	-17.983028	23.774573	-7.411405	-99.797413
	14.207805	15.778059	-94.355588	-6.629474	19.352941	-18.982160	0.986016	-39.331119	-78.058006
	19.652648	22.752254	-68.141711	15.973828	4.321088	-60.071538	27.249737	-25.526328	-71.083991
	2.358451	15.737479	-71.732985	-0.008068	-14.191989	-33.723012	18.011277	-38.000863	8.896859
	3.749423	-4.688442	-54.845627	-3.208253	10.597862	-27.091189	9.406434	-8.365189	4.146118
	7.328770	-31.675851	-36.990484	13.531278	25.778404	-17.760677	25.164496	6.267140	8.312932
	21.939836	-37.266939	-39.861398	27.735990	61.371821	-1.297351	23.958292	-0.544469	12.159386
	41.578770	-31.888078	-11.448250	-4.474958	55.081926	0.798429	24.450279	-13.094628	40.653707
	43.352089	-16.055110	13.493902	9.771096	39.475936	28.047319	33.559440	-37.719915	64.141102
	28.611667	6.793878	12.250727	-5.444455	55.679924	-14.200122	23.815475	-38.771807	73.895803
	18.893970	-10.584503	-7.383709	17.930546	23.582650	-15.357952	6.234024	0.507598	76.498678
	23.244831	-27.698619	27.509818	65.461841	15.692374	-25.104480	32.421426	22.985679	80.881321
	12.267997	-23.536142	-4.795441	63.248791	15.137054	-36.940825	19.766450	18.691933	30.429378
	-0.254801	-9.925262	-12.882149	66.098746	-0.351829	-17.041632	7.535915	70.679240	-43.518682
	-12.438976	-11.250802	-43.126567	49.755781	-21.441849	-21.137719	16.202922	67.724690	-69.597335
	-25.174363	-27.230596	-20.034285	-8.120598	-14.684085	3.895441	1.296618	26.603875	-8.774294
	-23.860805	-29.796293	1.441286	-28.448996	-3.905580	-9.764541	3.028044	5.389145	-72.301591
	-45.611419	-11.428829	-15.290181	-21.993075	3.876963	-32.087318	-13.427411	4.790779	-70.201213
	-30.944443	-5.660754	-27.375550	7.232852	-32.279046	-5.744756	-27.748378	37.250014	-75.778679
	-31.765335	0.543656	-44.679743	9.518236	-39.362383	5.683600	-22.128061	20.157305	-76.858090
	-38.510095	4.026800	-33.595511	13.387966	-48.363748	21.899457	-15.129433	13.046560	-37.121291
	2.247768	2.688013	-12.589713	10.674491	-27.079759	34.330147	10.245030	37.960084	-29.553137
	6.218148	-8.905018	13.260973	24.655361	-60.228847	10.444590	-21.470455	32.770143	-57.256912
	-15.698673	-7.193064	5.949447	18.941827	-24.454542	45.007512	-36.885762	64.619283	-53.746816
	-44.375162	19.251816	37.854953	26.698438	-19.780132	37.701892	-10.515452	32.613322	-68.507100
	-36.138314	24.546663	-8.493977	3.291010	-49.626450	-2.096865	-23.223201	22.548766	-76.788280
	-37.238825	33.981683	6.515217	32.725562	-7.068001	17.085967	-17.585757	38.594278	-37.023021
	-23.299338	30.029370	12.747569	41.529668	3.824752	43.787079	-11.185484	15.874846	-9.958717
	7.993576	18.028415	17.588090	31.532045	7.230261	12.223738	21.802563	35.926535	36.652801
	2.259489	15.551308	12.094162	54.037748	6.701488	-10.680719	11.184696	40.336866	14.301465
	-23.984487	9.976556	2.215648	24.712117	2.645625	-31.435470	5.094717	38.302998	-38.516553
	-16.166709	10.408886	-56.264987	-13.243976	26.779609	-36.854799	-12.880694	25.095103	-35.853453
	-23.403553	-1.756137	-25.800641	-13.857327	33.420416	-3.153478	3.269495	19.696238	12.073494
	0.607077	-1.464166	-6.824543	-18.464178	49.092806	-31.849438	12.217171	-20.694769	34.331972
	10.283657	-23.341856	4.139893	-34.614582	56.636709	-9.221916	2.932879	-18.327776	75.452058
	4.333817	-11.520596	-38.354650	-2.338276	77.130133	-41.335204	22.503850	-11.633779	-21.390939
	-26.578766	-21.129301	-7.846252	-11.182710	83.554376	-8.193110	-8.739995	-23.049829	-14.856913
	-19.702144	-22.492309	-4.751092	-34.995645	62.979380	-24.287546	-26.469463	-11.468193	-35.346915
	-31.486972	-31.448836	-50.508895	-20.746348	33.423497	-20.419103	-9.990077	-15.184043	-45.762883
	-22.746049	-28.287431	-48.561210	-1.851194	14.584495	-41.024561	4.065313	-19.401730	-63.027691
	-8.447527	-9.881377	-69.507463	2.715724	-0.169205	-68.840244	-18.549837	-10.337703	-102.555456
	-5.110186	1.452340	-48.867599	13.456804	-3.975420	-44.896035	-12.461296	13.661326	-50.821820
	-19.005424	-31.204057	-19.440440	-24.223243	-12.068834	-26.567313	-33.338623	7.274819	-49.137565
	-49.726080	-42.326925	-8.328444	-44.141957	8.470783	-15.917256	-29.655814	11.601952	-18.319972
	-13.366436	-54.538730	-8.930778	-37.638172	-20.245632	-9.434447	1.987066	5.658827	-13.117225
	14.447533	-1.586748	19.325074	22.713731	-6.914226	8.718653	14.974837	-23.174763	21.508456
	29.842655	15.214622	37.863624	67.080694	-21.508551	17.813896	26.496571	31.749472	67.317283
	60.501257	15.593876	52.962334	65.095330	-36.760318	16.700113	17.760488	0.292880	96.616927
	60.511957	15.042093	68.946909	60.340762	-41.538092	37.784172	21.452641	17.385130	98.348827
	32.903661	34.280336	58.312150	56.736626	-6.847987	54.624674	2.491429	14.243769	65.002715
	31.205004	33.365901	53.828430	42.327527	7.514437	28.136731	0.338782	30.339150	17.831792
	27.335056	26.913407	30.011117	70.319233	-30.490099	31.333224	8.786564	26.357569	11.240821
	43.350241	31.170212	35.297766	56.107126	-26.960359	47.865615	1.012324	15.326210	29.715277
	37.751956	22.443016	56.935650	69.788618	-4.378276	18.476111	13.676598	27.089473	67.416834
	25.287909	17.906165	33.771338	57.607858	22.244929	4.571538	25.422559	-5.370755	60.260449
	12.655165	-3.740524	17.898823	47.267754	48.842734	-5.440100	34.727066	4.827882	27.306161
	-12.702271	-11.134363	10.224447	19.487644	29.962354	-16.276334	-8.777446	3.990263	-2.094165
	-10.839732	0.197914	-30.283639	6.472329	50.706439	-22.091811	-40.384536	35.194753	-12.935991
	-3.144537	0.637661	-11.339763	-15.398252	19.884670	8.691231	-37.791674	-6.513914	-28.495341
	-3.327952	-10.579625	-5.755848	14.606389	22.235724	2.492697	-12.721395	-6.484621	-1.212152
	19.377363	-20.470044	-14.158071	51.134124	18.039988	-11.082380	-5.558910	24.110143	1.611860
	-8.099883	-16.165034	-13.355539	82.107466	19.368311	2.069174	-11.683786	40.880057	7.815397
	4.579463	-5.378389	-19.959874	93.042092	5.583073	1.101188	5.114117	51.669751	-24.456132
	-0.083979	16.179910	-42.881608	88.789254	10.967993	20.903915	11.709445	30.119517	-93.064037
	22.530960	28.577667	-28.830510	82.192444	-6.918185	-11.422925	13.206693	37.744072	-51.964933
	13.253985	23.025416	-39.200052	103.205428	-26.561123	-22.883280	24.882673	65.094355	1.702577
	11.533687	14.692127	9.241634	111.324483	9.999190	-1.064404	26.146007	47.445922	-1.790885
	28.126732	40.933428	-0.464771	110.263236	-12.509210	-22.111369	29.548224	62.839791	-4.551242
	7.684734	36.306720	34.603352	100.826555	3.762349	27.396205	47.241410	52.499865	12.551015
	28.336806	22.579723	54.682432	105.159638	-32.566329	43.343370	37.170263	40.196914	6.401864
	34.705938	35.068756	117.044371	81.826047	-27.065235	55.346385	37.429033	54.794554	63.158039
	18.787993	13.717880	70.465920	50.229440	-27.467855	83.635152	-4.503443	24.897331	54.786897
	1.815157	8.792803	12.087281	65.887849	4.852240	16.671253	3.698953	39.291310	-13.015479
	-14.512415	-20.093424	-50.719502	42.163472	46.768147	3.934686	8.303368	25.861040	-66.402910
	8.583678	-17.783147	-17.543766	10.777978	29.797861	2.127541	36.118454	6.689176	-83.672734
	4.407560	-15.151633	-39.948546	4.893140	-3.824639	17.758266	21.893839	23.844495	-64.210486
	-1.580432	-11.772951	-9.743970	-22.904931	-2.467900	21.957673	-30.142573	6.397063	-35.182923
	-22.489105	-28.780594	20.282802	-92.569761	-37.926458	54.857444	-54.886748	-13.890313	-34.447493
	-16.393451	-24.449578	41.539356	-64.244738	-1.286033	62.499339	-14.891638	-54.903124	31.580173
	-23.580579	-31.345171	30.492779	-59.362653	-24.001086	65.931355	-29.559974	-59.087095	-4.911005
	-31.322796	-28.066037	9.835064	-60.975305	-51.725978	59.516750	-48.877283	-38.015238	-25.534424
	-6.892396	-53.958132	-9.621720	-84.319595	-48.422198	41.514033	-42.201345	-21.736266	-21.809795
	-11.840562	-56.551160	0.122216	-68.297410	-15.177079	26.822852	-38.498782	-21.695847	65.725411
	2.119223	-75.907461	24.252556	-73.597285	-5.819645	-1.973056	-15.873430	-11.192226	39.736381
	-40.595108	-70.342232	-22.850602	-88.967863	23.060211	-22.797983	-51.211301	-24.739890	-52.641763
	-42.852438	-41.472495	-76.186919	-63.819934	11.001198	-73.783927	-34.467388	-24.011120	-128.101175
	-38.654427	-37.551822	-69.587322	-37.445274	15.802452	-73.396451	-34.080702	-25.051143	-46.855645
	-48.403780	-42.166100	-42.769504	-25.098930	48.957287	-70.018135	-27.227119	-6.120553	-46.795823
	-51.060776	-48.084162	-79.475083	12.808227	16.929569	-62.445332	-10.064110	-11.384253	-95.703119
	-1.450364	-29.219658	-111.284742	8.687197	3.343390	-86.806767	12.491486	21.080713	-67.373994
	-29.597535	-31.195796	-100.355064	37.494256	-16.967053	-80.260704	1.132628	24.673459	-100.658787
	-5.539121	-17.451434	-96.157879	57.319391	-1.266292	-58.155903	-8.348219	5.656754	-45.502333
	-16.006215	-11.430237	-57.654211	6.716001	5.837703	-8.624530	-15.929282	21.983230	-66.514361
	-18.203443	-49.592769	0.972907	-49.112471	-13.320142	-2.382163	-31.830725	10.800701	-38.152952
	-27.099449	-55.431998	2.116826	-82.132402	-12.212330	2.177982	-51.049592	-20.816759	4.226763
	-45.670176	-41.054832	3.085210	-62.023713	-11.115479	6.493100	-32.603740	-16.308391	13.060961
	-45.690254	-7.293955	26.980605	-57.780160	-26.705499	11.286720	-32.439182	-6.499854	-59.822031
	-40.149636	12.215309	28.194616	-20.576372	-20.691934	67.308307	-19.163748	-19.690030	19.254485
	-9.357591	5.061537	30.920456	-15.558301	-44.699172	58.824448	-15.207404	37.845664	-7.357416
	-17.715692	-47.116289	36.062733	-26.150582	-77.528016	73.793619	-56.993937	-6.254277	-26.288447
	2.329258	-38.941868	25.003172	-32.717518	-52.761238	71.712226	-29.549324	-4.324219	-2.572518
	20.526734	-26.687404	43.867504	-11.737833	5.515347	43.753631	11.286877	-20.988120	59.191883
	38.505375	1.347747	28.054445	11.676169	5.415873	0.366154	44.199529	-50.713192	72.816732
	28.795837	8.814908	37.741485	1.461231	46.079022	-9.505062	51.565644	-41.180378	87.668371
	21.914270	54.279072	-0.147786	10.639592	73.026563	-44.197971	69.457382	-37.351789	73.956891
	37.229130	62.160566	-21.938547	10.123504	55.795025	-30.443037	25.552339	-37.636814	56.933637
	36.234073	62.923192	8.216017	13.006685	41.255679	-31.006172	17.981811	2.727938	49.940670
	56.192777	60.976880	18.411149	2.770893	49.208834	-21.344284	35.282849	13.083849	110.612474
	42.811437	48.483193	33.160256	29.966530	29.476763	-18.218155	60.885992	12.387213	55.746045
	52.277459	13.076365	15.766286	47.830688	10.442644	-10.007535	62.803549	22.645098	36.706241
	70.450171	20.650459	13.087818	44.854342	-11.322758	-18.210557	32.171054	1.590056	41.892538
	29.979253	25.571833	27.158557	14.638999	7.491801	-13.572702	34.921013	-20.385600	20.228515
	5.916316	56.850026	26.136160	25.936424	16.813032	1.619885	48.002641	-8.043372	77.403332
	11.598789	59.604454	15.471046	4.091714	-7.025339	-20.844373	40.426320	-28.845260	67.985687
	13.771191	62.094295	19.733942	-12.882995	4.842763	-37.886630	23.775435	8.324523	61.409722
	26.491022	59.233750	30.864200	5.120948	2.322294	-10.856545	30.012448	-5.303281	106.000031
	35.670638	55.961932	56.572780	41.468595	10.629869	14.932098	67.668507	13.585682	92.540356
	-0.715745	49.880751	42.768271	20.721663	36.033007	-5.747853	37.483884	35.262958	93.661600
	-7.356769	61.544182	31.894637	34.560775	21.562127	-9.903176	53.477171	-10.144886	117.728811
	13.020087	30.886834	30.150099	84.848002	23.243722	-6.358239	32.357847	39.371447	104.963512
	30.618675	40.364025	42.732957	50.909470	35.648534	35.321881	60.191636	8.908642	143.561247
	13.585912	33.169568	43.149188	61.507904	-5.050591	29.536154	21.583909	34.875815	56.377698
	16.514153	22.183459	6.733788	60.366799	-30.661814	16.631526	31.430011	30.633532	9.316536
	39.899619	23.160137	16.476620	69.330190	-29.221673	21.739015	21.708376	52.405840	38.125311
	28.237216	6.641208	10.372609	46.650116	-33.344332	7.935029	26.257913	4.845184	7.922964
	32.805479	21.777177	8.008114	-1.000322	10.995422	13.491770	34.684393	-17.778087	10.615881
	28.959369	29.008455	29.594982	-32.909211	48.480882	29.155105	10.451621	-15.879122	88.692118
	7.358439	14.237844	12.507514	-42.165111	-2.844504	45.024238	-14.376566	-27.935287	33.619469
	-12.450538	35.014703	-25.248881	-4.602492	-5.385964	16.686741	-0.957105	-6.064128	-36.875828
	2.029969	42.222389	-15.505335	26.805974	-34.277234	26.338035	-1.674753	-0.338506	-47.194095
	-3.923806	36.321184	-9.475061	12.454733	-64.514708	30.826234	8.979196	-11.953716	-24.493477
	12.782830	31.541419	3.332935	-19.287393	-45.028924	50.372336	-28.777649	-25.380050	-12.760483
	20.411237	21.898378	0.725926	-45.427684	-52.498101	15.806859	-36.820217	-21.749741	-18.205280
	8.023612	29.314684	-3.190206	-67.818574	-57.550255	29.044905	-30.183653	-26.163023	0.321753
	3.096243	19.701630	12.978737	-71.427136	-11.044287	0.828233	-43.908104	-63.111868	11.548825
	-10.023339	9.005297	24.656632	-46.998963	12.289142	-4.965060	-46.490740	-19.684898	-3.209984
	-33.781118	-21.611479	25.885153	-46.664889	-14.465896	-7.481647	-39.861770	-29.247342	36.182977
	-24.330509	-74.474793	41.715094	-61.660120	-8.106491	13.999260	-44.212826	-17.122292	12.712033
	-20.885442	-71.598098	56.266336	-68.346542	-32.620530	23.968119	-32.168861	-21.668172	44.537706
	-10.725310	-52.619177	42.290109	-64.422729	-56.291857	23.044935	-36.947969	-33.604066	16.709860
	-2.875658	-26.092944	54.981154	-29.262998	-96.371441	46.211759	-54.473527	-20.127247	3.967743
	-18.707944	-14.162143	39.710241	-17.641397	-106.605016	61.771698	-49.960691	-17.494661	-18.181965
	-5.350219	26.957283	12.668791	-12.979587	-96.999925	17.100406	-16.701545	-1.538217	-18.365563
	5.635149	32.595238	-14.737000	17.470309	-54.678489	-24.131853	9.903044	7.923144	0.447785
	32.457343	35.689392	-25.479487	-0.715742	-28.435628	-38.633754	7.893055	-3.496983	-3.233021
	23.724078	10.266190	19.685812	-63.854788	0.772591	-36.881184	-49.011754	-4.623459	28.206212
	8.398338	-49.593122	19.112248	-107.361318	5.306295	-15.637633	-63.032381	-19.952945	33.040642
	-0.346419	-78.099605	7.415653	-83.145960	26.512477	1.375896	-26.597272	-31.434671	24.042054
	-4.796254	-122.321538	5.393658	-97.583822	22.109970	8.707587	-51.194614	-25.757720	0.643226
	-8.612960	-96.896480	20.859652	-84.574348	36.651767	-2.531356	-49.743624	-34.489660	-9.608144
	-0.502255	-82.712019	10.467899	-96.158458	43.251869	-14.611944	-50.407713	-41.406252	19.198212
	-15.845038	-69.223352	-25.716003	-69.208134	61.559721	-47.308409	11.034418	-67.784928	28.833887
	9.165735	-50.606399	-28.741190	-60.974448	68.075587	-31.653082	21.171463	-35.026885	6.503880
	15.963969	-29.158880	-63.808044	-64.286818	91.170934	-16.537155	10.652138	-44.894907	-14.454982
	-1.483619	-41.681993	-30.906533	-29.476344	49.173454	-23.225501	21.398531	-81.128803	-10.349533
	19.274731	-56.734565	-29.601196	-14.515853	12.520489	-4.313509	-6.925302	-45.318470	29.162568
	-6.240691	-50.789127	12.673257	-13.877338	-37.515886	-6.658647	-7.004520	-20.005537	24.266679
	8.661395	-37.281837	37.958828	22.663560	-36.063091	3.354374	2.460082	36.923637	39.084764
	-21.482457	-42.069799	28.292722	30.859698	-49.065393	8.740765	-13.464945	33.301297	7.536655
	-21.116334	-38.499317	-14.436583	44.994272	-25.122036	-16.491068	-3.917709	23.113667	-60.329888
	-5.007912	-35.560546	1.034679	47.012727	-61.962543	47.742624	-19.670390	34.269841	-63.685865
	-47.770348	-47.270131	-43.019803	16.216133	-29.342157	40.271266	-46.485226	38.811588	-72.626876
	-58.824645	-30.073687	-40.344347	-32.931679	-20.044645	3.924022	-46.417564	29.755458	-58.616085
	-62.184488	-12.089937	-25.535823	2.846407	-5.468476	12.975758	-28.635289	29.840214	-58.912953
	-36.205199	-16.719504	-8.773885	-2.410158	-38.500877	58.264034	-31.714106	34.475517	-24.869685
	-25.373677	-13.954474	-18.938374	-6.544398	-48.838031	57.486106	-47.214427	21.790201	-11.300848
	-31.321699	-1.655209	-13.520729	1.915412	-47.244133	33.310941	-24.985749	55.084587	-40.768387
	-37.299778	22.750776	-35.068118	21.202049	-2.618621	-1.499439	-26.431267	28.980838	-63.022955
	-8.742375	15.406529	-37.244185	20.764524	-47.456130	15.129667	-2.975682	37.653319	-49.500588
	-1.405978	14.024124	11.057780	33.488049	-62.041516	33.503143	-28.475244	38.304628	-31.803346
	-28.044193	1.536903	12.353936	39.791116	-63.536366	36.832588	-1.724179	27.082929	-10.632935
	-10.767445	16.444488	1.207381	33.289796	-49.397447	26.915909	-7.839506	57.548675	-21.401556
	-0.790274	8.462448	-29.930704	47.763225	-24.799197	23.797395	-7.289149	61.659238	-11.719213
	3.700540	4.371991	-2.707085	11.526938	-27.141861	-0.224577	-17.889723	36.312027	-38.738693
	-18.854735	-10.543418	1.039258	-6.017011	-16.698375	4.933590	-25.157542	35.738841	-55.882419
	-23.212354	-2.508582	-35.394659	15.471408	-32.776379	-28.369601	-13.708808	47.333714	-9.995690
	-23.281856	27.739402	-30.047177	56.777956	-42.226690	-13.641134	8.946233	25.439893	-23.238633
	-37.918872	37.605790	-14.563883	40.978891	-72.036068	8.564625	19.606125	76.446987	2.021424
	-2.126722	31.919654	1.093060	29.338570	-47.634680	45.351218	-19.773241	35.418340	-41.742067
	3.304213	71.978146	6.950638	50.517413	-35.606981	54.505317	13.543484	50.815818	31.950722
	-1.757502	45.452429	-2.459632	26.584836	-55.601555	82.353226	-21.563488	39.971095	-24.241875
	-2.205575	32.421148	-14.869040	43.144036	-51.479773	70.378454	-17.819150	36.503014	-35.830284
	-4.193901	49.150419	-6.306943	29.104521	-1.454319	20.209468	-8.908207	81.207868	-65.193178
	10.128491	77.380460	23.090329	53.272437	1.247733	-7.698823	14.985179	49.970529	12.047954
	-39.650394	45.496927	-10.803900	71.224420	-23.314179	-18.855122	-8.194990	47.851260	-67.164359
	-31.559493	20.030567	-29.061505	37.398389	1.830017	-36.627112	-27.583509	49.987008	-54.611691
	-16.640534	21.650359	-50.130039	23.402686	-30.660531	-45.439881	-14.073373	61.506576	-41.152063
	-11.385868	5.611602	-73.918223	32.105628	16.842316	-84.003871	14.934773	9.873449	-58.909237
	-24.623732	3.294090	-65.724094	31.747502	63.241472	-83.224000	10.465398	17.424908	-42.353740
	9.322250	-8.427229	-53.717753	29.325204	27.493344	-37.811749	10.464040	12.148121	-51.609339
	17.595407	-13.360076	-54.414499	20.170421	37.173854	-59.468995	18.440817	7.971191	-14.697120
	21.923925	0.999878	-1.262237	29.512456	54.261180	-84.936572	30.633610	14.503821	-8.989987
	38.410211	-3.288288	-42.964792	14.915411	38.890961	-70.354852	13.714896	25.044485	-56.232476
	-0.298557	-28.470916	-10.888108	-0.119059	39.039831	-53.316837	24.298831	-4.024133	-54.187660
	-15.845887	-42.325668	5.570614	-2.352024	43.559093	-29.617672	4.253178	0.627659	-23.851314
	14.110687	-27.060417	50.844889	-24.289206	50.579211	-14.294289	9.872791	-26.755316	54.529741
	-17.115368	-32.065478	63.353367	-35.660779	68.433765	-31.143709	-14.466992	13.367194	31.448846
	-17.930000	-51.353296	89.664659	-29.828632	43.276932	-1.830705	-5.233019	-38.959420	42.406881
	0.709593	-58.199919	77.037945	-61.606629	8.327603	23.530446	-3.851637	-48.672530	42.899322
	16.457723	-73.558736	92.916153	-6.577790	36.040882	30.928774	19.734211	-41.173221	72.458792
	39.576420	-41.064862	112.559583	26.371396	50.264904	50.333467	75.624065	-30.681780	118.120237
	73.920741	-31.508065	120.459313	22.785376	7.018013	63.822399	50.017979	-23.764597	156.905363
	28.930517	-15.160373	82.491895	-5.197631	-30.374611	37.493867	25.259997	-33.514571	118.624774
	56.957233	5.112421	68.842897	-41.034309	-1.027733	13.403789	6.948361	-26.075392	124.289497
	9.256997	-8.805378	22.781321	-26.262551	26.048342	6.421666	1.242463	-33.802561	67.597070
	6.217931	4.829837	-36.535394	-5.518716	32.932110	-6.424626	21.682808	-35.811694	51.769895
	38.075569	17.535692	-26.244153	8.499639	32.974340	3.996945	17.312347	-17.356732	23.397490
	37.256708	24.430308	-1.257021	7.490480	20.013342	8.006727	20.559534	-20.131550	24.444143
	45.490892	41.601735	9.763467	-11.325430	35.756371	-7.800441	9.228922	-14.339459	23.583272
	10.915651	50.265972	-1.194551	-8.562529	46.443859	-2.875854	13.357271	-53.791254	19.955231
	20.032941	37.876828	14.052296	-10.426523	26.454985	-16.999470	23.189468	-36.949213	0.580268
	23.256259	29.253902	4.925678	22.958235	24.185168	-13.706992	30.851342	-27.813612	39.374837
	40.079757	15.051839	-8.012837	27.036699	38.326686	-27.030055	62.855835	-11.338672	51.106767
	28.784732	27.799108	-17.297024	61.194516	20.492476	-9.525195	38.230458	-16.126406	34.707917
	29.557518	20.800889	10.277668	21.320529	-18.397110	-4.173196	16.464860	-28.756174	46.956469
	11.284564	23.342928	-43.020010	14.544990	-40.251613	-9.001291	-30.484474	-30.394282	-51.620336
	-2.294648	39.937191	-30.421603	11.352109	-43.166760	-6.282450	-32.654089	-13.775754	-71.399845
	3.144464	45.677910	-4.899464	33.029095	-28.611079	-5.627900	-3.245802	14.874780	-36.723224
	11.917783	51.236470	-40.870885	26.458493	14.920860	-11.447869	7.547207	31.702413	17.382359
	5.980297	16.167712	-23.309013	2.596882	3.461899	-6.243766	-21.429099	18.432816	-13.084167
	-12.766063	5.671482	16.532009	-10.090786	-13.865839	13.204310	-43.772487	-18.070166	-2.888737
	-9.592009	-24.452578	55.344457	-18.976642	22.124655	62.506753	-21.496444	-17.199104	44.289804
	-3.859780	-66.232287	27.501958	-84.160926	34.287724	32.739923	-32.802866	-12.911856	27.974882
	-8.471078	-34.028058	39.186517	-55.277309	34.226075	17.583255	-33.178673	-11.414155	53.681670
	-27.255302	-21.053982	39.937937	-69.920091	32.431893	17.180474	-35.745940	-22.489532	24.730976
	4.103508	-47.339460	31.572284	-61.548025	-20.135237	31.589292	-44.603228	-33.190648	34.131833
	-6.804076	-55.005123	7.171368	-20.488612	-71.268797	19.456308	-22.000706	-13.992589	27.255495
	-5.149492	-44.823993	-43.198399	-30.795662	-50.401361	5.062862	-20.299640	14.714307	-22.435803
	11.946155	-2.330285	-63.887182	5.329797	-18.183407	8.413908	11.883357	16.467994	-52.947858
	3.081255	32.347545	-49.994401	28.768399	-27.692266	-1.731762	16.944823	14.428078	-20.794125
	-19.133280	16.541885	-59.501275	37.446546	-74.224543	-11.138488	-11.524163	34.465886	-56.192574
	-29.054475	-0.337040	-48.456335	-0.289272	-60.222555	16.671213	-16.875122	26.130322	-55.319872
	-0.834136	-26.073400	30.998305	-13.443542	-3.500810	43.879819	-32.002265	0.582930	23.973774
	24.741524	-52.417340	58.887745	-16.624570	-28.373375	59.768615	5.576810	3.566281	46.321496
	19.037984	-53.420786	51.093512	-19.441808	-17.148277	46.846770	-10.349404	-19.795498	82.667317
	46.392566	-33.129045	33.794126	42.283155	18.401790	73.250044	35.893697	-3.403342	46.781835
	15.554008	-27.790413	3.332054	85.473083	12.524405	36.492822	29.982096	13.285688	36.910731
	28.434842	-28.410656	-16.830634	80.771536	21.207337	39.136124	43.680141	42.154605	15.389194
	28.176428	-34.568470	4.782598	85.621290	-0.424577	29.703704	46.618696	31.323708	7.747636
	43.070540	-7.821158	-17.695721	126.689980	46.218339	9.088606	65.403657	21.867700	21.453986
	36.360930	-6.695141	6.188851	91.283908	22.966852	22.871243	38.268041	0.429799	41.356040
	25.429946	-1.418359	-6.921107	45.481756	16.416634	17.148442	15.724613	-0.908049	9.110141
	27.212220	5.238407	20.218542	-4.387388	59.360115	25.767214	1.290360	3.026939	14.447504
	-22.218913	-21.229742	9.495222	-53.163064	40.437282	15.564565	-53.366280	-26.996023	-35.412646
	-23.483431	-21.892467	1.238586	-68.050052	28.230518	-7.944390	-33.799691	-38.838971	-50.381424
	-25.113828	-28.133907	23.715495	-28.569145	-15.418650	-8.443221	-37.753391	-19.702664	-32.389292
	-25.093355	-27.732877	-32.235146	-40.665771	-0.308610	14.661578	-43.768317	-12.324156	-49.927655
	-24.673674	-33.698788	-57.916240	-17.986405	-51.345270	11.763905	-50.741344	4.709182	-70.847249
	-19.868680	-15.582936	-54.241974	9.758239	-47.643559	40.506135	-16.776550	8.334699	-55.766892
	-37.929564	-25.286473	-36.876030	-16.039360	-47.696246	56.241905	-20.192974	26.520273	-63.019627
	-40.863182	-51.261828	-9.236312	14.811129	-19.334046	49.330742	21.091715	18.500680	-26.693325
	-13.771740	-49.779954	11.856463	46.015413	16.073635	40.238891	27.062778	5.848239	-20.803552
	-26.234766	-21.651375	-16.044830	30.467255	20.209260	4.351374	27.493623	-5.361286	-13.505779
	38.823840	4.786593	-54.324263	75.477016	19.466406	7.606445	21.948415	6.912633	-34.234047
	52.488552	4.632123	-44.798361	66.609159	-10.045223	-8.494548	15.343703	57.326940	-8.731111
	49.045699	24.954250	-15.324360	78.555485	-54.472656	16.166613	30.806412	28.872610	71.787268
	36.156469	5.761323	65.008234	54.866014	-53.797124	44.429381	3.261478	28.914083	49.116172
	26.781247	13.957908	103.228535	23.131269	-46.438321	91.082539	3.442641	-0.489170	104.008808
	17.403990	30.367832	97.551582	9.244644	-27.381920	75.478072	-1.188693	-3.967064	112.296794
	3.153789	38.215696	55.423063	31.691959	-16.035426	52.618663	12.903624	-1.458275	92.739298
	38.358644	45.512175	70.763563	47.672117	35.240969	46.926191	46.647070	-6.103365	62.045782
	65.169628	65.709782	74.952518	53.285574	39.789214	41.742799	81.744307	15.406599	97.827892
	50.880878	62.555598	60.515650	90.637323	9.559073	22.444163	86.075353	11.262248	119.967576
	58.712085	76.397266	34.663527	115.342947	22.596708	17.682361	110.658081	17.604707	133.471032
	61.740800	68.227896	-1.189160	83.679251	41.374470	-19.577832	94.715773	6.399126	98.125963
	31.582248	79.489385	10.461147	69.718004	31.426870	-28.416435	63.238861	10.293293	91.077365
	27.585188	68.099268	-6.642640	46.296166	38.275738	-8.136635	55.067237	-24.986692	59.384464
	43.485066	51.612188	-21.254940	51.117514	23.006042	-8.721968	55.348266	-1.547011	22.663778
	29.277834	80.964402	-45.016483	37.079478	40.020196	-0.726651	37.377664	-5.048233	-23.007370
	21.644115	66.367688	-10.709250	8.818090	24.143980	2.795387	36.007378	-2.755111	-18.834967
	50.970447	63.990836	-9.225796	20.643808	47.694671	0.812039	40.857553	-9.201070	18.231319
	12.129966	45.092439	29.821551	10.899031	12.927879	16.956268	6.501652	2.668905	35.318093
	-1.153713	56.670625	23.245718	12.819936	14.157992	6.945727	22.846274	-7.991932	27.508247
	-2.593980	55.755370	28.337943	22.760832	13.367448	19.012544	54.384726	-11.345933	89.729617
	6.425601	58.798417	66.238854	0.685567	4.158935	8.459966	18.154211	4.517982	112.483067
	23.295254	65.156869	69.875265	13.497106	14.763119	44.139073	30.916056	-17.108057	114.119320
	34.255112	69.998065	64.799322	28.884190	18.332310	34.519259	61.035583	16.738017	103.807866
	53.407500	66.831046	44.468740	78.536737	20.477132	0.717561	66.050340	0.327850	84.572507
	-11.940168	20.285134	10.285475	74.334809	-13.134318	-4.940441	50.437519	23.345479	7.001036
	17.741050	12.957205	-18.300931	58.976059	-3.268928	-18.310818	37.200125	29.757091	-37.077482
	-10.369967	-0.359210	-7.635479	-1.592253	-13.003708	-37.369317	-31.417043	-25.554378	-15.295279
	-13.998622	-3.886930	-18.658635	-48.158486	-29.315366	-32.471698	-32.807833	-9.184776	-74.465127
	-28.906193	-1.083276	-15.542494	-62.686960	0.604114	-23.747474	-29.382370	-28.036399	-62.185113
	-19.792647	-5.138481	-24.665248	-36.404526	6.016655	-8.581092	-29.351308	-6.124278	-33.859974
	-15.770066	-18.009232	-33.529197	-7.087744	22.578845	-16.312009	-7.567396	-29.503147	-62.844860
	-34.097935	-22.423395	-39.854305	-9.987939	9.792521	-5.747495	2.672063	3.338645	-82.480431
	-25.544261	-8.521110	-14.500912	-54.553861	19.056246	-20.420928	-12.375358	-25.195346	-33.074148
	-8.054317	7.392108	6.528947	-31.845188	21.675598	7.026943	-8.864399	-36.907717	37.513481
	10.446707	-8.258180	24.877797	-28.461224	62.368058	-0.216761	-4.605641	-20.770236	43.249993
	3.290736	0.075285	27.515564	-27.713311	47.561772	-2.678684	4.512421	3.311483	2.835236
	-19.123922	-12.344082	2.949999	-40.031105	26.432381	-3.383583	-29.937585	-29.095487	-30.583383
	-14.108992	3.857726	2.634506	-33.223173	39.734810	-3.878696	-14.602717	-1.987292	-57.814734
	-27.906718	6.590686	18.809720	-43.155274	28.475757	-30.975194	-12.367221	-18.254061	-23.539485
	18.896946	-4.486439	21.243168	-65.930154	38.277672	-36.291164	0.028476	-12.508779	14.517479
	-14.529508	-28.830793	35.862370	-115.368367	32.002665	-39.896736	-5.535047	-30.259289	29.650453
	-17.112685	-50.988045	51.176882	-110.577819	58.646653	-43.297397	-24.617112	-39.948125	22.362697
	-19.299507	-61.432274	31.892506	-102.360514	30.421912	-49.620092	-43.497956	-64.171198	46.179824
	-37.844281	-48.151573	-14.575649	-93.553207	30.046821	-43.892255	-53.126199	-36.976036	17.243562
	-44.571333	-45.067155	9.008486	-108.196725	3.550440	-28.629424	-46.562518	-15.963306	-31.238094
	-50.321476	-72.569164	-5.310756	-138.617518	13.606108	-35.587932	-43.921682	-32.975651	-30.021588
	-33.080966	-45.926034	19.422691	-134.975444	7.111384	-2.306355	-55.437055	-38.101411	-6.181786
	-40.725738	-27.806271	22.054325	-89.824478	-2.504511	-16.318625	-23.309508	-24.040616	-33.557577
	-33.326347	-13.865941	-10.561241	-68.213746	24.454062	-39.987196	-32.895148	-24.124517	-20.696764
	-4.111645	-21.557499	5.278187	-92.144396	45.473626	-13.037755	-23.771868	-34.771275	-9.490611
	-13.062106	-37.617300	7.317013	-85.348658	41.224434	-23.597544	-22.012258	-42.052123	23.006466
	-12.462829	-50.423847	-2.588109	-76.288181	15.002267	-12.113637	-22.879954	-34.981774	16.927210
	15.342838	-40.305902	33.288066	-44.043779	20.566095	13.453862	-15.190391	-24.229549	48.657460
	23.481148	-34.343867	68.728899	-9.922647	17.176977	28.312246	33.508586	-15.691207	88.648859
	31.882105	-15.859606	42.457563	28.551273	8.648012	26.902671	17.377031	-14.715834	52.453398
	2.247417	-9.693419	39.617416	1.838910	9.745801	1.532000	-0.088091	1.972947	42.144340
	-19.015925	-10.678517	24.462269	-41.676372	17.763199	-22.524453	-21.786863	-9.478528	2.065581
	-25.482492	-23.879750	18.486995	-69.536976	12.360040	-9.187245	-45.632337	17.785743	19.432333
	-10.452100	-14.567516	6.136230	-64.844162	18.422877	-27.449047	-11.952205	-17.865897	-20.050661
	-5.874113	-5.843452	-35.265397	-58.143868	23.298105	-39.844702	-14.202120	-42.642733	-17.169655
	-26.550973	-24.069034	-26.985025	-60.891145	32.424350	-32.617999	-4.108079	-29.730248	-27.804122
	19.795787	2.724772	-14.273679	-38.609700	58.900392	-10.436375	32.413638	-25.728242	-8.514770
	-9.889979	7.067242	-23.877813	-28.787990	34.103346	-37.589470	12.576913	-22.801137	-14.377663
	-7.340840	18.536737	-13.242229	-32.981144	62.026072	-62.926279	14.456211	13.482200	-30.824531
	-3.099442	17.536973	-24.585002	-66.530116	36.242732	-47.615274	-17.586647	-4.361824	-47.138703
	-52.657050	19.261213	-41.223017	-69.481453	32.066353	-57.777138	-23.876396	-41.485689	-65.953147
	-25.527486	9.619521	-60.553264	-31.548136	-8.536759	-76.124402	-21.465954	-40.079413	-107.336765
	-29.296188	-18.065375	-42.757517	-31.098119	-14.660354	-15.520647	-24.064538	-16.688183	-69.649510
	-15.705956	-31.278501	-26.375855	-12.072522	-27.708269	-22.683971	-23.643110	0.940597	-38.522602
	-14.471583	-39.870294	-36.845723	10.769774	-57.902807	-12.885183	-42.902074	3.536435	-36.772542
	-22.197814	-5.026885	-11.534084	-16.310052	-51.508883	-10.255553	-45.295448	17.164727	-56.049970
	-44.586677	-8.956565	-8.919110	-58.089484	-76.678361	-6.412863	-63.550880	-17.596792	-80.603898
	-36.500540	-10.208643	3.512839	-53.384831	-25.118685	16.012895	-40.925935	-34.678156	-8.566558
	-40.069724	-13.375078	-16.523535	-55.153989	0.278205	-54.914825	-46.929282	-25.757872	-19.745978
	-17.076967	-1.275643	-12.195575	-63.612977	24.793054	-19.626060	-30.957898	-9.566650	19.708200
	-23.440399	-12.558723	-10.559458	-51.321974	25.379375	-21.984249	-19.618201	-30.583430	25.906802
	-22.313609	-13.479012	-18.235905	-51.778555	33.566515	-38.824637	-31.476990	-17.470798	-5.216930
	-19.936447	-15.904067	6.392905	-33.650296	15.498546	-43.798369	-11.584434	-21.514634	-8.233798
	8.810606	-45.009607	13.609129	-56.201180	30.619250	-31.894603	-27.350837	-39.560293	-21.512115
	12.663811	-38.026621	30.422263	-58.111010	8.523341	-33.131456	-31.072155	-38.141549	25.576007
	14.637093	-11.820441	10.958374	-29.708264	-0.895784	-31.562760	6.619881	-30.684776	-8.231686
	14.388952	-5.607002	-19.375157	18.429948	5.342147	-40.464576	13.646636	-30.404619	-5.463486
	-19.339145	-9.884830	-49.155062	21.200203	-3.656092	-65.645530	22.957097	-21.603053	-57.056730
	-18.306665	14.441957	-86.755425	21.472513	12.466855	-67.056208	30.001648	-4.763297	-77.056798
	-23.623332	11.184279	-70.088964	-16.680220	20.982877	-62.331648	17.673705	-6.782991	-67.650953
	-35.837831	3.893385	-56.974936	-71.609229	12.161193	-53.310730	-12.619324	-12.365267	-25.355171
	-18.662336	-26.448083	-55.197474	-67.468857	16.037869	-65.212256	-14.917414	-22.577292	-61.252087
	-25.099430	-37.849054	-53.729763	-23.439539	16.561566	-64.754469	-25.657732	5.254131	-18.702604
	-12.083053	-30.922744	-28.501306	5.033427	-7.475909	-9.960516	-9.275211	-16.091127	-30.700405
	-8.999174	-17.205837	-22.945789	-18.783171	-18.810097	-4.404296	-17.152491	17.274387	-38.643589
	-29.156829	-24.436946	-21.562230	-25.547295	-16.095984	1.516437	-29.124684	-2.954734	-38.158255
	-10.591799	-26.884703	-7.992558	-71.394278	13.772189	14.467567	-28.143986	-28.963999	-12.283394
	-28.648545	-46.922943	13.749117	-73.757656	-9.655265	14.579181	-5.143180	-35.061250	-10.978514
	11.107455	-20.089683	6.607231	-33.669804	35.243854	36.098566	0.115438	-48.620867	18.503253
	10.413871	-23.504021	59.542472	-32.482697	12.653768	52.002411	-16.722251	-31.773979	57.432657
	-17.156918	-28.278719	32.585872	-74.391546	15.257234	53.163377	-42.410921	-54.125547	-4.917241
	-37.986152	-17.276002	26.807381	-65.937456	9.138035	67.440054	-60.896806	-53.197688	-15.852732
	-19.714593	-5.866740	39.961408	-80.430519	-18.060463	70.967205	-32.200600	-37.733524	0.934373
	-2.416412	-6.528710	66.330423	-25.164847	-10.532185	71.472767	3.511487	-25.731361	27.401997
	26.842946	-24.190336	65.721629	-44.085143	34.813670	66.411145	-7.965702	-31.631928	58.866922
	16.976967	-40.322556	94.276287	-39.069113	39.499479	73.787799	18.885487	-29.643285	64.012610
	19.032532	-56.448530	80.427844	-28.195482	63.781467	61.329470	20.179627	-30.750426	51.584037
	-0.737500	-43.465282	55.577158	-28.869391	39.008904	22.754767	-13.021497	-12.586957	2.636578
	-27.204426	-17.124100	-15.183365	-35.376966	-27.774152	32.020850	-45.615385	-16.499060	-55.287268
	-0.722536	-31.851380	-39.270813	-31.065867	-27.096353	37.422282	-47.274104	-16.080395	-18.296928
	-2.456501	-24.998624	-40.288790	3.614844	-27.138111	36.542601	8.687162	-8.847121	26.330670
	41.190893	28.948725	-10.265735	84.520573	2.468993	18.496702	79.063929	11.934839	46.445784
	35.488292	25.232462	24.391051	76.335875	-22.779446	31.535842	59.560864	27.315306	60.653026
	35.731077	45.224113	42.581993	145.477937	-32.512499	55.402415	55.591451	40.202007	67.222232
	32.392335	60.842529	22.597088	128.628730	-27.382689	-2.228052	58.489488	85.514483	-11.594249
	4.017365	51.597654	12.007652	121.326403	-11.147191	-12.961749	14.720354	43.356575	-21.357624
	-16.206545	50.773946	18.441603	45.673931	-78.078201	-51.772162	-23.423047	31.474172	-16.292338
	5.853182	48.668834	15.941012	46.590077	-50.689684	-50.441596	-24.996696	59.332020	-15.589640
	24.601934	44.139591	26.261994	48.935378	-34.556052	-17.102148	17.086125	53.324333	5.816893
	8.262202	39.141391	-17.217081	49.955432	-11.110572	-32.019436	11.779085	47.136056	-14.686406
	7.291443	36.264405	-5.655156	101.211646	-17.961022	-33.862139	3.784265	78.693251	17.503242
	43.506362	56.004407	-1.541951	109.664413	-11.981417	2.098057	41.081006	74.621778	57.039887
	29.135455	69.535336	-7.318373	79.909925	-13.657986	26.617203	58.108458	3.116353	67.861600
	48.832114	59.343582	-37.455307	63.364948	-16.535723	4.406785	33.901993	0.159280	25.552485
	16.206756	71.193525	-58.955770	50.975611	-1.535787	26.830259	32.775010	8.298703	-37.792357
	-2.245758	70.448985	-58.909351	52.111454	-12.376669	14.997125	-0.084982	-4.305667	11.389670
	5.457527	64.462374	-57.905624	49.534945	-9.071847	35.375664	3.236105	-6.854488	12.780225
	16.254955	70.403612	-22.825815	53.009700	-16.138305	35.082855	15.106169	0.586186	44.194167
	29.544546	64.609996	-5.180481	38.311946	-43.923012	32.726565	3.170733	10.802260	70.679316
	23.353936	31.246980	5.997076	40.375109	15.147981	55.444556	50.299048	5.597826	66.504604
	33.193886	16.363501	16.733668	29.594109	10.673590	13.724866	32.958968	-20.052312	82.500766
	-9.138632	12.920477	-4.355795	17.488779	22.976723	1.771392	40.825075	-4.474978	61.908845
	10.163905	-3.174126	-10.355259	10.255987	-10.236735	-7.034659	19.254827	-26.429957	24.875242
	6.510825	-11.821757	-2.015479	35.534467	-4.483647	-7.204979	26.356592	-5.518550	-10.122039
	0.992724	0.005662	1.996916	33.432409	37.504839	27.907865	34.017854	-21.003768	3.624548
	-2.868716	-11.428850	-1.366024	-3.206494	60.013204	-13.434926	28.246793	-5.886759	5.917725
	-39.669847	-14.556586	5.760774	-46.329634	66.422224	-12.602901	9.586557	-26.197792	-5.488039
	-38.873377	5.933369	-2.583370	-46.300537	0.987525	-10.027069	-11.100092	-6.646343	-63.223052
	-37.979807	2.613780	9.959542	-38.485230	-16.908189	9.772735	-7.155750	-13.962911	-70.480986
	-27.793408	3.381717	23.054352	-8.780556	-21.232467	37.910250	-27.565833	-6.017906	13.698660
	-7.983904	-0.968851	-32.374897	-23.025865	-65.972299	16.841496	-31.429827	-14.698880	-39.470449
	-8.485600	-35.173709	-6.764303	-34.758150	-76.654478	19.223862	-13.824151	1.421010	-27.584262
	-4.704268	-53.953993	-7.608977	-11.477571	-38.561761	22.613427	-7.152425	5.356354	2.418677
	28.039937	-32.633609	13.878599	-7.293030	-33.879335	35.469746	1.070976	-0.793235	-7.070474
	4.255222	-19.670977	-9.449440	2.548716	-9.719595	-30.943431	18.224762	2.008456	-27.367778
	-29.989964	-13.148471	-41.720562	-11.027944	-18.798337	-32.291494	-15.411481	-21.244778	-85.207789
	-0.430345	11.122007	-69.921701	-28.084023	-17.038335	-62.908815	-19.328573	-25.604356	-61.268121
	-1.233043	14.331890	-77.129976	-1.162158	-8.508919	-75.570714	-8.551989	-13.812031	-19.240914
	23.596374	10.128094	-78.658064	8.561773	-38.205209	-90.025046	-8.969508	-26.937062	-28.196122
	29.328216	8.985592	-80.039806	21.574643	-43.985040	-76.729861	38.659948	-15.138330	-34.545865
	5.636522	4.816642	-50.155155	26.426621	-35.277278	-49.069308	14.289576	17.343555	-32.814749
	-23.545331	19.984601	-51.397855	28.050370	-53.087062	-11.180045	18.987831	29.060902	-48.069251
	-46.080414	35.136225	-29.141148	5.340271	-64.617742	-41.546165	-35.246288	47.322589	-66.147189
	-25.648119	18.681769	-60.292956	3.779083	-102.494446	-53.494545	-42.163790	28.370872	-82.664786
	-10.336209	6.189870	-52.546835	1.760248	-72.644745	-23.737699	-40.156439	39.183069	-20.996902
	12.139453	4.234628	19.154854	-8.809526	-29.955810	-11.133736	-9.281577	14.659318	63.993631
	-6.728929	-25.308835	67.683898	-17.882811	-5.726045	26.126999	-15.448860	-12.687535	102.246404
	0.192471	-42.057587	103.141495	-39.686333	-29.773259	33.721818	-8.672403	-22.834134	78.745399
	-14.664902	-28.896409	47.883983	-38.258502	-34.184735	21.557298	-32.876124	-26.070822	49.961303
	1.051067	-43.915230	35.770115	-56.669501	-22.173074	-1.700715	-31.934159	-8.059069	31.725229
	-3.849323	-41.327118	42.386154	-34.753885	-26.431401	37.534383	-23.954859	-29.332482	30.128169
	17.130800	-0.239582	23.371121	-21.565402	-6.328672	22.602959	-22.040475	-23.709510	10.292412
	5.950448	1.598863	31.949022	-22.189106	-25.058597	24.269483	-27.963888	-21.421630	7.015747
	-16.503048	-5.709576	-9.659913	-85.779564	-37.715711	0.107537	-96.409666	-36.416565	-93.454089
	-14.128403	3.087464	6.518466	-84.570922	-13.183303	-13.484976	-57.885017	-39.937765	-30.217823
	10.999621	-7.994892	25.836522	-28.932415	-5.182010	18.121691	5.076029	-2.218315	17.760944
	30.593913	-44.706542	26.079947	-19.835947	-7.820633	-1.374075	16.377588	-15.047608	76.895714
	14.266516	-53.118451	44.326550	10.918864	9.684225	-1.852175	20.916827	-26.913783	97.048930
	4.163302	-33.644988	20.870597	-5.890343	25.797758	-21.851616	4.148675	-23.803057	107.557754
	-10.442826	-32.756793	70.248233	-71.939210	32.614558	-1.308943	-10.689257	-52.718031	80.373843
	28.153717	-9.533702	56.506546	-70.301388	60.234736	5.965484	-3.183797	-22.248221	102.436805
	41.070256	-8.421900	72.773928	-61.683924	50.240241	23.310083	11.645225	-9.855329	104.713479
	46.518994	-25.031927	90.351831	-41.519759	20.970539	20.124334	6.195698	-29.792193	106.096141
	33.173509	1.258569	19.905409	-37.923512	16.363026	-31.619029	5.916115	-34.375317	71.861231
	6.759799	9.573214	-20.431802	-45.466588	21.067080	-21.313697	-0.455641	-11.736534	-17.208593
	-0.280617	4.794475	-45.708550	-25.558135	8.356389	-31.219828	-5.255736	-5.876525	-58.801146
	15.246578	20.144018	-46.925134	-42.512975	25.335748	-22.606076	14.495237	-30.373975	-21.755634
	4.077479	18.303403	-50.012458	-2.015809	31.439366	-31.704413	23.120367	-37.287572	-77.223931
	-42.880642	24.849350	-69.768810	-47.738495	-17.731093	-10.878492	-33.914223	-15.097559	-120.694653
	-32.704540	28.970502	-54.407800	-36.934080	-37.605927	-24.483741	-26.876905	30.500001	-58.265241
	-34.218660	34.553183	-33.189513	-35.261423	-65.041165	39.932132	-41.348830	9.701823	-32.209042
	-18.765832	75.459745	7.978717	-3.116552	-24.303387	32.121486	-7.739647	13.303870	-21.061529
	-15.028012	74.421591	-13.341510	0.200421	-39.119273	-0.672347	18.040232	31.982916	-54.394080
	7.174098	91.804198	-20.670215	64.227371	-4.010377	-33.598694	18.146404	38.443651	-49.811013
	-23.124579	63.966385	-28.227966	67.697457	0.983655	-43.401485	10.933442	54.714127	-86.005168
	-30.993865	9.769055	-21.898217	42.283240	-5.088248	-32.507475	-3.440862	32.486507	-98.988464
	-11.977786	-18.582083	20.657130	-16.889541	-34.588954	-2.677531	-41.992920	29.795832	-119.686135
	-41.700113	-21.364396	33.542386	-58.730706	-13.296125	-10.452399	-58.516733	-11.916258	-38.261479
	-18.096646	-15.566842	-4.930405	-20.888967	17.560947	-5.118310	-20.681599	7.860640	-61.815962
	-0.762357	7.196247	18.674886	2.842889	30.420870	-7.770855	33.564292	10.608723	27.047221
	-11.629628	-13.587759	3.175857	28.887697	-0.076777	3.072532	17.237044	-1.308364	6.030699
	-6.156203	8.940716	-61.647540	60.608313	29.501057	3.476575	33.138292	41.167687	-11.023325
	17.550493	12.833679	-36.133790	55.438269	29.953460	3.494952	34.738362	11.472732	-9.751749
	11.400004	33.352961	-42.065042	73.026666	23.724026	9.626022	49.730191	22.630690	-0.318815
	27.029398	52.050876	-56.925865	86.243116	60.710717	12.438833	87.056104	18.684742	-22.157434
	17.638515	72.377610	-30.467727	115.833992	72.567082	-36.084643	102.840167	42.198281	-13.605622
	32.291402	73.378097	-36.052818	93.325139	63.954951	-12.514303	84.315985	37.764877	0.134654
	14.343202	60.799720	-20.808947	82.169611	46.237097	-23.148891	69.391408	46.986728	-46.865026
	9.112213	47.767898	11.864459	61.221383	35.045760	-41.599304	54.593279	50.869868	17.342564
	24.125281	27.006499	-9.259783	88.707624	14.837705	-45.852896	42.471169	47.099957	-1.440952
	14.025080	16.383264	-0.248028	84.678534	26.359643	-72.013970	52.004786	56.772348	8.240770
	39.129469	16.464605	-39.653545	62.877081	53.385124	-68.091321	38.550374	43.697768	5.855560
	18.750356	7.928790	-68.671520	53.810099	72.711827	-46.093888	28.565749	8.249345	-44.479004
	30.764303	-2.419623	-44.211349	14.173208	89.185404	-56.321783	22.167784	-0.257627	-59.457271
	-4.011267	-10.871885	-13.337929	-28.903228	74.233596	-46.798806	0.893799	-1.992221	-11.480890
	-3.396444	-36.419374	-7.159128	-53.320907	57.799468	-33.831562	-10.804608	-8.684925	18.111624
	-34.037915	-52.250533	27.538368	-56.564685	46.143656	-27.736378	-13.839132	-3.930820	47.651534
	33.048017	-3.600319	0.852682	39.660971	64.860384	-3.993926	33.292339	-12.903104	27.921438
	11.890252	-51.028409	28.622911	-18.337094	33.014794	21.539375	14.735308	-12.911675	56.974639
	11.167039	-20.738166	6.749179	-5.001965	-2.814209	28.764405	6.635852	-30.359338	43.091279
	23.900846	1.469190	48.462842	19.571364	-5.739872	52.693029	-18.465179	11.924706	69.794533
	14.240483	-33.432741	9.197311	20.053696	-11.237978	-12.360390	-13.485147	5.783530	55.338043
	-21.547899	-38.361406	44.909365	-33.567526	2.412334	37.857958	-35.568606	-18.438406	-11.356257
	-12.931179	-42.837035	33.570299	-22.819986	-7.969639	7.112358	-29.345861	10.793594	-25.303101
	-10.499003	-44.764603	-2.229722	6.465768	-13.126634	3.431072	-10.495892	-2.372341	-31.817242
	-9.758528	15.803021	-18.779322	34.085874	-12.301075	-30.506567	15.218347	1.158083	-21.915909
	-8.645625	39.630802	-25.582920	5.306881	0.966206	-25.317384	25.572312	-31.083130	-66.702908
	-8.526052	63.900425	-17.397726	17.792673	8.376874	-14.630492	20.416288	-2.566762	-71.478463
	16.449512	68.132410	-44.035238	-13.482122	-4.944448	-32.727763	-1.111043	-12.579445	-30.963202
	-1.476100	65.832081	-47.171253	15.479421	-3.159656	-51.778938	13.471605	6.723468	-36.825750
	-37.887062	14.587060	-43.859478	12.956395	27.143428	-29.004492	12.537164	19.857314	-45.494378
	-39.739718	-24.502488	-72.302100	19.246982	30.253735	-50.559833	24.482297	53.965537	-120.791687
	-42.672595	-23.058672	-74.038601	29.291522	14.353100	-27.960431	-4.544445	22.134715	-181.201968
	-28.771841	-20.244717	-77.940328	0.365228	23.630748	-71.473126	7.337388	21.667913	-133.530652
	-34.863907	6.397428	-40.025122	5.757587	8.688487	-58.281045	18.594213	19.995180	-111.956336
	-54.084523	-18.130585	-34.461985	13.002365	6.851858	-44.637902	-5.838023	16.977148	-116.214184
	-71.911993	-27.671399	-49.589750	-10.145468	-4.376852	-55.349611	-38.845165	30.489658	-176.305078
	-32.171818	-39.986768	-80.134537	-11.307219	26.297516	-67.244112	-8.124410	15.831542	-133.680116
	-42.307561	-30.979350	-61.142311	-12.323972	41.870323	-39.914978	9.362429	11.630761	-133.664227
	-29.419683	-27.375527	-46.380188	-11.877255	65.999400	-19.887161	0.715902	22.693254	-87.717006
	-19.946410	-28.499834	-47.270522	-14.580588	54.942688	-32.133907	-12.684342	21.848977	-49.249372
	-15.335569	-23.727235	-5.214246	-18.025460	71.124521	-38.899106	-2.270782	14.781973	-69.288823
	4.410912	-36.140536	-0.842100	-15.697670	32.121018	-10.754899	-11.238679	6.895142	-70.277227
	-22.273127	-7.393312	-45.206580	-12.204880	-1.158832	-22.989022	0.137929	7.310652	-106.237416
	-45.690186	15.565727	-42.444316	33.842356	11.077776	2.088655	36.356529	-0.424275	-99.438655
	-48.333859	21.158271	-27.601134	40.572224	8.916011	-22.316370	28.511192	19.008773	-128.432890
	-22.962874	-4.600842	-38.789157	35.362355	10.297993	-21.363732	-6.080922	30.501113	-80.106753
	-3.812795	-27.821852	-26.230156	-24.608038	35.108648	-15.736630	-22.193709	-18.566694	-52.264043
	-36.909056	-40.032592	-28.482511	-72.761250	19.308587	-5.090875	-16.588814	7.521878	-37.934369
	-41.355882	-49.770512	-36.330399	-76.409973	44.121487	-34.909942	-28.687926	-49.660090	-96.004416
	-32.196323	-34.335091	-45.312583	-53.681319	29.940954	-35.915400	0.234356	-15.967280	-87.878733
	-32.401727	-23.521620	-29.422103	1.120208	11.329910	-28.433582	17.874043	-21.221253	-64.385675
	-46.875537	-22.123204	-58.567547	9.233223	-17.498293	-34.547253	10.731165	-6.306546	-68.347548
	-3.054468	18.993249	-72.853703	21.451846	-24.865487	-23.430088	14.688342	20.296998	-36.578853
	-22.395986	19.637635	-56.048572	40.169406	-8.860503	-1.851902	10.719150	6.386287	-48.218099
	14.700937	28.813578	-19.819464	10.570739	-43.115322	-22.036940	14.082149	24.499150	-89.773101
	4.020324	41.204542	12.961669	-14.669933	1.294703	11.912414	-9.062853	6.197865	-49.576627
	-5.282228	33.868767	-13.346411	-65.355053	-19.054647	1.466508	-29.113960	0.300713	-65.234109
	-20.501131	8.393574	-12.351911	-83.185242	-24.478085	0.506757	-50.595672	-16.747282	-92.776022
	-26.738046	30.479964	-57.009106	-62.844375	-50.329862	-28.823339	-37.303937	-2.408119	-77.721759
	-22.903350	33.087417	-30.878888	-43.789224	-46.542901	-28.227109	-2.712561	-2.119646	-47.216318
	-6.231702	36.274499	-41.211024	-17.448172	-78.428242	-33.806490	-23.175199	9.960332	-46.779114
	-22.332590	33.561475	-14.692616	-14.994459	-76.572670	-18.514342	1.549430	-3.074953	-56.840261
	-36.522690	46.740084	0.418527	-14.053306	-69.608958	-6.890059	-33.447008	24.614315	-116.585831
	-76.540719	37.208286	-16.477235	-65.707687	-93.841110	-31.404382	-72.213751	23.579519	-130.725596
	-32.618951	46.675271	-25.686188	-64.665700	-80.029306	-46.069038	-42.003661	15.936429	-112.905322
	-44.900927	17.804648	-28.471746	-51.756618	-79.256059	-37.239094	-50.643403	-12.423834	-64.821588
	-32.251787	19.397904	-41.917278	-61.860261	-69.449510	-50.579057	-40.631113	3.068422	-82.829001
	-21.803258	20.196281	-50.065966	-10.181581	-90.040396	-24.743099	-36.485651	-6.710888	-109.704342
	-19.103832	12.380688	-33.446449	7.160774	-78.470183	26.298387	6.269965	5.168905	-64.314213
	-35.914328	-3.999549	-4.778986	5.560553	-75.744146	18.941778	-10.579813	19.234283	-39.655103
	-25.072040	6.795014	-14.812715	-7.200783	-64.121595	17.531385	-14.592275	24.782760	-59.487871
	5.527476	23.604632	-18.614457	-25.720294	-36.382043	22.619592	9.158142	-4.944859	-77.318490
	4.001470	16.817465	-10.868630	-9.844546	-25.608426	-0.626651	-17.899974	14.446166	-61.668406
	-0.867650	23.873507	-1.854329	12.837379	-59.013988	-36.980487	-34.135644	15.310579	-51.596348
	-8.073202	38.974415	-21.515664	33.783764	-37.682371	-21.720487	5.849248	20.791723	-94.507325
	4.092088	33.809958	-1.851257	69.070437	-11.734487	-20.856046	24.135300	17.444708	-77.937310
	-29.685485	8.236712	16.871627	73.485911	-28.717933	-9.049203	7.717269	40.672722	-89.333398
	6.517276	4.646099	18.924138	50.858417	-18.468321	10.022452	42.562466	24.234510	-28.732850
	2.372095	6.393925	22.918896	19.281032	-5.550031	-17.222341	-2.925105	38.321718	-23.042226
	2.572209	-7.727945	14.905651	-57.327689	-38.694837	22.576131	-39.519752	3.629659	-39.268740
	-16.651055	13.347177	21.482928	-56.485299	-16.480096	19.118215	-29.663395	-26.943684	-43.037421
	-18.451935	10.838210	8.034589	-43.841889	-35.529128	-20.774706	-18.104880	-0.468791	-32.168101
	-37.431142	21.284885	7.468450	-25.614741	-65.270789	-26.397559	-24.150556	7.156918	-62.658108
	-18.995273	26.438158	-1.200563	-28.941860	-52.293252	-13.548983	-9.768220	-7.168597	-50.297777
	-37.702043	23.074056	13.293665	-62.277133	-37.629198	-1.797158	-44.503923	23.992396	-88.586121
	-21.135391	41.589739	-5.990816	-31.447158	-31.483356	-17.488186	-11.137420	-1.629335	-15.517576
	16.846668	19.347310	49.774751	-14.215436	-1.583505	43.437512	18.065526	1.387138	58.871261
	4.251485	-19.412127	49.877872	-8.819796	-37.234989	38.769252	-4.161446	-1.594651	93.824725
	29.305886	-40.468305	109.530516	-3.016645	-61.214559	45.486812	36.367170	-37.622514	151.929200
	39.957208	-19.027987	87.461262	42.864478	-46.412250	77.113223	42.394268	-6.649148	126.113037
	11.354330	-58.974573	77.356468	-4.320728	-3.608629	107.366863	5.031774	-27.824795	53.651000
	7.116722	-54.046458	98.062516	-50.482924	6.449946	72.705176	-5.998426	-37.383185	107.011629
	-0.181357	-72.914746	98.319967	-50.094342	-13.977216	113.568378	-22.202212	-50.924962	115.433098
	2.037973	-61.759669	138.768371	-41.181965	30.319630	109.495161	4.829381	-34.430859	113.503411
	35.952996	-34.795147	135.765356	-6.482300	51.369497	99.612100	36.279207	-29.409080	143.533567
	32.869461	-13.689532	84.307320	39.094768	45.495394	34.554155	43.663282	-7.854618	107.285021
	11.966763	-28.122831	21.248801	42.928106	39.595201	11.298110	57.068909	-4.531831	29.445081
	-0.278619	-30.103683	-34.575348	71.245936	32.121074	-25.140667	55.559459	0.990847	28.796887
	20.660178	-31.710892	-40.639637	48.763767	11.863970	4.727794	45.366134	12.802768	11.081340
	46.946187	-23.764972	-18.800011	0.379950	-10.335530	12.122073	39.241558	-42.715804	40.388000
	58.556814	-12.331958	-1.669308	-16.410565	18.398861	8.473105	38.426275	-27.636258	75.606370
	31.344838	4.404248	9.612706	2.521626	-8.987610	-9.468085	10.228277	-9.651697	52.339528
	5.346376	6.638121	55.573542	0.570922	-35.787575	10.018669	-32.444118	-12.350075	19.703497
	4.517611	0.775848	93.937266	-32.693193	12.406195	34.232759	-8.151382	-38.929816	80.164750
	4.955910	-68.792006	119.357411	-61.219774	56.961597	48.269804	-9.298944	-2.625260	92.550740
	3.203836	-96.517339	98.012481	-53.702775	29.353240	79.131153	-18.301375	-35.555983	99.171281
	29.019186	-65.037444	104.400664	-21.372260	24.025972	105.176854	-5.336783	-54.687499	155.710691
	17.487670	-58.436983	113.742415	-37.109164	5.695826	99.292474	2.805055	-45.319292	126.747135
	12.639734	-31.830032	110.297970	-31.288226	0.976840	94.306939	-21.535385	-8.190285	73.508615
	-36.671792	-18.226036	99.678233	-28.311907	15.633034	92.011870	-13.739853	-9.248740	68.424359
	10.069624	-13.196999	102.748508	-34.244800	-0.129863	75.499957	-26.138173	21.370396	91.650201
	-20.326608	-8.110519	135.890308	-9.352744	-19.090479	101.735141	-0.148419	6.415804	117.186198
	25.392385	0.451455	97.819577	0.815093	-25.076346	58.330153	-7.428875	11.528631	118.348205
	39.837791	31.381591	72.817596	33.185832	38.776966	1.245857	35.297668	13.315863	78.730477
	15.678374	10.539812	21.363992	-8.602739	-11.930416	-12.961457	6.708232	14.561293	25.136471
	17.870376	40.058583	34.715822	12.772595	0.851647	29.780778	34.462512	-14.298609	1.066710
	18.071602	-1.002153	49.734984	-20.837494	-45.790485	35.380510	-45.019602	-17.112188	14.548236
	-11.899482	19.950061	-1.266986	-71.788027	14.534196	2.686641	-57.185291	-9.085848	14.599652
	-36.413438	23.784612	-22.247897	-44.692285	-3.945087	1.037113	-28.445692	1.313464	-56.831419
	0.032102	48.057546	-4.256617	-51.718984	-18.753588	-10.897187	-4.999124	-11.351914	-1.668989
	4.436613	9.211577	1.801368	0.097917	-34.024033	-18.013610	-1.405356	-14.894126	55.732578
	25.558048	-17.088461	3.393699	28.381726	-35.202018	22.149375	30.298694	-10.111075	50.178816
	25.821740	-23.216001	-10.070756	23.076655	16.084101	25.151349	53.505982	-7.759974	100.984967
	36.379461	-16.783850	-36.420435	19.216501	56.294830	-23.486956	21.311052	-15.366936	44.031710
	21.424365	-34.044285	-51.014278	-3.763995	43.639712	-22.331976	1.970195	14.257852	3.104661
	54.393884	-24.517469	-42.486430	-16.596548	23.222881	-35.975419	20.311086	-18.141128	15.312028
	8.926653	-45.686926	-3.732982	1.994423	20.006650	2.969825	15.230022	-18.660284	32.186649
	-1.797838	-35.575257	-31.712557	-1.483163	17.151505	-0.044282	-4.484371	-5.712294	36.037479
	-5.478926	-33.141277	-12.538526	-12.303951	35.630900	-22.207924	4.436988	13.937136	-26.571409
	-0.262700	-29.017775	-38.090213	-14.172887	-8.432937	-40.044734	-0.767136	-10.248279	-12.886020
	-10.618400	-29.319902	-51.224956	18.506789	-4.924341	-40.417164	-9.240778	17.954579	-51.519166
	-15.345397	-32.989141	-48.473985	-33.641916	21.690385	-13.442685	-18.989979	-4.164447	-32.946370
	-27.167985	-13.055339	-15.386317	-32.210652	27.113759	2.590048	-29.215803	-11.902448	-44.728232
	-40.447077	-3.453325	-22.310415	-37.642849	36.021837	11.399083	-26.718214	-16.730321	-12.257713
	-6.560628	2.114169	-3.874108	-20.755792	45.056541	20.411377	-28.778545	-3.631029	1.421363
	-15.368043	17.560635	-29.935897	-5.665704	4.614635	5.525297	-12.987683	11.986617	13.190814
	0.170987	0.364026	-17.008990	-6.869886	-4.617433	8.360539	-27.949415	7.817704	-8.492501
	-1.574616	15.874715	-20.933856	-11.205467	-27.124850	29.924866	-9.140184	39.478671	4.457657
	-0.975958	-7.291604	-24.298298	-2.708574	-31.195539	-1.091264	14.245555	12.900779	3.085821
	28.290888	-15.947698	-35.404966	-9.302918	0.442798	-53.483930	27.348413	-27.987245	13.168596
	28.949097	-4.151598	-27.141451	46.031254	17.387512	-48.701565	59.071035	-21.732476	65.776502
	33.186101	9.171502	-48.629452	73.911243	14.914328	-55.827739	62.520299	0.451573	10.804294
	30.972134	28.056983	-91.591821	95.355217	44.871577	-65.884461	33.968813	0.214520	-7.186152
	33.648743	55.499036	-47.832991	70.081355	38.594850	-79.967699	38.349904	0.639477	-52.277429
	21.751828	61.612068	-40.007792	62.977773	31.471703	-69.615062	39.697087	7.523486	-8.590229
	22.479011	60.931549	-39.260290	54.069378	15.392943	-52.998461	31.714272	12.181245	-15.967614
	21.706020	72.064030	-9.297819	63.004365	43.911659	-34.723562	60.239362	0.121526	37.572848
	53.339918	35.489218	-22.265852	61.346491	13.779404	-25.527454	40.218877	-8.735525	47.039653
	36.180467	16.225385	6.551254	41.655232	-11.457643	-28.194529	26.630728	-17.603808	59.897960
	14.632244	-9.803906	21.781989	-6.625112	-1.660674	-27.815136	8.865146	27.002082	37.108819
	6.301505	-11.652138	46.347215	-25.294913	0.021807	5.258493	-30.609470	-17.638819	31.328920
	13.676641	-16.171260	87.854458	-50.175663	41.330668	-3.780394	10.159729	-4.926003	101.514948
	11.736941	-16.976125	68.076018	-16.720485	27.369581	-38.243997	10.656770	-18.708292	65.600769
	3.106290	-13.863063	17.840380	-38.440764	11.098092	-49.574787	-2.334122	-0.122933	39.559064
	-6.265850	-3.466818	-22.509812	-31.467397	-28.213853	-51.620677	-30.607133	3.947884	-8.428079
	-3.249052	-8.937086	-46.907095	-41.225158	-21.919777	-22.214711	-53.949064	-18.702109	-28.854946
	-10.884172	-4.394953	-3.335275	-43.133594	-19.276363	-24.104751	-48.500571	-26.897103	-7.109743
	-4.604708	13.224580	-9.063681	-5.153994	-6.969448	-27.838448	-12.511177	-4.218542	34.847866
	17.280969	25.007990	-18.348083	34.008867	6.346298	-36.943065	19.715060	3.367075	37.899263
	15.385692	37.738115	-9.527906	41.511055	-33.707616	-4.456360	4.953774	-3.169976	45.726322
	3.471919	46.269377	-7.705027	-1.401086	-28.499541	-2.601891	11.867612	-15.918206	29.335941
	-25.368073	34.431408	34.398604	-9.340293	-16.770004	4.651257	-23.571784	-16.599532	48.315008
	-1.469152	33.884391	0.991003	-3.889854	-3.983471	-24.097056	7.917550	7.990106	30.200464
	8.327664	52.683104	-15.645722	16.240120	53.713746	-21.397188	30.821694	-5.414103	65.356034
	26.746994	76.955822	-44.836903	55.453511	38.295756	-39.984467	61.396746	4.298954	40.352102
	32.274812	80.858982	-44.910310	77.973765	38.836916	-29.764938	67.584507	26.199279	15.515102
	11.896634	73.783586	-83.204251	69.211403	12.793102	-47.952988	50.420394	20.202564	-14.010253
	1.334322	98.034266	-64.813111	74.160365	6.224009	-56.684852	26.780089	24.298652	-64.123901
	-19.514039	57.510646	-61.282349	14.851976	6.323108	-49.465861	9.328109	16.554277	-51.366059
	-4.753010	34.379616	-57.462871	-10.065184	14.828620	-68.769324	-1.776847	20.605324	-57.024818
	-9.671978	15.915075	-12.464380	36.301638	0.246034	-55.092524	13.413895	43.045315	-4.821284
	-0.435622	-8.578584	10.751148	20.520550	-15.831951	-7.040444	15.956892	8.510411	16.517107
	2.406571	-31.377208	12.614590	30.395268	-15.926470	-15.603115	-31.290784	-1.287835	33.479051
	-34.112587	-22.372440	46.362890	-25.332776	-26.913905	7.574636	-16.670244	-15.012982	40.939780
	-56.413877	-26.485298	14.871963	-55.596262	-9.256102	17.512802	-62.192970	-6.807239	-21.095101
	-36.443373	-58.604279	-23.725829	-68.031499	-9.185683	-28.589125	-65.528928	-3.833513	-60.977018
	-24.120652	-74.941884	-40.380229	8.689821	-48.847938	9.672123	-10.124950	3.719884	-27.032502
	-33.252343	-47.665686	-9.064730	8.522474	23.193056	5.453902	-3.875173	10.617650	-26.598788
	-27.927709	-34.991425	7.460950	26.233876	-3.137158	25.806562	-17.391650	28.311706	-17.707622
	-4.034851	-28.146596	4.837078	32.965079	3.982579	44.398187	-19.198195	33.239765	-44.253239
	-41.382666	-19.458025	15.938835	8.288935	-7.817963	29.675424	-52.486560	25.893249	-50.337492
	-0.502637	-18.614564	-13.007165	-27.917525	31.013353	38.542014	-42.373010	2.942723	-37.256332
	-6.857758	-10.673117	3.288161	4.627076	-2.470452	13.506551	-38.361145	11.958494	-26.019093
	7.956352	0.426549	-0.712433	11.286332	-18.435697	8.147797	-24.088194	44.159286	-18.566638
	-14.951378	-7.274835	-15.998277	39.366573	-48.020935	16.487725	-42.742378	20.297718	-39.590922
	4.717399	12.769038	2.012856	30.644958	-65.602027	33.518718	-16.208801	26.561104	-27.789368
	-1.799676	20.102534	-0.208002	56.063798	-68.039982	42.705793	-15.834087	35.121645	0.459699
	20.640973	29.717453	10.068171	65.771456	-9.423096	37.836846	16.377165	37.253781	13.490106
	17.246120	26.060323	2.864029	56.063771	4.720693	40.103802	27.640196	45.402677	48.551163
	3.078620	36.445324	-12.476383	24.205413	39.148011	54.478239	5.600459	20.791536	-4.570234
	-14.384691	32.726952	-35.397939	16.788766	79.256493	52.713072	21.178864	31.691255	9.815807
	-13.025262	33.348283	-21.295657	8.421625	95.693452	19.819317	18.812995	10.939166	-62.831303
	28.923046	47.912728	-39.861081	-2.633638	65.226264	31.933828	25.513258	4.631169	-21.520543
	0.227367	59.672207	-8.754346	2.925307	62.100567	58.403533	37.549458	-2.497530	19.612805
	43.764995	32.342508	23.973705	18.819297	17.183866	93.596178	19.516093	13.974697	49.686712
	33.766157	20.166256	37.964652	9.912306	-6.525261	118.722356	8.913718	17.050720	77.451626
	12.039321	16.737622	41.304998	25.181266	32.592049	104.182316	7.281555	29.052926	42.134618
	2.200320	21.858092	35.031648	24.662290	15.761631	72.759560	23.159416	28.880564	45.938088
	-14.805972	36.449786	-23.950897	17.655315	14.123528	29.209938	9.877741	18.407360	-60.594984
	-22.117292	26.020427	-39.000165	15.885079	-5.887727	-0.291341	-18.865920	-2.032817	-76.150007
	-13.651246	26.759091	-44.963115	7.731157	3.012377	18.743799	19.032700	19.497985	-51.519252
	-14.736046	24.457233	-21.696518	22.365446	39.576438	4.298106	31.172819	12.711594	-9.706434
	-8.130593	-8.718468	-19.057807	36.984920	56.815643	-14.217973	26.989813	25.605080	-53.036800
	1.596701	10.533863	-1.459310	85.442070	61.175023	-5.937704	52.865156	22.093631	-33.023095
	-2.044386	23.580522	21.555799	65.259269	65.460795	-7.984884	58.393342	7.845270	22.084325
	-10.403257	9.744660	-2.454555	50.226152	80.876898	-5.299454	18.014171	21.380631	38.273899
	10.782850	7.147515	-12.834434	-9.573991	27.690946	12.540091	-13.258512	12.336961	-12.367708
	-2.956841	-3.944350	-40.011542	10.010477	-1.868036	9.635972	-17.220674	23.437125	-42.701920
	-26.545674	-9.274189	-41.745631	2.293453	-17.650168	-28.146410	-31.467528	35.121463	-22.804617
	-20.716083	-10.029361	-43.604293	30.290872	-38.612910	18.275971	-21.639482	23.894167	-55.989849
	6.607200	11.045417	-28.379817	44.540516	-32.960648	8.479937	2.992217	26.764176	-55.322352
	3.042510	-5.817157	-29.412922	39.964025	-25.683739	19.705833	-16.069700	-14.387550	-51.367586
	32.476740	-26.502873	14.578504	41.030753	-48.460467	67.637832	-5.957284	-20.085858	29.455581
	38.368592	-45.201932	19.060695	44.521743	-45.021997	86.458972	7.798722	6.701323	90.461501
	52.628460	-42.099752	63.307449	35.209377	-30.349241	73.785018	25.755862	7.736212	125.829484
	58.529724	-46.286599	73.947273	32.467889	-58.033128	107.318428	-2.993060	1.858280	126.439399
	52.446983	-34.539614	60.139016	8.455716	-24.241118	105.021027	-0.886792	-15.723259	87.251745
	28.580760	-30.386998	69.307874	2.306789	-28.136476	131.240620	-16.148001	-35.132405	142.530091
	58.741838	-0.738454	73.283160	32.817054	-54.256914	95.929169	-1.885986	-6.768600	122.758428
	19.459459	6.245187	32.364377	15.737120	-44.844208	76.724410	-44.536676	-3.089371	3.638370
	-9.945316	6.040919	-8.231070	-17.256417	-13.452004	6.945179	-48.971841	-16.400808	-49.688730
	25.606805	-14.679742	-13.553964	-18.571820	-20.834963	-6.734142	-21.356118	-30.865389	-4.900159
	29.826229	-14.125589	-22.110111	16.861596	-14.684585	-32.799919	1.454091	-12.570901	26.847024
	-9.386416	-11.853414	0.058979	-5.106632	13.009545	13.532106	17.523750	-10.200986	47.045325
	-3.618914	-23.340032	5.612232	-22.949430	-23.884668	13.739057	-19.440859	-31.738437	-5.315954
	-16.297874	-8.710575	-3.744653	-0.110181	-33.299217	13.991243	-32.856049	-10.600885	24.080845
	4.172701	-28.397206	-0.570423	-15.289884	-33.672348	42.662948	-41.861219	9.664720	-4.434723
	-8.827235	-41.099779	4.152606	25.843414	-63.245458	31.801718	-40.603947	16.291412	31.965773
	17.480212	-52.160395	-14.964483	40.621946	-17.057443	10.311883	-12.269847	25.710005	-6.530854
	17.684482	-48.579564	-26.713676	47.731156	36.532714	-19.348033	12.329775	42.299261	-10.450014
	-22.183589	-26.763533	-7.366148	58.177828	-3.923009	-44.184559	19.648463	56.774100	-7.958802
	10.797085	-15.693366	11.132201	2.861208	-1.526389	-37.478801	-19.623603	40.633394	-35.692631
	-27.338097	-10.293794	-3.625868	8.154151	-3.815904	-77.657880	-9.180638	2.087079	3.843960
	-27.543034	-23.943603	14.647667	-65.297782	-56.255698	-31.228270	-74.482587	-8.512483	-38.329792
	1.389211	-36.617304	16.525931	-18.717807	-44.470855	-49.762038	-34.384484	46.035847	20.049304
	22.648604	-43.334990	28.633562	10.658215	-47.450294	7.569241	-45.916718	10.584776	29.700215
	-7.058926	-47.855895	56.960330	9.276382	-44.790328	-0.140291	-18.046264	26.078169	33.039063
	3.988404	-39.910850	37.200163	27.900010	-49.031657	-19.714772	-5.857882	26.584850	-51.634612
	-25.058449	-48.469152	1.798880	-9.113025	-7.314096	-35.291648	-52.437721	22.381272	-37.334080
	10.742615	-68.865252	25.381418	-71.094787	-22.738296	13.475142	-50.886513	-37.019686	37.021353
	-13.977850	-75.954002	43.028099	-111.338819	-66.764735	2.397622	-99.479293	-27.036574	45.460441
	-1.693459	-52.956193	65.707512	-83.369409	-74.442473	6.475453	-79.431145	-24.019998	71.616273
	14.661280	-27.057462	89.507281	-41.599648	-54.124919	12.519021	-55.800960	-1.347571	111.766103
	-13.481846	-2.835404	61.422020	-53.454884	-2.323102	-6.808192	-23.957107	-20.842762	64.178486
	-59.141658	13.245518	40.960346	-66.720506	2.509809	-15.811953	-52.706569	-14.074472	19.461859
	-46.398133	-2.378084	27.126766	-65.871814	-26.314903	-19.204294	-50.967001	-37.165093	-23.069152
	-4.877077	-27.563906	15.034305	-27.857196	-17.326355	5.508803	-34.486547	0.470889	45.383505
	-0.466533	-64.365283	39.122653	-2.291740	-43.639666	-14.360496	-26.315816	-4.658447	52.435405
	31.341125	-47.052671	24.675053	5.030638	-5.842094	-13.260740	13.118364	-13.880889	92.314947
	46.734529	-34.971632	19.086807	1.240454	46.175353	-9.494613	43.875875	-37.745346	144.028557
	-2.898180	-14.819871	-1.130889	12.336286	31.925281	-45.569809	37.354833	-44.359342	25.120596
	-4.003883	25.319835	-26.877664	2.683804	18.447695	-13.550661	18.862186	-10.671896	-55.538005
	27.372458	34.792089	-20.294887	11.429061	52.417037	-25.935925	9.511891	-32.814388	-7.332425
	42.652483	37.152904	-12.803922	80.610894	22.675744	-57.029302	18.298100	16.611283	-8.774189
	45.680003	40.050658	-57.685774	49.351700	40.072730	-58.594260	68.297831	-20.263771	14.892791
	36.305972	12.241033	-10.408283	27.392912	29.222970	-57.375118	37.662581	-18.826709	-15.447420
	23.579231	-9.092582	-27.531286	33.895606	48.713074	-55.185215	19.448466	-28.868819	13.387845
	14.601887	-23.254365	13.054065	-12.375894	51.504023	-42.921787	14.306853	-52.083059	-0.987986
	-15.654665	-28.694665	6.027315	-27.797834	71.281553	-36.009660	-9.303189	-12.613815	-40.274140
	-14.532648	-8.952329	15.493105	-37.006257	21.197095	-34.755135	-34.551481	-24.111199	-18.574234
	-47.282494	-26.946567	-1.663298	-76.893679	-37.373312	-17.334740	-66.444692	-20.758101	-11.350992
	-12.395363	-33.733704	26.725367	-71.273841	-38.170213	2.518001	-50.944942	-38.254288	24.378582
	-17.360348	-16.935345	18.562820	-28.188096	-55.347421	7.462248	-40.223253	-43.524948	29.503825
	-11.820816	-6.841342	4.621554	-18.737148	-34.311241	-22.397054	-21.897065	-5.729953	4.463927
	-16.959147	19.514778	1.197929	-16.402610	-50.972862	-30.342343	-4.630029	-4.590267	13.678020
	-16.274364	47.477063	28.625468	-20.526949	-35.746610	0.823211	-16.584792	-4.611920	-7.264395
	-36.910233	34.982176	-16.111274	-42.145567	-55.773806	-0.785223	-35.245835	-14.219444	-21.098305
	-17.535645	26.438941	21.295366	-19.008055	-0.048995	4.172043	-11.906373	-13.809674	-35.756799
	-22.582147	-0.567049	23.943542	-23.135863	-19.943506	49.896842	-9.781621	-11.593367	8.877092
	18.341314	-19.348994	38.437169	2.555868	5.823448	35.231913	2.822083	27.464916	12.681070
	13.949608	-20.996473	3.104864	27.591781	23.296150	11.819370	34.562791	10.223601	24.226993
	25.761175	-7.421742	20.568788	38.579745	28.703341	-3.226459	47.249834	2.751267	29.107725
	12.794596	14.273167	-15.412751	32.742238	63.733279	-15.896382	38.855594	-1.426657	-10.413139
	4.521386	-0.458247	-28.692050	17.262799	31.717667	-32.387399	19.443110	-8.028718	-15.979651
	33.941017	65.381475	-43.927915	59.803512	36.210624	-37.030642	59.657414	23.400830	-26.996358
	24.218740	26.904275	-16.356629	10.829458	-34.359913	-6.078444	-14.936246	18.790661	2.392002
	7.656549	31.162849	-23.916199	-19.622430	3.923474	42.364768	-18.611427	12.823798	7.052401
	17.515824	40.484652	-8.548454	-2.463651	-11.845702	49.860539	0.275931	-5.883744	22.749775
	0.588511	76.805797	-3.470705	17.814664	-4.367932	31.135696	25.779499	-18.458150	-3.147389
	5.387246	63.447145	-30.190483	-9.175455	-9.588454	-3.010667	46.499529	7.782964	-32.614717
	-45.763344	27.625839	-31.802757	-51.196466	-16.700394	-5.027936	-2.989270	-9.195677	-61.167702
	-22.631111	0.597328	-34.413415	-46.185499	-27.972958	-3.111267	-24.468984	-5.180567	-44.316594
	21.723741	-25.865709	3.055376	25.523718	-1.612540	54.376140	22.493240	26.043812	11.629581
	25.555969	-39.978930	17.325716	15.169738	-18.357058	17.737863	21.707251	9.229955	34.383107
	-9.532978	-30.251974	-17.347521	15.412083	2.529829	17.804338	-17.398219	18.085785	25.141410
	22.470618	-41.181277	-29.002243	-12.021355	39.797157	-6.612429	-12.168177	-23.353095	8.096973
	7.548359	-24.192930	-43.586283	-0.812834	1.135199	4.872294	-0.186024	-18.993157	22.613518
	34.274183	-17.465609	-44.372131	48.295035	18.183509	-19.483061	42.495135	-5.418246	10.165629
	49.889553	6.614397	-36.496196	47.360281	3.663221	-30.691765	47.084841	-1.255949	-28.775112
	16.972162	37.144988	-61.086834	54.999069	-20.654378	-34.084089	7.236959	1.888438	-10.325012
	5.643927	56.711270	-43.275463	6.954389	-16.528053	-31.789363	7.302294	0.536342	-19.460210
	18.520465	27.297079	4.603658	-20.519385	-27.200049	21.310548	-11.513416	-43.028838	-6.571696
	7.197407	24.115086	15.909318	11.996328	39.304058	-24.670891	22.678643	-16.039278	-2.222297
	10.979548	18.521848	20.207643	5.080909	-22.477816	-2.082979	10.462815	17.518952	15.205651
	19.315477	-31.342247	53.170755	-1.082025	-12.122849	12.479747	-6.233286	-25.104553	73.265482
	48.585649	-31.305177	70.007173	1.617258	6.521557	100.198607	14.902560	19.846127	114.444083
	29.961353	-19.559051	98.463118	30.665973	39.111957	47.901941	45.802416	21.284387	144.416542
	41.916885	-11.028249	23.290635	63.462650	59.788121	-3.837885	65.464716	20.495669	118.968057
	18.999350	11.762352	11.906066	88.840421	75.704889	-41.983224	73.881187	13.231826	89.622189
	21.580034	17.451576	0.358096	121.186750	79.589583	-40.015045	72.658137	41.391264	-18.715814
	-10.953932	20.645229	-45.487400	92.167241	56.848287	-36.806783	46.692077	37.140720	-49.896816
	-13.325568	5.708628	-19.598740	27.183817	27.187664	-9.338608	22.223659	26.121762	-16.854047
	-3.609710	4.073569	-35.929840	-20.458837	28.492188	-9.728690	-0.447330	27.587511	-30.992189
	-37.311879	5.378390	6.508409	-39.387315	45.588232	2.898213	34.821172	-13.176546	-64.638496
	-36.589250	0.957919	1.464803	-42.042774	57.312286	11.333297	9.037203	-27.906410	-82.148292
	-44.467868	34.470317	-12.109876	-17.330594	-8.685567	-0.332789	15.054429	9.004696	-93.113853
	-19.621178	26.527761	-17.460163	-29.848713	-31.011494	28.737430	-12.372132	7.064573	-74.160048
	-11.663785	35.642777	7.583329	-17.374519	-40.820119	39.615426	4.427467	9.063076	-55.242390
	-29.609148	31.011584	20.152513	-19.685842	-62.054573	44.303788	-16.286562	-3.563220	-9.346914
	-14.365379	24.175752	-32.159490	-10.987659	-57.265517	64.150933	-16.983901	20.203459	-52.421900
	-7.189657	-15.122838	-49.790704	-15.914167	-17.624929	11.183940	-8.887492	-7.456980	-15.816985
	-18.812097	-19.534235	-35.288125	-30.167927	0.460521	4.097034	-6.280497	-10.305551	-48.175321
	-29.855280	-12.528406	-28.278153	-11.635952	21.475899	-16.424785	4.924505	33.749183	-60.693083
	-24.552513	-14.372949	-72.605727	47.897133	11.114248	-61.484954	25.375778	17.194216	-57.196172
	-21.032431	-5.077565	-48.908898	-0.299516	-0.567602	-33.533978	-21.109583	-1.242825	-92.132878
	-16.609155	14.664834	-52.424724	-16.752682	-7.223914	-36.110994	-35.029573	-1.723117	-76.449819
	12.893672	17.432591	-37.856302	-15.365884	48.966221	-61.048103	1.443496	-11.781801	-41.234119
	-17.830079	16.623957	-4.600349	-39.115037	46.536951	-28.643813	11.006983	3.235817	-14.319414
	-2.536328	18.738289	-26.526767	-16.423753	47.568009	-38.720631	17.342093	-5.235449	-30.412216
	-22.810971	30.461949	-15.731674	-20.354282	9.611243	-37.862752	4.479195	-28.505085	-48.185379
	-30.055593	2.015752	7.218657	-61.122127	47.515987	-13.652549	-11.566783	-24.061509	4.638833
	-8.235653	3.190840	-1.579061	-29.784497	-13.723202	-29.788185	-60.798766	-26.555287	3.764287
	-27.743328	-27.174091	33.664206	-48.742034	-70.903970	21.449662	-58.327644	-8.680683	27.382726
	2.304749	-40.860031	59.667074	-12.165013	29.496462	34.638382	5.309772	8.679130	56.611728
	39.889700	-37.162904	73.357296	4.819302	29.155110	64.899608	18.490704	12.555807	88.737767
	3.499319	-46.192763	82.672304	16.068314	1.078624	58.106727	8.216482	1.162005	80.681920
	49.751940	-29.186722	84.763015	22.367794	-29.547713	55.634618	8.408097	-7.027050	79.187666
