	55.684629	50.833044	51.297517	30.892434	102.901424	7.387768	102.062595	-22.044159	81.009129
	49.856769	-5.235701	74.047436	-20.452154	24.586907	17.999984	45.177330	-50.542738	89.621631
	37.783212	-5.942020	64.896862	-13.277200	4.607454	36.298034	12.171923	-70.866231	32.465166
	-9.417308	5.983368	20.648750	-34.836049	-7.744914	11.511989	-19.637632	-38.684711	-20.145881
	-12.886118	-16.858730	20.903136	-116.904618	-25.557139	19.306313	-46.695011	-64.383137	-4.782033
	-12.134638	-17.331422	-26.158150	-119.733381	-11.929079	2.569632	-75.815595	-35.343521	-17.920391
	-30.763987	19.733093	-76.841207	-41.756430	-10.280463	-8.337484	-17.585755	-10.882406	-55.430077
	-30.356911	19.806203	-31.160735	-37.366074	-1.361838	-27.323786	-27.780389	12.045447	-54.103320
	-21.533037	-1.704446	-4.304147	-64.197837	7.794827	1.644835	-33.243083	-22.101834	-9.238818
	-36.101199	4.359194	-48.828459	-77.201214	4.741082	-15.654542	-54.989926	-30.585400	-25.195942
	-15.808675	-40.085231	14.059694	-126.574256	-51.400709	0.560696	-95.736831	-29.988387	-19.547858
	12.322926	-59.976571	67.248343	-117.077586	-62.701324	23.500970	-84.019088	-45.656742	21.846580
	2.965929	3.384758	44.409992	-11.107404	-25.606572	43.212496	-3.553838	-36.188911	-13.190353
	14.901237	-4.000820	47.420469	-23.252830	-35.298789	41.139990	-30.141420	1.321474	-17.173301
	16.743263	-45.027394	46.049443	-78.149151	-54.395414	41.248798	-71.754790	-8.057893	25.071592
	-7.286029	-15.799161	2.007745	-58.289187	-29.114165	-4.400174	-51.070663	-7.471183	-16.946058
	-11.620967	-0.181156	-35.210683	-33.844066	-30.890706	-20.568799	-34.834440	-19.257008	-24.750252
	0.771886	2.585607	0.263645	-52.254418	8.240731	-6.299951	-22.350972	-9.294146	20.923931
	7.754675	16.150568	48.521728	2.364299	57.977136	3.483218	30.775849	-35.403235	54.537867
	29.889439	17.419616	69.144407	2.479880	77.448315	-0.355920	55.200578	-26.363625	44.530127
	15.829697	-33.423517	91.896865	-75.956704	33.298198	5.684302	-8.898934	-27.066749	87.915344
	6.106381	-26.269144	97.500083	-42.646156	49.483533	21.258880	12.985655	-30.500922	68.779846
	9.324518	-0.191126	60.520795	-9.487499	47.574039	27.818362	6.961712	-30.839709	29.982262
	29.239844	-0.086486	82.646855	-65.833985	17.383213	40.246785	-15.652439	-31.866194	49.912182
	14.937888	23.468976	59.721935	-52.131773	17.317080	25.229797	-27.625589	-30.388842	53.944856
	12.297444	53.680924	50.049563	-33.001092	-8.676743	26.636725	-36.439431	4.591390	-22.820899
	-19.265208	31.112950	23.346406	-52.055750	-34.359921	20.025442	-58.118219	31.457426	-30.582347
	-11.207080	-8.407008	26.514823	-62.151332	-19.006245	16.896820	-31.362734	2.205350	-25.276773
	-21.603896	5.512384	-28.875512	-23.174340	15.698584	-23.505167	9.686723	3.628073	-32.122817
	-33.238984	-35.789512	32.951242	-44.290482	15.483531	-37.206111	-20.982632	-8.517406	19.851331
	-11.399171	-39.315162	68.738282	-24.760535	47.319980	-3.224769	44.746354	-37.895546	66.816785
	27.456825	-26.406488	41.647482	10.196219	54.782251	13.608715	103.131249	-12.555715	70.294933
	22.909216	-17.582093	17.257787	36.232251	57.496591	11.909542	62.766461	-15.256609	37.553416
	21.558538	-72.586426	-1.623316	-29.224476	26.981996	-8.175546	20.037347	-36.415546	48.925978
	8.349751	-67.879529	-21.632397	-17.605970	-34.952434	-29.366224	-1.727130	-37.349326	-57.650733
	18.609271	-75.146766	18.842357	-16.571233	-31.346796	0.763812	-28.062440	-38.126841	-49.350984
	28.175103	-86.629194	56.635026	-32.341322	-7.966747	0.048123	-32.612554	-22.549724	18.418911
	26.502196	-90.005187	75.059131	-61.602991	-7.054404	24.927722	-53.247479	-40.451187	69.209368
	51.373912	-73.414286	65.017824	-51.847873	25.548298	23.092250	-11.885007	-26.890301	63.870312
	26.692169	-54.813489	43.718343	-64.711374	8.495580	3.212795	-16.874859	-31.441167	75.265089
	30.393083	-29.133650	1.313146	-75.162937	-14.761959	15.746903	-24.890513	-34.455772	44.402463
	0.020875	14.907742	-38.532527	-45.261070	-24.511617	-20.180067	-34.332268	-5.991487	-21.285787
	-38.926032	37.136840	-73.014741	-12.066570	-49.738741	-23.941201	-53.686431	10.885854	-48.075946
	-20.971288	20.981741	-75.491953	-3.903382	-82.781009	-50.597582	-31.572336	-7.764776	-32.839929
	-16.565922	11.880550	-72.372125	25.712718	-84.481370	-43.233796	-22.122783	11.038265	-55.400139
	-15.328920	-1.256488	-67.137716	26.022278	-73.229924	-19.940907	-45.665954	28.588220	-19.026703
	-16.383433	1.938217	-36.754951	54.713795	-75.245656	-24.397097	1.773478	14.599311	-1.298378
	-27.133490	52.911679	-68.779394	123.696006	-29.677405	-12.024152	14.862349	53.302179	-66.526122
	-13.905906	75.006673	-0.140010	120.294857	14.861686	7.114495	8.243420	47.518163	-62.482224
	17.498926	92.365643	27.410704	146.130848	39.869512	11.822387	46.967557	54.492404	-0.525615
	32.201774	112.374578	28.078375	170.164607	42.152849	17.101598	77.379896	72.851419	-13.710503
	-1.182281	107.298389	46.504829	153.186227	36.042000	3.207704	61.489194	96.091417	5.883381
	-7.213416	111.375861	24.722081	122.733134	56.464183	-27.903542	55.975741	58.163828	30.132805
	-30.467502	131.259361	70.582169	122.542747	33.339879	-30.293599	54.513911	69.389966	60.156279
	-10.001161	112.166000	93.699339	127.572766	7.630916	-0.213024	42.112717	74.761634	53.494587
	-12.244483	79.228706	7.372458	156.243788	-22.948483	-1.399352	39.358812	88.564530	-5.243651
	-24.359638	19.212617	-50.763314	107.693673	-73.937547	-15.115884	24.948314	78.086129	-75.916265
	-23.751991	-26.262291	-119.928709	105.904622	-67.136881	-0.324134	39.600433	39.818149	-69.886075
	-9.016740	-31.906920	-149.325910	101.378053	-23.415292	-25.446998	57.706276	53.646733	-87.475203
	3.771132	-39.842337	-107.315009	76.084503	-4.051184	-1.467970	36.895983	58.898219	-35.415186
	53.242642	-48.526049	-30.069445	77.787818	67.853140	-0.594410	89.440023	5.011956	25.092260
	44.212238	-8.772507	-21.400055	85.686378	89.567484	13.815472	115.569753	12.245225	25.136522
	58.172195	-5.438316	8.571013	88.572055	88.823351	29.251511	81.089818	49.560598	35.014026
	90.272316	-25.397697	-12.852236	80.316360	105.018394	54.824387	100.241818	3.816760	80.025721
	60.848856	-17.635243	-57.469784	54.937345	72.992216	30.314732	64.033438	16.392928	-9.082602
	15.743794	-37.304341	-84.703124	58.375033	-14.522101	4.211354	-7.569681	31.303596	-5.169440
	30.337111	-46.592048	-82.357456	71.023773	-57.575223	-6.178965	-17.798792	7.179000	-65.789830
	3.935048	-20.892351	-89.519881	97.072321	-57.572223	-23.772384	21.332475	35.900518	-42.820554
	-24.677122	-14.110214	-96.707045	38.117206	-55.000774	-17.184002	-49.762508	23.515553	-55.255080
	10.436416	-5.193539	-80.824261	12.160844	-42.906229	-29.040066	-34.991902	25.570197	-7.553709
	-1.768892	9.690769	-27.353138	27.273717	-22.907872	-21.153691	-20.512350	25.070132	-10.461394
	-8.032746	30.965694	2.772378	35.322039	16.716608	-6.440267	-7.917837	13.533285	16.276700
	-2.438073	-14.860936	41.456698	33.257177	5.802703	11.551480	9.828341	20.845628	28.400126
	25.423117	-7.568525	8.898798	58.079952	-20.489521	11.493929	17.694328	24.707096	-18.935587
	-1.427808	-19.721819	7.339071	27.651420	-50.382386	20.720825	13.412363	18.414756	11.717309
	-2.755299	-41.923018	-39.112766	-5.491287	23.289847	-15.018014	-5.255226	28.635756	28.176881
	-35.212966	-29.763805	-87.674123	-35.773507	26.312256	-28.851615	1.114762	41.383255	-10.874694
	-46.146415	-17.795146	-94.305152	-32.654813	57.233152	-41.061362	-9.366823	24.268677	-43.201280
	-46.324174	-7.998665	-46.939520	-38.487060	58.180114	-48.153615	5.533576	27.019176	4.075665
	-25.641515	10.993882	-33.192998	-3.695300	34.351037	-23.531320	15.522904	39.964511	-32.826897
	-29.292497	21.046452	-39.010428	6.543801	19.433646	-17.536669	-0.813193	28.090389	-34.806903
	-30.989528	-8.236487	-48.512562	-16.195201	24.675747	-20.634409	-8.416775	-1.060906	-14.061230
	-40.390751	-13.583697	-57.436640	-18.147583	25.559820	-19.089196	3.356023	16.622281	-35.057013
	-32.539787	-16.205675	-60.908773	-54.047807	29.301398	-22.103573	-21.569844	-5.769446	-42.688761
	-50.536061	-24.188934	-65.686383	-44.874488	15.887053	-41.479817	-2.418544	-2.268307	-61.737681
	-41.927961	-4.474218	-36.659029	-25.160347	-23.438382	-37.620391	-17.582472	-4.735073	-79.198027
	-32.732563	6.003518	-21.728042	-1.946911	-29.360184	-16.429253	-0.689804	-6.055748	-62.523792
	-53.372706	2.675588	-3.958072	49.699767	-91.985182	-21.630397	4.498681	33.947581	-76.419580
	-36.723519	31.764453	2.525531	79.542665	-101.539134	-21.279309	23.415797	31.118365	-38.566335
	-15.732638	41.302399	28.125511	86.222927	-41.649808	-39.720739	45.007801	17.624961	24.799328
	-4.408069	71.103058	57.456856	134.112454	-27.389670	-26.369765	78.466054	36.102011	56.537477
	33.321353	103.562510	70.628772	173.723296	41.535795	-1.007689	130.066729	25.060528	71.220903
	54.862994	110.912945	99.011370	132.757729	67.080537	1.366988	125.227054	54.718679	82.952370
	79.455805	75.536544	99.011395	114.997122	63.760814	16.263934	148.261253	-10.365000	109.187077
	104.120400	38.713659	102.071756	89.880799	60.480909	45.136019	105.450383	1.697495	109.591034
	75.982946	-14.820132	125.845185	-6.938779	40.011468	32.808467	55.327929	-28.391747	158.045922
	73.073902	-56.775006	70.036733	-34.773414	88.239188	27.810324	91.664177	-52.968687	101.676711
	90.540148	-105.929760	160.115088	-38.972613	66.283451	41.192408	73.949592	-77.984821	223.509977
	107.554477	-89.338441	201.904355	-37.084195	64.042471	76.322276	120.539356	-89.997717	204.438261
	66.849354	-87.029785	150.695301	-86.055763	67.696717	60.059885	64.362511	-79.967549	166.140519
	21.859137	-97.913262	97.279479	-118.051336	32.796375	39.448779	21.411669	-93.843906	116.930545
	34.873138	-90.048707	53.010709	-101.440208	12.870122	29.423688	-5.186746	-76.740135	70.846585
	19.421816	-88.637779	51.981847	-77.010344	-2.698124	46.212154	-16.558136	-54.862775	55.899713
	37.303347	-21.053221	-36.051934	-4.439075	15.608655	41.140450	33.911754	-36.768899	21.145865
	36.971060	-0.244023	-70.175985	15.135155	-18.925306	20.290468	14.347860	-11.027205	-9.652393
	11.812582	25.898749	-43.617485	-12.008879	-32.148541	-0.086976	-40.186795	-3.426197	-10.033679
	26.623860	28.445288	-22.299974	-16.306926	-26.417366	-13.480111	-39.816364	9.791721	-2.017468
	-5.771774	23.322556	-18.863275	-51.259362	-44.755920	-25.711924	-45.997845	26.212436	-55.320191
	-3.759614	17.088736	22.044774	-26.953319	-42.552294	5.086547	-69.139882	-5.989694	-34.406792
	-9.774677	14.881278	11.823301	-39.892693	-35.008704	3.390838	-56.379466	13.856986	-16.045935
	-17.547682	59.843500	-10.002633	-7.742747	-61.128242	-2.273854	-76.328521	13.759598	-84.044416
	-4.193038	79.465650	-21.106724	62.416557	-42.799303	24.980779	-17.302388	33.529521	-86.643125
	-34.631791	79.233752	-3.447251	48.837979	-35.586781	4.634009	-63.789632	20.176784	-105.743882
	-21.610805	84.594432	-2.997573	18.830081	-13.772225	18.862610	-55.110660	29.840043	-57.574287
	-12.289386	120.132212	-38.272061	81.972719	8.823099	8.527390	-14.988373	47.931619	-99.496190
	-40.202949	125.971816	-32.518633	57.343072	-19.817912	4.373520	-48.815794	56.426113	-112.972680
	-20.692750	130.012611	-12.119946	51.246643	9.460623	28.851164	-6.162982	17.569248	-35.770854
	-24.228702	134.160683	-4.625572	22.237329	-25.189516	18.213479	-26.769331	33.650593	-78.223643
	4.995734	90.368523	18.955315	-29.279471	-30.226418	23.028010	-35.157873	20.968471	-40.789632
	19.920716	13.348225	31.287394	-47.303212	-21.685711	24.805691	-38.698605	-14.133394	1.680335
	-12.936522	-35.049478	15.065556	-93.910810	13.827183	8.269098	-75.169501	-26.325950	-24.470999
	-1.333247	-33.307265	-41.766725	-78.284413	11.164244	-7.111028	-57.840874	-10.396042	-15.630462
	-58.437294	-32.587796	-47.534028	-89.525905	2.415422	1.019968	-92.602370	-7.111304	-39.683650
	-47.490375	-44.136703	-27.205705	-84.888598	-44.556499	-3.108560	-85.430340	0.330870	-40.977973
	-14.567818	-41.454305	-16.825245	-51.590474	-38.685426	-0.706583	-68.610626	-4.944047	-18.898402
	-38.101239	-47.443677	24.127236	-72.446082	-42.775161	9.711933	-56.331226	-8.042773	18.719920
	-2.087411	-49.114519	43.287072	-63.996888	18.317053	23.489503	-42.802478	-11.028575	51.610999
	-9.744390	-43.235675	0.656551	-77.544157	15.409624	16.169483	-46.878643	-31.992035	16.544352
	-21.844339	-70.193265	-5.546046	-103.030688	-3.940034	-23.909866	-71.787396	-15.117742	-2.880847
	-48.872220	-82.048425	-24.563968	-100.387541	-32.705252	-9.568681	-76.209137	-22.465216	1.811370
	-37.047332	-72.238987	-11.489976	-43.851170	-63.636927	-19.304623	-80.414904	-2.464600	3.871163
	-17.558552	-59.382197	-30.071300	-55.797791	-78.107172	0.843807	-74.975538	-1.624254	-5.678248
	-15.681296	-25.557109	-0.119609	-44.918835	-19.036614	4.393559	-25.405440	-39.627121	33.408233
	-4.334557	-24.871110	-17.329531	-62.238283	-8.347062	-21.711891	-42.802519	3.316676	4.851745
	-27.028541	-17.533868	-21.100411	-83.059100	-41.649597	-30.830736	-71.042205	-2.589716	-13.677312
	-25.843122	-38.597872	-32.205449	-123.049348	-51.826241	-22.495629	-74.702161	-30.421440	-13.490085
	-19.007756	-78.066863	-38.541805	-110.333458	-64.937879	-38.939951	-85.240733	-38.767541	14.327146
	-48.332283	-107.130685	-33.286865	-104.176050	-87.240455	-20.584962	-76.703471	-37.099000	-3.153579
	-36.703920	-115.783778	1.421111	-110.833960	-18.226544	-27.470376	-40.433736	-67.357609	76.438254
	-18.517563	-117.087477	28.465120	-72.860550	16.458852	-23.658368	-4.014473	-52.589337	93.378983
	-8.312354	-85.157360	14.879178	-47.470673	23.118060	-17.075348	34.608720	-57.804453	87.876769
	18.856727	-66.354729	32.658351	-62.792350	51.810243	-3.029933	41.995689	-55.535812	104.480092
	27.885987	-40.925136	27.682383	-49.615892	82.377773	-16.390553	45.941963	-59.180039	121.474542
	-7.927542	-17.765369	-2.070511	-77.793875	56.714439	-12.366431	-0.325358	-44.788743	35.915585
	-38.698811	-27.066229	-42.529153	-118.082132	13.238103	-36.057827	-66.817065	-31.506675	-9.235759
	-55.372162	-39.370398	-45.025169	-106.301493	-32.917548	-41.805024	-70.543418	-13.099517	-16.968143
	-68.182815	-52.102334	-63.386905	-92.476512	-64.903901	-50.260612	-88.617130	-6.768262	-31.639823
	-71.115996	-53.980270	-77.736770	-28.300410	-92.705317	-57.041290	-41.705486	-5.886309	-59.450218
	-48.936004	-41.289728	-89.750305	35.082118	-67.384960	-44.971091	-17.274470	12.188335	-72.860434
	-61.421627	-22.099748	-117.262783	45.352451	-47.721006	-45.545202	28.954524	36.330936	-112.947678
	-38.313883	0.530400	-68.111900	78.584402	-43.614560	-44.548524	18.206021	45.120731	-108.641796
	-11.848278	24.845848	-33.318092	59.052062	-18.966815	-6.246099	47.205996	48.488701	-56.386909
	11.982361	38.092150	-37.442481	57.902709	0.139306	16.649523	26.613979	45.926920	-35.706714
	5.523398	31.521842	-19.339641	57.274865	-4.853454	13.354013	24.648301	31.890748	-28.762333
	0.623929	52.321108	-29.470645	34.739945	28.651084	5.023616	34.258082	43.682979	-30.540356
	18.546725	36.791650	-7.285710	48.617724	30.895252	34.121292	61.314256	18.246125	-29.335501
	22.072140	42.155597	0.720324	69.037637	51.119062	31.614578	64.101634	47.327177	-1.435805
	13.748269	40.229237	-13.671772	88.644857	46.050861	25.660988	91.928189	48.227729	-24.375039
	64.481919	14.732034	2.117595	83.189481	50.324275	35.818773	96.021496	33.525979	24.642490
	67.486933	12.175954	-20.616338	117.659216	30.139622	43.896840	110.920401	28.266297	29.860534
	68.653330	33.269895	-30.191135	123.303219	47.364974	21.019771	109.799411	43.703841	-8.664953
	48.175499	2.786814	-8.971359	76.301815	48.514626	13.012259	76.257961	15.887274	5.631888
	65.600109	6.653944	34.119590	80.420431	27.915156	22.776381	76.586794	3.872498	34.374210
	54.860564	29.610205	29.624174	76.794730	49.583708	4.253729	76.066577	-7.325382	29.419123
	35.234153	-6.798991	25.783153	16.323998	51.277056	-0.559869	36.289098	-17.800394	49.751882
	23.063281	-27.005145	12.766925	5.850339	60.001117	16.822039	19.355936	-39.658786	40.066100
	-20.028156	-8.916185	42.578582	-7.437558	52.888967	-9.077946	15.093488	-34.934266	23.207910
	7.007306	-20.172384	88.965491	-35.864197	25.106355	13.102513	9.210995	-51.419320	13.793882
	0.740219	-25.681317	74.811360	-10.193154	-47.007722	22.859907	-24.951457	-32.212172	28.531928
	2.063542	-19.322387	73.426975	-18.100491	-96.865476	22.260021	-89.854689	-6.081271	14.248023
	13.145729	-33.314761	63.864457	-49.935998	-82.335148	36.153297	-83.445798	-8.268986	13.573683
	-20.420278	-33.568469	53.479202	-40.288769	-63.739961	19.944391	-83.369227	-6.422527	-19.998770
	-14.599958	-41.006787	13.158485	-60.659697	-62.830058	0.283437	-57.196627	-7.336187	-15.441529
	1.430195	-34.060604	0.189967	-52.553788	-38.397426	-15.656072	-35.391844	-9.039233	18.402060
	-14.892623	-9.933453	-28.339783	-11.381563	1.919423	-17.179531	-47.555274	-8.008966	-1.376585
	-14.803883	8.032700	-6.487582	-25.320580	7.742960	-6.073853	-27.507431	2.540888	-14.228236
	-13.445015	45.864489	29.398225	-14.701807	31.225406	-0.191009	-5.909931	-27.748573	-32.899562
	-8.057292	76.707088	9.873444	-24.593581	23.103767	11.637657	-10.971449	-9.989702	-57.926932
	-21.567769	73.769178	-20.540230	-16.667111	13.282892	11.454997	-8.831101	-4.292748	-65.563000
	-20.183956	82.097325	-40.628036	-0.601576	21.402756	-1.580560	-23.206873	10.209264	-65.316321
	-19.233296	76.150178	-37.342019	40.916472	28.072254	-14.894096	9.842181	25.357459	-26.737634
	-6.413846	62.986911	-34.039204	22.177106	55.899748	-25.014583	30.010550	26.049765	13.887199
	23.368390	43.903857	-19.528480	47.218028	48.981705	-23.958553	51.403531	16.507806	17.468131
	32.377430	43.580102	-27.510884	48.822310	45.136412	-14.317353	59.679047	5.897467	6.482836
	8.672945	21.327918	-20.676712	31.426031	90.257358	-16.852746	83.621024	-35.556771	41.015640
	25.048718	8.440747	-18.349986	19.606397	74.787656	1.057489	80.539482	-37.233693	5.574184
	-22.614823	41.166596	-19.923923	5.203033	88.373192	-11.799954	74.847241	-34.551272	-7.728132
	-24.620012	29.994266	-44.835282	-6.051538	102.262283	-37.139624	62.183896	-41.664716	-17.022422
	-31.130039	43.732841	-88.070145	1.390589	89.263068	-18.867847	42.823880	-47.484585	-33.362465
	-51.369386	67.782530	-102.784636	-15.436181	76.980537	-43.160889	21.123386	-19.084589	-70.379123
	-58.443346	60.583793	-81.308507	-8.778859	64.711959	-32.484702	22.048691	-38.642468	-26.550400
	-6.582822	74.887040	-53.699525	-7.322044	74.651251	-11.904889	58.162293	-32.002529	-17.309168
	-27.828131	52.020285	-31.090565	12.687174	5.133774	-21.825556	41.205690	-42.731422	-29.716875
	18.032622	32.138717	2.148744	-27.289032	6.559783	27.765465	27.172693	-33.313251	5.596975
	17.252302	-6.911855	7.743591	-63.721056	12.764145	40.465865	11.554018	-25.611035	16.014698
	10.745044	-19.125226	32.394208	-50.352765	47.452171	36.450965	19.709574	-39.157439	35.367028
	6.705375	-14.393479	39.561319	-41.780631	75.930196	40.680202	28.565578	-25.197330	42.291737
	21.648158	5.318975	35.472391	9.297527	90.318932	22.614990	48.842640	-14.416681	30.852425
	22.819019	-9.260362	39.777380	-8.192777	104.591080	-0.370546	71.490624	-44.410789	43.262297
	2.844879	-27.352346	27.474674	-42.073570	110.527564	-27.791063	48.333654	-39.843084	23.820945
	-19.540820	-16.304354	-13.618659	-14.359980	102.018064	-34.228302	52.487012	-20.423254	1.125067
	2.300774	-19.663181	-17.955892	-31.988382	86.962421	-16.990133	50.295110	-37.700373	15.282301
	-6.406839	-27.631731	15.143109	6.037189	19.808834	-13.577493	24.684124	-29.160160	11.665554
	28.852856	-22.818146	3.923774	30.163176	-36.256448	-5.489923	-1.824745	-8.926440	17.739074
	38.640887	-43.914798	51.221281	27.699411	-75.287345	14.837153	7.879587	-1.212870	29.734333
	45.822051	-53.126729	15.512435	32.359686	-98.182989	28.806592	-9.416532	0.062545	43.423468
	42.320192	-41.036317	6.656414	56.421995	-86.333710	20.667034	-5.429376	32.157639	10.205449
	16.047788	-54.451814	-17.606717	53.270060	-91.759850	11.713927	-10.490052	-14.963408	-8.947530
	22.984105	-29.401659	-13.682343	64.784679	-77.100958	-25.045037	7.728092	6.796027	-39.968913
	36.004585	-10.709800	8.960242	80.319568	-92.649322	-10.886490	-1.836083	21.470558	-14.904349
	44.866137	-11.583137	56.571462	65.936358	-47.982406	30.208973	23.238012	23.589369	38.642352
	32.755737	10.665867	83.167024	77.525841	-19.608424	30.313168	28.240672	10.914183	79.163647
	56.610841	-3.689956	74.225224	31.072587	9.659863	31.375413	38.581537	-9.592626	82.295880
	66.727108	-21.364477	115.503091	-9.420753	13.519917	67.024991	38.233758	-40.476493	138.923043
	42.267620	-38.995600	117.105842	-46.373794	-7.727235	27.840195	4.142261	-49.814218	80.409280
	45.542138	-23.055420	88.286815	-43.735769	-62.756145	35.115952	-10.140251	-57.810517	76.006200
	51.638265	-22.678761	50.454044	-34.900677	-38.839493	24.099389	-14.811235	-56.342600	21.059713
	14.409724	-20.371419	6.268742	-59.695680	-67.849876	-9.211402	-54.523961	-38.548047	-19.073211
	8.419371	-12.953933	-50.429044	-30.067387	-50.317211	-22.163596	-50.691229	-7.827358	-12.050060
	0.654326	-13.442645	6.717433	-34.813233	-52.595469	-19.606444	-42.986116	-17.889380	-26.940600
	-13.477015	1.626184	18.118777	-26.990583	-34.580295	-5.356399	-69.963697	20.999907	-25.429302
	1.079429	19.301503	23.684960	-0.845557	-48.193914	32.180731	-71.594669	32.328234	-43.752329
	-10.505632	5.302533	28.189300	-37.838010	-17.683382	14.144802	-73.763250	19.361588	-40.451171
	-23.834525	3.471624	1.631893	-74.538119	-13.203468	41.475294	-112.132410	27.291917	-36.514015
	-17.318149	-24.516133	8.418075	-98.252808	-3.992892	14.612902	-82.010054	9.266985	-7.317011
	0.216823	-43.102753	18.253935	-107.123963	-4.340357	-4.579232	-51.657660	-28.887224	-3.827560
	-2.748511	-64.284347	5.975815	-74.144035	-5.656111	-33.639199	-15.344339	-45.812529	-4.831210
	-11.768344	-55.777236	13.227923	-28.136410	-12.071831	-4.599920	10.650487	-42.498358	8.920460
	9.042462	-45.019192	2.023833	-29.465674	-5.794152	-16.556117	12.809432	-44.585262	3.588447
	-2.067694	-15.271114	7.392160	-6.516863	-17.198934	9.983945	-13.085342	-37.282014	1.969272
	-18.873765	12.580728	12.713565	-13.422316	-67.555143	6.152208	-59.198979	9.239258	-5.633596
	-31.708347	9.663478	20.677421	-33.508855	-83.461594	19.841329	-60.475008	-5.369657	-7.280377
	-47.062912	18.317485	54.056030	-14.204667	-90.559843	6.634961	-86.474436	18.990156	52.415661
	-38.979219	37.087482	56.930447	1.931315	-19.582643	-9.281945	-57.370287	26.531643	59.780805
	-31.497762	10.542453	67.437306	-10.925720	-16.062476	-7.678759	-30.411059	23.369192	53.849586
	-50.929583	25.022464	34.005850	-26.396443	-8.151542	-10.012726	-47.684909	20.936285	26.798792
	-52.949810	57.209419	8.314701	-16.471278	27.405939	-14.051864	-39.746781	38.870061	34.613933
	-36.786260	36.901211	-32.235642	-41.286263	31.054470	-6.907719	-42.965703	-6.777341	-28.197577
	-33.222490	34.671338	-43.134251	-37.279550	-7.543724	-16.826998	-62.145096	36.485853	-27.172951
	-31.059335	35.562824	-19.339053	-21.540762	-18.454220	-33.697684	-60.986389	32.507899	-24.694844
	-33.844687	12.705396	-42.223551	12.978101	-29.334951	-3.373929	-40.641817	27.880861	-37.082968
	-5.443594	16.599231	-16.231363	46.240706	-45.820852	-13.776108	-16.599955	53.311512	-31.463179
	-5.686582	18.086195	14.453071	85.162806	-40.282196	21.410218	32.440996	32.083207	-13.030497
	-13.098864	26.114918	28.056324	125.467585	-79.827466	11.682737	43.973587	79.110199	-44.374136
	-24.740131	40.535063	-3.965950	147.754705	-114.158376	0.069298	-7.471055	73.960424	-94.061403
	-13.411361	29.417219	1.536365	141.233515	-127.361635	-5.727136	0.525684	59.846125	-75.461135
	-11.095709	23.347208	-11.194748	89.107427	-109.779775	-17.237087	-4.871429	67.234739	-28.083300
	20.762670	16.925425	3.237804	75.927938	-61.713639	-7.412077	26.764228	65.158786	2.527528
	22.951289	-11.891715	-8.229393	82.346974	-44.219377	3.350958	24.574157	52.187924	-0.083412
	34.757016	20.732384	-6.343136	115.084371	-18.524574	27.572179	82.412977	45.304354	43.720005
	52.436581	47.606763	11.335796	133.944084	33.264263	22.283369	103.684409	24.178668	22.005138
	17.757877	59.697107	-21.987848	129.800192	15.978119	11.044920	89.786758	36.908550	-53.648505
	21.484491	81.609171	-2.327835	140.549492	2.606188	-5.664517	97.968271	38.392303	-58.615377
	9.455539	98.430711	7.780345	117.096589	3.784671	-3.982600	68.332608	35.848422	-85.851917
	-6.321668	86.777199	18.992905	79.213298	-23.535747	-9.704984	44.806926	32.925663	-75.316214
	8.951733	100.879855	34.482310	49.031645	21.752123	-17.436433	44.959064	31.181605	-24.854655
	7.131088	97.438325	8.223960	46.152715	32.322602	12.639403	39.830246	21.805945	-1.788999
	-11.535957	62.289135	-52.860571	26.678983	27.488024	-13.862337	15.423162	33.398420	-53.148045
	-19.467996	9.292386	-67.119818	3.709432	7.139902	-24.616560	-3.367315	44.638252	-41.946444
	-27.326553	-13.355588	-62.158740	39.749992	31.909773	-24.900994	5.688436	6.261527	-65.829383
	-16.161690	-31.528283	-67.549340	17.101000	16.161756	-23.127439	13.892952	28.581815	-86.167006
	14.085294	-2.177630	-13.951854	59.722878	59.861052	-15.060369	57.799966	44.492158	-80.723494
	12.599563	-6.722888	-44.528980	21.242483	77.464558	-11.320866	52.849536	6.796713	-29.759635
	-7.052697	-2.570632	-76.464740	4.527960	69.910184	-22.104128	27.408984	23.463144	-58.589778
	-25.906862	15.465641	-123.574204	-17.501920	22.498571	-32.581620	-10.303186	14.369454	-100.411972
	-35.771279	-8.714824	-86.663432	-39.393954	1.496973	-23.017360	-16.462508	27.639472	-100.589671
	-48.503258	13.028567	-56.168464	5.532872	-15.317713	-34.946199	-7.797985	12.769368	-102.138922
	-62.746900	26.526218	-69.139858	34.962422	-40.667990	-23.657769	-8.236602	40.138345	-119.867322
	-69.955707	35.554677	-79.781368	58.504106	-34.698580	-19.733401	14.885623	38.160622	-119.545267
	-38.077476	45.387040	-99.840183	39.396131	-25.387466	-9.100309	-0.791035	54.546127	-109.790642
	-51.746143	28.929322	-66.291804	-16.606885	-19.400612	-16.970170	-28.168986	30.720413	-49.820723
	-43.882426	25.933113	-53.052535	-28.273367	11.250259	-5.001190	-29.569138	-7.298093	-24.087023
	-17.085374	1.179805	-48.879311	-35.772791	31.906645	-7.696835	-5.974933	18.672416	-50.245815
	-2.622814	-26.532568	9.490154	-29.426534	3.667427	7.950021	-16.500344	8.715876	-7.997925
	9.124945	-23.692344	95.634122	-21.245204	16.328862	7.175043	-26.655738	7.952302	55.319254
	-4.812151	-8.455361	72.385131	-40.697101	1.592302	0.197734	-63.033189	49.228802	45.880910
	-29.110478	-39.004575	98.149913	-31.920202	-38.844192	14.704827	-94.241235	28.743582	47.790051
	-23.217005	-18.715130	-18.966094	-69.572526	-54.346394	-0.635365	-101.011742	42.217331	-31.791704
	-36.204418	-40.159691	-83.766208	-54.984352	-68.770950	6.947278	-92.502959	52.983984	-67.672869
	-22.131818	-51.546152	-75.369123	-32.116483	-20.193588	15.485799	-24.023360	17.298257	-7.039917
	-26.804081	-29.639558	-74.575739	-15.113341	-6.605718	17.802108	-34.535822	29.168759	-27.379270
	-21.729250	-25.963152	-54.249872	-25.645372	-22.661745	-0.484727	-59.503455	43.441871	-41.991146
	-10.647109	-71.403308	-29.847490	-69.941742	9.921757	18.830446	-73.728089	10.482102	6.758861
	2.410170	-36.565490	-53.979733	-13.309060	-10.431833	15.704797	-55.673415	16.676010	-6.398886
	-28.935941	-14.888049	-65.626823	5.308693	-34.042691	3.261320	-62.177661	20.573221	-52.742072
	8.326150	-42.861030	-13.364193	18.007377	-47.414612	40.460979	-23.374587	13.821844	15.027149
	40.345633	-47.451850	-0.372726	5.583301	-52.695725	59.035806	-32.905175	25.633525	35.430415
	29.692219	-65.912358	2.550266	40.119258	-49.625563	60.239825	-8.706281	15.534099	11.761134
	39.413804	-86.602348	-21.337676	10.887056	-32.980908	25.994613	-2.620745	22.719069	4.254707
	55.480890	-63.798714	-56.851798	68.068200	28.656648	35.902121	27.659543	27.745917	18.647407
	41.142432	-57.898368	-63.113404	59.055919	45.181567	-5.807148	41.347651	28.649375	-1.692390
	10.081128	-71.950613	-47.587262	57.103415	47.294639	-8.384384	18.002569	4.769054	37.201993
	38.871052	-55.800209	-34.742516	34.039727	48.936082	4.367289	61.465956	8.466454	43.704380
	50.826014	-45.676395	1.045179	78.137795	78.969418	-9.561721	106.692984	-26.116143	35.363876
	62.530495	-26.780804	8.341275	65.103842	30.993862	-5.719433	82.731257	-35.057609	-4.572071
	38.706463	7.608891	-26.279380	90.081175	33.824928	-1.050876	85.120000	2.558697	-29.612385
	35.960628	7.136216	-76.839405	116.460089	-3.800731	-18.936459	39.106659	0.910477	-56.890836
	12.360884	41.921498	-90.153264	97.563424	-39.725118	-15.464589	25.075814	11.139127	-92.425011
	1.554821	56.833708	-85.897564	92.557726	-58.106421	-14.777800	26.194697	16.536476	-74.168931
	-15.281443	49.543696	-73.220185	47.530262	-68.275873	-51.152261	-18.173511	10.551337	-68.413728
	-33.507498	1.321935	-27.346222	-20.314807	-94.105570	-46.211937	-32.550845	14.463449	-30.741248
	0.970395	-57.923280	20.995263	-30.841335	-46.099690	-34.350273	-27.909338	-28.513038	9.767876
	-6.643364	-74.616124	17.822290	-28.157478	-36.658468	-4.952733	-44.435880	-18.293893	46.448602
	-20.517646	-47.555062	5.598144	-48.464708	-21.269330	-7.119055	-33.572860	-15.290161	38.207549
	-29.261180	-5.459384	14.540854	-13.753719	-4.762775	-20.646765	-33.520814	-6.173884	44.728250
	-37.921075	1.343688	17.561619	-73.055181	15.715083	2.614661	-68.255986	-3.548343	43.696578
	-0.851914	3.420492	49.393084	-51.143792	59.906209	1.865422	-25.446552	-51.737866	99.935187
	3.552017	-37.098702	75.799310	-64.222918	95.550115	1.015545	15.412654	-49.002490	121.854986
	-4.877053	-65.057850	91.482709	-72.266623	147.623086	-15.156527	50.903333	-33.792450	159.954002
	-4.585818	-89.758250	71.691352	-75.787666	105.511743	-8.838932	35.537023	-57.428074	109.641633
	-11.000139	-101.355508	110.178945	-84.888878	126.488770	2.281506	50.637433	-53.174098	172.553249
	0.679111	-71.023855	96.351684	-63.031690	94.874625	14.392924	25.721865	-50.130142	123.865163
	-1.342834	-27.444192	59.866104	-51.496490	29.132021	8.818667	-16.953331	-19.493300	34.737558
	11.193994	9.246013	6.699641	-5.621573	2.956645	3.212035	-22.386158	-14.529303	-4.985469
	-41.805750	41.046627	-44.667378	-9.043510	-23.511050	-32.365039	-59.514569	20.390900	-103.070554
	-30.065022	84.919598	-55.992729	16.352059	-28.417401	-34.938866	-35.446304	23.974273	-66.271332
	-23.953459	90.303204	-6.073443	-30.455837	-9.352738	-36.463621	-47.111099	21.709507	-61.980353
	-44.880726	120.621242	-14.120328	-30.835782	35.331218	-40.773522	-14.862326	-4.325076	-36.403501
	-2.809929	115.233817	37.108499	-44.702030	62.514997	-15.626976	-21.449252	-7.782548	-27.620314
	-9.827254	105.672000	34.765662	-26.496751	59.659385	11.295060	-14.214552	-13.396989	9.902744
	-6.486548	112.569711	31.826399	0.842227	51.878903	-0.979935	7.860710	5.299126	29.505193
	9.999702	107.028584	19.698058	41.836855	28.391513	24.471181	12.149474	32.603532	14.535983
	-4.313279	80.718503	-2.679533	57.694606	2.652497	-18.302190	26.596095	49.362576	12.264561
	7.365055	92.057386	-0.180295	75.108525	33.756879	-18.973677	35.179049	45.834162	10.601023
	-3.764318	105.791253	-9.868969	70.161918	44.223343	-7.940659	41.822697	35.498923	-28.633012
	-21.866943	118.742642	-14.083843	64.229999	64.629284	-30.364592	42.993950	31.736427	-44.854220
	-26.883479	76.318408	-32.575358	46.514991	68.634803	-43.260504	41.061692	36.827338	-55.236213
	-19.028288	69.128069	4.065794	16.791722	46.667872	-18.366105	32.643779	35.361245	-34.597039
	-17.778342	54.990425	14.353017	-30.032292	8.690159	-17.599028	0.950520	25.776784	-38.322298
	-37.262876	36.656422	7.779353	-40.160293	15.237154	9.298038	3.630637	-7.545537	-22.314730
	-41.715455	14.741166	-1.206816	-73.002667	-35.845052	1.121425	-56.300547	-12.584793	-31.640295
	-31.933773	23.585480	-0.961824	-51.195380	10.881579	-18.026141	-42.388095	-11.627717	8.193788
	-26.643857	23.464361	17.917537	-31.674664	56.744715	-19.514662	-10.474269	-10.550177	5.577906
	-9.362663	40.238124	-21.650780	-22.302445	50.021078	-14.188689	8.596775	-25.807825	16.453093
	-25.814846	43.296010	-34.804387	-10.633670	76.317289	-4.275848	12.601645	2.939774	-4.183839
	-2.849084	67.429303	-39.960937	-37.321257	89.975888	-0.058294	4.621417	6.998242	-14.264593
	-0.746505	119.177934	-5.360160	14.087645	47.922463	-14.489711	5.341723	3.685391	-34.165173
	-25.553664	115.348760	11.873939	10.129716	65.641127	-23.979037	10.960714	9.888913	-63.164978
	-43.956137	116.325089	10.613816	3.320890	59.417440	-26.482541	24.956549	16.361558	-77.346768
	-19.432518	89.968380	13.960980	26.736086	39.320502	-11.764926	47.493964	18.140073	-38.130471
	-10.504830	33.520626	32.893290	12.004080	43.587051	-18.998483	45.530250	-22.328578	11.454666
	2.457897	-8.165717	-15.187750	31.369744	25.950517	-29.385341	56.682081	-21.360589	39.314694
	8.038207	-0.830931	-26.051661	63.781235	-0.211659	-20.225940	48.712454	8.898076	-6.897084
	-5.927569	21.903283	-48.989395	85.667503	43.413750	-12.489639	58.206537	30.880127	-33.263283
	-34.917192	64.491335	-22.101429	96.746202	49.339709	-28.440124	66.666364	37.251271	-56.288123
	-0.077966	76.625496	-31.312006	79.368207	28.755748	-14.342859	24.963692	48.942848	-58.476439
	-33.682161	98.998562	-5.337135	51.722802	-12.155942	-25.342618	-21.484292	45.667845	-67.082831
	-17.699884	92.580105	-23.759225	7.381754	-24.199155	-43.907992	-41.988583	62.320180	-84.153781
	-39.202150	68.354027	-35.389808	-29.687308	-53.270567	-27.722193	-78.552171	25.699949	-74.393201
	-44.239747	54.918884	-49.794934	-4.421744	-58.853091	-4.833535	-37.184054	24.541794	-100.958243
	-39.305580	38.851331	-68.711053	15.647892	-57.211205	-5.536429	-24.883586	29.314865	-92.647800
	-30.843193	37.778491	-7.952252	34.301674	-84.550792	2.329137	-25.516315	15.308345	-47.138076
	-32.443455	39.239627	-39.349144	50.769929	-83.167409	20.665728	-36.302717	55.515566	-39.833446
	-49.123296	13.430165	-7.471003	19.092167	-68.012744	5.296249	-66.258708	37.529106	-56.486596
	-18.576261	-28.788267	34.857596	1.030761	-26.787113	-2.283305	-36.599560	35.393146	26.781092
	-5.601521	-74.630443	84.119785	-16.066052	-11.242818	0.706870	-37.295126	21.869380	22.437369
	1.785286	-86.873425	70.838861	8.988681	-15.944192	0.941516	18.143747	0.894327	37.935202
	43.752082	-76.411974	44.639599	19.272113	-37.520725	30.232310	35.624987	-12.016103	54.558032
	6.793695	-51.493991	-32.434614	34.521436	-35.012566	21.558863	19.295824	-5.675388	-32.492649
	6.672972	-50.607518	-59.001601	51.409864	-41.213639	28.369811	3.319456	-13.507700	-51.886160
	38.877218	-34.460035	-34.962699	39.062232	-18.102059	38.674548	18.421446	-40.527002	-29.361604
	61.431421	-48.661724	16.614634	52.395887	-19.226513	68.677089	41.600249	-23.869483	17.406051
	73.102995	-82.471795	28.967431	35.436240	-34.849564	53.883690	-2.525657	-27.816123	10.439767
	32.964327	-122.141502	1.164020	-5.561907	-52.196521	51.056683	-18.923622	-24.298190	-14.110746
	15.687391	-163.875738	24.722447	-51.476689	-51.588710	39.981986	-29.517565	-48.266416	46.006714
	8.206167	-126.274438	-14.230753	-24.220585	-44.417335	19.585294	-46.760414	-6.539752	-8.124760
	7.797008	-101.894478	-24.383593	-45.079132	-45.168639	-14.056670	-39.027107	-54.395964	8.916680
	13.506148	-76.366627	-22.299045	-60.461242	-54.966836	-1.543809	-18.384650	-59.524681	27.883287
	-6.535534	-52.868275	-47.740969	-59.719053	-71.036017	-8.649261	-26.850567	-14.728715	-15.870076
	10.457989	-18.911642	-33.428223	-42.432903	-36.634214	-7.396992	-23.446297	-28.169013	-12.115178
	-14.885387	7.972537	9.171772	-25.496520	-27.960741	-9.497127	-36.938107	-17.331719	-9.603694
	-12.455274	6.498970	7.275266	-54.991927	13.397492	-18.824527	-62.244507	3.875769	-37.611850
	-14.982436	-10.908508	9.844956	-45.128523	8.057473	-11.519325	-32.662307	-29.926253	11.591295
	24.879973	-55.268689	29.153907	-32.127406	-22.377938	-3.277800	-18.821262	-38.694221	46.513066
	3.911071	-57.791968	4.509318	-4.889117	-26.999656	19.208660	0.735186	-23.390264	41.935144
	-6.308226	-60.308360	-45.345661	-0.283961	-66.161552	-0.441597	-45.687946	-19.584568	3.463023
	-26.567839	-21.150767	-45.122908	8.539866	-67.728395	-3.600376	-27.932281	-18.870882	-17.945735
	-16.744809	30.333033	-30.003611	32.515002	-24.766815	-26.232023	-0.765449	-10.916725	-36.678381
	-24.025092	45.838641	-30.209248	20.998651	-17.995921	-31.053222	1.375136	9.663041	-35.275003
	-11.722280	13.005054	2.799120	8.529031	-11.384706	-8.541519	28.494680	4.970931	22.265253
	30.854645	-29.186986	69.522814	2.364766	30.811644	42.088220	56.841389	0.102677	52.477608
	23.208174	-59.569405	69.130574	3.830597	24.347330	29.270709	63.876771	-45.277364	72.271904
	19.916884	-58.297549	50.235397	-4.417647	19.745627	37.628322	60.068165	-54.065301	76.300010
	-19.418940	-79.368557	-22.378196	-47.880389	-35.234178	-2.681119	-10.723177	-66.810881	28.318536
	-24.971645	-66.789797	-36.416517	-64.643657	-65.294969	-37.435192	-53.060952	-50.690478	-17.019445
	-39.217812	-111.456046	-44.178936	-76.768729	-60.709179	-39.286290	-82.820809	-33.208524	-6.844931
	-11.541088	-115.944776	-32.064087	-82.320787	-44.014619	-23.652629	-44.678439	-35.492478	-20.539027
	-25.621967	-104.523266	-38.071253	-78.707436	-48.294851	-11.779006	-58.098252	-39.137033	-30.741946
	-32.913508	-83.939213	-8.941409	-41.650719	-53.450794	-11.949144	-46.856844	-14.172812	-19.484183
	-16.993482	-66.276852	7.579812	-43.032096	-41.585658	-14.400391	-43.308395	-8.751284	18.356903
	-24.047673	-40.337507	29.707209	-10.681696	-73.023909	-18.195410	-53.342879	8.318527	45.299938
	15.532642	-10.625892	48.481882	27.893153	-69.022668	-12.495137	-15.153164	30.324229	38.256657
	37.802357	-25.438089	70.357129	17.807754	-29.758938	4.159498	32.211637	21.696557	69.338878
	41.905137	-27.700589	71.088742	30.933900	13.942991	32.910403	72.964020	11.550450	75.389737
	56.016650	-29.469727	35.061154	13.490077	47.818848	16.977428	63.492286	6.185254	44.012265
	20.651248	-39.072534	-7.548789	-24.428220	32.592257	-2.704567	12.157962	-23.093598	3.500509
	6.933356	-39.353631	-23.842187	-34.469953	22.503994	-4.093630	-44.943638	1.300957	14.300551
	-15.170160	-14.231273	-4.090591	-36.099275	-6.532602	-15.811722	-46.907062	11.994812	-10.211431
	-8.905249	14.762634	15.843124	-11.651184	-27.807366	-10.340762	-43.066807	-0.568666	14.040361
	6.839124	5.788717	55.268304	-17.234782	-25.558079	16.353904	-44.567346	-5.694193	44.754173
	5.802674	10.210815	36.989522	-36.903582	-80.156653	-3.790766	-48.369717	5.717090	3.644795
	34.379788	-35.823192	32.582011	-72.635102	4.991780	-5.311103	-15.896601	-50.737066	37.094435
	15.625069	-59.686522	98.668136	-71.590293	-16.957663	24.246668	-0.980805	-51.028485	32.126238
	62.890342	-53.749352	105.613298	-67.809205	33.912406	42.602752	22.044055	-60.061813	133.357397
	62.118115	-44.926202	132.813238	-37.133892	68.060705	88.579064	63.552739	-68.159550	143.275125
	72.289106	-59.697807	80.454880	-38.142499	45.062437	77.149271	30.697598	-34.044159	71.005107
	58.344794	-58.441889	77.515193	-20.808295	48.042841	82.644558	37.195452	-42.215727	71.727408
	57.036065	-21.339585	61.415994	15.863337	31.989006	57.704044	34.671203	-20.318563	27.761529
	38.593328	-39.054962	22.816140	-10.150553	26.503518	30.516686	30.172851	-16.955021	27.573338
	14.975133	-48.741297	-4.706276	-72.882903	-4.453625	3.319044	-25.081107	-18.721883	-40.496025
	-1.408736	-50.230526	-2.303692	-85.077143	-10.964831	-3.789049	-42.458070	-7.202525	-19.636784
	18.823182	-33.745177	31.563130	-72.663034	6.736545	19.575596	-1.010588	-26.219236	-8.816914
	21.227960	-8.057249	35.146635	-66.764850	32.427084	9.121455	-17.656504	5.284391	-16.615852
	31.361827	-22.896359	-16.791743	-48.590112	13.519557	0.530599	-4.475524	8.030220	-2.720169
	-7.561757	-39.382747	-58.351801	-34.735591	-7.083542	6.978405	-11.241547	-8.776967	0.065000
	20.501661	-60.882912	-91.381201	-39.047095	-13.222559	-2.368679	-28.099414	-3.707370	-30.544480
	3.859408	-70.204675	-110.018556	-3.346790	1.258430	-5.831552	7.934031	-12.400190	-34.727299
	28.799305	-26.487943	-59.921978	40.656918	25.355344	2.246589	57.836016	-13.560350	-23.196694
	10.157543	-37.438119	-43.724557	38.717140	7.308044	-12.133345	19.322103	6.294045	-6.666867
	16.806754	-39.047855	-44.196472	23.034740	-22.245853	-42.414243	-1.684918	-9.493531	7.937083
	2.280477	-4.150180	-28.361218	41.415293	-49.177583	-30.307001	15.273919	8.158829	-10.489401
	23.688930	29.652983	-17.866589	12.850335	-45.417051	-12.020509	9.528682	0.176071	-11.789101
	14.485735	46.969227	-34.815314	19.931304	5.916942	-4.816692	-12.357754	1.860767	-24.259842
	21.022671	37.900528	19.375516	-0.946134	-10.903862	-11.720292	-3.265008	-0.748019	23.340654
	2.929490	35.727095	49.928754	2.359235	37.103420	2.368713	-16.022797	13.367444	39.150340
	0.429537	13.081955	68.846255	-1.166319	29.362269	12.736187	-4.832344	25.715744	19.261208
	-23.695771	-17.011711	29.585549	-35.513370	11.763881	3.955966	-25.317114	12.788837	26.199302
	-37.723626	-16.498503	3.083048	-28.800127	-6.319535	-9.503994	-52.999405	40.643855	4.693590
	-21.755502	-26.536743	18.766835	-57.286136	12.584084	-3.172260	-39.345114	34.319316	23.806137
	-22.262133	-38.854415	-2.864839	-55.075534	2.262044	9.188996	-27.909047	35.017398	6.510368
	-5.818500	-60.305045	-24.787335	-16.054051	-15.701797	-11.243253	-21.464688	27.372154	-23.101055
	7.042630	-38.391014	-24.847570	-35.443571	14.291676	-13.829206	-6.950577	20.138888	-31.905531
	-15.547938	-39.735655	-11.952536	-34.481252	5.557365	10.175964	-28.430139	-14.862303	-23.218864
	7.943430	-23.561888	26.155316	-67.824135	-23.995242	4.395012	-46.581567	4.257845	3.425826
	18.660018	-31.895040	24.619209	-93.746009	6.150934	4.078435	-36.784780	-41.125781	18.631212
	-5.329028	-41.672625	-6.854327	-83.945227	-25.543198	-0.484624	-50.431204	-33.612110	17.549754
	-50.628621	-24.769152	-17.818396	-72.986279	0.683320	-21.133450	-19.206665	-24.972998	-48.907048
	-29.693004	-1.351904	-27.688964	-67.611007	37.204195	-27.079618	-8.694376	-42.788763	-22.220853
	-17.579438	-0.227755	0.703034	-22.046871	15.779065	-10.271634	-2.020848	-33.690521	-36.973451
	-34.097846	-1.695330	-16.198400	-39.469620	4.879237	4.888678	-39.022418	0.193922	-55.067925
	-38.681113	15.083593	-27.389458	-84.965374	-39.940437	0.735904	-98.920704	10.587491	-46.948711
	-27.284545	-2.820967	44.885793	-111.700563	-28.844251	-20.098685	-95.857207	0.325657	-12.983978
	-0.193632	-18.866554	53.777375	-106.202069	3.867332	-3.539419	-39.462686	-36.715053	69.955357
	20.252646	-31.435075	54.252497	-93.787162	7.253322	14.111819	-31.558185	-32.034304	60.468767
	12.093104	-34.095524	65.133916	-57.802864	49.311138	26.423282	6.857898	-29.015923	84.383814
	57.767468	-29.616831	55.198023	-9.147237	70.760220	30.315316	64.583201	-23.740595	51.299972
	92.954087	-33.759280	91.771966	18.982359	118.760394	58.470493	110.606870	-15.104781	105.502831
	48.802942	-7.227030	-32.844438	64.193733	54.178350	21.822501	105.352334	-49.575711	-45.648902
	47.656138	27.937875	18.292673	18.437653	39.382544	10.229838	48.635413	-74.281220	32.226139
	38.441557	4.437589	-27.640637	-23.819069	32.921761	-13.242554	48.644713	-61.860264	3.829864
	12.304348	-56.689941	-5.555058	-57.734049	-14.240585	-9.757537	-15.877436	-56.636352	12.621031
	34.497993	-74.088957	59.869381	-65.261696	-13.492401	54.446572	-13.472487	-57.818355	58.517894
	40.161739	-34.921713	82.171120	-53.123680	32.544634	61.608548	28.561025	-61.779681	85.365888
	51.927520	-21.719374	90.069456	-36.700513	59.942882	80.708522	50.427544	-17.874466	91.393378
	53.975881	-12.063050	78.987296	-48.095740	16.606777	75.479016	27.299853	-34.397719	88.898905
	53.509136	6.842325	59.680401	-30.254179	22.348479	68.015505	1.137943	-27.046938	90.152235
	31.735570	10.910335	10.089040	-24.486856	-21.816319	12.156433	-13.872309	-5.368049	48.569118
	-5.608589	26.192304	-21.882933	-16.632630	-23.371931	1.427701	-3.816136	-1.657544	-19.926731
	-20.627789	53.925302	-79.038919	-3.838731	-46.819154	-35.182062	-15.242998	2.377736	-81.732157
	-28.455261	35.621891	-63.200389	-0.286431	-52.258021	-40.617799	-43.585107	8.254971	-74.100362
	-23.204699	51.523681	-46.310411	14.340800	-39.748643	-23.753845	-9.146959	-2.437626	-91.270080
	-35.449913	22.631070	-31.523965	39.823535	-33.418847	-15.021824	13.618916	-16.646597	-41.263948
	-26.678066	22.076716	-37.880274	47.519736	4.090621	-0.114957	8.748044	-0.942251	-75.246113
	-8.896916	27.706483	-35.870472	47.029453	22.755956	12.035964	31.686216	-11.011440	-54.207618
	-9.001733	44.620195	-38.742193	75.041385	-0.857730	12.449894	36.959845	4.743078	-48.191922
	-20.170454	68.890218	-59.877286	104.180748	-48.161192	-7.699175	-7.716083	29.694013	-78.057553
	-28.717341	106.290567	-35.410672	130.935863	-63.218009	-17.860960	-15.737148	20.535252	-96.139136
	-13.606915	123.153464	7.772428	133.829384	-23.110407	-14.170341	23.298732	67.929450	-33.747923
	-26.767486	134.615781	24.806246	142.279448	-5.593989	-10.100723	24.487977	88.266869	-53.633065
	-16.339832	132.126948	50.513256	111.321761	0.176668	6.730106	29.112908	45.078377	-47.952165
	3.130948	148.290250	43.703143	144.060849	28.415400	0.395583	37.838027	69.222910	15.967810
	-9.349023	136.368792	0.924108	118.615998	29.864408	4.898816	27.768908	69.879528	-4.728573
	-36.349207	135.375161	-13.508387	92.872404	29.417059	-17.349380	10.314384	57.674712	-29.170888
	-40.446452	140.545667	-31.105789	97.410124	37.838082	-7.674945	31.050155	85.322998	-48.509771
	-40.209414	127.065462	-35.242722	85.442085	38.238053	-16.911242	34.027051	68.985152	-44.365860
	-23.922736	151.459107	-3.985304	60.929479	54.959522	6.641305	41.235048	54.287239	-22.347757
	-1.559624	123.356117	8.816365	68.031595	56.863002	14.088442	32.518654	54.335559	0.610606
	17.497875	112.819214	29.455197	56.147325	53.852233	23.678081	28.883751	42.093689	28.277383
	7.022755	109.607932	8.698383	48.763856	-6.913522	18.188804	17.390447	24.308117	20.805133
	-25.426387	102.398155	50.764102	53.308770	-51.668353	25.962202	-6.831617	22.782403	14.722556
	-33.519413	114.338275	27.792634	60.183694	-63.851117	20.391761	-16.850865	53.742169	-0.765426
	-53.458938	130.825139	40.904268	25.480642	-61.684953	0.636526	-18.953289	32.614915	-4.890791
	-54.299529	137.112228	59.137392	10.487464	-11.931877	-6.248627	-17.515083	39.056079	-7.547892
	-30.501713	132.838574	73.155260	-9.946207	17.370943	-20.739281	-8.872864	22.048812	-14.838844
	-44.157478	114.222555	69.228482	-2.869194	-0.935857	-35.574960	-2.757497	18.520128	-19.219660
	-15.499399	52.609190	70.394033	3.698739	14.148005	2.327842	-6.579459	19.291788	6.551518
	-10.600282	27.343920	28.359351	57.508070	-9.143462	-2.387677	18.127559	37.210821	-15.301584
	-4.482726	-5.673822	-44.986502	52.053222	-1.664952	-13.441993	20.490653	25.856463	-37.670982
	-7.226258	-43.142792	-100.282439	36.311325	-4.063698	-28.012711	-5.656447	48.735279	-63.489435
	9.846092	-19.856653	-66.786606	43.650231	4.943718	-33.113583	30.197203	27.748986	-33.998468
	28.672531	-36.147282	-84.962685	43.053765	21.332050	-17.882515	36.508787	13.461972	-25.079585
	16.285832	-71.203910	-71.243073	-9.715124	14.409966	-22.101958	4.514644	3.976507	-22.716920
	21.686180	-98.595062	-80.208333	-46.061932	-19.726253	-9.695014	-15.911871	-44.742632	-25.606026
	1.144233	-118.460984	-57.558305	-77.094479	-32.724025	-23.182221	-16.687501	-56.135514	-24.708948
	1.246445	-121.915797	-51.115203	-70.465682	6.074047	-11.550944	4.159813	-75.743100	10.968507
	3.849220	-100.369221	-41.174177	-41.617778	20.093805	-1.280673	-2.320267	-77.806226	-14.219940
	-31.340974	-97.524745	-31.695113	-61.457777	-12.901657	-6.864791	-30.902235	-47.851955	-1.328919
	-43.628143	-93.704315	-37.213606	-31.848459	-33.834216	-22.974222	-54.596539	-46.664108	-3.759342
	-22.088144	-67.438273	-10.333077	31.253556	-64.780784	-6.719015	-18.134666	-15.563338	9.923868
	-13.585543	-30.443652	-16.640654	76.688495	-68.381999	23.066950	0.124413	37.333179	-41.396835
	4.131235	8.491083	-39.169986	79.618539	-69.838899	-0.416800	3.939318	34.329459	-35.528586
	34.102231	40.069918	-30.001709	60.787129	-89.005843	-5.025731	8.249491	46.998354	5.205475
	14.622729	40.023389	3.685826	21.552485	-88.432829	-4.562002	-21.282266	60.793503	15.539363
	13.384476	36.599334	9.738251	-16.338840	-65.006963	-23.281595	-16.610609	56.364267	33.956348
	-6.920736	14.407323	27.376091	19.680676	-71.177825	-11.171780	-40.906839	45.853753	41.406394
	-33.750436	-32.827982	-36.218714	15.268248	-82.122776	-20.824499	-30.701648	19.747944	23.374300
	-45.618320	-14.360663	-56.026983	49.111339	-71.147727	-18.819588	-42.217009	38.616003	-43.049273
	-33.930713	-18.271679	-81.826250	68.994876	-32.291895	-17.163969	-1.435481	48.860867	-20.891721
	-19.494370	-24.601822	-76.554416	47.816272	7.696891	-2.436020	-2.943330	14.342227	-66.200346
	-11.988121	-17.930095	-73.074762	25.915435	-18.090198	-5.598120	-20.924705	53.265338	-49.210673
	6.952970	-26.454392	-35.573128	15.892307	27.222904	-7.543228	-11.586570	46.736932	0.901520
	8.133813	-53.710583	-7.627033	-7.803997	45.090939	-11.875836	18.462643	12.678851	48.353833
	40.512050	-40.985006	29.546329	-17.424408	48.719217	0.810601	27.324961	29.343249	70.419381
	20.907465	-43.603674	39.327067	-5.574740	16.802257	-12.137733	37.355661	29.944539	72.963956
	25.421384	-33.200959	63.273594	5.997675	12.080035	12.420932	32.246645	32.677182	30.343126
	20.053203	-22.567390	55.171334	6.140368	-23.879885	23.331460	21.808970	37.064187	12.175754
	16.539549	-45.124137	57.940364	-26.613819	-27.946799	2.012141	-14.289295	34.283750	10.825539
	23.877717	-26.473408	48.804596	-18.799078	-32.137724	-4.270462	-3.951098	25.561820	12.403033
	-18.270280	-22.128727	52.496289	6.551734	-69.785818	4.583820	-20.778945	16.313922	31.436057
	-23.223179	-8.847918	42.361567	-2.310185	-31.557676	-32.840471	-3.519618	0.930844	5.733181
	-0.735694	-2.136194	56.871310	-6.307767	-31.147485	1.248065	7.965971	16.409826	44.568257
	46.931657	-25.692957	80.438708	40.940363	3.811242	15.895287	45.140298	-51.321301	62.395674
	34.451388	-51.297542	0.457883	21.785567	37.613973	30.840688	58.705861	-11.713571	32.373783
	28.689084	-41.825951	27.656752	20.258106	33.627808	11.082303	54.745891	-47.196178	37.827618
	49.365435	-58.996432	20.293047	-32.614590	67.569040	10.695701	78.226858	-65.408710	98.513548
	37.041213	-70.994270	19.595186	-49.611574	60.425563	-17.523789	16.756977	-61.090428	59.417218
	27.258303	-49.899971	27.233663	-50.141075	84.036106	-6.971592	39.192758	-89.563511	74.907069
	19.385893	-47.423498	10.608212	-43.600169	90.188111	-24.204509	37.428520	-67.332584	48.234852
	35.239945	-55.079587	2.821084	-62.433541	63.550013	13.027253	2.407289	-34.518974	20.336511
	41.625204	-58.465797	-4.753924	-23.377360	47.551281	9.447386	32.782683	-69.039461	23.452950
	24.604363	-19.129595	-26.289896	6.252169	0.558530	6.231958	23.943795	-32.851031	-9.264304
	15.799350	-25.073668	-20.288822	13.271645	7.905914	-20.388129	22.650849	-15.706724	-43.574079
	17.672478	7.011499	-39.566862	29.379383	20.292659	-12.078093	54.381017	-52.219547	-47.385272
	9.015549	52.849815	-7.401104	51.979199	44.753263	-31.745275	72.575648	-23.742429	-50.062734
	-13.104095	63.406589	12.610774	29.135243	50.236494	-16.205230	30.375697	-13.812686	-29.930948
	0.382440	52.894052	-13.356810	-32.202482	66.388048	-10.723566	16.766145	-34.217941	-24.729908
	-11.891693	74.556952	10.285784	-34.517639	35.340468	1.139812	-1.454688	-29.986521	-1.014539
	-11.735269	46.715617	8.849664	-57.385104	62.895590	25.328761	-37.080204	-29.822527	19.539566
	-18.959588	16.568006	-21.133858	-80.678739	47.332777	6.808546	-31.946614	-48.023180	21.992169
	-21.247512	30.684106	-26.460137	-46.083880	58.422056	34.742010	-0.357231	-40.229996	-14.567493
	-11.637843	33.232813	-61.607930	-3.315377	70.651422	21.610824	1.248101	-5.364900	-60.243317
	10.714469	55.408755	-67.771496	18.648583	71.836635	12.389614	18.731766	-16.191994	-91.762038
	-9.277129	48.372867	-48.995368	26.103397	30.532939	31.925077	-11.962192	-8.557550	-72.489746
	-12.883186	52.077143	-28.792539	-15.885498	51.237378	23.670012	-33.911794	1.170584	-66.411662
	-18.079792	91.187079	-20.414935	-7.831859	0.338197	38.716225	-23.473198	-10.996193	-81.660275
	-52.084267	102.540685	18.562848	-8.134558	-18.008566	32.470373	-59.809371	4.784931	-14.438853
	-1.532624	96.290992	53.674591	-25.028278	9.712598	39.900209	-61.149676	4.582355	21.036969
	-10.752717	62.273782	49.880516	-22.406341	-1.059481	19.732000	-65.690471	26.751350	-5.307901
	-15.524842	-10.038142	21.115549	-22.512410	-10.929454	23.326918	-49.978823	-25.089274	26.551282
	40.297609	-67.198501	-7.883863	-6.349791	20.731729	15.791061	27.255856	-65.753971	73.228891
	9.928189	-97.370889	-44.672628	-19.505264	2.936284	-7.529284	30.022962	-64.997880	3.980556
	3.289005	-109.281422	-40.040424	-61.100869	-16.903610	-3.493082	18.914521	-79.960383	12.450476
	-37.745239	-108.967640	-65.078534	-117.619778	-7.090497	-44.420133	-50.208868	-70.862566	-9.423689
	-33.537881	-79.516655	-13.987309	-123.143450	-32.671300	-35.782785	-86.699977	-62.824600	-4.425765
	-32.751161	-101.180767	-19.927745	-135.239267	-23.981040	-19.477217	-95.145148	-34.620414	-1.293936
	-7.695661	-84.686942	-19.315188	-59.489328	9.384699	-5.758709	-38.511841	-58.609310	-11.785998
	-24.349478	-88.976099	-42.070119	-51.376790	-15.177053	-14.316991	-44.675861	-21.265220	-39.265236
	-36.523842	-113.300089	-15.644234	-81.540110	-51.933784	-41.546723	-53.371452	-36.207948	-17.726091
	-21.023475	-96.348976	32.300849	-82.284049	-12.142908	-20.887800	-16.572583	-59.784865	83.035297
	7.628068	-53.575349	50.831922	-38.623196	26.757525	-7.773738	29.226881	-43.051741	73.861990
	-5.336101	-18.213067	13.571481	-14.023040	29.916458	-11.556281	31.263762	-1.371439	25.737199
	18.917066	30.620173	-24.094508	3.762367	63.348815	-23.488222	42.575187	-6.005729	11.478972
	27.784153	61.487518	-6.022042	38.323322	103.541680	-9.672815	81.530080	19.490495	14.995535
	-6.581576	39.029515	-49.730501	17.193079	61.557794	-18.141469	51.501201	16.559887	-37.220117
	8.504705	36.043973	-35.998608	43.671996	83.946149	-33.702816	94.137269	-3.445316	-27.606198
	29.651613	21.432511	-41.832042	-8.001775	76.297166	-27.674811	41.916628	14.071634	-24.200705
	16.933820	23.055034	2.960729	16.387551	39.734505	-21.524714	50.038718	21.660531	-27.417060
	21.648015	34.769631	14.102196	46.244302	37.358366	-2.602183	35.903713	14.140508	-16.499063
	30.594875	42.537093	27.923203	49.254641	17.608354	28.029543	14.365520	0.611022	5.324665
	-1.690515	45.235147	-5.494771	40.329503	7.884627	-24.609997	-9.784431	15.357142	2.850109
	-27.437830	39.240247	-36.872222	15.798412	25.235075	-36.642788	16.177364	32.832858	25.573528
	-39.294333	40.718669	-78.831054	-0.047675	6.913424	-52.163654	-10.283037	22.474590	-42.294566
	-55.872263	49.719484	-63.070252	-31.058600	-4.631183	-54.853482	-11.352436	28.997763	-54.138470
	-61.394412	27.348554	-19.950641	-62.056359	4.222200	-24.477440	-52.202497	45.893868	-36.114605
	-31.207082	30.712670	38.202527	-9.452143	11.447037	-15.040046	-13.838754	36.426092	-27.204362
	-43.367238	30.476508	79.233272	-48.056822	-6.360153	17.036786	-42.982860	43.020168	-4.624283
	-14.036359	35.960996	59.271424	-44.683693	0.219562	28.298826	-32.586772	35.313507	-13.323461
	-48.786357	59.470714	33.548984	-8.702030	-32.893245	37.809076	-33.690930	46.990414	-46.892980
	-54.038839	56.757638	25.052783	-12.371053	-50.525507	15.670818	-70.153823	38.885783	-77.898572
	-65.146734	32.883678	-39.623256	7.589433	-70.965090	-19.227389	-46.540058	46.463810	-93.333463
	-41.309394	42.821193	-35.017154	-23.848352	-65.777977	-15.317443	-47.447100	22.342710	-74.740101
	-35.487339	34.689811	19.106345	4.575575	-17.365938	-7.554031	-20.699532	38.928484	-32.648642
	3.270540	37.520654	-0.476519	35.636363	41.889737	3.966905	44.111507	41.407446	5.036359
	4.576011	60.378198	16.131311	35.552862	-26.295705	19.821719	2.031105	42.587429	-22.720862
	-7.429854	65.784858	2.145509	72.619301	14.330953	36.636931	-9.630856	69.807661	-9.154758
	-45.277434	68.686880	-28.730562	63.555618	-8.790036	-10.128994	-8.076012	62.376574	-27.144885
	-6.462616	72.609207	3.817433	21.490617	-4.913009	16.731260	-29.094948	80.787672	13.096180
	-23.172302	48.956082	19.925574	28.844276	-11.557313	12.077270	-32.430118	66.557975	-6.808750
	-8.303080	-5.273876	32.891509	29.253198	-15.507555	-19.122325	-3.003815	49.604657	13.559834
	10.138231	-50.276453	48.570098	11.135321	-8.176338	-17.014410	15.652153	-3.255358	34.943803
	38.166232	-79.137096	54.008738	-3.624760	-41.266636	22.166972	25.823866	-10.112225	52.145652
	55.294712	-71.343931	30.423798	-1.285447	-14.937802	21.372518	42.849791	-17.616181	25.438898
	34.036007	-31.346776	4.234375	-0.547936	-37.364940	7.025420	-6.589440	2.395878	8.962608
	18.627600	10.070032	0.338635	-19.407985	-65.334553	16.953117	-71.932318	-10.063670	-10.791253
	-0.358254	28.912631	9.599596	16.860265	-18.964180	5.872504	-40.421246	35.849405	28.875646
	-27.831475	50.838129	19.593324	-11.611605	-56.538971	-7.783694	-56.413460	45.714466	15.029913
	-13.810345	83.089340	12.466636	-9.117621	-64.172639	4.754765	-62.022726	63.731937	35.416966
	-3.946348	79.243277	39.827124	19.089405	-10.364347	1.474840	-7.821561	40.175409	61.976006
	-14.065508	98.919459	30.117008	28.201504	-2.946244	-29.043077	-13.038089	48.656566	40.687197
	-13.904525	119.001337	21.347346	8.303174	24.201675	-9.812234	1.926277	38.818811	69.007622
	-8.671430	104.575875	32.934258	16.442802	46.254914	-13.199920	-9.088139	26.600449	46.753005
	-29.721751	152.658177	-4.188751	8.633491	-18.918815	-11.005036	-26.928542	57.166479	-31.612058
	-58.343989	148.070237	-21.706854	4.403503	-43.776452	-26.139851	-78.443815	57.169243	-71.280653
	-44.234053	117.135116	-21.843039	26.542458	-85.136266	-29.857283	-60.432769	45.894508	-54.143464
	-40.030982	122.960115	-30.450565	23.137493	-72.690294	-43.882960	-45.743547	41.732296	-61.947153
	-28.567076	134.083960	23.470931	1.800795	-55.452642	-16.022942	-32.698258	37.801788	-8.089486
	-9.426594	104.366071	24.591724	-20.846276	-34.444374	-10.751974	-22.922140	52.658091	32.446106
	30.630970	89.910157	30.573126	17.158199	12.589896	-31.582153	36.460767	24.601841	70.438936
	19.214730	72.202878	3.648494	17.069339	34.668366	-4.028969	31.920390	30.847697	46.136818
	36.864122	84.697035	78.884481	3.764711	-11.157179	0.477303	6.253659	19.661675	94.706979
	60.046931	96.844055	72.068436	0.106370	40.381565	43.431886	60.088971	-7.333674	121.682785
	42.380391	96.182643	84.300192	-1.381751	24.793032	31.267652	36.427228	7.233779	88.972056
	14.311130	27.621449	79.250486	-39.743736	10.181557	28.934451	5.174524	5.717539	84.343903
	20.606936	-16.202928	88.569802	-45.688199	-11.660533	11.973910	-1.508599	-26.567072	100.505839
	58.241617	-50.304622	73.952191	2.078847	31.017037	42.899807	61.015510	-50.413712	150.418869
	59.503918	-66.467518	32.972960	13.245170	12.596962	22.528507	50.148164	-23.727854	86.661250
	55.453638	-36.847434	28.761182	20.423607	36.236105	9.097844	68.915256	-41.606236	86.344431
	72.703759	-11.575702	31.707298	66.027879	74.862881	30.776071	124.549247	-35.621872	81.841955
	66.626461	1.775900	-29.943280	73.355473	70.299433	21.640174	104.025059	-32.999476	-18.866322
	34.055185	34.901263	-20.365087	87.798510	37.539120	18.597802	67.040156	-14.135079	-74.654774
	4.750543	32.673873	-63.443901	28.884083	-2.057130	-2.866520	7.974764	-13.755183	-94.567655
	-9.856786	19.133551	-62.712740	4.195869	10.040806	-29.183261	-22.974292	-30.046423	-111.634433
	-15.899802	-52.913842	-28.930459	-49.307305	-17.284110	-9.390816	-48.496507	-37.836448	-65.054356
	5.235588	-74.785840	-11.647587	-44.782889	21.226092	10.737832	-26.257608	-44.291460	-31.265145
	29.456581	-63.916053	47.305283	-43.446643	42.808469	46.417019	9.831977	-59.837368	33.146678
	31.269356	-66.913658	52.166703	-28.265584	-2.671874	66.945281	-8.949858	-72.074666	36.583726
	49.107862	-71.140749	62.705171	6.691573	46.625312	78.232093	48.615359	-68.410391	40.869237
	28.357322	-70.986938	34.901587	-12.425875	36.309506	47.009571	47.929935	-79.544704	20.909779
	28.558784	-60.726759	-11.146148	-12.865256	8.264443	50.485458	15.508997	-60.253168	-2.942142
	18.615930	-61.957080	-34.503066	-18.663753	-0.252302	4.436038	5.959920	-40.894628	-4.930747
	32.775432	-53.498214	-58.060158	-32.010737	13.085833	13.217327	42.342894	-44.968715	23.670665
	43.872074	-37.739444	4.926903	-25.077616	60.280834	39.470242	41.424881	-32.528383	85.409611
	34.033604	-33.305272	38.168780	-28.290542	89.346781	41.808258	27.618272	-29.674550	98.504175
	30.381082	3.754654	13.894987	-3.314852	63.002000	33.676182	50.237623	-23.424461	81.742491
	27.611881	43.624405	11.008145	51.092200	24.504197	26.432023	40.895219	-9.434841	36.694793
	24.905521	60.103680	-18.671815	75.167306	-2.542736	25.386398	57.979817	10.490415	19.796261
	19.618369	63.904304	-15.194171	68.495174	-25.903785	15.388586	24.535169	13.832021	-21.697876
	12.965832	39.485638	2.976215	25.897288	-17.805071	22.199438	-12.655092	17.601617	4.692653
	15.744601	12.829832	60.009538	-28.961695	-35.470870	16.495157	-21.373013	-10.781677	33.189380
	-15.790029	-8.083517	66.477467	-54.227592	-13.367247	19.388628	-52.021875	-16.441471	48.384596
	29.030118	-29.082768	58.308229	-51.451558	20.703938	49.462757	-2.530458	-35.595097	64.978984
	30.199645	-29.764469	76.484936	-45.432756	16.581650	50.444284	3.480966	-34.464496	70.114367
	13.228465	-38.667770	68.733422	-24.468673	30.233579	26.519664	22.998918	-9.636082	54.729413
	28.276543	-57.319592	55.746739	-11.424697	43.839643	36.314346	39.656784	-50.825739	78.400104
	-20.107886	-60.749906	25.029110	-59.631425	-5.934656	8.807847	-23.084021	-67.778763	61.310515
	4.235101	-98.451682	46.681969	-60.588654	12.802967	29.929941	-31.973523	-41.471845	42.252886
	-16.528479	-99.458841	15.785059	-55.805777	-14.884206	17.180961	-30.847839	-51.372839	42.541291
	9.281004	-91.702130	6.018754	-64.448630	-9.103431	5.325502	-7.977781	-90.049146	38.795854
	27.677298	-85.714992	-23.753835	-49.466633	28.621495	-13.001778	3.655698	-70.196273	26.042796
	-4.175011	-61.738440	-47.720347	-37.332693	2.079468	-35.079366	-13.273895	-51.728593	-9.657960
	15.033270	-64.356844	-77.122011	-42.312241	-7.931269	-32.126942	-0.738508	-24.400817	-30.031073
	25.990003	-75.471358	-42.362791	-50.670311	13.507583	-20.691527	5.413189	-25.244934	-20.525701
	-6.607252	-85.134158	-24.430035	26.293358	5.251556	-12.553161	-16.061400	-29.765620	3.615763
	14.046490	-62.667930	12.209890	40.243565	-21.851387	-21.842728	32.953652	-18.341935	35.610617
	6.218176	-39.129103	1.928787	82.428377	-44.934622	-30.778738	47.168220	-1.648719	50.843383
	7.237500	-33.335539	15.531397	130.454845	-51.944618	-24.249631	76.706854	1.249879	45.939409
	13.360428	-46.331330	-6.898778	122.029851	-52.183892	-26.521677	37.872530	37.019107	16.313981
	23.458313	-48.820073	-1.628517	115.170196	-7.182096	4.978957	47.642146	19.882620	15.094064
	12.875640	-71.592052	-19.308465	55.214253	-15.030442	-10.787245	10.556520	33.193320	-16.383272
	8.836871	-71.651074	-23.516658	61.867059	-22.360465	-4.167210	-2.852647	41.413277	7.812813
	2.748560	-61.625764	-21.499810	53.123624	-40.724442	1.061656	-32.319299	21.922144	15.745610
	4.198543	-32.122376	36.052422	71.013890	-28.989195	16.681693	9.873036	27.551661	58.407708
	43.729999	-29.556452	13.337333	73.596765	2.085470	16.445883	70.131739	13.776102	20.837182
	44.331409	-29.238874	42.722689	75.482743	51.847062	31.174366	109.294677	-26.869671	85.475104
	48.188603	-29.803163	8.852006	27.282986	68.099870	26.664328	99.725673	-32.968585	43.810805
	51.332477	-44.014049	-28.312439	-7.703388	101.247582	5.852825	62.566813	-62.618751	21.877232
	-0.641664	-20.479243	-80.513062	-17.758835	51.085087	-49.286986	9.441464	-35.630953	-12.276732
	-40.907203	-14.658058	-96.733200	-63.002085	7.883100	-73.014044	-57.099235	-55.232484	-71.947644
	-47.320772	-13.970126	-58.511093	-77.276307	-16.868368	-85.398465	-59.284584	-29.874276	-42.063197
	-59.458997	5.453084	-17.838173	-74.079823	-45.536524	-64.487251	-74.693626	11.508440	-34.702375
	-25.377017	-34.595659	16.957459	-42.603735	-51.440390	-41.145475	-28.011644	-28.586747	-12.056939
	8.795766	-65.423349	73.444642	-24.548322	16.889229	-9.516830	7.781803	-5.035351	82.677465
	-6.357643	-75.261589	65.042199	-29.950568	23.383108	3.632919	19.901627	-3.919841	72.912787
	3.891489	-64.246187	27.919206	-1.263647	34.094469	10.891613	46.832778	-32.689300	50.324106
	25.906686	-30.382150	17.969229	-26.826499	54.166203	20.309459	64.357209	-43.255295	51.831827
	4.553369	-28.712271	-39.937858	-55.075036	32.302671	-8.509557	24.178978	-47.708778	-38.472555
	-24.193820	0.628719	-48.851222	-38.246488	-8.951252	-4.787773	20.249867	-3.459671	-39.243599
	-43.133644	41.431494	-53.497584	-16.101014	-7.247408	-14.769991	-4.416729	-16.819098	-49.451279
	-30.884906	71.245188	-46.728342	-19.195749	-24.409639	-8.550770	-23.693095	3.073969	-73.306694
	-38.261356	66.051789	-12.755799	-2.990262	-9.014080	-16.150014	-28.308338	7.967796	-56.812513
	-20.503522	57.507913	-5.800441	-33.894101	3.267668	-22.714094	-33.602939	6.588404	-47.641441
	12.166700	60.868428	3.112319	-0.907491	16.098553	10.551104	-27.222599	34.921461	-10.605823
	7.904871	29.342438	52.388255	-36.816369	4.016600	19.133407	-2.379068	35.018970	14.336738
	5.153765	25.950626	60.321400	-2.036357	16.536518	37.347915	7.701921	15.388598	53.966888
	17.711052	36.069247	80.728099	-15.606444	-16.685982	53.811173	-10.935168	31.596795	61.150933
	23.303565	29.538016	86.282569	-50.330485	-2.553811	35.335300	13.523765	20.680360	91.491032
	-9.728041	-6.637623	46.657891	-77.387660	-27.696575	11.794324	-40.399680	9.656343	33.235350
	11.304817	-19.216321	45.160229	-70.355951	-34.335972	7.389142	-17.120144	0.208170	36.500721
	10.207766	-37.672859	26.022282	-38.957694	24.360502	-11.896565	42.248210	-17.895287	22.322084
	7.119368	-62.506626	-42.313833	-21.257862	80.397072	-32.640364	51.461718	-30.112890	50.324489
	-13.186077	-30.688597	-9.549779	12.848064	63.843693	-17.676318	42.743161	12.238373	8.693232
	-9.403266	11.919590	-11.954250	-28.546721	50.177614	-0.570423	22.070452	-4.382092	32.621797
	-23.640552	1.409828	22.182810	-35.434989	33.030723	14.584320	-25.712234	13.313400	47.102537
	-5.588888	-41.595722	27.752416	-53.731771	12.933875	-12.607698	-40.470496	-22.369995	2.270305
	6.734501	-79.485636	74.001314	-32.027803	-5.130984	-2.185555	-17.916223	-27.315285	38.216970
	27.616361	-99.120568	59.249235	-21.429206	12.812691	10.326234	12.516332	-25.307225	60.832042
	39.193923	-63.871346	43.836668	12.544587	23.686939	5.192980	35.420217	-1.902890	93.146815
	55.479080	-67.393943	19.821034	53.805179	34.913667	-3.593186	90.956074	-32.103389	58.984873
	58.507106	-39.958580	41.479826	66.548152	53.092704	9.552676	86.944329	-3.220303	49.158631
	74.465181	-8.622961	39.552624	74.677620	83.487245	8.633890	120.269519	3.436172	68.117882
	81.706566	-2.845863	-0.871979	89.653839	75.262872	17.465145	105.301670	-7.052902	32.781479
	40.021448	-19.984866	-47.628167	54.989688	69.052279	19.124621	60.456519	9.234393	-7.131663
	35.785894	5.440073	-65.789580	65.518816	54.422129	-1.638215	70.335869	-12.929526	-10.546076
	9.477198	-29.153625	-94.954655	66.263295	98.293614	-15.013767	74.801312	-20.498676	-35.456398
	-10.574659	-39.492195	-88.742959	31.674816	94.767635	-40.324210	59.305501	-16.346744	-73.287334
	-14.380464	-12.257201	-34.810712	46.647029	56.245226	-62.478606	45.366993	-20.284908	-54.128645
	-5.459393	-11.290918	-4.817204	59.547900	44.719856	-46.237944	53.723376	-30.348672	-79.182964
	-15.179881	-18.449188	-20.785804	16.297095	-11.514879	-27.178820	13.050270	-17.786973	-69.101794
	-1.567233	-10.870966	-26.262211	44.533027	-19.277939	-39.203043	29.134774	-27.915999	-25.140061
	-13.359261	18.763957	-64.837071	64.148248	-25.312835	-20.747754	-6.313837	-17.538695	-48.370222
	-5.396314	16.316769	-60.366795	42.185740	-24.809504	-13.657703	3.805636	-1.389501	-50.061681
	7.271083	25.310878	-6.635022	15.561296	-15.973981	3.608784	-11.749014	14.892813	-7.175497
	-16.676878	34.848217	-6.627728	-3.252764	-18.406099	2.560859	-12.632697	12.074864	-29.196212
	1.463105	36.657269	30.581892	-18.015257	5.035362	33.116497	-34.215625	28.643355	14.523628
	2.635753	26.769514	43.840974	-39.270028	-6.764808	27.097202	-25.173869	37.235966	18.919324
	-1.626400	20.171191	41.846781	-29.349468	-13.078829	20.312811	-24.917024	18.751124	11.602395
	8.341691	-2.407696	-14.788071	-14.161120	-20.939091	23.954444	-0.392490	17.238125	-21.785199
	-8.627373	-24.384417	-21.360573	-8.021685	6.259757	-5.083287	0.687740	-19.013365	-25.481133
	-11.250233	-17.828399	-54.745852	4.739906	-15.492026	4.227281	-6.436986	20.273479	-77.433333
	-17.892716	-9.987688	-49.023037	5.997993	-40.957666	21.152018	-54.133051	33.608730	-91.254413
	-16.005294	-34.414212	-15.703219	-31.321532	-64.156555	11.282002	-77.762033	20.656200	-16.544392
	3.950170	-31.032268	33.245043	-61.003529	-58.372171	31.009240	-64.779421	-0.864786	-12.720185
	3.135745	-43.838204	44.425565	-38.960381	-76.350346	21.123671	-71.495489	2.989564	0.912075
	11.936411	-55.375241	38.407510	5.204192	-36.565298	-11.656261	-17.614373	-1.070391	12.528590
	-17.313139	-58.755260	-4.157856	5.167933	-48.369485	-31.843944	-32.018804	4.901668	13.170217
	-13.314066	-70.300432	-24.218556	8.465187	-36.660165	-13.068101	-9.846515	-20.848708	15.728958
	-2.024608	-53.848685	-18.179236	-5.922125	-9.344931	-23.843755	8.377828	-47.017660	21.904790
	-17.408008	-70.584658	-11.709592	-45.525077	-13.250018	-3.149761	-20.011150	-39.048837	-24.541103
	11.664974	-51.431919	24.231345	-41.718928	-0.838734	1.717449	-17.280066	-24.473382	-7.294357
	-14.131853	-25.142834	-9.575615	-22.384162	-15.459249	15.386890	-59.959150	9.488577	-6.361377
	-22.022694	25.436743	27.854170	-44.640475	-34.464077	21.268840	-36.801204	-6.472547	-5.337318
	-31.066514	12.099571	27.354993	-16.700529	-29.168863	5.742588	-22.769997	-9.766232	25.552234
	-14.790197	-10.050009	53.577950	-51.482064	-23.372771	5.427502	-4.145936	-44.242773	70.011851
	-15.091601	-20.030245	37.005525	-50.817061	-16.055452	-3.859340	-23.641549	-53.012418	58.745359
	-16.142835	-7.339003	-14.364993	-38.090287	3.576108	-16.856802	-23.590595	-10.371406	29.267519
	-16.930686	-21.639132	-41.581016	5.697781	-4.131461	-16.950762	-7.956223	-26.138431	22.296808
	-11.646752	-6.042123	-66.275534	-27.961793	1.689367	-20.584819	-37.913657	-1.140923	-20.331420
	11.213625	-4.334738	-19.639847	0.976289	-9.459482	-1.560445	18.040119	-33.453280	10.155770
	31.682299	-21.184938	32.413687	18.369032	0.022043	25.224334	43.471765	-38.958901	6.981763
	20.394785	-5.177252	-5.149224	20.289222	0.242024	18.610220	62.127262	-31.090024	-21.845898
	8.538868	39.678769	17.351193	53.328078	5.839530	13.459295	59.274250	7.740514	-5.507413
	18.993405	54.070246	-7.346138	50.494018	23.819898	-10.118669	43.971077	-7.727695	15.185995
	37.797027	71.250724	-14.453685	51.888173	54.829253	-16.339769	62.737118	14.197127	-9.839351
	42.717304	77.046615	-9.357195	73.054212	40.013022	-9.631243	69.369888	7.822344	15.001376
	-13.400588	60.523774	-67.543651	36.764425	-28.769131	-36.946216	9.076541	16.565155	-42.868707
	-52.792203	42.772452	-69.767987	-21.217359	-44.422190	-36.059767	-38.915934	0.052666	-97.917071
	-56.061144	75.732378	-76.729927	-36.256281	-52.249497	-43.117906	-43.586316	-17.088320	-103.051568
	-57.713079	77.013021	-65.243220	-39.131182	-89.343953	-46.968475	-84.107477	-15.399008	-120.072918
	-15.307086	53.019324	-1.735236	1.182897	-3.350684	-17.022187	18.927306	-64.029336	-26.629925
	-14.753692	40.344170	44.377088	32.666890	-16.133592	2.474576	30.390584	-0.718804	-11.651948
	7.022280	21.753649	68.910722	20.498768	-5.776955	50.098893	32.587146	7.648957	31.945861
	47.956202	4.914553	81.990245	9.935141	6.783764	74.594605	59.151655	-5.153708	45.241185
	71.173301	7.103714	72.881795	33.396317	22.320888	101.657512	53.799305	-4.353189	69.347191
	89.709932	-9.027311	82.266449	58.249350	30.179528	106.174973	54.947861	25.848323	58.544343
	61.239681	-27.006797	47.451622	44.100632	-12.768722	92.704127	1.160997	14.567067	13.227456
	17.838206	-30.254033	-5.156498	38.237229	-41.361593	29.333681	-42.118658	27.923680	-39.517174
	-39.770283	-18.870530	-85.142019	15.076981	-56.224228	-30.888002	-85.627482	43.194764	-80.822678
	-48.778724	9.712459	-104.459792	9.688392	-14.174971	-82.963816	-101.475816	36.415593	-88.098239
	-51.182398	44.084988	-85.073747	-1.969720	-10.903512	-93.144640	-63.394521	60.310685	-99.226531
	-36.316788	60.559875	-51.855830	7.837268	24.798103	-77.423577	-38.555325	56.607099	-66.186905
	-56.589940	56.268459	-16.235366	10.236801	13.477974	-64.881639	-31.420322	64.131442	-78.084124
	-40.121213	21.810621	-16.042483	-20.286409	-10.907744	-43.937478	-50.950525	37.884907	-92.450268
	-40.611808	-19.123405	-11.830932	-80.946617	-43.738474	-34.163354	-81.833911	13.898379	-57.674741
	-33.162121	5.379572	1.467076	-66.707947	-53.267869	-35.528842	-79.106461	48.368468	-77.752096
	-59.359319	46.254099	-4.636161	-67.120549	-83.637407	-31.882907	-119.754718	53.710915	-93.218940
	-50.379215	57.268300	41.270463	-50.145570	-82.643325	11.136989	-105.627564	47.480641	-43.397552
	-34.026444	72.878572	47.692269	-19.134923	-31.962612	43.035299	-65.359650	52.140395	9.955250
	-18.441410	74.410707	7.559535	8.161390	-15.025547	56.346818	21.479672	37.866845	3.225277
	-4.255573	37.992429	-13.133241	26.841473	-6.199911	16.472397	25.349112	40.067228	-0.860004
	-7.680819	1.129978	-58.319777	32.784206	22.132537	14.075123	37.903488	-7.768016	-37.843636
	1.833644	0.644004	-42.665503	5.230735	39.989282	16.282789	9.935169	-10.889167	-2.283109
	-3.579031	-27.176055	-52.901615	0.488162	-21.575873	-17.324646	-33.785702	8.181019	-55.238042
	-24.774430	-65.324226	-43.235540	2.297120	-40.385838	-19.229410	-39.862373	5.344149	-30.326277
	-33.650703	-74.660562	-60.269774	1.162518	-54.602054	-21.176617	-40.663035	24.121911	-32.598537
	-35.952484	-71.408484	-65.915358	12.902411	-40.360694	-13.360848	-48.352756	20.549753	-79.221553
	-23.624716	-50.035814	-21.174316	21.997556	-24.931125	-10.998687	-0.015697	29.719185	-52.435642
	8.680694	-32.257690	-39.876388	29.179158	-0.797874	-5.950656	40.944086	26.476495	-18.633216
	14.687556	-7.491935	-15.181436	36.431718	11.518084	-0.552729	31.422290	20.892707	-37.983248
	-2.352511	-39.981153	10.117215	-1.907187	-11.139848	12.508656	6.190858	-3.305482	-16.757691
	-6.814597	-32.550978	-4.952973	-12.929088	-22.316210	-9.388400	-59.322057	-0.562640	11.463303
	-20.958510	-18.867362	11.475990	-17.926403	-62.207638	-21.690665	-84.714707	28.267306	52.116886
	-66.104998	13.754385	11.757584	-43.664942	-106.258945	-39.061782	-93.799507	38.734121	4.508333
	-52.534695	41.570506	-7.258100	3.622281	-125.611788	-38.516015	-95.904694	43.995877	-25.032367
	-52.414580	88.358610	-1.421202	54.439223	-104.521621	-19.601996	-67.245678	101.870438	-19.057382
	-10.966525	91.844479	1.432966	72.665162	-65.719228	6.310934	-23.872366	73.027372	-10.122387
	32.085334	68.705375	10.999199	82.267974	-24.732679	37.461236	1.600404	57.122782	27.873143
	19.825533	88.740022	15.688666	55.389417	-3.119291	55.478621	16.894472	39.011342	45.083710
	21.636503	51.682167	86.230522	24.889566	16.783005	53.516439	33.191212	45.608232	78.553164
	43.675817	-25.560316	43.198668	-0.415414	30.601053	29.973442	29.192136	12.543128	79.503157
	52.564855	-87.854334	23.211592	-10.574597	33.486930	21.740806	56.166497	-15.703049	43.673445
	-22.253980	-94.260904	-39.550637	-24.126098	14.765774	-16.748585	40.324959	-37.859881	5.674419
	-8.730733	-75.124327	-73.318747	-17.998707	-7.727863	-23.368049	-5.103841	-25.426875	-23.115087
	21.219871	-41.026682	-38.880377	-15.283835	-2.071625	-10.479750	5.768568	-26.508690	-25.482676
	43.094844	-20.948547	-11.676231	-4.787233	3.216953	-10.033688	50.354210	-6.062072	-7.367565
	55.346731	-10.041901	23.705488	-10.528708	28.501815	32.716908	22.952857	-49.319215	0.706254
	28.540717	-12.528404	20.541147	-39.274448	30.861605	27.759547	33.733630	-43.491797	-5.517930
	0.397191	0.489312	-34.948546	-42.730446	17.112636	-10.153258	-3.212836	-51.501999	-19.407225
	0.490491	18.346244	-58.904797	-34.224013	-10.857851	-28.767924	-27.464174	-18.984915	-60.925514
	-6.407339	8.019797	16.167223	-11.938998	2.361552	-29.743368	-0.068978	-27.505437	22.382074
	4.918063	16.170156	6.398403	-5.003069	15.627262	-21.151674	36.922079	-24.264533	23.628226
	-0.409782	-10.297500	29.010879	17.196628	-2.925437	-21.929772	20.637015	10.532504	-8.415119
	-2.221660	76.879345	23.425982	6.159572	12.855544	-11.235223	21.323167	10.370479	9.309833
	-35.998774	32.522781	-35.282163	-67.201400	-35.912014	-12.818739	-69.312367	-2.097490	-73.187562
	-20.219558	11.053080	0.708550	-29.472543	-9.203048	17.896971	-26.364135	-45.221443	6.626223
	33.122453	-19.241283	42.681810	-66.664455	3.937664	38.254209	-10.432196	-28.928544	34.389119
	72.194947	-23.069620	43.337166	-49.555623	62.309090	56.186407	55.075786	-51.423039	66.623326
	65.736112	-17.130499	74.676957	-15.501910	77.716318	53.169029	66.402508	-55.535525	50.566626
	55.874782	-33.623273	51.019965	-21.805110	80.126038	49.784948	51.128004	-48.873757	59.030203
	62.283680	-34.027204	52.424149	14.349422	79.911545	10.331128	72.843265	-53.963251	39.091440
	17.798788	1.782662	-34.516174	53.418379	65.706030	-23.267830	49.657268	-27.477861	22.063673
	15.970431	-18.289438	-73.795544	36.926283	62.152971	-44.845779	32.209170	-30.945204	-45.294053
	-12.710105	4.807348	-122.162137	61.142049	17.732379	-64.972078	19.027951	32.556331	-75.710261
	-34.140438	30.303965	-100.511004	57.487456	20.667408	-65.266135	28.277925	36.876788	-80.825248
	-19.488861	31.254872	-96.995803	68.475172	23.106429	-15.462760	22.341069	30.133324	-71.432185
	-37.506432	64.849826	-39.877832	32.352092	-0.112498	-15.498120	-35.705081	37.583533	-31.409852
	-56.242165	56.516136	-3.749284	-7.908458	0.273987	-11.354737	9.053877	18.043826	-2.674109
	-27.463083	69.533911	11.331943	26.918257	20.874029	9.718139	-8.328051	37.739340	18.707005
	-17.316953	50.252551	41.665110	-1.945653	-2.678386	14.715325	-11.170027	36.823230	13.889566
	-9.111492	26.502751	38.287197	30.663570	-4.587153	25.921451	-13.330590	33.323112	-3.045134
	-18.273553	5.782538	26.813094	13.004380	27.549216	33.670801	-27.672896	32.977902	8.635135
	8.594315	-0.463282	-4.144590	9.386064	34.648791	31.980037	-1.018284	19.583690	-38.139183
	-1.193787	4.837110	-8.346170	-5.716023	6.066522	26.618096	1.638351	27.869855	-41.245789
	14.696631	3.066076	-3.782226	10.250665	-10.660057	28.101331	-3.025638	-17.439689	-56.288768
	-52.238651	-5.691507	6.546979	-78.328261	-54.638402	-2.566317	-76.385637	17.893785	-73.274074
	-24.475384	-3.468248	3.299371	-12.193438	-31.135288	-19.853348	-28.509411	21.249487	-40.702539
	-19.818649	69.196402	13.166743	-13.493156	-15.255097	-3.320089	-36.318224	34.250340	-35.810442
	-29.078882	72.453180	3.909902	-23.770566	19.012515	23.498970	-19.153015	32.743072	-1.486155
	6.591444	24.641448	12.420667	-4.479456	53.844120	20.142643	8.129131	21.447674	39.622268
	22.189492	42.327190	62.553614	-27.727815	25.500880	15.886674	-5.397159	11.005466	54.230576
	21.946195	42.356518	20.581917	-28.661164	32.110900	30.352571	12.023042	1.396343	55.114784
	26.725865	23.925108	-5.281890	5.661457	49.379514	20.007366	26.934796	1.201902	11.338704
	60.786268	3.913862	47.374980	6.076563	41.193179	7.845830	35.878731	-39.770757	48.181897
	74.052775	-40.453555	24.807914	7.270564	44.142150	12.002212	45.018380	-28.418253	61.907682
	76.470813	-38.702650	-9.715175	54.666040	8.372663	9.953527	57.569185	0.276648	18.822692
	41.398639	-20.050204	-41.125341	47.252797	22.285730	-9.555949	33.402764	-6.019159	-13.495659
	8.294239	12.615480	22.815125	12.065914	-0.062803	3.357806	28.365594	8.378178	8.768187
	10.264911	-6.876437	-4.775201	28.836050	-8.835917	-12.860375	4.668284	-17.689376	20.262588
	12.665519	-52.584979	63.193780	-9.899019	-30.839437	25.568011	14.352194	-60.877438	75.623777
	26.960750	-68.745656	42.701287	-24.879249	-40.232111	-0.460001	9.036603	-72.547680	114.318211
	-0.077723	-110.697679	9.952091	-49.938036	-36.532485	-25.055116	1.701786	-83.369864	101.975312
	-35.960575	-102.951833	-54.351148	-40.802642	-77.221817	-55.981867	-19.681629	-34.228115	42.900324
	10.376562	-91.946794	-9.772987	-45.381589	-30.540750	-51.571084	-10.465017	-55.137053	49.177547
	23.942047	-80.799221	48.732282	-37.082898	22.377796	-3.143183	17.803057	-35.114908	89.928238
	40.486487	-58.436794	75.928923	-7.818936	15.040874	14.390611	32.970486	-25.404061	109.398908
	48.989323	-71.417180	62.509802	35.622764	43.705418	36.324727	53.796589	-29.285740	110.971818
	52.736053	-62.147529	84.642865	-35.848190	-24.128383	47.742968	10.253509	-17.231462	112.871027
	47.109522	-86.884321	31.856269	-4.702617	-26.203915	31.428157	19.437116	-7.122600	60.642204
	19.414080	-70.949807	-1.438653	-2.266954	-17.124632	20.958960	31.189307	-29.145397	25.275482
	-9.747090	-85.488548	-70.735154	-30.728624	-37.436833	25.784736	-19.397022	-36.338970	-83.991057
	12.685238	-24.366848	-80.041520	17.100498	-39.930437	-4.441306	7.824713	-29.947107	-75.552439
	-8.905765	0.393874	-90.994459	33.380241	-15.840029	-8.355605	-3.401424	3.096884	-39.783654
	-31.565712	33.313024	-108.663810	37.495643	-13.096850	-42.768396	-4.477554	14.436670	-78.826963
	-16.497218	78.486199	-85.292224	65.558748	28.693862	-33.362576	25.485070	4.558017	-81.314703
	-57.719697	108.185402	-33.231330	29.423124	-35.144862	-46.605932	-53.609512	56.711748	-75.314496
	-8.048153	42.345246	-10.516921	30.166278	-25.889405	-3.859611	-6.605069	22.755398	-43.145832
	-25.273152	34.876490	-17.704500	57.020935	-42.554755	-5.526889	8.183837	40.322166	-38.023545
	-32.975216	-4.699915	29.721739	-8.540677	-15.849070	-6.238880	-19.111646	30.583384	4.373544
	-2.473920	-32.861212	37.742655	-15.170630	-6.077286	25.016123	-13.148517	0.366006	25.120740
	-1.504194	-67.743951	50.190104	2.259590	-3.115176	13.697658	-6.111624	-1.352905	42.298353
	-5.705396	-67.608991	43.466597	-7.414717	-18.859989	12.816660	-7.861584	-27.110311	35.905312
	23.565651	-37.431771	65.930898	20.974993	10.458399	33.151650	43.462493	-2.881779	54.109684
	21.788172	-38.928972	33.619536	47.887130	-30.433740	53.505279	30.649355	-9.426200	29.444004
	43.898073	-52.325840	43.457582	44.578516	-16.032785	40.419537	59.313912	-12.400076	70.073926
	47.844241	-32.256182	24.160134	67.945735	7.194457	36.193695	48.233099	-1.969452	64.119166
	33.374709	3.816739	10.156708	39.577621	21.188416	13.894730	55.676000	-11.295127	35.750364
	32.792973	-7.199547	7.361524	15.197485	43.863734	18.380954	57.697676	-5.992098	39.638931
	19.857296	-18.276899	-24.303671	-22.937921	-10.801460	-1.372058	13.908672	-10.366043	-11.909138
	7.200081	-16.953741	-41.657252	-40.963742	-19.155873	-11.779234	-27.018055	-23.738793	-38.384640
	-32.607380	-5.775136	-65.558511	-43.800894	-42.258969	-63.643123	-39.143057	0.105085	-81.548006
	-31.083537	-3.835116	-26.936297	-28.097165	-26.197269	-40.316007	-41.774680	3.905918	-43.809054
	-29.289849	-28.143708	12.455561	-35.549629	-52.304973	-19.730299	-63.310127	2.964774	-30.959563
	-11.358222	-2.610355	14.264257	0.360802	-35.298131	-9.332391	2.532228	10.283683	-20.453641
	-20.075830	-2.732085	38.525000	12.991725	-10.589387	-6.989825	-4.860103	37.507784	-5.409968
	-29.651878	-34.544497	29.819746	-13.502156	-29.944128	-23.748248	-37.414783	6.610005	-4.138870
	-55.346014	-33.786401	28.658474	-11.372851	-19.306400	-17.347911	-19.733654	-13.944568	-0.667553
	-11.669879	-28.931396	4.062252	10.457832	25.904333	11.471434	5.358938	-6.321073	24.527702
	-1.152737	6.557227	20.256953	30.790677	31.697424	22.256213	19.997370	4.078281	65.412089
	1.331361	1.382345	-7.663274	42.775134	54.573042	15.282250	49.098300	0.859962	56.372833
	2.394428	-30.820878	-31.777259	8.003642	25.088049	-6.027836	0.297833	0.573709	19.476597
	19.446691	8.690252	5.976081	16.667731	82.629908	-5.068363	53.680267	-13.220273	91.455679
	23.327260	27.905241	4.617915	22.976716	77.163669	-12.888153	33.784748	-7.160068	50.642481
	44.624934	42.673795	48.912207	1.734093	38.614696	-6.382422	10.350423	4.039149	70.882126
	25.214494	57.251530	29.034294	52.875081	49.974441	-7.001875	38.719199	9.913150	42.661507
	33.135850	56.133164	33.446323	27.577799	52.249514	6.399355	21.252167	1.390724	7.736965
	13.387748	75.354984	-43.677593	71.669929	25.981659	-13.600636	42.781406	0.767559	-29.672155
	-28.071122	74.651587	-64.504204	45.597872	6.610591	-19.085310	6.052397	3.588928	-102.715278
	-13.327292	84.506012	-75.103031	4.136181	-21.607567	-14.900623	-43.471601	9.884332	-123.736248
	-43.074932	57.988753	-89.453212	-61.206172	-42.370122	-39.710542	-70.372016	33.284151	-89.842035
	-69.498683	46.194210	-58.336386	-70.076268	-27.340239	-42.977963	-100.024584	18.297718	-109.848417
	-64.493172	21.529242	-39.587678	-88.381527	-51.517272	-27.413116	-96.638036	26.389585	-106.724628
	-39.476534	21.450713	2.494602	-60.311331	-24.633444	-8.494854	-69.453381	35.435029	-87.900650
	-49.559150	27.208507	3.439560	-41.156946	-15.190448	-9.054207	-52.262044	34.121883	-35.850253
	-31.832589	47.015715	52.212449	-25.519043	-2.483558	10.503681	-32.736047	20.415322	19.550016
	-17.074045	83.340326	65.514968	-4.998407	33.726140	29.590749	19.115230	33.266564	26.973570
	-0.302377	57.403530	20.511158	33.695467	23.480291	29.697452	-6.670610	39.093193	-15.995292
	-35.664207	98.119637	-1.264559	-8.385784	12.647841	-3.405005	-29.647806	65.596806	-98.818927
	-46.841360	20.638689	21.008828	-37.539217	-14.424038	13.319460	-52.895310	37.398550	-36.809765
	-47.016466	-16.881484	10.110316	-42.855740	-45.007173	-22.021904	-95.120036	38.320180	-54.783245
	-54.174057	-18.137086	-8.870587	-10.174831	-53.022634	-10.236105	-54.015936	14.141240	-27.516534
	-28.503393	20.021787	-33.425321	-25.607134	-36.242086	-16.959125	-28.185182	11.883403	-42.597785
