	24.086473	38.464648	22.452685	38.618365	42.600050	-30.593850	30.825441	4.594042	-3.846545
	-6.940197	23.835470	27.821053	23.471571	23.076339	1.449813	10.456828	-15.016394	0.406919
	-32.389929	-18.512532	38.226298	-38.431292	1.968467	-14.512522	-64.867714	-18.960214	-4.337488
	-59.443546	-58.962943	6.551983	-31.191184	-9.266596	-15.549038	-68.749983	-9.762902	-20.750404
	-18.680325	-86.812101	-22.191912	-29.124377	-23.643974	-41.629461	-23.520426	-23.954751	-5.919418
	-18.176408	-95.229722	-20.491534	-17.814193	-40.967457	-42.567901	-29.802183	-17.803005	-10.428936
	1.464614	-82.519802	-38.118374	-35.392012	-53.960815	-39.946181	-53.302862	28.148895	-17.550900
	16.313112	-67.148366	1.742709	-9.267240	-38.931220	-24.485493	-24.189923	-4.869183	-10.966336
	24.582411	-36.478019	34.530866	-11.298420	9.005215	7.904803	-12.796494	-9.620352	21.560384
	6.801136	-12.123782	15.953898	14.204611	27.230309	18.524516	-35.862793	0.876644	12.057332
	-6.500735	-38.261744	18.949134	-34.102871	36.394663	16.015784	-37.923160	-11.703312	15.086762
	-6.292325	-37.969261	26.491601	-13.904405	42.504625	-8.595803	-38.529140	-22.896725	1.670554
	-1.812643	-34.289982	33.872977	-15.193457	26.387747	-5.872128	-19.658707	-15.171138	8.484160
	-24.834481	-66.537263	25.990844	-38.710202	31.562122	-6.738228	-25.295833	-27.261965	39.083945
	-45.071423	-49.309156	32.386803	-13.061575	13.547916	6.121638	-27.413883	-37.619509	22.162630
	-49.129319	-41.948098	30.854263	-20.952318	6.040916	-15.468635	-34.707057	-39.303358	8.695108
	-28.406427	-91.560755	63.677587	-79.510567	11.325530	3.472830	-54.055393	-41.433603	22.500082
	18.008236	-101.019253	43.688196	-78.875064	18.344736	-1.028485	-30.221909	-41.156385	60.786829
	24.925077	-65.183477	-3.878340	-49.159061	4.407323	-4.088454	18.111853	4.172134	21.726396
	16.154379	-51.010365	-21.254244	-50.723349	19.773930	-12.086064	-4.712598	-29.269390	12.303916
	-18.240423	-11.197471	-2.327290	-26.777635	1.680108	-1.322178	4.338086	23.476835	2.258325
	8.187586	31.036597	-14.825238	-16.880228	21.172489	-11.419095	-1.383773	-11.074337	7.771173
	3.916784	64.543534	0.173817	31.888895	40.123387	-29.545311	4.904994	6.243448	-19.504366
	9.973324	89.834861	20.141784	35.354819	52.861380	7.829174	27.744519	-8.936145	3.322355
	6.018761	59.520068	4.189543	32.399258	40.575184	-6.597317	8.646128	-7.193266	-4.848593
	-38.601630	-21.087400	-7.512631	-18.116567	13.704737	5.443135	10.048111	-28.020078	30.963142
	-31.286199	-99.661924	-40.866242	-100.515111	8.591055	-25.569838	9.533990	-56.935118	-5.631185
	-34.035453	-80.288096	-19.517945	-84.886629	4.614354	-22.421498	-24.281047	-31.454760	-22.086469
	-11.626441	-40.955491	-24.433261	-42.961326	4.379657	-14.963551	-3.332292	-17.788909	-14.760453
	31.068712	-14.992920	11.171008	-26.359998	30.253013	15.668275	3.119672	-42.721979	5.437511
	1.495840	-8.372996	0.967213	-6.355631	46.246457	-8.723985	4.816181	-41.368254	48.919085
	22.110972	-5.897141	28.969978	-36.483963	53.686791	20.201093	17.252899	-19.763211	31.528945
	23.703182	-0.601681	26.196023	-17.978954	56.589764	16.373398	10.149083	-23.389528	7.645056
	32.894336	-0.545744	23.990535	-23.735580	75.692006	17.688082	27.849322	-20.860332	22.622251
	8.097542	-23.125646	10.091247	-15.015837	45.101128	-7.267206	12.428332	-0.741719	-23.182997
	-10.063982	-67.108981	4.402519	-54.979080	5.531634	-10.902890	-34.831777	11.580590	-7.206505
	2.816667	-83.641061	-1.075120	-62.301489	-31.332698	-26.831599	-10.628981	-5.354638	21.095499
	-6.877305	-36.030431	-8.879491	-55.916685	-88.507156	2.104597	-31.595814	-1.448785	-64.781505
	-10.164566	-26.834717	10.614523	-26.882517	-82.794108	-6.937874	-48.417770	-13.018307	-42.813353
	10.526036	-3.789431	14.550770	-41.309776	-43.017181	16.912784	-21.258243	-3.029860	-4.361943
	35.109636	-4.002482	23.234548	-35.295171	-41.401056	32.151307	-15.234251	-4.392738	31.433652
	47.159362	4.686177	43.860017	-14.328533	6.430649	32.021162	12.263528	-0.811210	27.190661
	45.740307	7.802656	51.052285	14.055374	11.460610	30.985558	37.824008	-23.407668	33.826352
	-5.727528	24.339147	43.611936	3.806045	39.390971	3.701443	33.140575	-13.549325	-5.209137
	6.377414	8.680694	-0.048293	-19.521613	26.290899	-5.977010	22.689285	-20.797706	21.400209
	-12.300139	4.427850	-2.574118	-48.672361	24.154647	-28.554497	-2.874144	-28.667722	0.985891
	-12.996037	-0.160701	-20.812348	-72.371729	16.091287	-23.574897	-59.646760	-30.418711	-35.714742
	-6.556225	-29.858902	-8.347557	-66.419086	34.540189	-21.409498	-62.351979	4.539479	-25.870915
	-5.083493	-62.221711	15.709929	-87.236380	4.465261	-11.977199	-55.674377	-12.041685	1.294217
	27.848019	-56.725023	-23.826485	-40.544018	-6.206257	27.441443	5.274708	-16.565221	-2.990749
	19.227432	-30.976637	-34.075006	-26.748813	-20.576639	24.683202	16.144413	19.919378	-19.337068
	31.120900	13.900769	-15.212255	3.715555	-21.202751	-10.558990	4.923506	-14.600359	-47.360144
	36.904881	29.460858	-27.447198	22.189912	-45.503879	-6.020044	18.539090	9.704841	-76.292069
	28.668853	75.720762	27.569085	50.179641	-19.983956	9.856474	13.020807	0.781533	-40.884273
	38.174234	83.129367	-11.986258	28.683363	-37.991831	22.476883	17.455313	15.142974	-21.617833
	13.912039	46.706765	-3.656809	28.270440	-39.962032	19.421467	-10.657870	20.313732	4.541771
	32.021390	52.455975	14.587332	8.851382	-9.691970	19.017515	21.902605	11.377910	15.753756
	-7.128654	16.724268	1.459095	-16.672442	-12.970713	-7.628729	-0.675100	21.135590	18.202308
	14.618506	-16.181094	-15.474422	-40.413057	-5.074123	0.717852	-4.809466	12.502372	-6.274528
	-30.396801	-43.410540	-21.712127	-30.898949	-16.785429	23.417947	-23.563309	24.100797	-1.646060
	-13.915621	-99.487703	-38.998219	-81.395021	-25.015284	-9.737896	-39.256696	3.267872	2.517557
	1.176329	-117.756292	-24.494344	-89.972197	-72.329779	9.153962	-38.457581	7.348566	-20.312610
	23.286958	-85.273758	-34.256918	-47.686854	-62.692334	35.517160	-7.009345	-7.682796	-17.224622
	33.186499	-18.296269	-29.290232	-7.469007	-59.279402	30.847215	-11.253725	33.789661	-52.197685
	-10.972408	38.608662	3.220656	19.806048	-83.306548	1.750352	-5.941781	29.677695	-34.872251
	30.599808	74.839548	2.691831	59.860088	-31.872422	20.447529	3.717878	57.196898	-18.917070
	-7.002873	84.310316	20.397541	88.941364	-28.529797	27.956063	25.635787	46.992992	18.729841
	17.275679	81.562699	0.584249	80.068904	6.315260	24.462681	30.849794	45.335013	40.154915
	-14.829028	66.025101	-21.414881	59.938708	28.598981	45.642305	10.171801	67.188747	22.032717
	7.088079	57.440154	-22.512296	53.639973	14.266759	17.754912	38.390901	47.181207	3.482741
	0.688900	48.525291	-0.460305	27.536256	49.912048	22.555245	33.717003	58.122891	48.678037
	-27.235527	47.373083	-30.173122	20.342389	19.401555	2.166865	40.244048	15.786277	56.466529
	-19.999791	51.862676	-26.410427	12.575876	-7.744181	5.249802	10.066719	24.311916	31.408391
	12.381505	56.768813	-26.738286	42.427102	2.591265	6.333085	3.382920	67.948552	16.989464
	30.697444	34.177815	-55.188931	76.836207	35.216861	-3.725579	54.709133	44.587717	32.669016
	10.393723	13.739326	-16.658072	48.944718	55.802417	9.268292	57.224375	38.557569	73.639941
	20.107004	-9.691910	-17.925963	22.856192	66.830215	-0.855690	32.237267	18.704452	62.548657
	-24.581457	-26.865715	3.708484	4.766482	51.809001	11.267818	17.009475	-2.348234	51.874433
	12.460645	-37.863042	1.454493	3.535018	2.860526	23.444440	-0.921716	11.465930	40.683202
	-14.726363	-17.734840	-7.360428	-5.062510	-17.409210	-1.200939	-11.329954	0.562950	9.326043
	8.130229	22.455099	2.741705	29.201933	9.139598	-24.517557	-7.555328	43.878117	17.732615
	-31.767204	65.907590	37.231066	20.173063	-24.102683	1.859768	-30.411314	36.048633	-18.335066
	-17.671339	95.612914	21.205694	22.816778	-4.805846	20.034782	-44.611395	36.935098	-26.873863
	17.013485	92.388641	30.436184	12.497465	-22.530569	22.933420	-5.042995	42.331563	-35.116276
	19.418413	80.373398	38.189684	42.677155	-22.195164	38.804997	5.500648	7.227377	-38.864086
	17.369454	42.037052	29.040386	54.336150	-35.001770	6.555428	38.877143	8.414102	3.671090
	9.292762	46.875223	-8.501274	77.578887	-31.511394	-15.222620	42.862151	24.326636	-7.139887
	-14.647918	44.345869	-40.464862	60.029403	-57.243304	-14.480947	26.689047	4.048590	-11.712550
	5.157082	39.183864	-68.286944	74.344393	-3.920249	-25.510431	19.258988	38.375899	-37.688673
	-10.127752	74.701736	-41.470896	71.644329	0.257929	-44.744442	18.285136	23.761401	-33.133520
	-11.045175	89.695033	-21.806098	48.780293	1.105038	-17.878247	-14.000494	11.889213	-43.263027
	-22.664209	95.636530	-1.090051	62.028538	58.282337	-14.753265	10.732220	10.477688	9.822333
	-16.789312	46.805804	24.185797	46.175994	60.079383	-33.951637	31.819362	8.999712	40.298341
	18.481370	23.084051	27.301988	14.951548	26.323352	-12.141726	4.121320	1.525364	6.409049
	-12.518393	-31.565843	3.903544	14.065875	-24.464305	-27.232316	19.010062	19.042391	3.528471
	7.017758	-40.173875	-22.112748	40.445374	-38.550930	-3.457720	9.597380	13.768536	-19.029765
	9.190121	-40.191468	-32.562113	7.290421	-50.379977	16.020602	-11.915830	46.751148	-75.221679
	-10.216562	-26.586896	-20.807194	4.107173	-52.900250	-23.720519	-9.342255	19.167508	-59.562410
	5.497517	-10.426914	4.011093	6.106825	22.055559	13.571530	-6.396146	3.410859	6.960013
	25.722894	-12.704819	7.069577	7.844361	8.146073	4.846919	-12.230635	-7.237590	22.040880
	30.589564	4.814447	49.314161	14.232221	50.307505	25.709311	24.029408	-60.913370	5.656971
	32.285777	0.415467	38.592353	21.454112	38.953031	34.860180	63.115151	-21.506651	14.416399
	-23.718254	-2.737468	23.082592	-1.830265	18.270086	13.475104	8.974037	-25.434443	9.297416
	29.895242	-36.365035	-45.349323	-4.957759	-1.309942	-15.130558	17.669902	-14.096664	11.578584
	2.934849	-39.729725	-57.451350	-34.626894	-37.005594	-35.847389	-3.201658	-8.637412	-61.639564
	-18.066488	-63.799628	-49.228560	-46.683421	-39.994956	-20.686163	-36.659236	-0.028601	-66.527566
	-26.586126	-34.323220	-25.553549	-57.214670	-19.448007	-13.656301	-23.936319	-72.185141	-30.561072
	-15.604533	-44.639027	5.933118	-26.407617	-2.744512	-2.886451	-4.147708	-42.905691	35.002580
	10.639287	-25.744639	34.330525	5.351383	31.784542	24.430240	35.145889	-45.410562	85.971471
	-18.605755	4.318305	32.457758	18.313673	27.944399	24.602740	36.676846	-28.055956	48.068099
	3.250362	55.280397	1.579266	39.366524	17.528873	10.606095	40.958131	-12.155966	30.161610
	-29.534863	66.965493	-13.052037	18.531023	4.272486	-6.910048	-18.186992	3.243779	14.393838
	-39.930930	33.257367	-18.343861	24.972137	21.827279	-13.845376	7.606694	10.050904	-35.964560
	-20.365559	28.093338	-12.817289	10.047641	35.414849	-3.364783	10.322664	7.515684	0.013515
	10.239991	-1.529247	-26.863216	50.377412	18.002316	-36.510743	29.074468	-12.659450	5.075448
	19.829570	-4.514627	-30.894999	5.954683	59.041413	-5.435281	41.724191	-12.305007	9.552399
	-30.258230	-34.054263	-37.157223	-7.914902	4.122055	-6.407695	-0.875646	-16.255990	-2.302663
	-21.951680	-34.593607	-21.409154	-27.700157	4.798916	-48.856683	-27.229826	-26.983824	3.099629
	-6.963854	-19.386708	-33.028547	15.263194	-3.677052	-12.649871	-10.265435	10.833884	11.879326
	13.793953	-1.130039	-22.745755	19.529967	-17.589775	-13.127896	8.596498	7.174625	7.838917
	-2.404528	-1.542948	-1.300704	20.752537	-0.791803	-3.688342	15.214679	-6.653776	12.549287
	-15.935659	0.961897	10.687972	63.855592	-10.568125	-17.963161	18.600188	-0.287206	17.508269
	1.737782	8.532226	16.855460	73.396192	-34.715316	-7.914569	53.938487	-12.144921	26.094435
	4.257060	17.918367	14.933129	72.518278	-52.596196	24.541635	34.373799	-24.414580	-10.082972
	2.946344	47.311745	2.308617	55.349711	-10.711266	19.506592	44.175461	-23.567553	-25.760495
	-12.412416	68.818613	-20.758887	47.987229	2.113214	17.545113	27.192506	28.063790	-6.658000
	-28.647052	60.590184	-24.625043	6.447982	-38.530461	2.511165	-10.896188	11.942908	-47.417024
	-27.989452	55.014084	-13.396226	24.284453	-49.162776	19.789618	-22.826862	14.874816	-58.390810
	-32.261596	42.511124	-23.066825	20.483085	-62.306041	29.313048	-15.428074	29.958139	-56.815593
	-2.726551	39.314149	-33.339731	31.998962	-51.888480	11.658691	-37.413529	27.546814	-30.439452
	7.416891	-20.419661	-23.014979	15.478657	-50.840408	20.578014	-15.029710	32.179467	-1.649638
	47.362242	-23.331625	-5.755626	3.370086	-26.657363	4.743300	53.180481	-7.729330	16.886089
	31.137909	-44.193174	29.014295	-12.849837	41.995723	18.700118	41.889276	-51.418775	21.764010
	24.037623	-88.378533	23.325463	-68.952197	12.826395	8.790565	-5.731768	-82.854500	35.163867
	20.797695	-109.167994	0.367349	-115.258612	-18.338006	21.919299	-20.347417	-96.909917	27.358041
	1.446502	-87.355027	-2.563960	-61.701825	-11.748640	14.714704	-24.517345	-39.966119	11.372318
	15.963433	-93.511066	7.829229	-58.910292	-7.180281	-4.227238	-10.671543	-58.088974	1.392885
	23.225063	-67.693646	14.620475	-49.156357	14.772532	-23.302234	-1.451528	-64.725087	-11.605624
	29.156119	-30.757578	16.516897	-41.170049	27.314288	7.414675	24.703687	-27.700226	5.256949
	52.642068	-0.936711	22.284142	-21.381221	25.834708	25.017165	24.652111	-32.240935	9.781224
	-13.279095	-0.239701	1.269436	-9.274377	30.535752	-1.626174	18.709867	-31.954673	4.089045
	-20.613817	-19.368226	-18.520705	-63.038303	-7.569755	-14.910585	-40.389162	8.791663	-29.642472
	-29.291636	-48.664781	14.417659	-104.728960	-12.836249	-15.961634	-42.030345	-13.119992	-77.404371
	-25.644271	-97.459143	-20.251490	-116.752125	-43.504200	-2.352207	-57.214190	-25.149538	-13.672056
	12.140778	-140.913572	-28.168529	-141.087655	-50.355511	11.731367	-52.688296	-48.745508	-1.219427
	-8.589501	-136.309832	-8.196644	-101.882312	-47.305574	13.993426	-52.151973	-52.031840	5.948991
	14.739464	-112.263441	-11.087760	-81.639453	-26.906463	-4.419864	-46.690105	-16.662391	24.627489
	2.573402	-82.879206	-10.090055	-30.526329	-5.720814	2.221219	-24.298182	-24.781384	-10.281585
	28.864689	-23.912878	6.175964	18.616600	-15.338135	-33.518308	17.409610	0.716690	-25.988416
	31.185087	22.136488	7.397321	73.500106	-20.693720	-14.832812	32.675539	34.150464	-2.172265
	44.833968	17.030991	-7.783627	45.848318	-10.275405	0.088221	60.469870	9.887633	16.344450
	41.562496	8.388640	-12.911429	40.960440	-26.539438	-7.563777	73.096536	7.383811	31.237103
	43.002991	26.824252	-19.695315	59.119765	-6.443755	-2.868431	79.587076	-1.655678	-4.570127
	23.899326	-12.331344	-40.513923	34.619242	10.228150	-4.572392	62.342565	-14.143191	30.815802
	8.911918	-12.495823	-29.559891	30.513673	-2.491249	-8.114714	73.116061	-8.152161	13.014029
	17.989418	-37.623966	3.661460	-19.203547	27.545862	-10.746244	29.855060	3.841769	13.764888
	4.483727	-48.523143	36.896285	-27.980089	19.362575	-1.024261	-6.258183	-14.216980	-21.921858
	6.468588	-14.361701	29.742981	-21.499973	-10.734426	34.616616	11.734860	-8.532873	12.159002
	-15.248022	-11.759618	24.500976	-22.248241	-12.474662	10.819660	-8.025894	-0.272894	-12.810617
	-14.513587	32.817412	13.337038	-12.346119	-18.043444	4.598125	-38.479101	-21.840736	11.128468
	12.399013	59.070010	-10.356028	8.127843	-10.436704	27.695506	-26.465181	14.647841	9.602414
	-46.874299	52.714706	25.509662	18.404894	-7.891802	19.982367	-12.347279	20.901100	-18.018672
	-11.589937	22.785934	54.592741	19.441128	-10.542556	36.687588	-18.949249	24.675869	15.332951
	-4.867045	2.372504	64.323218	13.548365	-2.369695	38.984008	-35.365114	22.865170	42.006126
	9.993795	-24.693441	66.804086	-45.184318	-29.565026	41.463496	-26.274767	17.486580	78.278346
	21.822689	-34.467916	41.031282	-26.811114	-42.340722	26.717361	-31.245223	-1.413022	27.685395
	41.760638	-45.432011	58.958437	-26.573986	-25.555074	17.790942	-10.471835	-13.894434	29.551743
	28.516053	-32.750328	61.963754	19.195357	-36.513416	26.823630	2.989356	13.767671	7.445325
	37.596499	-27.537088	12.011214	-2.130097	-1.484852	12.430222	9.173203	11.821249	-42.946962
	2.638663	-31.117887	1.642427	-21.840541	-10.748393	6.245022	-4.039169	-12.042247	-29.357110
	1.630505	-44.405702	20.988670	-11.700343	-21.448244	-7.055239	5.583875	-14.262253	-29.836419
	7.791350	-55.968288	26.711326	-46.074010	-1.452027	7.372674	-0.986423	-17.778016	-5.426878
	-8.310195	-54.472955	9.514466	-41.303777	-26.752278	13.531902	-6.130830	-16.490118	26.515832
	16.414401	-25.662896	36.071421	-44.107556	-28.776319	28.022696	-29.634632	3.218878	25.092331
	10.220205	-27.479555	27.579879	-53.306877	7.939929	6.859735	-35.529925	-4.850940	3.657728
	-25.869674	29.345568	50.425332	38.702785	33.048800	8.634820	24.350377	29.016779	33.643368
	-19.220486	77.948897	38.968054	30.593037	44.216439	-10.681153	3.077343	26.218020	17.909380
	4.002497	88.674789	23.673623	42.498441	47.905098	-13.608476	16.940947	11.638289	32.728004
	2.142361	96.083054	-0.718484	63.962542	38.871350	13.348351	27.776506	32.713578	4.671227
	11.080997	109.578994	-39.891933	56.659988	29.700584	16.098569	41.713768	29.486523	-15.246727
	3.555045	70.699748	-25.298722	59.201164	17.321989	-2.379413	46.767383	42.126330	9.362766
	-11.045649	32.670360	-21.263559	69.759378	13.215712	-2.614362	64.084033	30.680488	45.329872
	-21.715939	26.271618	10.405109	83.387317	72.131447	-28.784578	74.122481	2.082947	27.964409
	-6.303971	31.968403	24.900312	100.537862	91.841269	-32.532585	82.731659	21.612075	62.149122
	-28.539659	58.336183	2.579822	91.390267	73.650723	-39.848571	59.091576	32.702302	35.621099
	0.108778	78.524116	31.220808	93.287606	94.262950	-19.772400	74.355320	31.322862	38.232814
	-5.666115	114.962268	50.853688	116.420922	61.629578	-15.118877	60.417557	45.627005	10.654289
	-16.091547	124.421939	10.731561	90.440931	50.702766	-33.058600	48.177059	59.653793	-2.203428
	-35.870405	72.221462	-33.684822	57.692953	0.722144	-48.596017	0.564507	18.970383	-49.174540
	-16.094516	67.681156	-14.404537	46.090528	-3.395056	-54.190807	1.025903	31.371614	-55.917389
	-20.816768	94.634730	-1.530796	67.952129	-3.296468	-34.274925	10.224900	30.336746	-2.762573
	-41.844744	83.980882	-29.796113	80.722579	-20.825932	-39.397344	25.840108	47.559641	-23.230771
	-14.689274	85.652797	1.140907	97.296144	5.188736	-12.719236	38.600367	25.153110	4.026640
	-14.929369	73.173122	15.489472	96.227933	19.126652	-16.615807	38.450020	23.099838	30.181220
	18.034406	111.342366	19.693314	109.935472	33.084378	-19.212063	117.124429	34.428667	28.562452
	-1.965583	129.799238	3.742716	124.395241	73.072189	-19.953678	69.492545	12.895296	44.839398
	1.431077	121.738259	5.250074	81.783589	58.657994	-37.232541	59.086153	10.266458	30.611496
	-18.627166	90.619124	9.682549	24.426474	53.268665	-25.783270	41.554346	17.022291	48.744366
	5.598070	12.316203	12.624347	-14.045125	-18.525911	-14.326169	7.217250	4.260718	11.733461
	-3.717448	-11.532529	-34.156330	-14.834413	-27.455332	-11.562662	-0.886293	25.730230	-30.454136
	-0.880210	7.740523	-13.925693	3.152693	-58.147867	-3.645049	-12.553539	1.497174	-19.156761
	-12.887587	46.554957	-40.747343	2.930585	-27.187917	-5.512585	-25.747501	11.650098	-11.942148
	-12.692494	62.191915	-35.191622	10.017715	-0.013383	-2.929544	-27.025886	26.512018	-12.242671
	-45.280524	60.859034	-18.332358	19.525284	13.844605	13.944998	-24.198337	27.205707	-15.796567
	-27.124115	72.706426	-24.185893	28.150719	33.549148	0.102683	-38.437490	39.519385	-48.511658
	-49.341137	58.087468	12.526256	16.913938	39.162601	-10.510527	-35.124741	28.423684	-11.926785
	-40.361224	33.436756	10.930275	-8.939014	14.751472	-12.676820	-26.460122	29.672840	4.939882
	-26.013379	9.523332	4.366467	-57.418446	-15.968781	-6.144693	-48.220649	0.758508	1.185613
	-12.987101	-34.488685	44.870733	-41.509124	-33.458625	7.445844	-46.418267	-28.433984	10.545137
	-18.273901	-70.173670	33.268554	-44.058113	-27.682467	-10.805598	-23.391120	-25.690483	18.593681
	20.647394	-45.018124	53.897835	6.217772	-3.800604	-3.671637	24.890780	-10.826559	16.496217
	43.576389	-46.309091	47.283990	-1.693691	14.808300	16.362138	44.916064	-44.758764	37.040971
	21.389622	-54.007729	21.590846	-33.411619	13.359595	-26.654608	33.086978	-33.641406	2.773583
	13.556716	-57.022605	17.671962	-72.035082	-20.140781	-15.105928	-22.151968	4.073997	-3.389751
	-8.777526	-68.863094	-3.034029	-45.977815	-27.785250	-48.154985	-31.532753	-33.409406	-16.779243
	3.390532	-35.339067	-9.967567	-3.749453	2.137714	-56.506504	14.248139	-45.637487	-8.333766
	-4.740820	-11.741298	-28.224030	2.543466	-25.300080	-42.312347	-11.797440	-7.092825	-23.633797
	3.275308	-11.036363	-23.828882	-9.607695	8.194270	-26.405286	-10.777802	-28.582066	-9.659463
	6.440356	-22.236853	-23.842948	-34.803998	-14.089474	21.576256	8.703379	-32.133894	-11.296216
	16.516509	-66.979241	-25.980032	-37.153523	-4.873685	49.711793	1.205764	-35.959908	25.113010
	59.379738	-85.849234	-37.997688	-28.185175	-37.773314	62.718070	-7.807122	-31.493279	28.140756
	13.626747	-59.421320	-0.477545	10.193647	-9.826909	23.289757	25.989308	-42.134499	12.395797
	25.162947	-38.959835	9.999742	7.010273	11.134521	14.299964	-4.099649	-26.590689	13.489888
	4.118755	-13.064964	15.036534	12.887614	1.415305	19.402035	14.570931	-1.461680	20.674326
	53.611209	-25.092913	13.464848	8.482506	-9.775436	37.299284	12.042164	-26.838470	4.383735
	39.709682	-92.051235	33.379720	-21.662363	-3.126951	31.479187	9.443728	-39.401555	15.134983
	31.599814	-100.612811	25.744283	-9.668308	8.001390	19.739485	11.083759	-52.932510	20.038300
	17.241687	-103.045997	7.020129	-18.087933	-18.419481	49.487109	13.157083	-16.060716	23.336498
	25.826793	-99.469338	-10.796688	-22.831247	-65.806815	42.740275	-0.836338	-8.861606	-3.804840
	7.778678	-101.959601	-6.489025	-31.861284	-123.477311	34.476768	-43.038434	-19.217511	-25.063205
	16.668185	-51.322545	24.649129	-21.703838	-94.912334	48.326894	-65.053691	-16.395290	-55.270183
	-8.584435	-47.886100	-22.668987	11.418434	-58.700978	29.846089	-35.654176	-41.953692	-25.771454
	20.788032	12.428547	0.401331	14.721662	-37.730592	25.431217	-9.659451	10.537523	-44.786673
	0.407810	41.138147	1.901195	47.600086	15.675321	28.381806	1.701797	-19.031190	-46.011779
	-9.970365	37.999784	10.775381	29.029965	-35.957435	52.637252	-19.588705	12.040343	-69.483234
	-5.327845	52.918669	-2.009837	25.561344	-39.216703	25.450251	-7.928650	32.368700	-28.403453
	-14.569193	2.539812	-21.732827	9.835132	-8.998147	26.850680	-47.546326	39.196226	-43.989753
	-25.403322	-12.636321	-47.701109	-27.781612	-43.226181	3.674987	-67.924125	23.744949	-53.573915
	-34.295140	12.812824	-44.758969	-27.506341	-34.662715	16.469263	-100.589086	55.179885	-50.081595
	-23.778878	1.931963	-34.526491	-52.430115	-61.516644	37.787499	-84.396022	34.578181	-47.296332
	1.786023	-21.061609	-18.039217	-75.487011	-83.188936	70.738879	-70.266920	60.087536	-6.291892
	-5.907018	-31.367794	5.252894	-80.671314	-62.829851	54.788987	-56.560805	-0.812377	-10.683007
	-15.851783	-34.276948	-21.417532	-62.820383	-75.218449	31.093514	-56.537589	41.609980	-12.393113
	-31.613218	-4.538169	-8.336676	-64.022217	-73.250608	31.476335	-73.158512	58.155425	-36.362374
	-46.039261	-25.915632	-13.914544	-45.414519	-56.081409	-12.856846	-88.604783	34.166550	-35.128856
	-36.661115	-0.857759	-4.231578	-22.372358	-21.241321	-14.143626	-40.316885	48.394113	-51.846043
	-16.957088	13.000908	6.155469	-11.749122	9.095186	-22.214606	-20.832860	44.615997	-18.342653
	-11.902063	28.623220	-16.210814	24.853232	41.361383	5.936641	-2.413969	27.054858	-22.396259
	-0.390113	30.295731	-42.235236	11.069734	44.049922	-0.707966	12.111887	4.339335	10.665578
	-26.952191	-2.716382	-53.894583	-50.913201	42.176918	-18.676042	-45.446150	7.211629	5.473991
	-74.792542	3.629572	-69.768335	-40.157339	22.213596	-6.259410	-39.591831	-2.568535	-30.418498
	-59.537716	22.565377	-45.376063	-38.386925	11.278217	-23.591791	-63.768953	5.374760	-35.794211
	-45.030650	26.750663	-28.174271	-19.520465	-0.867267	-15.745758	-55.849249	1.244531	-39.386226
	3.459801	46.003509	-20.705244	-22.670355	-12.583948	-5.194878	-32.490975	6.826457	-35.770479
	-24.898722	14.144315	-33.034694	-38.112388	-17.769609	-26.445925	-34.717777	-14.793010	4.572861
	-6.519835	48.811684	-71.468148	-10.159943	-10.716288	-15.056018	-11.420545	-22.542043	-58.276791
	-21.349912	64.444914	-51.104376	22.868392	30.601229	-32.857265	-8.970588	13.407414	-36.792769
	-35.836191	36.288859	-50.057801	-0.617471	39.077397	-21.186905	-22.613149	-10.327242	-28.858493
	-45.415097	45.631604	-14.301163	4.593253	47.758393	-37.940587	-14.723728	5.318333	-30.004928
	-48.361298	6.792907	-8.766325	-50.204999	24.756490	-32.840111	-49.830437	-18.222847	-19.766394
	-23.387298	39.125656	11.884533	-19.729192	36.026831	-20.719383	-38.919982	-29.154570	-0.032042
	-12.255556	11.671328	6.996667	-30.728759	45.878078	-33.290178	-12.370252	-5.431570	8.056893
	-38.894105	6.053008	-4.851811	-16.408372	43.669034	-12.932166	-40.737040	13.061049	-8.001521
	-19.415932	40.971745	4.491074	-7.152924	52.577927	-10.848893	-25.649059	-4.510957	-40.678828
	-46.211980	21.222658	-5.474148	-53.402260	23.524266	-21.639563	-25.326195	15.459773	-38.482383
	-28.955057	50.696688	-9.988982	-60.939186	-4.557662	-27.557126	-50.377429	-10.188761	-37.465065
	-29.361001	-2.092716	12.624663	-79.480398	-23.053398	-5.585510	-86.481845	-48.943845	-28.152998
	-17.530615	10.392138	-6.800539	-30.772385	-41.235282	-22.224758	-51.296835	-21.219675	11.138660
	-14.330672	35.249270	-27.550791	26.372094	-8.486423	-49.256669	-19.132394	6.685703	-28.558093
	-25.276445	82.555802	-25.970293	24.793684	-40.631512	-28.862880	-28.955509	51.464201	-54.003632
	-15.457165	76.013699	7.937729	32.086190	-40.383012	-26.204682	-14.704143	33.705116	-27.941134
	-8.946605	65.032577	-26.400720	22.462431	-30.324477	-0.010333	-42.947325	45.262641	-12.692475
	-0.161155	65.477679	-10.140707	36.525022	-1.663593	29.608171	17.315742	34.948632	-14.151646
	18.301486	21.181623	-26.399423	21.024695	16.674034	10.283328	7.199167	12.480849	-3.551841
	21.745162	40.062993	-4.127313	71.759183	24.423291	3.716166	76.503971	13.968242	44.968811
	13.487735	29.680468	17.068887	42.938394	27.611476	2.054713	49.539400	0.009477	11.037827
	35.914345	9.953710	14.356970	8.892258	43.857359	2.242176	43.411426	-34.580376	7.191392
	24.149456	31.144396	36.413627	12.575361	69.623992	-12.187701	52.670633	-19.087645	23.665145
	-1.265509	62.008740	55.423251	14.799339	68.562542	-5.796835	41.527120	-8.098648	12.859192
	-24.343249	69.506768	14.243979	34.262378	73.584439	-16.169025	56.939868	-21.673680	-0.466197
	1.762141	115.597625	7.733026	55.866295	64.196481	-1.527569	24.662398	-15.944965	28.492378
	-64.580970	79.968508	-7.938160	14.543358	30.070041	-35.423611	8.142635	3.282146	1.892233
	-28.609896	97.951692	-13.294831	43.248196	49.591748	-10.739118	2.811645	10.506217	-39.172271
	-3.864192	86.006229	-14.951100	24.207171	28.590437	-11.568902	12.986335	21.317485	-45.556777
	-22.473031	54.175356	-44.505111	64.136667	2.811472	-9.857006	40.489482	19.026509	-4.527368
	12.495344	53.066041	-5.167085	87.939630	13.054088	3.275701	57.869869	-7.326177	13.392770
	-11.946801	30.820589	-11.466348	67.375477	20.095714	-11.155934	51.703672	3.486467	18.704304
	-2.081529	49.468862	1.319608	60.006671	30.211011	-4.847026	12.951042	-40.317428	16.920151
	-4.173768	46.813394	-14.779240	51.303671	43.406223	24.038025	9.619947	0.871373	-10.499841
	13.325966	12.158440	-16.566828	24.630707	7.022554	-4.766269	14.671096	-12.549034	8.001593
	13.704613	47.646313	1.149525	72.866174	-21.768244	30.422908	48.077555	-6.647523	16.803699
	-15.197803	33.201340	3.622201	69.054153	-49.889741	-8.751413	36.191014	1.132583	1.507969
	-7.694079	54.079369	-11.293182	84.041790	-37.167892	1.607219	39.118304	26.440113	15.328581
	-24.892933	71.483403	-12.973356	45.799343	-26.442455	9.018426	14.891626	15.572770	-11.203169
	-4.223719	50.074143	-9.913269	-1.304793	-7.615878	0.821515	-3.217228	-5.996851	-7.623009
	-7.746569	32.516047	-9.074549	15.956817	15.104604	31.056925	5.952199	24.105053	-19.058130
	4.500699	45.319100	-16.517664	5.104475	8.792763	11.066060	12.027804	23.044973	-8.053694
	-10.897055	28.989663	-30.794889	16.299403	-18.467170	11.281385	13.326518	26.992293	-9.984606
	27.622928	31.666112	-23.208321	32.688032	-14.487029	-23.488512	5.356851	36.540556	-32.118080
	24.434098	30.968605	-2.858343	48.152975	-16.922598	-14.845593	-5.722717	42.554658	-39.842917
	30.095498	-10.034062	-15.113920	11.453195	-29.504588	6.146358	-23.414999	25.284332	-21.640090
	7.733602	-37.539605	-6.980738	-37.095234	-89.117255	-3.703023	-50.932729	32.172134	-50.696929
	25.489961	-57.133270	-27.020525	-15.434679	-92.976173	22.894884	-31.203243	2.956906	-23.055608
	15.354489	-126.813280	-18.300432	-64.247182	-73.047570	19.610147	20.787586	-35.898031	-11.575715
	13.294019	-119.719505	-18.708976	-32.326746	-42.883772	-3.155755	-3.291829	-32.734229	-25.747686
	24.619419	-122.709392	13.364769	-20.302081	-23.155715	7.567597	-13.985077	-38.624118	-1.783886
	55.278095	-154.024622	12.076636	-1.840024	-45.379423	25.436149	0.852782	-39.425005	9.456659
	32.120282	-162.750131	24.810976	-35.144643	-51.010378	40.671070	-12.120352	-45.227030	26.360107
	29.483838	-159.200269	26.708942	-73.535369	-25.673297	26.304177	15.810034	-58.614152	42.936159
	20.568080	-144.406386	27.475097	-64.270787	-1.619205	16.551174	12.218705	-48.035534	51.781870
	-14.127569	-100.996512	22.512878	-61.993715	14.423853	15.332544	5.481386	-60.016659	83.189367
	19.220415	-66.882303	-7.774245	-47.665695	30.893332	-25.180432	23.254855	-71.311505	2.829791
	11.284956	-12.927577	-11.129708	8.168437	48.527641	-30.431680	19.437295	-43.792138	-8.145773
	33.983912	22.648730	-11.551209	7.855384	65.802135	-10.340356	21.491909	-18.487621	7.033084
	16.985464	-18.159864	17.081480	-28.169864	92.790343	-36.234703	14.168317	-37.729381	17.551894
	22.582265	-48.692161	11.515472	-58.805735	106.699157	-25.310991	16.876691	-28.396633	26.362246
	-12.331229	-52.445648	31.972545	-48.109501	56.533603	-2.192711	-6.783139	-32.589330	55.659455
	12.724589	-102.707488	-7.512033	-45.070641	6.679555	-11.299003	-29.538711	-44.740688	21.597957
	22.642933	-55.086793	-13.005584	-31.939218	-12.470175	-22.947136	-14.392070	8.837125	-11.560585
	-22.169267	-60.457926	-21.147108	-42.150152	-71.868802	-35.454474	-23.605622	-36.872653	-61.893467
	-15.208210	-6.376408	4.863188	-4.654983	-13.653970	-25.899173	-14.702402	23.690626	-43.169826
	-7.758673	-8.115578	4.925238	-39.544294	-0.826118	-16.657913	-23.506982	-0.752491	-34.881866
	-4.013783	-18.039835	20.298622	6.585929	3.125265	-21.391177	-6.050983	-24.381121	-27.384206
	25.738576	10.134723	10.073677	-10.854947	5.568743	9.798890	21.031714	-4.901828	-11.469202
	37.396970	-27.901494	-2.942092	-37.757204	-19.018692	4.801577	19.496956	-33.140955	26.394578
	22.153099	-38.940941	-9.933469	7.863645	-7.645919	8.120698	-12.485068	-8.518851	15.962323
	45.257270	1.604700	-17.378598	37.835662	-10.585953	7.663395	3.020204	28.572258	2.719521
	0.186635	-28.338098	-41.826508	48.583580	-33.651390	-16.064199	21.797322	27.028252	7.217830
	1.371618	-3.618161	-35.916375	25.030910	14.424383	-8.615396	5.362093	9.260477	-8.743136
	21.309479	15.320176	7.372935	1.330529	-17.850009	8.841860	-27.899582	41.955545	-14.301514
	30.738367	-18.040337	31.636338	4.776443	-27.755481	23.949327	10.527404	30.195751	5.072102
	12.387229	15.599517	46.485999	3.243694	-2.050130	13.517450	11.628988	21.277796	16.141005
	26.701137	-28.334236	24.665197	-1.032517	-10.392259	12.730080	5.709231	12.938295	31.921246
	48.504020	30.298078	51.456041	37.834963	7.861793	20.758446	44.524032	19.425752	35.603159
	37.782236	41.970968	49.498675	36.156219	51.887859	13.741799	55.216450	24.216762	56.553339
	8.244570	62.641920	49.732365	66.006110	55.236703	-20.946684	84.829276	-0.664245	56.659587
	14.836736	111.479723	10.650595	82.435961	54.185845	-14.737311	86.359431	49.807057	47.549004
	28.853669	62.039903	-19.797130	2.363969	4.953114	-44.665277	31.038741	38.536311	26.972472
	-13.869700	86.316879	-7.766337	9.036693	12.250722	-9.310162	17.661361	42.250302	-18.309961
	-17.795509	77.167749	3.539569	5.146421	31.378053	-9.007188	17.054065	61.700575	-19.915382
	13.520962	91.669244	-6.132887	17.455240	27.851483	-30.078031	25.174320	42.390524	10.606290
	-37.108717	93.212256	-3.039199	18.089062	26.689728	-1.472676	15.200793	49.946882	20.056691
	-1.586374	79.405025	-2.941010	16.466621	26.851963	-10.730054	23.095272	41.447225	-1.037296
	-11.315726	46.839359	-14.214652	-0.975873	21.473580	-13.496083	19.376496	6.481904	11.592957
	-21.860615	115.172906	-13.787963	40.280114	52.368997	-15.943214	15.921817	24.450104	-51.561896
	-13.022420	74.566361	-10.440510	43.516988	24.968905	-6.579311	40.093333	14.384357	-9.279969
	8.427480	90.791000	-9.632597	65.956349	36.410615	-17.526676	33.059848	19.709052	6.948964
	-25.202408	88.351929	-23.116820	79.237052	22.979202	-30.773320	54.393499	18.445167	-4.042716
	-32.566121	29.854571	-53.103788	18.588269	-16.971668	-36.132642	27.413181	15.877128	-9.868870
	-49.032311	31.746134	-22.017394	-20.207100	-27.184235	-16.033635	-37.193634	26.006136	-22.593571
	-37.855851	45.064171	-32.758001	-33.470114	-21.534443	-30.361029	-53.455720	28.014867	-57.518170
	-60.979411	43.490607	-26.375777	-9.822264	-25.406638	-18.778826	-51.740222	22.472553	-35.566218
	-19.592920	79.469533	2.623836	17.699625	-5.388687	-39.245227	-9.780281	11.065981	-28.351809
	-9.038533	95.863481	14.395606	47.791058	4.923584	0.276211	18.179469	-4.567212	19.550706
	11.695478	18.688690	1.518283	23.002128	6.590309	1.922922	28.169221	-28.880823	5.637885
	0.253232	-5.723062	-15.808748	17.210654	23.570687	-25.002769	6.705661	-19.656742	-4.414615
	13.236388	22.658136	-0.041284	5.051643	21.015203	-19.780156	6.701806	3.565084	-8.472940
	4.277333	-81.210889	-20.006232	-4.255466	8.366429	-19.928669	17.312325	-14.184010	-21.109794
	4.750948	-98.394818	-14.365023	-25.318054	-23.833475	-6.453626	-20.515726	-11.157937	0.961848
	13.827437	-100.356108	-42.232141	-8.226925	-40.825976	-9.270076	-6.676696	-25.542322	4.168179
	-3.538674	-115.672368	-39.286665	-19.898014	-54.244621	-9.343660	6.577332	-34.298023	-9.169338
	-16.889660	-46.805284	-8.921575	4.094368	-52.227980	17.127860	-8.732219	1.197803	-7.139350
	-12.190295	9.786469	-12.226644	-6.393139	-33.439847	12.448535	-35.641370	38.093907	-7.789542
	-7.994625	-19.882998	-8.721092	-25.928515	-61.011930	36.681135	-42.835873	15.049997	-21.950273
	-25.830470	-25.136736	15.062246	-54.475422	-32.791588	27.149929	-58.934854	14.471787	-3.880614
	-11.323156	-19.853441	33.760623	-34.074510	-34.415380	22.660300	-36.649971	26.020645	-16.270048
	7.322021	2.452019	25.472942	5.456040	-13.777559	13.888328	-6.392341	35.640041	-27.759455
	-12.153539	32.124007	33.285627	23.461235	-5.414314	26.418095	-12.494801	8.178956	1.620883
	-3.178923	37.150094	20.152341	53.249704	-17.502788	34.567074	-10.094709	41.721792	14.050197
	9.263969	23.209199	36.985645	21.281616	-27.467341	48.311896	8.324506	7.300661	26.139533
	4.609239	19.734761	3.794914	36.554364	-27.678879	32.438305	5.956887	6.324442	32.176094
	-0.926966	50.548680	22.114575	92.552381	-11.256852	33.803300	1.819246	33.017036	12.357694
	-1.900069	15.107814	5.288541	75.222682	25.754877	16.165622	14.363519	63.498835	-20.658680
	36.618071	-5.487139	12.280507	48.338498	-8.617589	23.500760	10.552587	46.554689	52.275277
	18.074584	2.871148	-33.877118	41.080505	7.873402	-26.801166	32.297172	45.317599	15.088104
	14.859711	-9.759586	-37.160739	59.709176	18.529400	-1.147836	4.211100	23.219611	41.831950
	39.774883	-54.494044	15.468361	27.719782	52.823937	21.541528	43.595735	-5.215837	79.174403
	33.644757	-84.387974	25.618957	-18.305609	42.596582	34.362153	17.118119	-21.394111	60.483953
	35.948975	-86.644584	38.065565	-51.277721	52.364871	33.525940	37.859709	-29.356162	71.561898
	19.105940	-103.782199	18.500954	-66.880014	45.182287	19.340208	-2.953318	-32.097462	41.179050
	3.792784	-94.633558	2.814552	-87.403129	23.008892	-60.410032	-28.778047	-28.767672	0.010808
	-13.803592	-75.431368	-27.476648	-75.053468	-4.839639	-66.231045	-18.740034	-9.233244	-21.350286
	10.970302	-77.137559	-26.764191	-49.607946	-13.265718	-30.067735	-0.958280	-22.223822	4.131205
	33.474983	-67.264941	-31.174599	-9.302300	-21.268521	-29.946683	41.192976	-7.298708	-19.518520
	12.667546	-46.412479	-13.166871	22.817647	-24.478990	5.141910	29.259797	-23.372320	-35.538208
	20.974506	-35.378809	-7.880056	11.630335	-40.829099	-0.476837	34.626064	-16.580979	4.814217
	-22.522892	-8.305546	15.506487	22.906842	-14.109893	-9.154202	18.469354	8.661340	-14.692329
	11.326425	47.013055	27.797626	40.374209	28.641392	5.436003	26.488532	8.439325	29.332170
	30.415470	21.105508	20.820693	-7.805527	58.558217	-6.486452	24.906372	-35.796959	47.407478
	21.294532	25.121986	20.013749	9.376451	80.096545	28.273566	30.298722	-12.706850	43.922260
	1.144570	36.101468	22.913731	-6.088973	67.108618	32.510361	25.670557	-3.886351	29.180815
	4.739787	26.360107	52.423955	1.618305	46.697694	34.103634	39.081745	-61.717729	51.917772
	17.710495	57.053753	19.882220	19.796822	40.085726	31.183481	47.677630	13.836088	31.800760
	-6.765314	64.392265	1.358136	-4.875494	69.259113	22.120450	-14.474183	-11.596525	-1.387982
	-45.857681	47.142773	-4.402354	-20.437465	29.354320	6.856871	-59.624720	-15.460535	-66.538044
	-34.802679	43.261324	-8.108069	-53.749595	14.615394	20.626659	-84.725326	1.391407	-58.367421
	-63.380484	-7.878925	-25.862261	-99.109435	-14.386307	54.404364	-90.137673	-23.159187	-49.463994
	-45.555935	-24.577954	19.959499	-84.557271	-29.633964	31.640619	-66.849844	-16.072317	-31.121329
	-48.535746	-14.794454	6.000871	-38.105062	-29.366224	26.205529	-52.091187	-1.670812	-14.186383
	-18.813854	6.282587	-0.408397	-8.482700	-21.773518	7.991577	-18.945663	-24.992281	-10.688427
	-7.111714	-3.827544	25.690504	4.799070	-42.821147	25.469318	-22.936434	-14.277967	45.197076
	8.695491	-3.640850	43.097881	12.971333	-6.905092	7.717507	0.492508	6.744378	44.951225
	-5.480067	11.575409	41.783730	-21.338586	30.617800	2.325744	24.711376	-16.126086	67.009189
	-11.105954	-21.521869	36.929173	-35.072171	21.042756	-9.026250	-16.987419	-35.816021	56.163935
	0.337279	-50.838872	47.095743	-74.260210	34.295318	22.972537	-20.830888	-36.484728	48.106374
	24.130603	-76.147562	43.351637	-68.552461	7.226074	20.640670	-16.983237	-52.132938	24.516927
	10.638601	-96.299045	38.195323	-48.266986	-14.700564	16.793495	-12.273646	-41.453954	6.413619
	4.739269	-85.674987	28.389684	-43.510409	-16.130003	11.909984	-17.489214	-30.343175	51.203070
	0.236806	-73.497770	2.607745	-64.634746	-7.352386	-5.925033	1.410815	-12.076051	43.410820
	-19.731808	-69.437772	-4.358248	-61.401813	15.825376	-15.933568	-11.457715	-40.254482	5.795392
	-23.164571	-79.465865	-18.833527	-61.105828	-2.888483	-32.139903	-49.290476	8.609552	-2.538862
	-3.383825	-88.435530	-12.091318	-66.447469	-12.618168	-14.338033	-32.255203	-44.585810	6.853814
	-20.288796	-111.019770	3.665885	-53.605555	-11.576805	-4.264527	-27.148507	-49.322886	10.593799
	17.226245	-90.369729	15.858815	-61.713749	-20.182405	-7.266506	-25.184021	-39.317863	-22.786379
	18.596202	-53.298980	30.359082	-47.982119	10.125131	2.330681	-4.344140	-64.317761	22.968419
	10.116878	-20.369890	4.602307	-40.800164	14.062320	-15.724992	-3.049221	-20.826395	33.252621
	-15.401147	-6.861403	-24.091529	-53.093200	26.775871	-47.818444	-14.753153	-38.928096	-6.129474
	-2.670333	9.243864	3.110514	-45.836242	31.248261	-21.681897	-1.610806	3.890163	-5.742153
	4.540489	-23.424672	0.689365	-11.343715	5.106599	-31.920527	17.039297	13.589728	25.361571
	-30.531706	-34.804633	-26.302424	-24.968914	-23.131687	-5.609833	-7.381611	1.209574	5.310272
	9.465190	-42.738778	-39.344714	-29.070767	-31.399399	-24.753802	-20.202566	-6.248956	-13.992383
	0.085628	-63.010845	-28.152904	-61.224139	-36.243473	-36.403691	-6.721231	-15.000984	-3.573698
	9.472324	-45.092054	-6.773562	-25.212135	-24.494825	-18.313585	-8.555482	-10.462864	0.086423
	19.450128	-11.696385	-1.796129	-38.079050	8.616282	1.894332	9.475701	-2.944322	-30.140395
	5.232361	25.688823	7.845153	5.456889	2.767981	3.905963	-4.069990	0.086580	-21.924108
	15.758742	30.769458	0.562801	17.104249	16.346567	-5.722103	1.091497	-15.654578	-23.985404
	14.641188	13.498237	23.334262	13.071773	47.258026	-11.442075	7.908039	-2.786277	-22.128061
	-5.493137	41.257305	28.228033	37.750685	27.899177	-0.828458	-10.243047	19.015889	-19.962186
	-1.024941	23.357855	57.383917	11.023386	-7.196500	9.676477	-8.913297	-14.206935	-35.643063
	3.766167	6.376226	12.585107	-30.842131	-5.285055	20.492848	-19.436129	13.770196	-11.731268
	-6.467411	-56.303339	-26.663040	-35.951503	-35.325987	12.148506	-44.752462	-24.086996	-3.795899
	-24.913224	-71.071721	-25.916887	-76.138557	7.552292	-10.099074	-32.781673	7.921992	-12.709371
	11.230326	-80.363225	-26.575096	-41.462224	-15.750948	-25.799730	-22.615548	7.382214	8.242569
	-6.452444	-85.381947	-16.974478	-39.470557	1.953324	-15.983401	-43.331638	1.884123	13.511450
	-3.957633	-96.219282	-5.588794	-52.921133	-31.781607	-12.472536	-13.778666	-10.024021	17.909183
	28.917420	-73.766305	43.196017	-41.923789	-41.134800	17.651771	-18.404869	12.588142	56.341331
	40.776612	-41.427707	34.907340	-7.440327	-46.809969	46.180361	-4.677288	-8.721400	8.111175
	32.975457	-28.016159	27.493720	-18.012477	-65.181800	48.988143	-0.231477	-3.253685	32.374037
	48.905292	-45.990104	42.770389	-36.496957	-45.864790	50.658461	-10.799712	-26.278342	50.427682
	50.998809	-89.461750	44.392858	-64.760552	-25.022504	13.094162	-17.955122	-31.559449	72.528981
	30.935804	-95.545765	25.485945	-40.271373	-7.324053	24.525060	-6.167571	-25.993453	51.442478
	48.480861	-63.062433	10.793042	-18.933825	39.539349	24.249851	12.590290	-44.309035	52.743304
	33.525728	-49.456251	11.358840	-27.553012	27.235341	6.078257	28.475758	-6.710089	31.541352
	22.320130	-1.526347	3.908274	-9.074504	19.333728	1.123723	-1.854086	-24.492097	5.017633
	33.906571	25.347602	9.605372	25.857585	12.455620	8.723821	-15.264825	-15.673866	9.122910
	60.884452	15.870202	-18.547349	35.306720	-33.240309	6.328145	14.551382	-27.906940	-38.322676
	25.847376	67.259431	-0.913908	95.449650	-33.402582	-11.069514	30.243537	25.780666	-4.073238
	-5.014611	87.327774	-29.241521	118.232460	25.337733	-17.650877	73.759852	47.364747	4.935113
	-5.355557	134.279556	-43.884118	127.122064	14.966772	6.721615	38.164999	62.032013	-52.087836
	0.517887	129.733566	-28.907297	122.836959	60.084053	-13.312850	32.616454	85.326354	-21.855219
	5.759310	114.302720	3.460044	91.221933	89.955370	16.287489	70.150485	69.310241	30.737271
	-13.421480	127.014658	26.469276	143.722295	70.434308	14.472814	48.345765	64.684361	39.303305
	-25.218157	114.172599	41.147276	110.923358	34.595801	2.825920	57.997556	50.639924	2.004148
	4.532285	102.837460	19.615966	61.954588	25.264119	21.682600	26.955748	24.550246	24.889142
	-17.904190	114.423998	20.842945	87.443376	35.361605	12.931539	34.146271	32.691736	-8.227976
	-27.277254	128.598702	35.054072	72.586765	58.711972	21.621609	38.470338	28.599949	24.504272
	0.059840	120.785956	23.523385	69.859585	41.591830	23.258105	23.721198	25.686660	20.359109
	-23.851709	137.945072	-0.387278	81.030324	31.698718	2.533573	3.804184	41.949146	-18.628926
	-36.830610	123.314852	-5.378307	31.850224	26.001959	-21.324241	-19.619719	17.888850	-27.203518
	-37.045698	121.430391	-27.818656	46.204722	25.897183	-28.650856	-30.836719	18.295250	-50.058535
	-56.055649	96.890007	-11.099808	-6.042284	-5.295862	-31.430133	-12.576426	24.164849	-37.154705
	-13.365934	36.523951	1.834544	14.933412	-40.315002	-19.922655	-10.203375	10.737735	-32.881082
	-14.786337	19.279414	8.744480	3.919082	-82.577506	3.970023	-22.734004	40.937234	-30.974636
	-3.577346	24.387634	23.953497	26.065458	-35.437845	10.443196	-18.718058	36.949314	-12.753054
	27.528665	30.534753	-27.715488	23.204136	-29.631706	7.622414	3.451361	41.583522	-24.675656
	-10.136596	91.474913	-14.649267	51.459913	5.671102	-8.988339	6.642710	51.989223	-18.202520
	-12.296216	99.896650	-3.737546	67.348366	11.060317	-8.976683	-23.361211	61.413901	-60.159396
	-2.080905	87.248356	-9.210896	49.084542	-29.994152	10.253708	-15.688380	46.897608	-26.375359
	3.569652	65.381098	29.849221	24.974493	-30.454657	29.667040	-9.290663	41.899574	-0.232467
	22.893892	12.091199	25.134696	-33.670996	-4.055545	47.344031	-9.508891	6.463146	38.322155
	-0.960782	-17.777952	38.279599	-15.860894	-36.715936	27.775120	-11.216924	22.778963	8.322378
	-20.475538	15.713600	0.946875	-23.374448	-14.165261	11.717652	-61.741964	6.300211	1.060528
	-52.034139	73.885952	-2.704922	7.442359	-12.273322	-21.509569	-59.403264	22.721789	-38.466208
	-68.676502	113.160518	-45.608987	-38.553806	-4.315354	-43.379085	-65.728638	22.773430	-83.482841
	-77.431597	88.943504	-32.605554	-44.794994	-0.784274	-26.234175	-67.828144	29.133604	-70.047384
	-62.663114	79.113206	-13.358084	-12.036070	4.133444	-32.796497	-55.305762	13.703476	-61.338224
	-22.249540	44.954796	1.505425	10.228831	-21.220243	-13.525308	-19.706006	54.547245	-48.764793
	-34.053840	15.740468	5.410301	34.854884	-52.522867	-16.448966	-18.435678	42.288017	-27.982535
	-20.181108	-0.778217	9.040802	8.569824	-6.128972	2.245737	-6.482963	26.686505	-24.072822
	24.877177	-32.412336	9.437102	30.622055	-19.188419	30.330749	1.826145	2.166220	30.045088
	29.578688	-77.152453	13.198689	-4.110147	-14.453305	29.879023	10.089015	-7.609629	26.509122
	40.683944	-69.061221	33.117300	-23.095770	-7.159443	42.997541	4.638851	-51.222137	36.542308
	25.176880	-41.323237	29.755413	-14.477206	15.775298	6.180034	14.574483	-22.978667	47.637334
	-11.905925	-25.068597	27.429818	-19.772959	13.200707	8.554611	6.153514	-28.126721	21.782615
	-5.036600	-37.573054	58.768135	-26.183538	16.179042	4.638434	4.012031	-22.914979	61.082181
	-18.098164	-48.921856	43.816662	-29.273779	31.723188	23.691680	16.337784	-35.715193	24.344521
	-28.885040	-94.319817	12.314444	-32.617636	22.535256	42.360129	19.377682	-35.518405	56.647219
	-19.253583	-125.867383	-11.697769	-69.929602	-38.165683	25.744169	-1.285665	-25.877464	24.575587
	-0.528792	-125.786937	-22.165245	-87.559176	6.684389	-17.094309	3.526850	-33.813553	5.518172
	-1.800659	-94.106955	11.212313	-105.103990	-12.348434	-15.848791	-24.696608	-52.785321	16.775055
	8.203844	-80.898697	32.057681	-64.191318	4.016650	-9.329653	-28.529942	-19.520029	-0.411709
	-1.406151	-106.390542	44.034185	-95.312964	3.419450	-9.111342	-37.311813	-24.647095	21.440300
	37.309899	-107.308810	18.045925	-65.840356	-28.362491	0.069539	-30.803822	-30.391207	19.918687
	20.311078	-74.660723	-24.914434	-38.599679	-13.354582	-22.250798	0.775618	-25.928953	17.582710
	-13.023005	-87.944665	-52.777157	-3.346480	-14.055991	-36.496900	-3.332623	-3.740652	-42.526068
	-14.017411	-58.574658	-48.242296	-11.375509	-21.942680	-46.617448	15.334671	-28.361591	-40.046257
	-6.580962	-25.102024	-42.543114	-1.044302	-19.120390	-34.197433	10.263934	-24.585344	-19.906805
	-16.428073	-14.051557	-63.718156	-14.198847	-3.641243	-21.358273	9.535751	-12.705080	-66.735588
	1.627775	18.824995	-47.912375	32.353253	36.895653	-12.359976	22.601499	4.168840	-21.913369
	12.623830	-18.275803	-34.673617	21.170428	52.245297	2.047706	39.003037	-13.042869	9.235884
	12.708355	-21.272308	-40.074759	39.175038	10.645119	-1.650148	44.762270	-5.954992	35.092511
	18.404247	-10.642600	-36.638420	63.503289	29.865975	-7.036362	92.046910	-30.526437	26.059439
	18.458539	3.583132	-24.045643	51.975739	23.939753	-0.399546	74.996866	-21.659548	11.815438
	-25.826391	47.202852	-25.205509	86.406904	11.939455	-46.834853	55.828154	-9.788318	-7.368466
	28.173930	57.431452	-38.400117	37.805384	36.486488	-22.165181	60.374035	0.667751	-16.451591
	-2.495654	11.465000	-30.865553	32.779206	23.090068	-3.233423	17.022512	-5.985286	3.079175
	24.717034	-20.843377	-3.677849	31.700773	44.559995	-14.461515	38.004174	-41.975406	55.946524
	63.723356	-57.880731	-4.942282	14.364559	45.541748	27.618175	25.640794	-31.159068	65.957240
	28.288155	-99.761406	11.388763	-22.139581	18.290479	26.341428	11.458034	-23.738599	51.197844
	0.668090	-78.561371	16.977393	-35.639673	3.758476	-0.444042	-14.465168	-16.484167	30.950873
	-15.909350	-27.854138	4.842680	-51.076128	10.995131	-38.008689	-25.652346	-8.284200	-27.683627
	-15.975320	19.881856	-6.844291	-39.493556	-2.070011	-14.777572	-49.141965	26.732501	-62.979895
	0.025101	44.529182	-8.585932	-15.971045	5.850810	-20.997075	-40.166129	22.028721	-44.665907
	-21.023572	55.209168	5.888361	26.665911	18.228521	-30.320917	-14.417076	4.975301	-29.798343
	-8.434821	92.226431	13.828074	44.723379	-0.024160	-23.514432	2.072407	21.289304	-19.203549
	-1.598562	68.035341	3.863710	19.566421	2.283514	4.570065	-8.804266	-2.434361	-12.519910
	1.033294	47.301013	0.262988	9.748225	-34.384387	28.874303	-8.606582	17.937089	-18.518220
	-1.834756	36.963835	1.436137	-8.728810	-27.263263	-11.831656	-2.027018	38.248354	-25.758797
	-13.952218	19.565676	-33.733846	9.994421	-38.318966	6.073228	-6.235309	18.472083	-66.301852
	-5.151775	41.985031	-30.617143	38.589748	-37.807874	1.888352	-11.133339	35.709205	-31.572730
	0.284316	11.202242	-35.058232	9.611920	-10.521694	-16.309610	19.477823	16.931255	-7.135579
	8.911420	-27.848463	-47.888352	32.367553	-2.497761	1.644636	34.119715	-6.089122	10.100333
	12.440723	-63.982747	-22.261934	20.130238	-21.708299	21.935870	-9.975790	0.216549	-2.005601
	4.810508	-99.720601	-31.866690	-28.976428	-12.418695	-0.190897	-6.244707	6.152743	2.456527
	-14.871889	-99.962743	-38.498928	-38.344823	-49.280155	-2.537000	-21.167567	-1.240898	-7.201348
	0.629362	-61.656619	-29.576535	-33.631481	-33.443470	-14.719725	-22.416316	16.178394	-25.455514
	-11.489050	-48.611379	-17.073808	-17.808491	-18.644162	-23.902343	5.911257	3.191273	-7.469035
	-8.816867	7.456067	-13.721592	46.771696	-5.373745	-9.596023	6.633858	11.796414	-14.156757
	26.027700	23.782189	8.579185	31.804482	-1.081811	12.898842	37.463096	-14.622079	28.749386
	-10.749692	43.232690	34.415101	38.301488	39.898818	7.562458	37.542462	-10.451649	-15.605396
	-26.391832	76.183351	28.349649	52.683767	16.748748	2.477977	14.710777	-27.644781	15.360430
	-20.245222	81.991754	35.307223	23.115558	25.444855	-21.414017	8.947542	-1.156695	-13.833431
	-30.477816	79.654661	13.945516	1.714487	20.768204	-13.141670	-25.184996	18.183698	-26.478471
	-39.878147	80.089316	21.466267	-14.984620	-7.564349	-24.493230	-16.125916	-17.156208	0.295869
	-2.619067	19.532548	2.692787	-2.870831	-4.210704	-11.380666	-21.686993	0.585109	4.586214
	24.758803	-22.524956	5.487436	16.908996	-33.844198	24.102493	9.326084	-11.764686	-15.434337
	30.121029	-42.120411	-5.985097	14.614764	-44.279343	13.611265	36.536534	24.549209	-15.121157
	-9.897737	-14.532815	8.250871	28.409904	-67.272481	-2.281212	1.384531	12.318712	-6.110107
	10.206071	19.200109	2.095639	51.933099	-13.661721	-6.881643	18.100114	13.498312	5.367689
	20.399987	24.493617	-22.025341	42.778627	15.569652	-11.798916	18.260445	-0.746134	-26.353169
	19.516690	39.482221	-3.721498	28.585633	0.240790	-19.120737	25.702310	17.838023	0.384912
	42.095789	42.318826	17.296743	27.180874	33.510160	-12.755715	24.351741	3.637230	19.211440
	-2.267086	51.159798	-1.401858	8.762428	11.673333	-15.468539	16.117236	-2.972248	9.774246
	-18.288293	93.129567	-22.012451	31.326712	34.748635	-0.525149	2.918586	12.898358	-45.474498
	7.979658	87.543996	7.725021	1.868290	43.934323	-19.648720	23.138577	2.618323	-34.915399
	-21.013179	106.558854	-9.474321	15.726658	-10.263043	-14.382628	-17.960442	14.127074	-26.047861
	-9.168565	89.850290	23.136406	21.072469	6.680262	19.753376	9.101351	-5.713241	9.792363
	49.877675	35.272981	52.779388	33.751410	37.416934	48.977705	79.012575	-3.006353	67.679586
	50.062388	10.953496	33.616614	12.447585	60.989921	52.980030	65.304531	-20.512304	74.942566
	29.143407	-32.787910	28.698229	-41.125263	35.116125	54.225117	37.877819	-46.146222	54.358811
	62.827828	-83.832587	26.071409	-36.120353	15.987746	59.403771	38.107726	-60.036880	76.085493
	64.154748	-59.110915	8.124262	-17.253398	30.279639	12.602550	32.290495	-37.892708	41.867165
	22.583319	-54.485184	26.097733	-32.065993	13.672461	18.628126	16.177660	-12.505267	40.320870
	23.097210	-50.484499	19.920825	-22.305390	-8.139200	13.179752	26.246005	-35.796891	64.924135
	24.541385	-59.154802	25.922481	6.162882	-12.496463	19.400316	23.319360	-30.433606	15.847403
	15.191224	-26.241771	1.619046	-5.704245	-2.898709	18.289187	-1.448828	-19.678728	20.069345
	2.549432	-15.064408	6.506703	-45.061189	3.067063	-12.978149	0.879842	-45.624469	-9.151378
	30.890920	-38.020483	-16.750225	-45.969896	-8.062573	5.291847	-8.980544	-70.687481	-9.002394
	13.654326	-6.879597	31.370540	-2.380015	-5.000562	-11.828831	9.368800	-19.240026	16.489339
	41.365639	-16.609810	22.744722	6.793407	16.763928	-31.079905	20.394827	-8.738525	16.298018
	7.808414	-16.298158	28.579019	5.429335	26.676743	-2.618904	26.009066	-28.981328	-7.760737
	-11.599406	-2.629073	-12.799009	9.074542	-12.017423	0.635962	9.498176	-4.899737	-47.187412
	-38.666603	-19.589660	-23.110909	-39.971218	-28.961572	-31.232125	-33.884692	-2.615903	-41.922388
	-73.565962	-25.243799	-59.381091	-43.491700	-86.403043	-44.984327	-43.692640	2.799251	-69.341204
	-62.723429	-43.124790	-70.727952	-53.255413	-56.902780	-39.807121	-70.077386	-18.542799	-76.169898
	-13.750337	-52.372975	-19.800229	-47.613550	-28.105781	-27.323982	-57.001133	-7.221403	-21.974268
	31.208005	-58.174421	-5.002168	-35.119350	-30.467344	-25.773513	-33.132710	12.659750	-7.358728
	4.392448	-34.383280	5.460498	4.774804	-48.924182	-13.733334	-2.012463	21.244725	-18.837601
	18.180534	-19.211293	24.353795	-8.080891	-13.013243	18.679894	4.335180	-14.659203	12.848442
	39.543581	-12.735324	65.975357	13.207878	-4.136242	19.532416	20.745708	-28.530921	-2.274642
	36.688646	7.535435	44.184237	43.919943	30.178906	35.350219	0.282724	27.477009	4.882423
	46.441529	-17.098062	29.127636	21.548623	33.686054	28.038580	23.832339	-2.848435	54.807573
	-7.262455	-53.996780	-7.944595	16.198196	-19.820643	-5.341961	-1.603302	26.368536	-2.553351
	-29.278051	-78.545247	-31.163519	-44.739753	-57.323385	-8.596554	-47.722250	22.565244	-14.851663
	-20.867107	-98.594777	-41.305505	-94.661316	-102.750340	-19.367484	-55.581447	-14.838726	-11.223835
	-23.732467	-107.770061	-12.778442	-84.074065	-56.682783	3.304241	-50.318613	11.442352	4.043375
	-32.914180	-66.556650	-12.036058	-58.641332	-26.457978	-4.683879	-56.382505	-15.230612	1.442298
	-6.939632	-26.995555	-4.344037	-41.378697	-10.003704	7.652153	-58.386491	1.669969	13.119647
	-10.739031	-24.530558	13.002934	-50.907109	16.137090	0.948839	-22.979407	18.509882	18.055550
	-9.441416	-7.869523	15.648221	-36.530308	33.219699	-18.947185	-22.026208	-13.904317	2.350048
	-3.532796	-11.305632	-6.041379	-32.981577	39.486649	2.136845	5.646146	19.055013	4.420710
	-31.084769	-37.722671	-5.509650	-25.829547	14.275294	-26.243096	-34.970228	-7.746767	10.165885
	-9.077019	-22.235833	-14.126022	-22.801594	-10.526994	-26.302186	-52.792996	-7.182468	-34.098517
	-20.658465	-23.445723	-31.532435	-73.646646	-13.139659	4.876910	-31.215237	-2.737832	-41.768890
	-11.694135	-79.964592	-22.450386	-66.075553	-49.174305	-8.228798	-51.161223	-18.104679	-1.938596
	-10.236319	-57.912865	-18.454546	-41.651236	-22.803694	-3.105965	-7.904690	5.662682	1.239035
	-5.032190	-51.930933	-21.951783	-51.619967	-22.675570	14.698321	-24.011141	-21.403639	10.855002
	-2.508835	-69.387482	2.111446	-48.235001	-25.195661	25.576708	-41.415918	7.828239	-3.905569
	-28.563395	-61.156827	15.382478	-18.092646	-36.054188	13.269982	-47.884640	14.233793	4.656262
	0.988676	-50.860445	27.450554	-20.506770	9.820989	11.596496	-13.325473	-18.121507	29.674765
	15.951096	-29.782029	40.265355	-21.836706	10.978239	25.729821	-17.041499	-5.600162	27.128821
	-20.435405	9.083811	38.135744	8.002077	-3.958406	23.113586	-1.526020	-4.497881	12.582149
	15.472026	-12.404468	28.749104	-45.393525	-6.187204	15.648300	-25.613003	-17.187628	8.383215
	-8.350589	-53.894140	17.283113	-69.910951	-16.834773	10.434204	-35.489292	3.398465	15.098382
	7.501426	-71.509555	21.117815	-64.651594	-39.014852	4.522416	-41.708404	-9.222743	14.445145
	10.807630	-41.350954	14.531222	-48.511188	-36.515550	11.338901	-26.282636	10.431458	-31.180445
	-14.319115	-7.938946	15.349241	-27.544444	-36.171435	24.104624	-20.430328	-16.577908	-4.767542
	-17.306796	39.415737	-23.751573	20.027614	14.492445	13.901579	-0.669549	-21.158132	-14.236339
	-17.260976	63.072234	-12.176983	30.160790	-10.447736	3.938678	-15.536280	4.759439	-45.411910
	-31.820941	43.825190	-1.144749	21.346537	-7.053433	-2.858196	-48.616468	0.235638	-15.631082
	-39.564564	62.152065	6.840164	17.362898	-11.055762	-9.845582	-32.302868	0.092558	-19.986458
	-3.979194	68.976331	37.132919	25.231808	17.093213	38.357644	-5.797026	1.027370	-4.857637
	-10.558514	33.504902	11.096984	-2.488922	8.468706	19.688161	-24.078457	8.117674	-14.797738
	-14.719432	-18.008395	9.184539	-39.500926	-2.238365	34.969023	-33.970102	0.529275	8.272532
	17.977891	-24.949732	7.309767	-54.728455	-30.530360	30.182538	8.748661	46.601929	-5.568135
	-9.783678	0.765733	-19.408205	25.150256	-51.218740	14.484281	8.210431	25.857386	-17.443578
	-18.199126	28.865296	-33.785041	55.723740	-16.926211	-12.638883	48.699247	0.190747	-29.718718
	0.360364	40.147290	-24.554215	84.881037	-25.018389	0.864841	38.194474	24.122778	-10.845207
	15.685366	77.487538	-20.706809	85.239322	3.487712	14.423485	26.994276	11.790282	23.719250
	11.979784	90.773033	2.057566	115.482520	-8.641295	33.929138	47.595237	27.508570	37.890663
	13.764394	87.891503	-2.651951	78.502930	-2.338210	25.393253	28.095155	29.027325	13.734832
	31.381264	93.036343	-0.962714	83.143420	29.823078	24.151402	79.957416	17.052139	77.670786
	57.720128	75.655995	-3.436240	127.344572	71.048075	20.219592	92.743528	22.537725	67.159482
	20.347167	79.715492	3.264618	119.821472	76.015165	-4.335014	80.777662	10.541241	55.602034
	22.687646	80.944703	-15.171961	92.613975	74.177380	-52.855682	73.857445	15.680127	30.394941
	10.596489	70.843950	-11.855000	64.508619	60.709846	-61.864845	54.132034	-19.259805	0.797808
	-30.839613	87.638019	-24.828090	51.663430	49.324672	-70.700942	26.335860	27.981272	-31.365631
	-29.228242	50.838837	-9.511347	32.598668	68.565880	-84.973437	34.827777	8.291253	0.518984
	-9.634218	-19.875779	-6.899191	-7.112107	58.707109	-40.011969	33.118666	-26.232726	10.298197
	-26.966300	-20.548727	-27.781670	33.930455	66.837684	-69.421731	33.698857	-14.529723	5.865679
	-13.374385	-35.859839	-18.358708	33.899310	78.477518	-46.471997	60.297364	-42.052034	-6.990931
	13.254143	-17.059429	-21.795633	55.972750	7.875536	-33.966918	44.493854	-32.481110	-11.046106
	5.218433	11.313548	-28.598941	40.870420	13.380440	-29.634785	24.033286	-3.852092	22.756659
	-8.340529	29.019161	-23.963356	42.461709	-3.320042	-9.208123	-6.311144	-14.216222	21.501510
	-25.174544	5.071280	-22.021182	14.476690	5.540879	3.617606	-2.198422	-10.480324	13.680720
	-10.544328	-31.590210	-12.564810	8.869369	23.793210	6.580125	3.040407	8.864529	28.061779
	-9.460285	4.680454	8.940557	13.352717	64.601211	-28.632662	41.208087	-16.858399	49.698630
	-0.793128	15.098318	-11.440849	34.767272	23.138951	9.603217	30.008461	8.702022	7.155503
	4.292813	27.347249	-1.817027	37.379665	-19.709141	6.490155	11.451868	-0.123648	-29.526848
	-26.440768	32.945215	-34.683040	38.197054	-18.870337	-8.411530	-1.547434	41.958441	-55.909540
	-26.537917	33.761400	-33.546140	8.719370	-33.955228	-28.022353	-26.823786	15.778575	-25.782053
	-4.033978	13.155985	-1.764316	-23.541846	-5.814701	-18.969506	-8.938221	-28.690859	-11.131660
	2.664031	-16.770263	-42.195045	-5.901309	5.651621	-2.817666	-18.940312	-14.431489	-36.723960
	12.055195	-11.428156	5.986392	2.218121	34.387495	-26.624682	4.975602	0.711332	-12.536233
	9.912906	-7.117707	6.934828	27.325907	52.725483	-1.825226	34.939593	11.222231	23.711079
	12.401313	17.918029	22.050729	29.839793	69.437380	3.224364	9.499429	23.913086	7.550018
	10.751612	18.633455	-10.823853	19.532356	61.636855	-6.404145	7.790326	-9.140802	37.834508
	26.006399	13.039645	-14.924228	15.253696	44.627039	-2.140999	17.542910	9.321701	14.929437
	48.467283	-46.740864	6.183933	-8.379334	-13.734572	8.396501	12.410575	0.152138	11.173189
	8.754192	-100.370465	2.687641	-68.903239	-52.574565	22.703362	-17.513851	-35.896615	25.703958
	-7.792691	-133.875806	-23.139777	-110.237513	-95.213718	29.707213	-65.840617	-7.460295	9.620520
	-34.903217	-154.787793	-26.483905	-102.369233	-125.351478	19.010317	-80.556097	-17.407483	6.900185
	2.288483	-162.113031	-19.408082	-108.743644	-101.216720	30.936650	-60.276622	-16.762249	16.736731
	10.469781	-113.212923	-3.982008	-59.532810	-60.339660	60.334111	-36.511604	10.986965	10.223096
	54.559064	-74.876981	32.510375	-41.740230	-24.029961	63.729671	-6.856891	-17.120291	45.905201
	43.592946	-34.430730	43.766246	-23.768754	-2.775307	102.210844	40.532066	-12.634157	57.217470
	26.731717	-25.412351	37.539894	24.625939	15.119607	89.875357	36.683653	1.691631	27.624652
	19.382339	-14.867566	37.547625	46.347783	-5.310416	49.444061	73.727367	-12.280277	17.796393
	9.952225	7.377584	0.689778	59.463341	-22.752990	6.289494	63.820744	-1.107541	-27.394443
	4.141819	1.378756	-16.139559	49.777869	-17.877293	-19.750721	52.037664	-11.814943	-26.629979
	13.458568	47.699977	3.356357	45.404322	-24.397010	5.843348	47.478361	16.022335	-27.530564
	7.017165	79.442008	41.884920	49.963393	-30.765844	4.821628	38.192794	9.149173	-12.449773
	14.018485	83.896866	53.453204	38.073076	-28.944651	15.691563	41.258171	1.408736	-15.977667
	22.011913	86.263684	60.373382	32.044079	-11.427061	28.996737	24.156063	-9.976138	-22.058711
	24.862418	81.580298	60.355564	32.684039	2.262019	17.365954	-0.420980	1.634598	-7.230417
	18.385571	95.462753	35.389323	39.118121	18.372355	9.077653	37.869926	-1.560301	-23.220817
	-18.816951	76.853075	24.804302	32.675292	-0.531551	-4.003539	25.267800	3.600499	12.704670
	4.481030	58.468144	-10.456480	-1.171947	28.182677	-14.397651	-8.902932	7.256196	-10.081750
	6.634237	55.263026	-13.108720	-12.148751	48.579265	-34.944132	1.132057	17.475397	9.784794
	-14.568292	8.809797	2.649532	-20.048335	35.884978	-13.607982	-30.339695	32.220830	-13.756659
	-16.032607	11.043701	-0.466038	-30.112752	58.854256	-12.708654	-13.036380	-2.513294	2.956899
	-10.068612	-0.994251	-16.819278	-21.385228	62.932881	-32.760710	8.778901	-3.934005	-8.073368
	0.521532	22.496636	-4.502136	0.761982	59.401729	-34.429719	1.624075	-13.965749	18.841694
	6.011424	32.569661	11.577170	2.569305	55.183137	-28.130489	14.457128	-8.486970	5.976580
	14.267459	65.206579	27.989165	4.671651	77.083594	-25.800991	-0.859202	-26.904833	14.321976
	7.087064	77.463237	11.737034	-6.773115	76.815704	0.459054	-10.898472	8.981892	-23.838650
	-10.945947	110.612314	-10.328828	-5.988389	66.258383	-2.835158	-17.631093	25.902913	-31.294747
	-17.460008	63.475553	-34.006253	-36.577272	23.770060	-13.163986	-44.199520	2.914210	-49.902102
	-31.396186	3.563260	-24.487849	-66.224020	-48.843518	-7.872612	-58.561255	-9.982333	-77.278408
	-6.041560	-15.860486	6.459847	-76.405943	-96.019414	-0.892015	-77.514493	-7.942653	-65.491934
	-26.252374	-14.868128	-7.433381	-65.467084	-82.122066	-11.197957	-56.534228	-22.887578	-27.236702
	-36.453158	35.447704	7.328184	-21.188032	-41.026663	5.001189	-67.484023	0.979107	-32.549925
	-16.685938	74.199406	28.079969	-10.620691	17.471468	27.252591	-21.594243	22.059866	-9.337736
	-40.615828	77.084420	27.053685	23.788017	-7.967852	29.408859	-41.878004	-1.268029	33.753155
	-33.507537	106.691817	24.253776	37.179437	37.274069	17.998678	-20.728993	24.348954	-9.563960
	9.299689	114.844148	44.559172	45.152457	23.754407	29.645633	-7.853750	36.236376	16.519703
	11.433232	118.191341	67.062484	38.513572	41.744067	32.438364	12.631818	18.365271	17.514534
	35.154407	97.058368	99.890665	-0.044939	58.592255	27.231124	5.845400	24.824414	45.338321
	-19.729105	22.701440	88.770851	-70.924113	56.532460	-13.476439	-31.407337	32.368018	61.602423
	-20.690701	-11.663619	47.479230	-95.578286	20.399713	5.286682	-40.403022	23.273969	19.017452
	-6.163232	-10.458194	25.836992	-69.759114	-1.550143	10.669362	-88.862209	15.509371	-4.815147
	-31.954083	-30.502300	1.097908	-66.803585	-17.639291	10.939787	-46.762111	22.115557	-15.468870
	-5.105318	-44.020460	3.988396	-32.868383	-40.937320	20.864528	-36.700349	9.820683	-9.117863
	5.549591	-19.668529	-5.042807	-26.411035	-48.756866	33.771161	-31.052621	1.753569	15.958744
	21.461179	7.441721	-2.604524	10.511084	-28.058132	15.335203	-10.686422	25.961411	2.532594
	-16.280710	34.152690	-22.529430	32.240891	-1.012453	12.143217	-1.116198	36.145482	2.740168
	19.958075	30.469074	-29.904472	66.928022	28.030689	-12.985842	34.151738	21.996467	4.147226
	-31.632456	31.842811	-28.417852	26.090664	29.246125	-3.226894	-8.473723	20.102164	-11.367040
	-29.713673	20.721746	-12.716328	-20.415371	17.514446	27.842254	-16.398778	-9.590599	-31.036782
	-6.003056	-26.678671	5.198086	-54.932667	10.475867	6.564919	-39.470800	-11.884659	-2.396089
	-8.265511	-10.225633	6.952494	-59.159364	13.083206	10.407691	-19.937801	-16.404420	-16.504550
	-12.705490	-21.839586	3.248761	-34.597643	8.743412	2.923776	-39.244203	3.748082	-2.146803
	-14.406067	0.283600	-14.691330	-27.676797	-4.829322	-0.396685	-25.390634	19.156526	-4.063791
	-37.777412	10.095266	-45.144367	3.220921	0.049337	-31.885634	-41.150314	24.985170	-20.092987
	-34.563085	-8.643073	-44.543039	-48.432014	11.092258	-25.762453	-33.121258	10.844318	-16.101884
	-39.747724	-50.657570	-40.043909	-62.816904	9.646468	-23.557602	-46.761896	2.281037	29.793326
	-42.655267	-90.818754	-13.436981	-86.405148	19.904737	-33.955324	-57.959925	-41.015451	20.498399
	-10.055585	-102.088455	-3.271837	-39.255382	27.115316	-14.986219	-18.056472	-41.247624	14.660729
	-18.680295	-65.206774	-11.311251	-42.694338	23.053844	-19.428576	-27.925383	-17.866425	12.889860
	-15.534832	-60.960975	-40.454466	-27.763020	15.415985	-19.481757	-37.143477	-8.423470	13.568175
	4.563933	-47.983853	-26.586299	-55.575451	-4.354531	-35.898076	-42.618854	-1.645046	-19.840414
	-6.216351	-11.927011	-42.820652	-26.896814	2.052368	-22.651178	-16.215383	-5.423393	-8.584102
	1.230402	-31.694747	-38.880389	-17.340368	-25.357234	-10.457449	-42.854104	-1.031981	-29.516420
	22.189575	-65.654924	-17.721230	-45.854083	-22.884876	-12.050030	-2.482425	-22.359324	-48.237465
	29.403468	-126.184060	3.897257	-24.635979	-46.661423	4.078087	29.029771	-30.436202	-23.690139
	26.509733	-149.255505	-34.485113	-42.112698	-41.795863	7.345129	17.550835	-67.796680	12.176258
	20.825747	-94.552427	-26.447644	-34.592296	-47.086648	-28.268291	-25.031709	-47.723216	39.268006
	11.759991	-64.671153	-27.290258	-39.380338	-32.422209	-31.367746	-13.523656	-50.887684	4.819298
	-10.075203	-32.227494	-7.734892	-4.367784	-8.082201	-0.859459	-12.166374	-47.888273	-5.584609
	-2.322267	32.455669	0.495892	18.914882	-7.108201	9.694962	-7.162633	-32.939301	5.046437
	-18.959292	24.558666	-9.162148	9.501536	2.866861	19.877800	-10.087908	-9.218374	-15.335619
	3.535250	38.321620	7.681454	25.017611	9.627805	41.009840	-40.225143	16.455951	6.858044
	-5.598899	22.702391	12.615632	-3.200928	10.097943	10.595872	-12.362907	-14.848730	2.664193
	14.197670	-7.120320	18.347943	10.021882	-14.612891	6.622498	12.975332	-27.957504	5.987085
	6.244934	-25.075964	-6.343687	-10.065118	-6.556388	-12.663010	4.260948	-52.725372	9.722579
	9.417878	-53.549312	-33.100547	-26.156162	-21.709522	-29.433048	8.961698	-17.293789	-22.486228
	8.056286	-34.627842	-59.546764	-0.742544	1.499563	-46.190133	2.763843	31.888929	-21.640818
	-20.297172	14.991723	-55.969969	20.177620	17.038569	-53.158367	12.949531	9.465048	-29.146104
	8.967621	25.325712	-34.324244	27.464003	-12.518963	-24.604461	26.376767	27.402632	-8.345648
	-2.623936	16.234345	-21.286422	39.357520	-22.923179	30.016701	25.755968	30.090216	10.613670
	-10.548516	20.766341	27.537960	1.065241	-28.465130	16.827915	-5.648599	35.194460	-7.068531
	32.435722	28.364838	16.325513	27.452890	9.947843	-6.536729	22.154570	3.588666	3.494044
	11.073663	48.370836	10.055015	31.449034	24.207963	-28.050061	44.893691	20.960014	34.141181
	7.245631	43.135628	-10.846593	50.072918	22.058704	-23.108417	34.525887	6.243463	-15.882262
	-9.360830	29.133221	8.921422	31.195012	27.706679	-33.951442	44.681242	16.791501	-11.957880
	-11.408271	37.672473	-13.095856	27.580924	-2.659190	-21.851633	19.229735	32.723628	-11.095355
	-4.862401	21.396220	-14.927214	42.463765	-3.078297	-32.889141	10.148129	-2.503679	16.384319
	11.276689	-7.049217	-45.901345	27.812883	-13.362758	-19.572210	7.708617	27.823361	4.676584
	4.689671	-34.934283	-32.304513	7.154072	-48.740488	-23.639935	-7.176956	50.944569	-6.982875
	0.078524	-67.735895	-14.138231	-34.540745	-31.296535	0.166490	-3.028030	21.585596	4.899302
	26.132570	-103.634217	17.100934	-37.155457	-27.539515	5.332522	-2.929336	-15.281042	7.347341
	-5.000121	-97.824323	24.295357	-27.147352	-14.574418	-13.418099	-18.523292	-64.141725	-28.017934
	9.939548	-71.768952	34.418314	-44.187624	-25.310023	12.299416	-32.650680	-39.590490	-53.544502
	10.494939	-32.118392	18.588128	-11.451350	-23.571444	28.082100	1.161390	0.402825	-36.219999
	-21.975364	-38.624691	12.509373	-14.732635	-43.744275	29.973373	-19.909912	-11.451058	-40.155447
	-20.711763	-40.485602	-5.997008	-42.247520	-33.689180	23.120888	-22.670461	2.331363	-22.698867
	-29.196756	-47.624504	-26.552027	-44.672311	-12.742438	18.014508	-20.905899	6.245893	-3.795481
	2.786995	-74.292454	-31.502538	-47.537681	12.458556	-0.972323	-18.956062	-13.415614	26.050776
	22.428687	-86.228194	6.143950	-39.440067	9.721568	30.374189	0.093851	-41.454307	25.147199
	30.811344	-27.672611	8.590039	-47.988202	0.350849	14.887545	-3.784632	0.004771	48.876217
	39.049091	-28.113214	-0.704084	-26.009584	-11.209616	40.983721	-4.256909	4.288575	0.912114
	0.272184	-15.899993	9.705251	-28.270171	-6.516136	10.172865	-28.844807	-22.716333	23.658493
	0.709195	9.233550	9.039347	-13.132326	-23.049015	28.372766	-8.807699	12.120443	-40.594121
	17.492889	7.212324	6.473381	5.464846	-50.845039	40.603988	-33.065903	64.244067	-31.602658
	6.446665	10.778248	11.537428	-33.496858	-43.870672	12.455558	-33.033674	52.640892	-40.605838
	-40.020639	-1.133777	19.279881	-48.411374	-24.645742	29.181246	-29.211108	1.835593	-21.658665
	3.820145	-18.707565	30.634295	-54.584835	-15.449114	19.099338	-19.330175	17.198390	20.811496
	12.893332	6.918491	-1.535432	-49.222256	-22.845028	24.070943	-30.567848	12.082233	-22.580631
	-17.273595	0.335638	-3.614532	-9.367874	-57.975284	45.866322	16.542658	-8.220306	9.499560
	53.076561	-48.386595	10.443633	-10.518974	-41.826941	35.695139	43.794663	27.852281	11.716237
	43.008775	-38.820299	33.558492	7.880615	-23.350478	23.787466	57.276636	5.691862	36.935049
	51.152224	-28.235768	42.762045	39.275160	-17.721971	7.183333	40.853950	-12.759403	41.052798
	28.813182	-24.893286	25.329428	25.526322	-57.390387	13.861776	28.500425	-4.677915	43.702107
	12.149493	6.618601	25.029914	-5.577753	-31.477082	0.491464	20.866031	-5.328675	5.378864
	35.862099	41.108203	9.330771	-10.164834	-20.428395	-22.548164	-12.595774	28.776610	2.871937
	12.355086	50.497933	6.467171	7.263356	9.199322	-28.405357	23.579947	40.720247	-5.700679
	-13.253612	54.117666	-11.728649	-11.259730	55.862881	-34.320479	7.620598	14.387833	-24.344388
	-1.163720	40.374309	-22.280078	-19.302579	6.572380	-40.531751	4.753533	-3.492381	-23.922889
	8.544762	55.557642	-12.796044	40.521601	22.448976	7.790431	37.492304	-5.271372	-31.734448
	19.655754	-14.060957	16.471001	1.341484	-4.077634	20.402709	34.702347	-37.846769	-11.717124
	19.133689	-43.072756	-4.789283	-17.922654	-11.507637	-0.286316	28.594339	-14.712266	9.952042
	-5.054340	-62.456560	7.119010	-19.018664	-4.762012	4.804014	15.483905	-29.190417	25.058055
	13.573155	-75.631361	14.662307	-19.929677	-53.240960	-6.763067	14.469620	-8.779227	2.824542
	9.312938	-59.589728	16.086257	8.755484	-9.571210	-25.605602	20.608811	-21.548060	1.483527
	28.814424	-20.841853	10.182163	48.924107	14.648617	-27.033208	58.646430	-16.725454	-4.866415
	43.750114	-6.301912	42.710080	65.450020	22.136924	-17.441033	66.771525	-15.134270	21.292379
	1.060317	28.529838	37.403538	64.046134	24.349869	-4.939618	31.420374	5.543408	21.951346
	20.948950	17.649887	46.517852	52.395495	31.026169	8.979784	55.535980	-7.812363	21.758311
	18.051207	40.905931	16.643355	61.553581	26.423985	-8.682001	50.330696	9.936757	-0.421651
	19.424900	43.495318	42.390582	62.125526	-1.691148	16.769217	63.231498	-11.939812	21.620516
	40.963718	47.627205	38.298826	76.151245	0.915008	-2.028411	70.747771	13.066930	23.874036
	10.018525	105.945915	17.410356	90.263233	-12.500313	17.792697	51.728941	35.713246	-20.488452
	-4.820952	116.285350	-25.740779	78.827037	22.062699	-4.048566	58.196572	48.264681	-25.029559
	-64.202900	84.835989	-51.989064	76.262750	6.665298	-9.012887	37.604377	35.942476	-53.382187
	-6.660781	81.816437	-58.089513	32.332678	6.237646	-11.493142	-12.226801	27.154768	-25.906466
	-7.455179	69.758829	-29.979771	39.448060	20.772391	-8.780083	11.323137	14.555678	-22.973097
	-19.007521	69.785023	-41.912963	27.518344	17.063304	-33.181864	-14.190899	27.084125	-19.678802
	35.625754	66.892230	9.111208	46.199313	35.276364	-1.312929	39.113358	23.566597	18.951696
	20.436626	47.520050	22.927955	63.691023	44.513352	19.212590	58.956313	19.533235	50.596140
	33.410159	37.355889	-6.719657	76.029453	63.279618	-0.218743	98.050233	-1.902127	50.556442
	-5.525355	56.643020	-1.254774	32.716969	75.408139	-18.172970	38.595424	-23.006668	35.158502
	-18.886116	59.945523	3.895726	10.004096	30.249314	-24.446932	20.170480	-14.045124	3.113857
	-6.657680	85.397732	23.392886	7.331921	-17.750760	-8.980869	26.357799	-14.835687	11.091676
	-8.643224	53.263309	58.122591	10.112032	-29.518947	-6.329674	6.732769	-12.209697	-26.490815
	-10.685841	50.958957	68.267964	49.401580	17.466483	11.410864	14.115216	-30.244073	13.841310
	22.039594	49.257806	63.292430	25.890960	20.134641	20.421136	41.903842	-23.378634	22.500841
	21.650292	23.026384	27.092969	46.854063	23.286533	5.044421	49.269964	-31.101405	80.994138
	36.942676	-7.892651	-22.600866	64.539789	4.258836	4.423650	62.368470	-7.098973	36.088810
	23.857117	-32.896884	-25.454191	46.425665	-43.343396	-0.757615	27.126151	-4.747497	21.455717
	-17.133475	0.145524	-44.699877	26.223956	-51.527926	-14.396402	9.086340	-15.928880	-3.092038
	2.206055	34.971951	-21.347583	40.980551	-23.477208	-24.832193	5.291802	9.119417	-23.363334
	-2.702433	40.307254	11.361856	41.791229	1.826686	-8.973032	13.854488	24.614034	5.062964
	30.743202	62.437059	37.568821	41.172789	24.687445	-1.146581	12.091207	-8.179621	0.092031
	-7.194598	79.791586	47.130779	52.731266	19.233610	2.227853	25.106238	21.349345	4.817370
	-9.465348	93.898938	35.857699	45.454723	30.745905	20.603520	-2.162248	-0.860453	9.914649
	-20.197988	83.935672	-23.616019	34.513468	18.306973	7.891768	-21.798550	23.620128	-26.861959
	-5.738583	42.695529	-31.064076	3.933676	-12.830370	1.562612	9.717451	29.621900	-1.967373
	-0.392254	-4.097792	-10.958396	-18.743143	-48.397673	7.947553	-8.528005	16.476288	-17.051134
	-2.915482	-51.033374	-8.074751	-19.013108	-42.685827	47.979576	7.898719	32.483376	-6.339686
	-3.774375	-69.909841	0.056345	-57.178595	-18.269657	23.048309	-44.379220	-20.418051	-28.952886
	-14.972973	-38.749202	-9.041561	-43.045641	-8.063909	27.046932	-16.148194	5.676532	4.907635
	-26.978284	-28.643660	-16.730237	-2.528798	6.660875	18.783911	7.204989	6.124465	26.832200
	-43.235795	-45.048847	-24.181671	-0.873701	11.618933	6.560970	-4.714244	24.042530	3.030213
	-38.311707	-50.415037	-10.314328	-6.984604	46.496524	6.321571	9.327646	16.865847	31.596255
	-47.036400	-39.962233	-18.009936	3.668935	28.063151	-19.124203	6.324366	20.687113	19.206520
	-18.360240	-44.923124	-15.875693	13.873920	9.793269	14.760579	-8.213283	-11.246840	-2.915706
	-7.332825	-25.785700	-14.027349	42.798157	-22.207853	5.487229	-0.424192	12.908734	-2.853730
	-13.871908	-1.122339	-31.937176	72.507257	-37.118963	11.485648	2.050488	13.286957	-6.520461
	27.215042	-14.559545	3.519851	-8.765052	-20.277261	16.544835	-5.093813	7.729560	-34.394044
	27.894632	-30.846625	25.574608	-17.977145	13.929128	7.174444	-0.909451	-20.894530	-5.697932
	19.219003	-35.603318	25.841244	-25.373118	29.091496	-0.590124	-6.637926	-8.152455	-27.045827
	14.567025	-12.940374	30.058356	-42.403796	57.514673	-13.547472	-26.966348	-5.678803	11.833552
	14.062174	-18.024878	51.667595	-28.021715	50.347258	-2.630415	-50.018074	-3.347543	9.253732
	-2.025580	-19.896289	28.772522	-11.508696	11.681630	-26.313567	-34.174724	31.246536	-28.921141
	-33.400923	-28.989729	11.141794	-26.146423	-12.120865	-20.881189	-37.170244	31.524223	-12.464087
	-21.019089	-16.314273	13.823476	10.114214	-45.668623	-4.393880	-7.055616	-14.875014	-22.715417
	-13.423461	-24.502836	-8.762216	-1.044276	-46.286646	-10.860273	-17.902208	-12.225325	-19.218601
	-20.791974	-14.131407	-20.496843	21.012640	-32.869341	10.406012	7.610891	-18.225113	-32.269028
	10.025930	-41.870276	-21.420972	29.487492	3.141735	-11.438521	40.917467	-32.243405	14.738569
	3.814343	-40.910656	0.710789	38.828584	4.585707	5.087136	53.766156	3.870105	9.475503
	-10.350452	-35.042665	18.882951	28.790945	-18.025201	-0.611748	-15.907963	-19.292797	18.125801
	1.726916	-40.654594	28.135607	39.690243	-54.363524	13.048853	15.305178	-15.777792	11.274680
	-13.068998	14.637637	-3.756981	36.511594	-39.696835	-15.898700	31.092569	-4.624661	-17.040295
	-5.748030	33.109388	1.776898	15.489577	-9.240521	-1.413588	16.568692	-22.174619	-16.071364
	-13.072765	33.857251	-27.378456	20.866625	23.784116	4.833317	-2.491656	-10.831586	-8.671516
	-18.132733	28.083696	9.818073	41.232210	45.458841	4.490017	12.020749	14.398795	5.094000
	-11.798393	9.780508	1.871604	17.741832	57.318952	1.371632	22.508402	-42.174830	38.714532
	-3.998394	21.261617	9.234715	25.276184	1.377945	32.196936	2.287418	-9.012472	28.936359
	41.033471	-9.772765	6.257446	34.227870	2.762025	32.303955	43.515469	-25.354407	29.490401
	21.709692	-54.621405	-17.637908	-3.034928	-22.584960	41.765949	10.264164	-17.094379	31.937034
	40.712208	-100.787904	-8.481235	-29.379586	-34.165273	78.778650	-2.011776	-22.472908	13.516640
	2.116986	-114.292728	-10.620892	-43.102109	-14.906458	57.140182	-0.382967	-9.714782	28.165384
	-6.265256	-110.693757	-0.184769	-60.863847	-4.140539	41.218202	-35.625693	-24.912963	15.554761
	17.089231	-88.245285	-5.015990	-10.004008	32.143326	1.325667	27.089258	-22.998029	70.462183
	26.064998	-24.677106	-5.890320	19.793789	43.939697	6.110897	54.946288	0.463490	44.067991
	20.724216	-19.297083	-10.236213	1.606195	32.623651	11.003409	44.547527	-29.137048	47.051756
	25.252097	21.278355	19.679738	4.871578	75.212383	-4.547938	16.427680	5.319722	24.815671
	5.165724	31.584097	9.718782	-6.642212	23.347947	20.548483	-20.647364	14.127240	15.393995
	3.469698	13.293974	-5.071189	-8.947925	17.876127	5.442448	4.581704	26.085696	12.691409
	-8.791882	40.538778	-50.845689	49.453258	26.478152	-11.512228	19.134034	44.987957	21.754589
	-12.640685	77.029788	-42.378028	34.886868	7.469255	-11.963253	8.311861	21.820354	30.321453
	6.419337	36.564504	-35.843292	48.015130	-14.778997	-15.443178	5.301930	16.975258	14.246734
	-27.535711	47.441392	-33.449452	36.344284	-4.196139	-11.617926	9.455943	-19.901947	6.765893
	-35.226850	87.567501	-16.894107	35.535042	-23.261386	1.168084	-5.324191	8.393506	-21.251679
	20.998556	81.916713	7.568221	51.615000	-33.256785	35.024898	12.428403	7.550952	8.522821
	16.482968	49.650982	-2.855116	51.180120	-6.508586	38.516148	-0.371657	24.083225	37.930599
	-3.352749	44.611120	-6.422404	21.450950	5.450305	38.106739	-0.399995	6.208407	-13.382543
	-6.151077	45.906566	-38.113774	17.194599	-13.165306	-8.654527	-25.732565	28.659526	-61.485896
	-7.489127	49.080966	-12.236594	-13.102453	5.406640	-38.521043	-41.371341	5.053664	-88.835406
	-32.895154	2.537305	-16.002833	-1.613502	14.282456	-15.716108	-20.671122	23.908423	-67.387378
	2.950214	9.761606	2.447403	18.149763	8.011886	-32.078905	-37.957820	16.577628	-71.208401
	-35.508886	53.719024	-19.414310	12.944187	-3.417466	-15.283438	-72.372171	53.152515	-45.374074
	9.140819	56.848076	8.613603	31.988103	-6.135894	1.337519	-32.827093	22.712430	-33.806890
	0.677671	54.547562	7.082859	58.492104	-24.472206	4.222272	-13.399028	20.877926	-19.123006
	-5.626039	25.916699	1.399303	46.761357	11.395569	-15.402224	-31.340342	27.596495	-2.529700
	-7.365781	11.928820	-9.174072	4.070305	20.346554	-31.654190	-28.739948	28.264817	-15.574084
	-22.129174	5.080783	-19.319638	-5.188837	3.789342	-44.037854	-37.850633	40.110302	-46.983457
	-5.271464	9.305280	-16.654524	-8.572064	-12.502386	-9.377947	-16.133660	11.454873	-55.189808
	-17.971608	15.082595	-38.128197	-17.078815	22.363904	-33.563160	-41.096518	18.787782	-50.426355
	-25.870495	3.600267	-31.454483	-2.182093	-2.528306	13.034072	-40.534114	16.319396	-4.158602
	-40.880209	-42.988150	-32.327759	-21.720541	-24.817174	20.691908	-44.554929	6.524119	-27.032974
	-56.943622	-64.252310	-2.880416	-56.599846	-46.546937	7.618780	-83.810843	1.706991	-49.226086
	-35.368536	-52.324307	9.489133	-78.125556	12.729341	6.141194	-113.463925	2.581892	-36.882963
	-31.402416	-19.282248	19.433829	-56.412984	0.698652	-16.068869	-62.450564	11.105403	-14.287615
	-15.512988	-20.448562	15.113361	-48.590552	-6.748567	-8.310209	-60.512971	1.783028	-12.840914
	-31.433504	-25.198298	-5.901665	7.238845	-3.004590	18.438806	-56.585035	51.272363	7.983211
	4.929270	-44.810167	-10.072098	19.572369	7.289523	8.499274	-26.259490	20.310474	-0.928525
	3.555036	-73.826581	-17.731517	-16.885279	20.770111	11.987944	-33.017050	9.503159	47.172381
	20.524393	-44.655471	-19.261055	-58.121728	24.831228	2.362359	-29.291007	12.717076	45.834026
	-6.936010	-60.009224	-21.178618	-51.798150	26.742365	-20.982488	-16.833695	25.472071	9.236006
	15.606555	-90.942564	24.196932	-70.835600	-1.496742	-38.336456	-29.624555	12.909858	30.919889
	9.925621	-91.553805	1.552205	-94.203776	-5.446761	-15.136939	-25.232871	-24.722702	52.956057
	15.184517	-71.587569	30.631400	-82.930895	2.909565	-12.594932	9.732317	-25.351825	66.845889
	40.967580	-57.845466	5.787472	-66.978689	-21.020664	-13.439326	-5.100607	-25.677679	4.733956
	15.245263	-46.197753	-3.512684	-38.570246	-15.609341	-36.699019	17.612888	-13.744834	-21.493388
	-2.080185	-3.364037	11.038517	-25.360081	-22.528477	-25.656706	-10.811266	-30.454268	-20.888776
	-14.608652	-6.512322	-1.927256	-14.193792	-30.259478	-26.739142	8.879184	-30.311490	-21.724832
	-10.616704	0.797924	15.529004	-3.685505	-33.021923	-2.490378	4.504707	-11.175768	-19.034554
	4.328307	-0.752021	10.668477	-21.290852	-28.916011	3.799429	-7.142713	-1.778861	-28.002266
	12.617267	-9.371474	18.904916	-14.660274	-10.710562	7.258964	22.425402	-25.134856	1.090344
	3.112229	-12.086751	-5.345246	-29.438589	-4.768237	-13.575117	7.697048	-24.362142	-23.657355
	-15.357456	6.162981	11.977351	-23.259299	20.270837	-19.363108	13.347158	-39.131089	-7.411425
	-15.254984	59.266355	-3.000423	-2.043306	13.587456	-31.419521	-0.861570	0.267069	-63.956708
	-9.419465	54.469823	7.332662	14.709576	7.434130	-30.221796	18.853937	2.426687	-18.110630
	2.168587	70.076073	51.082980	33.310567	31.972432	-7.311522	21.671772	-22.052107	-12.277153
	-16.658192	53.148472	26.655075	12.307240	24.724226	-12.972228	11.156020	0.666764	6.390203
	-20.253718	-17.689749	-21.132730	-24.466919	-18.503935	-12.262308	-12.834153	-22.252117	14.941206
	-28.895931	-40.520517	-38.005799	-49.917664	-40.200832	9.733406	-35.294018	-14.990162	16.798878
	-8.180316	-55.418614	-37.759880	-50.257389	-20.398318	24.866404	-10.604805	-31.323284	35.649747
	13.651910	-53.140730	-16.304063	-44.408502	-32.732291	22.813046	19.854058	-21.544912	7.767278
	19.371850	-16.757449	15.281091	2.318453	-32.897198	17.985221	36.583896	-22.720726	-0.776195
	23.980898	21.373132	-7.495211	30.478102	-9.843160	-7.580556	32.810302	-36.230292	8.984596
	-13.360198	17.201011	17.574483	1.301528	-26.156372	-17.291751	-4.574612	-6.445045	4.343627
	-4.844005	41.220232	36.499618	-19.608406	19.740053	-9.599820	0.536375	-17.471429	31.357650
	25.499126	61.129170	16.526608	-22.187523	43.745088	-12.797644	22.315955	0.618938	-5.041997
	23.113150	45.112314	-17.613642	-14.423847	49.842394	-7.060456	3.958419	9.418522	59.846192
	14.999215	40.544971	18.159565	-19.131201	61.259748	-20.278505	43.377712	-6.927953	42.005667
	7.226239	17.012284	1.446866	-15.455442	15.892518	-13.451381	6.854412	8.725994	-3.283447
	8.002337	-59.081753	-18.351643	-43.732639	-13.800956	-2.117968	-8.951144	-41.254828	-18.352424
	35.164944	-71.025836	-4.390660	-43.434060	-11.473661	19.109296	13.215312	-32.796472	-6.791072
