	9.488264	3.059037	-26.656456	71.886343	-27.034713	-26.093100	28.824779	46.176337	-26.533056
	18.925680	-17.411967	-47.257453	20.343704	34.024005	-37.150417	8.720659	16.068229	-53.270634
	10.090910	-77.843419	-18.637565	-4.590367	36.215284	-6.604981	8.285989	14.450406	14.118409
	-3.174666	-104.450547	5.467907	-4.660678	21.030265	-16.902339	14.514095	-4.265317	28.718023
	-12.548902	-113.419558	-24.542518	-41.545591	2.990364	-21.127666	13.689251	-6.711088	18.800754
	-4.008600	-96.434890	-29.782283	-57.407222	46.311421	-51.989757	-10.915502	-29.251525	-7.531664
	-3.254350	-49.422575	-42.282791	-52.418429	46.480277	-28.443172	-7.383237	-11.715749	-35.778662
	-11.961563	-68.023653	-2.332802	-65.412648	17.391987	1.455505	-5.985898	-42.061886	9.793060
	2.625994	-57.103039	7.659450	-50.525110	-11.050677	20.032751	15.760484	-35.635928	6.937292
	13.221559	-37.522010	8.837281	-45.756406	-1.425975	4.670818	35.574055	-25.147491	62.159639
	25.213831	-31.201517	8.829051	-47.215068	17.390019	-2.629195	20.061465	-3.394905	40.329548
	9.695959	-18.813418	0.280867	-35.582071	45.517112	-32.309733	31.708673	-16.169199	43.753116
	13.512262	17.012720	-5.487306	-3.981100	59.177355	18.184370	26.828606	-19.332811	23.586045
	8.823215	-0.166844	5.172772	-12.062972	81.429802	58.781529	2.953781	-26.922813	22.673846
	-1.861709	-20.175157	16.850044	-66.821396	81.378300	48.879329	2.923256	-30.963032	65.151368
	-31.618929	-11.196299	39.426850	-65.806515	59.928499	35.203060	-36.321445	-9.759794	32.263977
	-28.142050	34.966982	22.139257	-23.386629	38.682595	32.390195	-18.750706	0.255126	17.333371
	15.590588	-11.594148	20.852189	-4.648651	-19.206713	48.149642	-20.326820	9.970370	43.694181
	23.295373	6.198655	35.875889	40.171797	-13.240436	25.026196	12.738050	24.928540	34.806958
	10.543910	14.865962	-19.749699	114.103477	31.189685	-29.592717	19.718838	34.233264	30.208569
	-5.654272	-12.530590	-18.041215	109.499051	32.549600	-4.056041	9.538846	34.768179	-8.260771
	-29.107876	-23.379050	-34.409374	126.256965	34.244627	-13.205795	32.490267	47.333770	-20.051852
	-35.848202	-27.771203	-38.182780	98.883227	1.081324	-1.261112	50.584117	24.103735	-3.428790
	-13.174041	-52.644793	-12.282522	100.472854	-4.524329	-15.164428	72.967933	40.546381	2.735238
	2.126666	-53.855481	-30.686545	60.687133	-29.644316	-21.281591	50.567773	20.931527	-0.529387
	-20.499151	-57.128172	-16.816482	-1.053483	-29.045948	-22.104051	-7.703864	1.378322	-17.976423
	12.935804	-84.524653	-14.876154	-62.282324	-60.897656	-25.777410	-35.639517	-3.743304	-18.231655
	-14.460032	-68.695102	-8.172363	-101.583840	-44.015329	28.005195	-66.259610	-17.939841	-36.697946
	2.601397	-68.399020	3.128661	-77.541023	-39.524598	41.006035	-38.164914	-18.033862	-8.051588
	49.844625	-57.996928	7.592829	-70.745903	-11.540809	37.630608	-0.965090	-21.210562	60.127465
	40.646565	-61.543950	26.018463	-86.452299	-8.124417	47.662104	15.042790	-25.021934	59.263475
	44.302898	-47.212220	10.306291	-54.532214	-18.051975	11.617177	10.175225	-15.715681	71.748577
	55.065211	-20.560726	8.577147	-48.876624	-6.267382	30.460072	5.837261	-27.949588	34.741162
	27.386850	-5.476771	-15.498981	-22.743452	33.516754	-5.009058	-4.014793	0.482719	34.206757
	-10.736121	22.552810	-57.565245	-20.536659	51.142572	-37.275691	-30.325875	5.168166	-36.046234
	-11.749295	26.893165	-26.166946	-15.826781	5.528084	-6.489791	-33.444132	19.079645	-42.610869
	-35.836136	57.912238	-47.488855	23.085937	30.290406	-17.385315	-44.549843	5.619342	-94.641964
	-30.359044	70.120184	-34.856533	1.262858	65.292124	-10.230921	-47.677692	11.981097	-93.520392
	-43.112755	59.604986	-39.327711	33.976849	55.837813	-6.768995	-33.029648	5.773139	-51.131109
	-42.386622	63.531504	-17.441927	-3.038477	43.997512	33.246481	-61.818442	-6.140464	-59.016718
	-22.354006	23.427180	13.947146	-8.497444	-6.278996	48.806922	-76.276768	-16.813633	-20.329592
	-10.021477	47.887597	-0.324329	-0.894424	-8.371228	10.060819	-47.042827	-13.349275	-10.008391
	-14.214941	51.216815	12.444638	-27.723677	1.514569	8.192145	-41.035096	-14.188403	-14.249483
	1.566224	37.157692	-1.445056	2.200515	21.734790	-31.633120	-12.040665	-9.197272	31.777698
	7.276554	10.737346	-15.600473	4.525920	-27.924025	-40.317908	-0.992680	27.545248	-41.366122
	-38.647774	48.856240	-50.074386	40.962223	-32.675362	-39.786299	-47.953131	40.601238	-80.015173
	10.458713	36.485712	-19.554673	28.173489	-79.430216	-70.615532	-24.865460	49.129627	-53.861102
	-19.146352	38.333106	-29.278475	21.840474	-75.903395	-33.125954	-6.492363	39.622650	-62.177045
	11.151419	39.226030	-29.109812	27.891094	-69.512564	-22.155792	20.163233	40.625111	-49.811123
	-5.328464	29.858143	2.783901	16.794833	-25.821175	45.223863	6.806851	24.230418	-47.084715
	9.682448	33.554821	20.886366	-0.192910	-30.138766	50.420835	-24.185978	12.324731	24.751777
	19.125886	50.994305	32.823489	-9.754489	-4.047083	24.668595	10.425591	16.397879	7.455200
	7.470410	52.057145	4.483138	5.533688	-17.052576	12.608449	5.269220	22.842209	-10.004100
	7.439545	52.715038	35.649748	23.409270	13.205993	15.842975	22.672497	5.382462	-4.621594
	23.533463	53.390886	20.597499	-5.974908	-6.021249	35.981241	19.919424	28.196074	-35.463308
	2.368271	55.836562	21.971379	-6.128888	11.611382	32.637162	29.652730	10.177972	2.028128
	34.512808	46.645909	6.884865	6.100103	30.992963	-3.414390	-6.550721	19.422129	-30.412000
	2.760330	61.882460	-0.160849	5.292117	14.633033	-3.966617	-23.568291	10.406833	-35.559700
	-23.995854	69.958561	-2.927218	-3.511856	20.152633	3.514326	-37.002623	-2.309339	-59.463709
	-4.481428	56.708039	-5.790745	-30.051248	3.381896	-1.056842	-35.574519	-2.538679	-48.634125
	-48.269547	95.235581	-50.467292	23.578234	23.721771	-26.896169	-16.342979	-4.277939	-81.414515
	-50.088073	82.709714	-38.817900	4.852956	-1.094070	-16.769803	-40.274852	35.941573	-96.849415
	9.420384	51.035932	0.078482	6.770963	-6.279431	33.067435	-47.777989	10.898159	-34.261346
	13.033925	48.099334	21.269206	7.671047	-25.274836	23.709393	-22.345337	13.169477	17.340820
	5.373922	7.326911	22.009918	-2.232704	-25.261589	10.467177	5.810201	-1.256554	52.104716
	54.541175	-30.358492	13.490420	21.084395	-44.419835	19.875756	58.700862	-22.083730	58.781863
	77.811765	-66.980936	47.125264	34.861020	-49.868248	25.492565	92.298480	-28.864522	135.722446
	51.625227	-68.014207	46.351405	28.247172	-23.270517	-16.934607	108.578323	-30.550357	121.139018
	34.879317	-50.511553	-12.746861	44.444037	19.652634	-52.780459	60.526633	-8.726711	52.746868
	28.534469	-58.987305	-9.878352	66.479138	-8.734676	-41.639482	74.852654	-4.463343	46.831099
	68.823644	-72.594798	14.259058	66.792904	-36.744740	-44.154399	75.197338	-10.031681	63.464888
	63.762356	-46.094045	-37.857598	79.198573	4.021696	-53.811666	79.460641	15.311539	27.824145
	65.149667	-17.768117	-44.848857	55.494534	48.426419	-62.809300	63.733041	-11.983411	25.093946
	18.968097	-1.342832	-27.486032	54.670568	84.883006	-66.103777	76.142467	-2.402051	19.005929
	3.234039	25.784150	-33.585920	38.434407	134.844851	-64.176901	55.109472	-20.700590	-41.193194
	0.643326	11.798928	-61.394974	14.297002	134.829100	-99.828616	58.698000	-13.980406	-64.018254
	-8.633168	22.317835	-73.608915	18.155544	153.361990	-95.868928	62.689478	-13.990269	-70.679590
	7.656733	-5.462482	-67.694356	1.744477	78.551109	-101.904558	40.656794	-16.809296	-31.450971
	-5.654166	-24.647046	-49.158115	6.224631	71.213284	-82.234566	54.126417	-21.115919	-19.633269
	-9.674866	-39.844629	-48.824421	-25.297348	69.777415	-75.809823	13.459844	-53.466910	-17.240985
	0.285295	-32.599354	-36.389266	-43.631980	29.209743	-68.932450	22.964773	-58.084158	5.828684
	7.647530	-36.847314	-14.266135	-33.668203	-27.129978	-53.486463	-8.602002	-22.923252	15.657096
	15.143754	-36.693228	-18.382489	3.980540	-34.781518	-59.690287	29.170504	-33.318360	25.506793
	-19.411394	-6.322596	-2.762450	30.345545	-20.792654	-46.515045	24.821274	-9.424342	21.167728
	9.965402	1.829525	-30.861248	36.741140	-7.334780	-39.543925	43.565534	-8.074288	23.534154
	1.235975	9.564318	-10.397179	8.873080	-26.657498	-60.122160	10.324247	-20.858705	-44.897484
	-9.236661	-13.359473	-6.847067	-5.133064	-29.185319	-24.622912	5.199876	-12.031493	-23.673832
	-15.491636	-37.122523	5.075693	-0.400958	-12.892624	3.630791	-6.111246	9.927224	9.042063
	-9.768912	-18.588203	-12.149724	-26.884649	2.327847	2.774810	7.922485	-24.569752	3.818522
	-8.826182	-27.768117	36.622541	-51.132127	-7.446032	8.252713	-27.168652	-6.201397	17.716326
	-25.565248	-37.445615	48.444333	-89.374637	-22.378604	29.666974	-51.734483	-22.960787	43.024201
	-44.740665	-58.432257	44.609998	-70.229334	-11.781254	21.730686	-21.100197	-36.359687	50.743533
	-36.201230	-48.041348	3.571979	-75.118551	15.424614	12.306161	-26.469201	-26.920676	-5.094130
	-31.068680	-35.968862	24.505201	-84.658562	34.406443	5.616253	0.574770	-29.687702	28.457423
	-7.427840	-21.103516	35.885957	-53.488946	20.732770	5.110931	-22.380988	-35.811774	-22.062084
	-62.093285	12.922620	29.256154	-34.941405	22.113079	37.885983	-43.852264	-31.152771	-3.699301
	-52.026957	22.784506	32.433816	-39.752906	47.065176	28.157205	-50.974398	-52.695206	-12.139052
	-36.277869	39.964915	15.095744	-52.651292	61.218075	15.402946	-42.173764	-32.705220	-23.734052
	-31.188597	30.048474	21.103385	-4.391081	0.361890	21.927440	-12.193564	-20.674363	-12.817168
	-37.550448	25.157968	28.075682	-52.468054	-1.325230	31.456851	-50.422666	-30.921934	4.477194
	-24.984080	35.172649	38.996749	-34.634913	22.354384	20.327867	0.944198	-25.806996	22.391992
	42.743644	-13.636929	62.116923	-49.163297	21.572853	3.783572	42.467890	-13.685139	67.735546
	42.383849	-45.412296	46.874323	-61.086010	-41.075398	-7.620289	20.179832	-25.222866	48.919526
	72.045722	-84.016595	59.926171	-42.761742	-73.567236	17.265915	24.804191	-32.520326	92.218181
	48.421529	-68.187798	27.017651	-24.897183	-36.400978	0.783092	50.039197	-17.729622	63.154887
	37.162481	-38.892582	-14.388164	-20.866943	16.056723	-12.766372	40.602671	-31.907619	21.268256
	10.932881	-15.435806	-7.253111	-7.269106	34.133803	-42.796257	-9.909907	-23.403569	10.754094
	5.534454	-44.228758	7.992714	-32.277925	-17.119115	-6.540542	13.127473	-0.674136	48.270909
	-11.340883	-57.933764	3.001109	-47.351279	16.745249	-38.139711	24.362495	10.537759	7.272357
	-16.382437	-57.328712	-8.565649	-74.198580	-0.085376	-45.629902	-19.396436	-9.901426	-30.373744
	-33.132579	-56.064208	16.705959	-65.458313	-5.184565	-48.339385	-37.402124	-16.119503	-22.788796
	-18.160962	-15.955088	5.560109	-72.058569	-23.454968	-59.319533	-45.970873	-14.979101	-9.931982
	-0.524752	-41.235653	19.189059	-31.591310	-31.495170	-30.674801	-12.009186	-26.919470	15.711707
	-2.618880	-20.301907	-9.535786	-6.357227	-55.431560	-34.342782	-32.372782	14.302702	-31.114088
	-20.754724	9.751819	-1.337226	-12.192533	-25.084830	-24.273595	-5.285341	-8.563560	-0.552708
	-13.994696	-0.291184	14.292003	-7.498485	-8.107516	-4.719215	4.714937	12.956037	-4.524147
	-21.831973	49.179704	-11.004865	70.744317	16.371825	1.084282	-14.724411	32.335838	-44.771914
	-32.932396	60.295273	1.849105	89.725325	9.204836	-3.223761	-30.197152	45.975199	-37.260857
	-38.069561	50.506174	-16.793751	79.287016	-26.827439	13.809631	-55.708993	40.480786	-62.235567
	-43.206982	49.750410	-4.211285	75.769167	-59.186641	6.010374	-80.133688	20.726220	-77.225130
	-16.109905	14.609339	41.855514	69.761948	-113.769067	33.885813	-92.636596	51.195681	-48.131449
	-34.028405	22.003869	39.237913	-13.752486	-124.123495	7.910162	-80.385362	39.501542	-6.606772
	-34.343341	17.992581	17.360204	-50.139059	-76.546761	-6.715867	-74.737550	58.381464	0.876294
	-37.197121	-10.794962	14.369372	-100.478754	-100.517413	28.609137	-72.164691	24.740272	-14.168647
	-17.623565	-30.494963	53.189136	-128.694511	-73.464607	44.335842	-80.800076	-0.648458	-1.026605
	3.136430	-28.677740	38.538910	-77.370320	-52.169543	36.055261	-56.564754	15.172349	73.773435
	28.347030	-37.070225	34.009031	-47.634503	-15.574167	11.520998	-8.634448	-2.266787	71.665678
	10.560417	-20.714467	-0.516620	-36.654368	-13.595108	-2.226277	-6.980089	-17.580751	-7.793087
	38.066803	-0.146696	5.181195	-14.422986	17.919031	-5.146504	38.942152	-30.559767	25.682270
	34.121426	45.733450	-7.242328	-12.019672	69.094129	-11.749597	29.562639	-19.499200	30.079094
	24.642217	36.100600	28.142954	10.144824	36.025175	-33.745829	51.525013	-16.191659	30.567601
	27.796742	21.215078	-17.110121	16.286348	-47.858106	-20.885944	9.663459	-6.024927	-48.192936
	21.014903	24.870072	-2.561909	14.890831	-59.860988	-29.092434	14.270630	10.274695	-9.848377
	29.183595	75.392968	-6.410905	81.587641	-27.298407	-26.806650	38.963956	31.902869	-12.227600
	2.867228	54.331439	-17.979125	65.862769	-70.808059	-25.821473	18.339823	24.253095	-26.843195
	19.553363	51.854107	-2.587205	49.414500	-49.433421	9.588833	15.382869	34.296617	-15.053595
	38.077107	51.812032	-5.911556	98.821122	-39.148773	7.822931	46.971472	28.482224	34.147994
	-26.039955	69.511287	-27.730958	75.019246	16.201374	-43.952931	22.591783	40.624183	-10.063408
	-2.998404	74.696415	-2.179884	55.447242	28.027013	-29.149595	-5.879857	24.204356	13.318541
	-29.063952	56.996310	12.977213	8.100011	59.961768	12.431499	12.115147	-10.880854	-9.007958
	-47.342778	69.524863	-4.540421	21.358216	44.030546	22.794321	-9.442726	7.953112	-29.731570
	-17.368656	51.808121	5.299538	19.453573	8.703027	19.137773	11.721446	2.807829	-34.602773
	-10.544601	29.530284	14.929476	0.847591	-26.940982	46.666459	5.078352	-7.854617	15.343430
	-39.265860	20.606985	25.996030	11.881831	-12.542706	56.773782	-21.513760	-8.036706	-10.570251
	-6.555326	7.803843	9.321468	31.953960	7.102586	42.308634	6.644368	17.606063	-24.916097
	0.499143	-26.242881	27.345155	-34.344238	-21.055963	45.022188	-26.577640	-13.025852	22.187136
	-9.695844	-7.660227	31.597574	23.516652	-5.144049	77.356148	40.021348	11.795538	31.178869
	-47.851623	28.558534	-1.219787	14.649608	18.361643	66.008403	-23.269706	15.225372	-46.601856
	-5.184211	37.114882	8.572356	-27.214758	7.130392	51.982507	-16.286705	-10.424001	-6.853709
	-7.317603	29.771214	23.084426	20.059331	60.116809	61.214071	19.219198	-3.268995	4.742438
	-39.244318	57.587931	-40.996546	24.853409	98.195544	16.905672	-47.179448	-2.226918	-79.145309
	-19.263517	32.104845	-24.771873	38.124572	78.260548	8.571038	13.015347	-10.974322	-74.085359
	-4.916463	-8.736429	-34.571097	43.529583	49.270433	47.270894	8.873159	-13.792896	-60.035426
	-13.045964	21.383213	-32.292893	85.897167	55.096595	13.588855	-26.617507	5.772291	-89.446793
	-15.810691	48.196860	-27.536486	106.976140	81.581300	27.127894	13.938648	16.268175	-58.547109
	23.498633	6.439281	9.707348	42.337500	44.527823	12.422719	0.343575	6.285789	52.563574
	24.934451	-31.631177	32.381635	26.673671	5.049024	48.388809	36.131199	-20.132196	58.557287
	28.064175	-29.437954	40.305931	47.358410	-23.576868	44.100195	17.696581	2.319492	98.684485
	8.669120	-19.367397	56.323414	23.497803	-31.498824	36.749417	29.738549	5.168337	113.394381
	24.920416	10.124467	15.929728	30.061369	-73.825601	23.269733	20.845820	15.877842	77.416202
	7.388569	-10.739816	40.374586	24.645283	-68.452159	33.273854	9.378997	0.370657	91.003176
	22.961342	-22.944281	34.949846	-3.518112	-43.210703	34.332058	29.796725	-7.004484	89.454690
	15.801636	-3.763509	60.004189	-5.585429	-53.619736	5.224944	-16.360681	31.241986	74.261090
	9.652072	17.411097	56.889115	5.988130	-41.204329	42.545131	-4.461768	7.243888	82.437354
	25.895504	-2.767364	87.225726	-32.623131	-72.439284	44.896527	-6.090928	-6.883338	112.690359
	33.669122	5.963486	59.011244	-10.541417	-57.116235	2.594166	27.109907	-13.421967	96.114250
	31.287710	18.210065	18.004083	7.825902	-23.695952	-7.453947	45.934519	6.176457	85.249554
	1.745980	24.433143	20.084904	-1.599549	41.727519	-12.778506	19.680534	-6.683967	69.067171
	-22.692584	39.659276	27.402034	-6.121668	4.147865	-8.263679	-8.107742	-12.784197	56.729651
	-11.386715	27.955083	17.756483	-33.669694	0.780003	24.696903	-15.964391	-15.906159	47.121176
	-1.022785	11.215183	44.309320	-55.060920	-20.655800	28.832286	-16.462518	-20.118732	97.826483
	0.390325	6.274604	24.513674	-16.182522	-3.221051	-1.356954	0.474501	19.580126	82.726872
	-27.516181	8.326832	4.044625	-12.542667	-20.974027	-24.322013	-44.400951	13.919746	27.264537
	-16.792625	41.115950	-8.140383	19.027245	-53.324082	-1.998504	-45.427141	-2.631830	-31.574713
	-12.023399	74.353812	-5.319612	35.868125	-32.094788	6.993305	-43.525423	38.349551	-22.728907
	-16.978750	68.978770	10.551390	4.385914	16.918165	-18.792537	-27.575160	18.355437	-15.878549
	-25.421818	72.435674	5.567879	-38.749760	16.365766	-6.979148	-57.720366	13.355190	-48.694486
	-41.515061	50.384939	5.479088	-94.767124	6.759589	-30.848203	-48.282342	-25.269365	-37.839404
	-29.093292	32.530816	1.157539	-95.863180	-36.441473	10.689585	-40.580523	-16.671980	-86.318293
	-14.424637	30.298562	6.415752	-89.951742	-5.024830	64.738856	-26.149055	2.361464	-41.725729
	-3.877007	25.318128	28.663446	-82.246560	23.447256	51.790580	-24.215249	9.650624	25.517593
	-2.557502	0.013044	33.293214	-60.166190	-7.758257	57.069690	-16.672723	-39.725738	39.969904
	24.516787	-23.510056	63.030976	-72.745708	-37.160574	81.781424	-4.116316	-33.832372	46.655168
	-33.466971	-9.142630	34.480474	-36.188465	-42.399733	64.748594	-50.989363	-10.429429	10.322148
	-12.624519	-0.544663	0.217192	-6.885366	-62.819052	60.793725	-30.326759	-19.478304	-26.022596
	-14.685205	7.948343	-28.146457	-11.816751	-32.328754	26.242879	-43.991044	-18.810155	-83.563520
	-36.393521	6.210419	-7.191330	-35.728521	-22.442451	31.167133	-48.876232	5.996520	-62.896546
	-19.945833	26.220047	-12.626516	-23.103861	-6.170375	28.617592	-48.725927	14.341924	-48.014047
	-13.628793	34.715524	-30.513433	5.325281	11.355207	-8.962922	-13.596693	-2.355314	-32.064681
	-0.001597	33.976039	-39.495691	-10.210278	61.623439	-24.543945	13.695205	-16.914249	-1.951000
	12.319285	21.759136	-35.648269	18.669049	44.115669	-34.366741	42.024694	16.542122	9.628391
	1.291800	13.943595	-17.103620	31.853140	38.559282	-59.437422	27.855406	5.707636	23.995921
	-2.496268	28.767842	-23.207771	81.202309	67.506481	-45.824450	50.444495	6.723377	44.235752
	-2.464041	23.744676	-15.920995	89.278273	-11.666262	-36.160203	38.456804	23.650679	12.129841
	21.632975	-13.245279	-5.661523	38.996754	-40.609909	4.611099	10.750317	17.000050	5.002359
	37.828231	2.875596	20.009745	32.052429	-30.141161	-5.055710	31.880006	18.348818	18.321976
	34.651583	4.798291	13.102600	15.764032	-20.708616	-29.404985	13.710305	10.723349	-2.233530
	14.934863	13.042368	13.957934	-17.168411	2.267841	-5.502951	-15.280802	-3.654855	15.588446
	21.604714	-26.246443	22.536261	-22.657122	-45.842730	31.427946	-11.207399	-12.595027	37.744190
	6.559043	-22.296882	27.446139	16.756060	-34.134723	23.105513	6.031769	-3.255264	26.378973
	43.088728	21.294243	7.613478	56.215914	-5.955827	17.845061	34.641729	34.864024	17.209301
	10.220459	21.104421	15.428220	-7.903364	2.730153	29.825098	12.567252	24.172625	24.062773
	7.256644	33.571439	8.936769	-2.025367	24.311315	7.982516	1.954984	9.802298	0.925508
	-11.504334	63.290412	21.727716	22.512498	31.531614	6.764769	-19.639512	46.947661	-25.201543
	2.993555	10.596131	10.748093	8.380533	9.901069	-1.948501	-18.499318	47.638654	-50.585857
	4.183410	-23.074019	22.380150	-24.272232	-25.326319	3.380901	-24.531592	19.611533	-6.622827
	10.689622	-68.885137	7.370989	-61.376526	-57.551173	17.037426	-10.205462	-12.184354	-1.495347
	41.558366	-90.116333	5.412465	-65.252697	-46.587857	43.012538	1.968581	-14.197294	-33.017108
	18.688364	-89.907979	-12.187836	-60.928956	-11.182003	16.999789	-8.367106	-47.386690	27.768062
	7.483824	-61.804346	-6.287016	-25.018123	41.887960	20.364866	-0.156692	-11.395796	-8.194857
	17.015830	-60.427582	-2.622113	-52.014556	27.396305	45.154246	-25.358874	-39.165814	-3.118656
	9.988544	-46.401216	3.663214	-68.279816	7.760032	38.615294	-45.799558	-16.361759	-14.256022
	24.329795	-31.365040	-27.658821	-36.166767	2.915673	7.318560	-37.752799	-22.116885	-15.876857
	10.867414	-37.790900	-9.022275	-63.248703	9.049343	24.161452	-31.799623	-22.745386	-12.842323
	-7.860102	-35.591042	19.813432	-67.579945	2.025986	14.653985	-40.314755	-22.314054	68.460376
	6.177859	-64.011213	34.541040	-29.336910	-35.384307	25.773150	-33.445937	-39.657648	33.171942
	47.461793	-81.531878	45.977884	-47.949118	-8.500556	46.449733	14.585922	-20.277551	71.549570
	41.951980	-68.388177	-5.071381	-34.503696	4.517453	-8.987744	30.129698	13.211748	39.363004
	27.507840	-30.744498	-11.563352	-9.046376	50.077464	-33.679661	29.756677	-21.905693	51.507241
	26.312999	-21.631662	-27.775501	-15.659322	24.025676	-8.440263	36.354773	-12.381260	20.553267
	34.341850	-46.083053	-7.204096	-32.321645	16.022598	-17.944735	27.526363	-5.403778	60.351921
	49.044202	-39.976208	-19.283639	-23.971244	27.065985	-13.619297	41.698670	-5.401512	70.439797
	13.136394	-15.118413	-35.400788	-4.859641	46.305849	-42.224306	55.902668	-2.123352	51.914522
	5.229011	13.243726	-42.385664	-10.361831	14.365132	-41.270516	22.343918	-22.025261	-11.254915
	-8.991948	20.714256	-39.174743	11.721047	-28.109650	-48.456316	7.835986	-7.428198	-18.002616
	-15.922450	32.073047	-0.977602	-5.132130	-1.808476	-13.695526	-26.226755	-4.821171	1.346244
	0.146109	5.586166	18.318213	-63.818545	13.569811	-18.628880	-24.263945	-6.391494	-14.706115
	-1.551260	-7.675674	31.580000	-66.060909	-5.876333	-12.092607	9.367527	-32.936890	62.830535
	1.897600	-39.377576	32.199747	-65.932178	-15.778229	5.196838	-26.906468	-22.853192	23.255918
	-10.135114	-38.978754	19.402295	-49.317057	-12.653310	-4.675179	-17.203932	-37.338006	21.036065
	-4.128149	-65.707513	29.040615	-73.968249	8.606504	-6.799101	-24.273831	-26.541370	67.744587
	-25.167230	-96.886968	40.431637	-82.237461	-29.403025	5.361739	-39.385346	-26.269996	46.634329
	5.789203	-92.031296	53.498522	-31.201916	-77.623992	8.833576	-27.938148	-4.246803	53.122900
	-13.853306	-55.976860	31.554542	-15.281376	-70.277217	-13.435691	-16.227243	-2.455841	17.315272
	6.334808	-13.002676	-23.367970	-19.425095	-83.081966	-24.965822	-9.021758	20.558891	-18.995906
	-13.259328	34.353637	-48.060501	83.085853	-63.350625	-24.520686	-24.231092	35.082978	-103.554195
	-64.250168	117.441772	-68.029533	136.455820	6.483827	-28.761274	-8.984276	49.135232	-118.817293
	-49.686580	103.814453	-71.986595	86.467323	0.179263	-36.602489	-3.929522	49.306453	-113.182264
	-40.469834	121.430808	-79.100478	96.122744	16.231752	-58.279279	-22.828515	58.388539	-106.865056
	-63.116790	134.385787	-64.749469	105.308229	5.286157	-57.221806	-23.156087	49.842466	-86.733305
	-33.606707	123.170985	-49.341681	80.104437	-1.650903	-36.936150	-29.554843	59.001792	-109.860615
	-66.444723	123.276639	-43.012607	51.617387	-10.883004	-59.948331	-37.064622	45.145298	-101.406827
	-45.540987	115.484225	-38.077355	47.538873	-46.147942	-57.886058	-35.900253	55.042783	-85.489116
	-39.117448	96.950824	-45.374397	15.843567	-38.939543	-30.871033	-49.007648	39.878056	-107.669146
	-20.829661	101.329356	-13.587235	2.132767	-35.287603	-16.904181	-70.816434	39.294589	-26.339770
	-9.759401	88.699026	9.424715	42.310372	-47.090289	-9.692776	-44.473214	46.569292	-27.214499
	7.170429	56.594043	18.467629	16.573721	-53.013273	18.501217	10.206774	42.881762	-28.941811
	4.467108	7.016389	29.151166	77.873505	-16.423720	17.277286	44.792844	36.355174	26.278746
	-0.989081	-22.424798	-0.325058	101.962897	-17.831871	-4.325770	77.825048	23.668921	11.813000
	12.637827	-27.202073	4.784422	99.979190	28.184969	5.122846	71.470076	-5.198659	29.059096
	21.912595	-18.949485	-17.119425	75.467941	40.973581	7.693172	108.855158	6.818295	4.541881
	-16.943401	-2.777233	-60.465689	115.919833	49.007346	-33.485262	63.820830	4.763163	-64.771883
	3.111671	3.544541	-45.614274	63.627471	63.470789	2.209320	40.249024	-6.990897	-42.961513
	8.094875	10.456508	-47.568060	29.036255	37.713830	-5.166854	36.623556	-22.764757	-23.786111
	-4.619035	14.016783	-37.518375	35.856466	79.830723	0.685809	38.775170	-17.556740	5.599117
	-34.940147	-5.985509	-14.504010	-2.244770	94.011262	23.241847	11.199967	-21.629636	5.735629
	0.202222	-4.694313	6.519504	-4.718930	67.933073	35.561850	16.559772	-31.716008	38.503809
	-23.899104	-1.630140	20.482423	-19.868374	41.124329	48.898387	-22.139038	-18.145293	7.839109
	-12.759469	5.369283	13.368835	-14.498911	32.499993	58.752527	-11.035195	-10.623005	-0.974925
	2.289681	-17.020559	19.791372	-3.167440	23.975975	54.655501	-11.743784	4.754835	-13.798137
	20.676517	-54.991741	17.872854	-46.586670	-20.894467	36.710377	4.566279	-24.511537	38.216283
	23.331293	-56.843660	14.887301	-8.043674	30.419388	14.033910	51.941800	-41.502328	39.665859
	30.135922	-75.689671	8.031770	-49.094616	16.614215	2.807059	11.630440	-14.776765	15.989336
	0.455303	-78.669992	6.587552	-24.783615	53.679105	23.242831	0.882808	0.224700	9.052425
	-6.276070	-34.921373	12.922697	4.576244	14.141227	-10.363566	-2.947632	-25.789863	5.058756
	1.770721	-64.839826	40.587670	-47.863220	-10.071163	48.351455	-9.235481	-45.682947	47.787144
	41.215368	-78.848846	78.567931	-95.649273	-41.861392	17.713473	21.702989	-32.121855	86.891467
	42.824277	-80.722915	82.659907	-81.258826	-54.170536	13.261911	9.818333	-11.587039	114.365193
	50.124337	-60.648048	81.283798	-67.149007	-36.574075	36.672606	69.168162	-32.544128	142.970976
	70.355402	-62.934610	32.251556	-29.882264	-18.024912	17.908103	65.710113	2.606364	134.043175
	38.861349	-5.127757	43.442199	33.208440	-22.960353	-19.150263	59.192644	18.523456	132.085468
	28.843065	31.026431	40.874970	90.401296	-12.676656	-13.569464	61.729819	37.059293	54.890732
	32.574060	29.789757	61.055709	88.963382	-32.784442	10.354567	71.652613	38.128439	79.884574
	35.143844	26.131782	53.874891	91.426658	-52.075583	26.965421	76.405487	28.938704	48.420983
	28.857613	-11.749633	53.896071	18.098963	-39.611281	17.749184	27.469297	-9.739058	97.891146
	18.243441	0.359410	40.257092	18.786511	-33.851518	13.012162	22.509465	-17.996636	90.212747
	13.454685	22.385132	55.591475	43.707347	-58.177670	-12.475409	49.123218	5.418571	95.245164
	22.234717	-2.387242	34.907028	-33.457313	-61.434928	8.269636	-0.373234	-15.132920	82.356467
	19.168504	10.976657	52.809060	9.252142	-60.589268	3.510692	33.261139	-16.279393	86.284194
	22.829578	53.218423	34.333265	30.599919	-46.945279	14.041414	15.219288	8.929469	65.175796
	43.917292	-6.136626	61.188726	4.977548	-64.494185	29.493044	35.017001	1.969300	72.297703
	35.284455	-72.447707	46.863355	-53.599922	-63.569317	31.323968	28.002616	-1.657753	113.071989
	30.765187	-60.786212	51.619782	21.341662	-61.118514	25.840914	49.586839	16.602506	56.007337
	23.038253	-52.283479	20.566618	22.949507	-60.098224	11.674815	33.084925	-2.361675	59.883181
	-26.947558	-16.699649	-48.787323	37.785381	-16.003079	-29.340970	0.401357	11.702414	-14.687604
	-52.409015	3.382111	-61.760970	28.418904	2.676460	-48.086969	-24.221316	26.066401	-81.282257
	-51.182992	16.979162	-61.207920	4.523570	33.473119	-59.233305	-39.687803	8.160579	-101.803376
	-30.267595	31.249044	-76.968803	3.349236	86.766997	-41.562759	-9.491412	-5.613078	-65.518990
	-30.638750	23.119081	-54.201156	-5.651387	88.251002	-44.449564	-10.188175	-2.849907	-48.871395
	-42.924678	27.154167	-39.117268	-21.306978	93.544377	-10.291871	-34.991954	-25.778640	-46.831252
	-41.552761	27.303601	-40.223549	-37.018808	70.487486	-18.363227	-52.828049	-17.433406	-68.355569
	-47.253118	41.333599	-68.308508	-4.187008	53.580767	17.905521	-67.903540	-4.999134	-92.376554
	-28.715672	50.939111	-56.317404	28.290486	43.444222	-7.956473	-74.840453	-6.805732	-96.011097
	-26.699225	53.272254	-53.066109	28.344446	31.708768	-17.873787	-42.196564	4.621521	-111.255888
	-13.391743	26.522723	-43.637790	47.251850	29.463837	-25.552759	-77.726010	-2.122052	-103.195992
	-6.882036	3.384721	-32.723101	59.502324	-37.745338	-10.272282	-36.615536	-1.964923	-93.441231
	-22.414395	-2.557480	2.859970	-9.371954	-51.045035	3.410413	-52.519210	-23.541264	-31.149109
	-22.650972	6.520191	-1.504779	-34.408532	-35.718692	3.355492	-30.152230	-6.260244	-32.777225
	-12.131975	-10.453404	-13.019588	-64.729297	-57.616711	22.068150	-22.202680	7.301841	-40.554139
	-3.180662	-0.111564	0.982557	-17.967274	-63.145664	9.643616	-13.054545	0.536618	-33.437902
	6.185195	-5.177133	1.125265	17.105610	-46.652827	8.418889	-38.845960	2.770719	-69.754202
	-26.443394	13.742601	-9.773252	32.574691	-8.309980	-18.193101	-18.587861	10.267607	-57.065460
	-6.346474	32.499750	-8.480134	30.106315	-29.824348	-9.636820	-21.417021	28.723098	-72.685137
	-20.585829	35.978387	-20.444649	70.871895	-7.507090	31.103946	-3.651948	30.382561	-75.643486
	-34.810182	28.200560	6.078908	50.555483	-2.721436	-6.453342	-16.470283	15.908662	-53.371301
	-19.757966	11.924883	13.909639	37.458212	22.447415	13.939882	5.125019	-5.641315	-10.775268
	-1.274918	38.273988	16.992453	17.943698	11.810109	9.970984	0.097039	-6.443559	-9.097686
	-21.128721	50.253084	38.564439	22.175051	28.432064	2.297916	9.245694	6.243622	15.178997
	-32.218188	26.562172	37.835436	-26.839036	4.936739	7.576141	-23.411917	-7.499115	6.405305
	-52.132712	35.156094	49.082347	-18.469438	20.949320	-14.773863	-37.790671	-13.062666	35.964246
	-15.564897	27.525166	18.782312	-56.893927	-12.952165	-10.921642	-53.665130	-13.561684	-12.717616
	-21.186314	4.672494	36.463455	-35.120889	-27.816653	-29.503297	-9.869332	-25.283438	34.952804
	2.699069	-35.965113	15.495326	-1.205049	-74.694008	9.723429	43.598864	-19.345763	-14.729688
	-16.449881	-8.118642	40.741653	57.906329	-67.929772	11.581599	6.011918	7.473335	-17.279345
	-1.520474	19.402885	28.246769	32.830523	-68.170368	38.652413	7.398645	39.236602	-31.786586
	-16.584323	63.849682	19.569793	45.415866	-46.197748	58.155451	-28.850517	17.815135	-36.475895
	-17.203541	69.532488	-8.134675	-17.728717	-29.684897	39.340623	-59.664435	10.502059	-90.586076
	-15.191833	67.699472	20.724941	-49.829857	-38.925104	70.939966	-70.303154	21.393558	-50.184788
	0.896482	63.436464	23.512432	-30.836690	-33.752668	31.666989	-48.841155	42.256642	-9.175182
	-0.776589	50.682492	15.906632	-14.142107	-37.161921	12.915832	-52.787012	38.718284	-23.217075
	-0.739732	56.826483	3.650313	16.598770	-50.986445	-8.752491	-68.977186	66.025430	-17.447196
	-8.704649	49.085622	6.717729	14.999798	-39.837703	-40.744577	-37.336341	50.769918	-0.334544
	18.821837	-8.229425	-7.596109	14.843020	-32.605658	-14.347309	-11.354807	67.101383	-48.247650
	23.009712	-10.350378	-6.944363	34.858353	-22.261331	-33.433894	45.375306	26.405873	-28.757647
	46.773243	-52.882119	-9.296704	42.361804	-33.017256	-36.410452	68.362733	32.788535	26.677282
	37.769912	-84.807768	-25.696972	2.016546	-49.348447	-7.941928	43.789357	3.434666	22.952650
	19.260534	-72.884656	0.358558	6.720338	-3.551746	-12.214221	52.316220	-30.894263	30.029998
	50.927073	-70.466766	-11.429948	-61.612407	35.465665	-17.664464	62.059434	-28.419594	13.947562
	24.864308	-37.297570	-38.620784	-38.403324	64.856437	-5.739538	45.372632	-11.157697	0.084977
	39.269766	-19.176412	-68.092881	-15.477043	66.158892	-51.090239	40.290243	-25.874778	-9.855672
	36.940497	-48.971530	-29.769259	-35.508577	55.119869	-69.238956	45.714556	-48.343566	53.251416
	71.936425	-94.156868	-15.032601	-69.657820	-2.054205	-26.333405	6.419988	-69.191710	65.256181
	14.984895	-117.254062	-17.313297	-66.607858	-29.708607	-31.162360	10.258202	-48.249466	48.538235
	25.099158	-119.759165	-5.319234	-48.996674	9.874161	2.661926	16.748586	-35.021123	13.475156
	3.086201	-115.117258	-37.170557	-61.192521	36.783834	41.779891	7.728123	-16.484598	16.401827
	15.324685	-129.705282	-23.028948	-115.048469	-10.468199	21.858290	-31.119143	-44.297242	-23.090458
	11.413286	-98.685343	-11.527529	-76.921213	38.203817	53.330456	-45.493587	-16.258255	-35.382309
	17.565285	-83.754060	1.459451	-47.412074	30.737528	64.018829	-20.990953	-19.330329	-36.974026
	22.136725	-61.503895	-10.202476	-69.482715	78.950793	105.492696	-37.110448	-12.472633	-43.678832
	10.206630	-31.301181	24.745940	-58.667080	67.530657	95.482496	-28.331059	-18.409849	-2.792420
	-1.089978	-35.285459	39.826005	-68.219449	73.729672	114.577623	-1.324606	-16.350445	8.564809
	-4.638732	-41.063501	72.636335	-95.326593	98.399374	126.579957	13.526635	-27.724641	54.018837
	-2.381711	-45.894721	60.440923	-87.650557	112.388697	100.564797	-10.002953	-30.592996	53.509585
	14.151866	-57.829001	47.758023	-101.919822	101.272500	87.877343	21.160295	-50.549766	56.063566
	39.461231	-61.223633	40.415630	-58.361959	23.523980	56.311344	13.585233	-15.479661	46.285115
	16.345674	-51.258080	24.684220	-33.870470	20.948658	17.595912	-4.557140	-16.605421	57.530426
	20.651795	-5.102983	7.610449	5.760734	33.293030	-6.654796	22.850805	-6.658046	45.202477
	20.302823	-16.648847	-8.271137	-21.841667	37.667328	2.326447	31.112602	-27.602387	-15.378129
	23.953279	-19.312516	-23.772386	6.000550	16.434065	-48.781221	11.305526	0.990777	-47.171815
	-10.986681	0.481996	-65.307155	20.398605	11.177126	-47.125805	14.689426	12.125067	-71.980437
	-10.564367	22.550652	-55.886814	59.820176	1.912607	-69.823347	26.130645	30.259780	-64.167257
	2.570437	11.917508	-80.831871	32.106513	18.462794	-101.582233	4.097297	16.969297	-77.126575
	5.222507	6.603142	-63.644145	8.776882	38.582524	-102.940558	9.822798	5.567816	-26.439103
	-35.394530	27.963000	-98.163558	4.934742	28.339436	-104.693280	-18.828110	22.062029	-98.712491
	-55.328548	23.589217	-43.571649	26.930071	61.980957	-42.140076	-16.816367	7.915425	-73.049482
	-25.032160	16.512246	-65.014346	31.431680	44.685434	-33.773171	-8.096625	1.724195	-34.711452
	-36.030993	-13.595370	-41.747556	-10.917517	20.893453	-63.108742	-10.945754	10.920541	-23.538394
	-26.213078	-9.753093	-10.793684	10.216421	-13.420882	-90.195827	9.333231	-15.025688	31.885406
	2.957688	-28.979966	-59.973103	15.984633	-13.458635	-101.996399	4.930624	19.812017	3.038773
	-15.084468	7.361474	-59.227777	62.791645	-13.923434	-92.778919	21.012663	37.687343	-43.521772
	-54.111300	59.139732	-37.731987	127.770613	24.924693	-81.034470	14.958649	46.877911	-50.264792
	-37.354276	58.981965	-63.183362	88.712898	26.116657	-64.139446	-20.848124	33.542576	-67.565505
	-44.348070	50.164690	-15.347733	60.781647	-11.234852	-27.996440	-47.294841	25.756845	-48.879597
	-27.546890	32.939201	11.906958	10.684081	11.853692	-0.059877	-27.880718	-11.960501	-31.854358
	19.292128	30.679969	17.067876	-12.208859	-3.106761	-36.320366	-7.294551	3.384321	21.549719
	18.495064	0.734495	27.438277	38.052541	18.363296	-45.205689	25.442644	0.650133	78.354261
	-17.814785	-19.597491	18.873269	-36.607131	29.802269	-35.084577	-0.071059	-49.392301	39.785070
	3.784969	1.229629	20.717944	5.574032	30.395425	-47.157471	24.166049	-22.998144	82.852024
	9.582784	31.350424	37.291524	55.618912	33.916766	-37.856051	52.850961	-5.313795	61.707939
	0.644752	19.158688	26.415370	46.509241	-32.169147	-3.479987	25.667284	-12.213102	49.325697
	42.014026	12.799778	25.486091	104.235452	-47.865208	19.900879	85.826016	19.682534	67.951088
	44.175511	35.032595	10.985640	145.890855	-34.452507	8.265290	66.205969	45.707811	47.913850
	14.531668	1.386484	-18.108425	105.253547	-51.294780	13.155132	31.011058	18.899568	14.671842
	1.139671	-12.652612	-3.403786	77.978168	-32.937371	-15.102843	23.622889	9.903259	30.163903
	10.773235	5.048303	27.751338	68.593269	-39.459851	-42.745746	18.487327	35.674304	12.538848
	-6.327998	-5.258824	23.772582	64.588759	-37.327002	-33.666600	19.539380	7.626467	71.856467
	41.200064	-3.038354	48.143660	46.806547	-43.063580	-26.811572	26.031726	-3.323686	55.849642
	5.229443	23.101668	20.475418	94.265243	-57.269041	2.510946	-18.904607	43.875944	31.870977
	10.697451	-13.386561	8.629857	44.751356	-52.366623	34.770174	-14.510335	11.974915	41.723032
	1.567013	-5.802784	11.887335	18.231387	-18.293921	23.632345	-15.239752	2.699363	55.369684
	15.410375	-21.038446	35.395503	4.494916	-16.899558	23.855733	20.732419	-18.050329	86.993305
	32.250074	-49.710811	30.576955	-20.608405	-35.737813	37.321447	12.135626	-0.588976	78.189238
	10.141565	-29.033522	5.778039	-11.746814	25.280444	-10.871146	10.223518	-17.874729	26.946801
	-10.091856	-27.971558	-12.095279	10.335519	23.120481	-28.945407	-4.688089	-6.925189	-21.285900
	-13.131629	-13.772785	-30.016228	53.719079	-22.473655	-0.333758	35.400728	21.625639	-3.280736
	0.478697	-3.402604	-30.545584	54.990842	-51.829505	-11.765622	18.735005	29.970792	-46.327852
	-18.876556	-7.492975	-20.102265	33.624808	0.327583	12.643477	5.812529	25.163955	-47.535428
	7.833428	-3.461075	-41.366387	50.577824	77.569159	-9.036109	25.054413	10.638484	-37.063684
	-13.064390	-14.257332	-50.972460	29.666503	68.303449	-26.589802	-10.917235	4.699156	-97.471893
	-22.918499	22.873881	-42.101416	21.617520	68.400083	-24.902211	-5.269143	5.002138	-79.862709
	-20.567315	-3.766399	-44.567132	36.317314	35.523703	6.013434	26.418875	-13.394001	-41.292266
	12.098908	-8.117063	-24.082105	74.967818	42.227822	-19.548549	46.963384	1.121705	-31.800127
	23.527794	-38.522426	-6.807335	68.333473	3.991151	-1.789412	54.867539	8.137089	-36.812443
	6.891343	-41.450663	2.732269	76.705842	-23.752759	-17.249776	39.164953	16.547652	-42.513195
	-18.769015	-44.720486	-19.545159	52.189167	-12.221881	53.004633	46.411631	-12.122301	-61.031052
	-13.513510	-34.604855	5.309482	7.622047	-42.292439	63.721629	30.075124	-5.425163	-46.562230
	-24.587063	-9.433227	-2.973494	13.796811	-18.676599	43.341560	-19.766792	0.412238	-39.356663
	-8.088347	-16.776668	-4.107496	-37.366414	-23.833377	61.039086	-24.724715	-36.198516	-5.750925
	-26.838106	-16.536238	5.232996	-36.442123	-21.045623	40.886687	8.619203	-8.918421	-28.632810
	-20.537599	-22.764977	1.219445	2.218334	-19.210934	37.948528	14.525178	-11.778231	-42.684029
	-3.802869	-8.376512	-19.848722	35.452536	22.684308	50.144190	12.184855	15.221604	-29.098496
	17.171867	-48.865572	-34.913372	-9.462491	12.987826	36.687496	-6.564409	2.306288	-41.101239
	-4.609205	-43.955707	3.456110	-14.723710	32.204890	53.910515	10.641514	-6.299908	-14.065026
	28.224743	-46.447263	5.048647	-6.459434	5.246987	37.959830	-8.130945	6.686108	11.288487
	28.040736	-38.942795	-13.048153	-21.329744	9.201442	57.202546	3.048543	30.725200	-7.370425
	19.079484	-29.617875	-12.910061	-32.568239	-7.726855	66.876616	-30.887635	7.710410	-47.959413
	-5.949940	-11.192036	-19.424450	-8.654766	-40.940315	81.212613	-26.731042	19.677116	-20.613239
	-32.737528	-23.344290	15.148025	-18.588077	-36.297387	85.161446	-34.982010	-15.956015	8.367236
	-22.281428	-32.856348	11.331722	-23.076844	-33.340795	92.496774	-28.030965	-5.924001	5.189987
	-27.242648	-13.697439	-1.481699	-9.328511	14.134877	56.880612	3.894774	-29.960450	9.280850
	-17.870711	-8.451881	-10.467726	-7.981618	-9.500531	35.338774	-9.905652	-8.361749	-13.882709
	-2.796274	-21.849474	18.913479	-4.197894	21.907198	52.895013	8.127170	8.837336	-14.154473
	-17.593966	-7.122450	3.305357	-21.664095	42.156479	59.305223	-17.411265	-29.284010	-40.809348
	-19.745167	-21.959403	8.842792	-9.965629	40.124193	66.830693	-0.220562	-29.691316	-21.343879
	-10.958892	-14.540058	33.966017	-25.350778	-6.985415	79.616867	-39.165762	-19.068495	2.094152
	9.924153	-50.192707	1.757347	-6.833041	-5.374525	93.894553	-10.487616	-28.178784	-15.317749
	27.965044	-39.988656	-4.206430	31.564606	-62.680653	42.922372	35.631678	11.667685	43.642575
	29.899702	-22.329608	-9.319481	10.564384	-18.079864	33.387704	21.397470	-15.738620	32.927221
	34.116049	-14.678087	0.756778	43.563123	-14.055285	-11.911276	49.563739	10.518840	32.915802
	40.454790	8.275865	-2.035041	46.186866	-47.905653	-25.361463	18.213419	-3.929222	29.081923
	59.188034	-7.260585	9.414838	12.016515	-14.774072	16.870284	23.315267	-8.606537	19.375647
	74.871540	12.367243	10.226906	26.818680	4.121368	-28.595152	44.256244	-14.949760	64.411936
	29.831316	10.840678	-12.203774	-25.085168	-24.450421	-34.775645	31.390649	-30.898675	22.917152
	23.677508	36.601869	-14.793535	21.997251	29.806279	7.967324	24.572712	-26.751211	31.372142
	37.497903	55.368386	-34.333126	24.485305	70.696850	-69.654447	30.965719	-4.043519	-5.909626
	-5.941666	59.490762	-63.236856	69.980251	90.073993	-64.785968	22.173438	5.518870	-37.554157
	-38.941181	69.467062	-66.808311	15.814285	77.214559	-63.678740	-3.682913	16.666881	-78.020692
	-31.574171	35.043934	-36.741457	-18.158306	63.492538	-59.851622	-20.815801	26.207096	-50.773154
	-63.992819	32.757179	-37.094282	-67.278474	47.377146	-50.707318	-55.189197	16.517289	-65.489593
	-29.348426	39.314921	-20.844139	-54.542589	22.949133	-45.914106	-21.181966	1.219441	-25.250433
	-29.265722	15.001987	-17.602480	-32.703748	8.275756	-34.478163	12.240379	1.111847	-35.308723
	10.839609	1.279224	4.108252	0.724997	-70.659762	-2.250981	-8.035795	29.710089	15.870082
	-1.681549	21.432454	24.645519	53.198117	-105.506466	10.980017	-14.913294	50.960788	-9.637976
	-13.193763	27.509227	11.653808	69.413890	-87.664919	2.943729	-6.207900	37.700316	-14.609284
	-6.024047	24.173602	-5.711877	44.551078	-109.130653	31.707398	-21.636117	51.710057	-51.852110
	8.653198	35.047561	-8.285360	84.294044	-57.117914	-3.461553	7.325445	21.220863	-76.969707
	-28.095523	76.714488	-38.743811	79.819431	-52.132072	-28.545697	-27.393030	57.082013	-95.664119
	-7.885051	57.789829	5.701156	38.603446	-72.822244	-24.554529	-17.277162	52.692963	-25.933302
	15.197265	45.980539	16.785357	45.117013	-86.488788	-16.611605	-3.548105	46.129088	-18.472488
	26.163165	26.074451	26.452456	63.337771	-74.779788	-15.261973	58.258238	51.324576	34.632172
	24.222609	14.912047	62.242331	54.740129	-50.542021	-14.493815	68.206318	59.163727	84.033960
	13.315630	33.680315	13.869127	68.408733	2.525259	-4.641255	65.022710	34.554396	53.104433
	11.596548	27.666133	27.892722	62.478694	5.423156	21.952678	21.111555	27.819847	38.373834
	7.435907	18.250764	22.820605	42.192399	-0.554930	0.060566	27.519639	20.187449	63.094274
	24.592332	32.218735	22.780735	27.359770	-24.978047	-7.116200	20.259744	16.719491	52.465977
	4.334755	40.492668	25.786356	44.869985	-44.066775	-25.926305	13.275852	0.903956	27.322188
	1.291749	51.204508	21.685553	5.515581	-57.621958	-73.953513	23.610540	-1.828462	23.235284
	-46.263964	58.186066	-13.223919	-4.412333	-5.060720	-74.947128	-40.066021	20.559145	-17.513849
	-25.129291	84.641794	-28.560929	8.460402	28.101760	-64.337123	-10.399935	-0.819441	-63.578550
	-4.794991	52.312534	-12.857480	-10.404796	-2.651953	5.415497	8.985480	8.860641	15.239290
	0.235842	29.549551	-20.494610	11.532326	-9.540769	7.383795	2.796118	0.705409	-31.953430
	-9.216169	25.399882	21.389618	68.385694	14.371502	13.358617	13.356937	10.596081	-8.992582
	22.667554	23.102641	27.996273	21.801686	-6.130590	-8.454157	6.087064	27.453780	36.668756
	23.319701	31.114639	30.551595	16.946950	-24.279450	9.694065	18.391127	25.967131	18.952803
	32.926165	20.690788	20.436491	23.924763	-61.788910	-10.694794	-12.527403	18.838263	-8.496781
	15.791691	-12.517252	22.920149	-7.454924	-22.322135	4.072248	-18.901311	21.422341	8.225033
	0.944859	-26.599578	30.206803	0.526709	-11.596219	-8.210052	-15.174299	18.003562	-10.596305
	40.224455	-38.267031	17.539042	5.770547	-31.468538	-16.170272	-1.875468	3.814417	9.395550
	39.164093	-16.796482	-1.333942	-8.043535	-11.914610	-24.036437	47.072999	24.891380	11.610787
	32.565554	-1.959406	-8.859560	14.711395	49.803219	-6.852739	51.174445	27.314190	20.297199
	25.128910	19.097230	-33.063440	11.553975	78.886998	-27.895021	64.123226	11.014547	-13.477441
	-0.941847	47.384564	-69.163295	29.990947	103.604990	-54.719446	59.647775	5.853884	-21.095848
	-45.088253	45.825967	-55.018860	2.780524	60.820296	-50.796481	30.060030	21.292919	-18.553317
	-6.009863	24.536038	-2.238685	9.592444	79.060588	-2.280239	39.238337	11.739090	9.313927
	-0.631330	4.833709	6.730477	-2.528161	51.151740	11.131933	35.864487	9.917262	34.577353
	30.355372	-8.682079	18.490048	27.399887	10.851416	29.073585	50.375037	22.348517	71.004762
	46.792739	-18.764956	22.190381	8.945303	-37.324492	34.512212	7.769650	0.962663	34.245546
	12.392038	-24.003074	7.775514	3.774794	-41.159717	67.281501	-18.883971	7.892127	2.251639
	19.426502	-13.331849	4.944089	-18.628078	-38.577996	5.893597	-16.842213	-30.759617	45.849894
	40.350067	-7.639701	-12.427107	-4.322815	-22.329867	-21.671851	-10.502732	-12.199890	44.327919
	26.020332	-21.425178	-8.712788	-0.009206	-45.240410	-42.490605	13.798408	-19.890026	-4.420235
	32.318443	-36.966160	4.045480	-34.456587	-6.759211	-34.686750	12.441058	-14.688354	18.428088
	48.008333	-31.445217	26.856076	-23.061700	-13.970367	-36.771292	39.671341	-27.912773	34.274990
	11.896499	-5.031488	7.196657	25.588521	-2.514254	-68.798867	37.892729	4.699317	-0.452968
	8.477361	30.408852	9.759462	26.833802	8.548673	-69.504985	15.044572	-8.130447	-5.194383
	-17.185763	44.932771	35.962984	7.976471	-19.919756	-1.581441	-2.258914	2.664505	-19.669267
	-39.024423	73.316746	32.538317	14.654978	35.252953	-18.128310	10.099665	-21.930400	-0.134957
	-32.028016	74.234326	-4.072055	-9.790305	34.072647	-6.140738	-16.377559	-21.616400	-54.632515
	-14.197930	53.633617	-0.409741	-26.041923	20.381725	2.464667	-23.948551	-8.739251	-50.085778
	-47.083207	14.368765	-25.165051	34.196277	-5.203296	-0.347859	-30.954373	2.182044	-72.444102
	-64.650561	19.143889	-40.031678	1.350318	-1.287363	-5.985517	-48.866562	-2.778532	-63.257354
	-20.762500	24.264108	-45.728085	-14.936072	29.494439	-33.167964	-26.598431	-4.570661	-65.039031
	-12.107625	36.320854	-40.494782	5.868913	22.980407	-3.617781	-48.642148	-6.115580	-93.829320
	-30.144373	41.718339	-23.433259	-17.525292	-13.716917	-13.129903	-53.848603	-24.793983	-70.455360
	-19.911781	37.345023	-4.260604	-30.992015	10.621960	21.535064	-23.473247	-11.981552	-62.561939
	-30.778791	55.062114	-3.243187	-29.120691	38.761026	17.096816	-68.504554	-6.606567	-63.812025
	-59.744494	67.050559	-38.863149	-5.459786	86.105483	13.419812	-81.927428	-1.335687	-108.105861
	-67.483651	27.182144	-28.530119	-37.093617	87.788717	19.708724	-82.377094	-38.603917	-71.591827
	-57.388259	29.935077	-10.064134	-14.054848	79.403880	11.096456	-85.945377	-11.975979	-31.101416
	-27.046221	39.692924	-13.707910	-22.217195	67.127354	-17.018135	-68.017332	-19.645375	-18.487297
	-30.538401	34.078557	-14.315934	-26.143104	33.733174	-8.915387	-85.123802	14.210195	-69.620376
	-43.937080	31.739640	4.916064	-61.682177	-23.237187	-8.799642	-66.915129	7.364659	-81.753414
	-27.692162	19.774462	16.803840	-48.959763	-54.157897	37.378675	-49.681220	3.658237	-50.034226
	-64.822499	60.718219	-10.168760	-18.254371	-38.948022	29.923665	-59.456995	1.765996	-113.942954
	-45.024586	55.820385	17.640775	1.713361	-13.018277	57.405066	-25.421990	-27.024892	-64.078155
	-26.996233	38.553186	-21.313737	-38.462964	-53.439642	66.042157	-42.769903	-14.712200	-66.368469
	-39.171262	40.624241	23.484336	-7.049846	-43.044545	93.225181	-28.981500	-20.348115	-41.947642
	10.809049	56.807697	23.404995	-16.676224	-15.184938	77.056843	-10.990313	-21.778102	25.837842
	-8.358134	55.515449	-4.048835	-23.885003	13.331223	93.889694	-19.905510	-7.423833	-18.211538
	-11.870219	32.473624	31.402909	-82.505641	3.393177	65.158347	-61.717403	-37.644061	17.680333
	-6.116350	15.348960	23.243178	-91.475112	-39.283091	85.523163	-37.082633	-35.347150	-12.763207
	-4.762174	-17.414736	35.375049	-82.081566	-37.794455	65.173637	-46.385407	-26.371715	34.732421
	11.108892	-39.034532	15.993051	-42.358450	-32.462810	38.189533	-8.384185	-16.763186	42.766423
	19.313485	-55.174325	2.035138	-3.397106	-50.555156	22.087578	-20.343112	-2.542989	21.318847
	22.579300	-22.640580	-31.922202	28.537074	-44.439407	20.606814	18.974768	-10.101079	17.463246
	7.992579	-9.415556	-18.063793	37.339776	6.479429	-4.250769	30.089409	3.535200	6.821118
	11.369099	-9.019226	-59.914975	39.339737	50.337475	-48.648137	54.661183	18.713099	-16.119988
	5.658721	20.009990	-30.563385	75.557451	43.809543	-46.130837	16.297148	24.424706	-42.925395
	-0.349377	-17.787910	-29.819311	44.504801	75.722116	-26.644944	9.205037	31.974447	-70.275057
	9.536516	-1.909839	-53.004883	25.066690	63.070125	-56.222685	-3.106071	32.649014	-76.125637
	-15.074205	16.378088	-62.293841	14.267756	26.256799	-34.366865	4.769933	36.503520	-83.360469
	-33.057348	16.404884	-37.729424	20.162044	68.242914	-25.964694	11.202113	8.180899	-25.156904
	-9.032878	15.884240	-41.961426	-6.294352	81.446100	-26.097579	32.891413	9.444688	-20.006934
	-12.823772	8.127789	-5.255935	-15.789358	61.252545	-30.944705	3.790352	-2.614466	-23.341345
	-19.844539	2.792369	-15.862183	-17.342267	21.482176	-51.106434	-10.163014	-23.998167	-3.140685
	-35.567606	-21.564729	-18.164037	-48.388500	-23.499058	-18.644241	-63.219046	-28.228327	-30.171316
	-25.926852	-53.619822	15.005106	-53.928294	-68.490308	1.322474	-58.006973	-2.248268	-4.154704
	-11.283059	-35.840619	22.591491	-77.460601	-49.154406	-5.409801	-24.756268	-13.605878	17.214972
	21.144438	-25.403304	-11.418229	-9.011684	-19.859528	-19.534118	-0.733978	-7.429300	5.019986
	43.533950	-63.038476	25.613546	-55.831953	-50.186650	15.437278	46.377986	-11.785738	32.245058
	44.502779	-50.261045	15.812567	-31.881628	-13.882312	3.779780	81.600680	-14.698417	60.512290
	78.948018	-7.298955	25.022921	18.190180	25.955612	-13.960190	101.229706	-32.171171	66.374413
	42.494502	21.371749	-2.200898	6.230524	25.023669	-34.301066	56.982205	0.479139	20.627558
	24.282427	14.474782	30.791543	4.230359	13.522465	-9.411427	68.489300	22.770291	44.758852
	39.874995	11.649102	56.556124	37.205698	26.330889	17.377351	106.467595	12.325340	74.758197
	40.983291	14.517377	-2.545507	18.051351	31.429850	-37.431018	65.994970	-15.872136	49.200540
	22.935555	8.851453	-4.227876	21.939771	65.699294	-67.960536	58.760620	12.208394	49.869565
	16.331277	-30.278103	-19.392757	-3.898062	61.826998	-50.543111	46.062380	-5.994332	43.509619
	3.391713	-34.640137	-34.550463	-9.461469	70.182422	-85.313453	32.213152	-24.715216	0.308643
	6.055925	-8.684643	-34.971527	20.597827	95.498882	-58.626987	44.607756	-14.957940	-13.386908
	8.006473	-18.828190	-12.822303	18.259945	72.642121	-45.246480	58.156225	-16.314422	33.174382
	-12.282098	-29.607469	26.516681	-13.635598	29.550517	3.801445	5.459083	-41.241581	57.814404
	3.852399	0.742334	27.254015	35.454386	8.752503	-37.987852	22.458953	-4.510462	75.260413
	0.309413	9.301987	44.956789	13.587071	2.180751	-28.613565	15.444361	-36.557152	87.749816
	-12.522331	-2.791686	21.368493	0.180699	1.907004	-22.806018	-7.221939	-29.719512	59.910231
	26.614398	-38.836769	37.073199	-53.036576	3.520104	-18.097618	-22.175667	-19.079772	48.181102
	37.674780	-33.869429	58.930059	-44.217238	-14.290287	-46.179446	0.763821	-24.679466	98.253998
	8.249417	-17.181838	32.920649	-22.411727	12.914539	-55.596746	2.472442	-13.920782	55.658345
	-3.619831	-55.561284	10.422977	-58.687261	-14.122355	-30.055311	-11.804224	-49.622146	32.249749
	25.420165	-38.303672	24.522966	-3.062577	20.664898	-21.273048	93.498203	-1.975454	66.337459
	40.378714	-22.661616	10.867088	-3.647375	39.176457	-31.205989	66.080031	-27.429877	46.954666
	-0.954666	-12.450286	20.939112	11.472916	71.263083	-10.118070	36.751106	-7.906237	40.664994
	39.537071	-20.387482	33.263746	35.041204	53.152242	3.752715	58.616230	-18.441560	78.491273
	-0.735258	-16.789533	12.091669	40.292249	-1.568503	2.348416	24.747115	11.521654	40.583738
	3.331611	7.111572	17.953039	59.786631	-15.627034	0.626220	19.268576	41.715924	-2.737246
	0.615728	15.137179	-14.613413	5.763453	11.376288	-5.675294	-9.218675	25.823308	-42.369059
	-8.674772	15.585165	-7.532562	-32.437683	-18.863711	15.923995	-62.663738	39.417025	-33.746517
	-4.736617	23.244965	1.876820	-49.435071	-15.909924	26.912502	-57.477139	40.527325	-43.112655
	13.218313	17.992624	-0.229035	-59.851098	-18.544803	38.935019	-77.113682	42.907583	-25.174665
	-25.915037	5.029802	-10.839625	-66.457060	-16.022737	22.373616	-60.480999	32.296357	-1.814185
	-33.802625	16.529972	-7.509815	-71.310337	-61.332302	26.792835	-40.928273	29.283546	4.360169
	26.764282	14.778713	8.080799	-64.813953	-97.020516	25.915324	-48.167974	21.764338	27.703581
	-23.788048	20.825604	-11.861888	-78.850775	-54.630445	50.364526	-84.732536	22.566866	-25.527749
	-15.826153	-8.213845	6.121915	-75.377047	-81.677769	57.769685	-40.942847	5.089622	-1.885417
	7.620766	-29.616934	34.409159	-76.930459	-75.020938	42.784110	-26.549425	-19.717537	7.324324
	12.132863	-49.462820	8.429717	-34.704952	-64.310260	36.725214	-7.146276	-33.095594	10.833161
	20.840395	-63.061256	23.178128	-59.676703	-37.655353	43.277168	-12.589655	-38.638823	34.617562
	7.701138	-52.344133	12.026949	-23.307355	13.859860	37.774573	-13.062918	-10.172923	-3.668964
	-14.021501	-19.395843	-27.869582	-22.285264	3.243258	44.405765	-29.250166	14.627618	-68.726076
	4.917104	-2.047359	-35.320189	-4.780578	40.587060	11.535465	-56.215797	4.808654	-77.858631
	-8.040264	-13.793353	-35.172959	-11.946420	3.342385	2.008081	-37.849404	4.290583	-51.638222
	-3.530248	7.617887	-10.966552	-27.055371	-0.092625	46.373027	-19.050869	-5.381298	-69.890357
	1.148131	4.362694	15.314325	-49.455399	7.879713	46.192883	-48.615301	-15.620324	-28.319966
	3.676655	-9.298623	22.263090	-72.433092	-30.171693	60.117092	-59.999613	-25.396087	9.603807
	10.116626	-55.859834	64.053648	-126.522563	-20.481475	39.632274	-26.231921	-26.791726	25.922491
	4.308061	-43.769705	49.297021	-77.728711	3.523818	44.721887	14.210386	-26.706100	34.837765
	11.417688	-41.129463	30.425731	-45.514202	0.435889	18.490696	35.269190	-36.828202	36.323452
	20.969966	-45.316168	12.979460	-26.366235	-3.765255	-7.714343	21.959725	-41.258863	21.579153
	-8.169287	-45.898510	24.844078	-9.219553	-3.895698	15.386932	20.754462	-12.133420	24.310308
	-7.825308	-12.247789	6.594408	50.629914	-3.790480	7.616022	-4.782137	-34.198686	-9.365314
	-28.422137	-21.009628	-10.176898	4.158604	-0.072658	15.190839	-17.514133	-25.235074	-43.385921
	-29.351170	-35.592347	-7.082303	-34.558041	-29.915272	25.412057	-42.493213	-11.653833	-45.453558
	-8.001276	-23.071057	-10.972068	-8.407671	-38.625131	22.410347	-31.385204	-9.041861	-48.897885
	-20.034664	-33.173018	-3.061679	-10.475323	3.746818	-8.476890	-1.139666	-2.444003	-6.075758
	-37.689610	-33.156751	-25.867553	10.616862	6.003878	-29.739043	-22.225161	2.810135	-21.116154
	-21.684379	4.610453	-27.800592	57.643225	74.879578	-29.985629	-1.375453	14.592554	-39.457917
	-41.804411	3.803630	-35.823941	33.309405	134.428981	-58.809179	4.898558	5.358029	-50.793597
	-39.038502	-3.381040	-59.742475	19.220555	133.426629	-72.680913	-6.219155	-17.978363	-38.779329
	-66.100727	4.036557	-37.365909	47.779468	135.354309	-22.929264	-16.936429	11.612048	-62.597190
	-58.600339	10.147057	-25.700999	36.950102	166.006022	-9.351412	2.003610	1.106403	-52.127933
	-58.387333	4.957319	12.552784	40.949522	161.088877	-23.824036	13.288141	-19.276816	22.219077
	-34.567524	8.185008	4.057115	18.819740	143.429821	-18.056244	-10.906278	-18.745289	48.616084
	-26.309671	-21.518179	-22.727636	38.115218	54.908824	-12.132219	-8.630908	7.581191	8.770600
	-14.502475	-19.840122	8.356190	31.152369	-5.411654	-2.961604	-23.103425	-1.719508	3.723818
	-9.188874	-4.292663	-1.541809	45.019986	-24.197626	8.607280	-26.006826	32.425934	0.996776
	-16.354739	-0.735561	-34.844067	24.498669	-15.072742	-23.120774	-45.978565	24.338398	-16.176026
	-19.699092	28.200262	-8.782527	10.085930	13.396633	-40.841681	-47.231280	14.673009	-38.206007
	-31.471397	49.558267	-29.757668	33.832012	50.206020	-34.515043	-39.309870	13.967204	-42.694365
	-32.063682	41.055047	-44.492461	11.672472	3.739522	-9.645583	-52.882071	19.737457	-83.812228
	-8.099542	10.824654	11.908904	-26.246623	-26.590736	22.817682	-39.165372	15.072237	-16.010607
	9.793347	36.597024	-6.538437	-16.225111	16.128070	28.718089	-39.241678	23.015086	-8.199019
	-15.296828	38.688176	-29.136011	-8.612901	-7.896589	26.045104	-47.817509	8.461456	-22.291002
	-24.932359	29.820072	1.576855	-40.986673	-13.277147	33.036763	-13.745234	15.270246	5.719042
	2.612045	43.448360	20.705396	-68.230976	-10.758288	57.462040	-28.856278	-16.802776	-9.468236
	19.227541	32.092927	25.789342	-73.338196	-21.575652	42.985840	-37.668169	-16.383038	16.933523
	29.884281	-9.783288	36.415477	-79.999438	-43.780706	43.569394	-7.809768	13.642644	52.368495
	49.017393	-22.814411	50.495446	-29.509872	-53.373698	50.027093	13.551777	-8.374580	47.426890
	55.520356	-35.161737	56.964233	-19.599739	-40.761264	44.244466	47.343001	-18.919644	83.810615
	59.582185	-48.511171	36.411481	-46.670509	-34.593724	36.519321	50.946539	-39.747727	61.543134
	57.696320	-30.640998	44.379459	-16.537538	-6.092870	0.538288	50.208174	-29.671108	90.083399
	45.786427	-4.572179	31.624054	-66.639300	-15.498403	-14.778567	42.274619	-19.091075	66.596083
	22.008283	-0.134904	40.305231	-56.300852	9.838575	8.886505	38.445925	-21.589143	72.200306
	13.137262	-8.027974	14.503478	-17.658298	8.686555	-20.278058	15.910140	-7.203442	40.773944
	-4.329356	32.796507	16.089385	37.718913	20.964359	-1.005357	42.505652	0.672950	55.122982
	1.826921	24.282695	38.057507	10.644357	76.117232	-28.542234	57.032723	-12.413368	138.103385
	-17.757626	38.380277	66.164508	19.740629	45.940756	-17.452913	39.335976	14.848005	120.405261
	-4.377862	-60.194625	51.328322	-127.003155	0.885516	30.643844	-52.223441	-12.486191	45.950913
	41.893483	-45.116450	47.357174	-61.324810	16.853793	23.559937	34.452775	-29.894774	114.462612
	52.415327	-33.406399	60.826150	-69.729958	3.442573	3.832374	7.294396	-11.994482	79.907022
	40.096285	0.208998	27.978502	-46.678088	-18.667889	28.117181	2.563600	-7.574202	47.678481
	16.450610	6.410674	-2.462896	-54.808054	29.579294	-2.398642	-7.941608	2.891364	0.731142
	20.464140	14.547324	-34.227072	-47.309718	11.719282	-51.211701	-26.632854	-6.909797	-22.131051
	5.064329	-6.191524	-25.448672	-45.445371	-59.386975	-51.095725	-44.122014	-8.725738	-55.339759
	30.439883	-2.668778	-19.863076	-69.132989	-64.795885	-31.783860	-42.374286	-36.737280	-35.385158
	13.766560	-15.803113	-10.534457	-75.360320	-36.909353	-16.656990	-37.178019	-21.150909	-6.481174
	15.586454	-67.891996	-8.525455	-101.943296	-54.831425	-14.435646	-39.051709	-20.822771	14.128931
	28.041375	-83.319196	-5.526934	-124.052894	-53.372750	-33.770378	-22.409047	-16.133271	18.637673
	-7.896185	-97.242586	18.105333	-88.632987	-49.497831	-1.173782	-21.721257	-25.351080	36.533836
	-7.460116	-77.942869	15.253862	-34.868580	-66.893398	0.359003	-30.947370	24.258082	15.892452
	15.149191	-91.599753	10.175615	-16.856883	-74.521731	28.275100	-12.435456	12.039111	24.076300
	41.596416	-57.997421	-15.030706	26.622502	-20.591160	-9.293664	-7.188893	31.331888	6.662636
	49.715456	-54.016276	-33.403756	-37.464689	-38.083462	13.425380	-6.217796	2.246544	-12.605401
	11.959100	-9.986827	-13.038712	14.670862	0.814436	26.811855	-22.682415	18.154205	-54.141457
	6.492150	16.426082	-55.755815	74.142618	-15.619313	8.929480	24.390890	22.514535	-51.638090
	-12.163603	30.271529	-39.931206	73.251158	-64.011378	-4.239793	-5.787977	13.648330	-24.381732
	-15.567960	28.230592	-41.355436	42.173816	-44.378322	25.931864	17.432167	31.199538	-50.878202
	-5.818402	22.569247	-24.856733	69.119868	-63.085954	12.859627	12.113012	29.030248	-58.230831
	-0.700652	11.250296	-8.775637	72.028201	-30.388816	6.522243	16.944200	6.934980	-45.144924
	-14.884125	-21.456295	-19.540263	4.737454	-53.027042	12.003100	6.689886	-2.738412	-29.238482
	-5.446735	-22.869954	-15.558839	-12.490412	-5.907502	24.631385	-8.130754	-5.635433	-38.716112
	-30.735170	-30.283182	6.047615	16.303446	-10.464525	61.432997	26.962885	-6.244199	-7.951664
	-1.198311	-59.771723	-6.783006	-18.762231	3.198597	44.822904	16.815883	4.844426	-1.472065
	14.425098	-70.638906	-18.207083	-66.150312	-16.336232	21.159878	23.819086	6.563278	2.369407
	24.219590	-46.856402	17.481617	10.655592	-48.470724	26.179955	17.249807	3.433005	48.733032
	19.460131	-6.700317	-15.210174	59.005565	-55.149676	-33.230640	63.892895	17.256225	48.576313
	-4.158888	27.764989	-38.589470	25.516965	-72.878983	-59.810136	15.951500	32.688224	-45.014579
	-26.157831	41.692164	-32.397907	83.152014	-21.915338	-62.154346	29.274414	33.461633	-118.175706
	-30.575488	40.560527	-72.050886	105.198590	-3.287029	-33.394259	48.257457	51.210559	-119.236958
	-44.606807	72.185731	-101.625724	97.864306	32.002235	-51.080396	-2.623983	35.177238	-171.359179
	-50.223659	82.998270	-66.443791	121.271782	39.189364	-22.551693	-34.101736	48.058024	-124.355751
	-45.969160	95.355563	-22.546579	122.095169	78.822919	17.534610	4.456967	20.881926	-89.060155
	-21.370295	99.263087	-19.942937	94.379874	84.113902	12.726478	-12.290762	20.147282	-78.202587
	-25.750286	70.028353	-2.680283	35.897283	21.314451	34.990603	-2.996917	4.260390	-54.152781
	0.545032	54.168372	11.258261	-36.374303	-9.810119	38.149797	-59.547724	10.102290	-44.175378
	-1.976823	66.646116	6.794379	9.161289	-19.992631	10.655140	-57.279055	22.911266	-29.161849
	-35.172199	67.102121	-20.175204	45.860079	1.548534	15.879859	-10.391366	21.546630	-30.592374
	-13.083982	57.979291	-29.825792	78.907050	25.132802	14.919272	-4.190044	21.940987	-53.751185
	-24.077448	53.237874	-21.224984	36.536320	39.471069	47.362643	-12.157984	-1.814107	-90.946961
	-37.933778	42.534289	2.942267	37.700875	84.801664	51.303468	-4.506197	9.140550	-5.979189
	-16.373997	26.776064	23.308554	4.763133	93.665962	50.920221	-17.353051	-27.002200	-6.804944
	-24.324726	-14.962020	34.627503	-90.836021	67.652546	57.180505	-30.244762	-35.160047	18.419513
	-1.240920	-51.706449	35.626369	-146.823264	67.896707	86.537122	-21.758565	-56.776616	18.856789
	-0.148715	-37.018482	31.712224	-132.096294	73.605120	110.965338	-24.126185	-73.335544	29.251703
	8.120601	-58.275000	20.838304	-59.595984	61.954714	83.394881	20.754155	-37.300620	30.396551
	36.453186	-72.880606	15.728326	-59.858004	25.789711	71.062320	22.545609	-22.666802	54.240026
	24.973426	-81.691889	1.069585	-70.960661	-8.958877	22.175306	-10.796479	-30.855441	2.478029
	30.659718	-64.198061	-26.887941	-65.596662	28.276225	14.828289	0.832813	-36.296905	-19.512000
	29.456683	-39.545439	-50.871042	-36.258318	58.092284	-25.430337	18.799603	-21.872135	-40.430711
	3.742007	-31.204274	-49.265306	-74.130393	6.944822	-46.823496	-25.299503	-34.422629	-66.219044
	20.258894	-5.664203	-40.895430	-50.909657	31.685663	-40.095657	2.052665	-57.943138	-20.508670
	11.297890	28.031877	-18.563750	-25.621068	31.173381	-25.400319	9.193082	-33.134665	22.357392
	-2.123337	43.924660	-9.182132	-41.767899	44.467190	-52.312888	-19.505526	-25.404903	-0.985777
	6.231701	30.287290	-33.566118	-56.061089	31.762396	-75.778983	-31.541079	-48.436253	-21.015656
	-1.966770	23.619454	-5.682222	-60.541792	5.503821	-73.072360	-31.905767	-50.364242	-1.182048
	3.628259	-8.954851	0.485414	-43.357165	-46.125525	-58.947141	-8.959937	-40.157266	-13.671074
	3.488652	-38.351840	-22.732203	-62.848244	-25.947314	-44.038721	-37.961124	-39.220508	-28.309693
	5.858666	-56.624582	-1.437310	-87.638672	-20.215961	-15.876960	-20.260458	-65.187131	25.106520
	13.001430	-59.248785	32.413344	-27.414274	-72.279226	-28.961737	20.827321	-34.506601	17.022966
	15.013450	-28.216422	3.255949	-21.777307	-52.397513	-14.628569	-2.936459	-20.815900	29.495724
	32.813945	-14.498531	-5.811873	-22.644893	-21.392291	-49.462242	52.734617	-11.786499	59.988973
	35.857046	-20.009784	-38.219121	38.366250	10.459142	-41.882550	55.656918	-12.860517	29.629417
	31.980404	-26.947553	-38.763204	69.074371	47.397925	-28.930613	56.991669	-8.352691	33.762940
	16.260938	-12.268744	-58.704651	38.829982	58.002660	-34.158929	31.103045	-32.265391	-34.076059
	15.360163	-8.127664	-31.094439	45.876016	92.504154	-48.974480	45.192041	-24.956346	12.207469
	17.485349	-28.001491	-41.247288	90.241755	67.551850	-45.815129	60.513795	-21.746603	-9.906299
	-3.564699	-26.565683	-49.061953	100.111395	60.389970	-49.472765	63.268771	9.720953	-33.668335
	-11.394818	-29.090698	-49.663071	125.433023	34.281295	-46.920611	47.888843	5.087958	-28.915071
	-14.814512	-41.090170	-34.791577	141.067213	-15.997455	-48.125182	22.573565	9.836426	-24.503578
	-24.584795	-36.936450	10.952038	59.989337	8.912851	18.691875	-20.057571	10.433937	-24.172027
	-31.672646	-5.515456	4.246127	73.278480	18.892401	19.100959	-21.109179	3.387971	-24.330072
	-19.887508	-9.457232	9.302208	101.104224	0.350362	17.561536	8.770162	16.262211	-28.331596
	-9.190036	-29.965570	7.529500	30.833806	-32.285187	40.643702	-19.110637	1.479390	14.217740
	12.166229	-73.339515	15.830303	-43.549494	-77.353960	78.091515	-64.631176	28.346126	30.768458
	28.349349	-83.465093	68.532013	-5.559883	-72.704994	41.995727	-2.447753	8.672790	57.475367
	24.578034	-90.479343	20.909436	-9.421728	-84.235968	27.423618	-7.316781	25.197344	61.149769
	7.383048	-70.439548	-30.472300	31.532318	-74.249774	-15.811953	-19.617289	30.056397	0.090168
	0.391849	-44.189519	-56.007139	29.239979	-64.372313	-16.886774	7.111911	46.426669	-41.920785
	-32.072570	2.057302	-35.098166	66.932228	-25.043442	-19.216103	9.780385	82.162352	-33.145681
	-22.081540	34.822685	-38.556138	67.791171	-48.565572	-4.272809	-29.153545	80.808407	-75.545801
	1.522293	70.961669	-69.689296	75.886605	-50.300228	-24.981845	-16.694826	72.305766	-91.655908
	-22.695487	111.738784	-31.891334	79.146854	-22.936306	11.220828	-30.258434	81.673266	-91.588099
	-24.202083	104.246869	-17.494382	48.434573	-72.439135	20.331885	-43.142604	28.954985	-90.986496
	-3.730888	112.759330	41.426289	21.168541	-86.821889	34.893169	-64.001863	45.477657	-55.143972
	-8.131349	81.721793	45.764243	-17.472643	-92.713385	50.366222	-55.929493	45.153441	-35.541036
	13.505870	45.169105	73.769419	-15.527153	-94.870174	40.109674	-54.620058	23.618708	37.218066
	24.232268	10.584919	53.357783	-62.115864	-91.605506	25.040811	-65.474341	14.425158	-16.540662
	4.663684	24.607639	55.671546	-33.519078	-41.553860	38.729077	-11.879142	31.729503	23.412552
	1.550392	52.421809	13.600988	7.144054	19.760195	6.339920	2.708675	27.703620	21.749217
	-5.979584	43.729853	6.928737	26.317618	19.940376	-12.336735	16.653277	30.619442	35.331934
	-8.193608	51.944810	11.721865	-27.353093	81.344951	-16.019707	1.714647	-13.905449	36.838472
	-30.962299	62.065137	18.138291	-49.051834	128.452240	22.605072	11.024123	28.847832	9.394229
	-7.346243	31.565125	18.999585	-57.236374	109.160906	13.914278	0.247687	23.051128	39.044998
	-6.436631	21.115160	43.990338	-110.435770	70.657376	70.206331	-32.910882	-4.684070	10.666011
	-23.390924	8.789938	40.795662	-84.263991	-22.117841	86.580037	-43.437312	3.923233	-9.040312
	-14.132999	3.183744	43.799560	-51.388432	-49.998929	64.434854	-90.284643	13.257727	9.664717
	-5.256900	9.554078	36.468431	-39.415310	-66.589625	84.339904	-84.863824	36.705219	22.041654
	1.711515	21.998900	17.030534	-48.321194	-81.507461	36.057686	-84.420987	32.810834	-6.320882
	-22.295584	25.579428	27.525000	-14.648660	-75.963075	41.801622	-83.355252	56.003459	-9.883577
	-11.468523	48.471030	13.393380	12.844403	-93.465110	36.246612	-43.988685	58.922925	-0.874205
	-6.384609	57.359036	-11.263569	13.574069	-91.286093	42.098262	-66.926626	52.118289	-50.169263
	-9.366867	62.606225	-9.872415	32.486879	-123.802150	27.984084	-55.900114	75.091616	-49.766442
	6.209141	26.363477	20.394538	40.143607	-70.218687	52.711776	15.383209	71.052377	-22.200814
	20.503871	-3.759880	4.964672	11.375862	-17.298295	59.281215	-0.380270	38.172345	-42.701459
	33.412985	-25.223670	7.560023	-2.616694	-4.536832	37.494564	14.685231	-2.023698	9.294621
	54.229592	-43.438287	9.333104	0.157627	-2.006308	6.325073	30.230998	-16.634646	62.163613
	45.615482	-33.064677	-4.986805	53.092715	-32.614228	18.975531	63.415855	-26.034082	83.343526
	29.041376	2.301543	-24.135430	40.519701	-14.154744	-14.561812	58.850073	-2.215611	22.183030
	9.004923	44.566360	-30.934152	63.059229	18.658512	-33.244142	58.492944	-2.108832	17.930098
	-5.679248	70.240602	-46.538080	121.884278	50.932577	-34.823688	23.526407	15.014196	-50.068142
	-36.230505	77.439589	-43.829742	45.133663	33.931027	20.889434	-19.590069	14.725668	-84.620763
	-40.824245	59.369546	6.908534	-0.232589	52.299575	58.664675	-26.712198	-13.003120	-30.922771
	-13.076295	54.468862	19.221838	9.637389	49.782726	41.274101	-5.065100	-10.384211	-31.408706
	2.207116	11.363308	6.971694	1.117403	45.005145	-0.349703	21.191977	-40.024861	-21.538899
	12.091662	-22.380854	-1.702544	-34.529095	41.274554	14.622084	4.358849	-41.268291	6.710550
	18.751899	-51.681027	-14.270828	-30.193382	29.532447	22.552779	37.901182	-54.845387	-13.898189
	29.114014	-61.032685	-14.507639	8.583827	26.962735	-7.297695	43.272414	-40.474832	21.062382
	36.656295	-67.671527	-3.234648	-0.487957	44.857253	-23.158888	25.583546	-19.050524	7.430618
	9.977945	-50.617148	-7.303839	-35.094907	67.504315	-39.034024	34.705399	-48.702029	28.859338
	-12.892208	-38.703877	-7.325678	-30.982987	29.659669	-46.569125	19.018713	-56.852136	4.111077
	-10.725886	-31.214470	-0.637025	23.264150	-20.554998	-39.530547	18.873668	4.373072	28.473100
	-27.522946	-17.757464	-19.545733	15.425480	-26.642786	-36.802814	-16.399094	3.539264	-74.353011
	-23.357932	20.692010	-22.910533	56.159200	1.771188	-42.941520	10.629389	20.587308	-38.809891
	-45.132175	47.698113	-42.817956	89.054735	27.639318	-45.438127	25.192310	40.117382	-44.592664
	-52.792681	89.741840	-32.845020	123.019672	46.289716	-40.786892	41.900121	10.380711	-75.610834
	-36.774699	111.713195	-38.667119	117.612621	81.445039	-40.327793	46.015307	22.389697	-65.208058
	-26.097959	103.896741	-34.810104	111.581873	60.137356	-44.051062	26.754923	10.349595	-53.650743
	-30.782564	81.461173	-20.501753	127.100996	45.626993	-52.620841	29.724954	3.596798	-47.958367
	-32.798685	61.434437	-40.145331	76.560973	15.399023	-31.451323	5.958404	18.507217	-78.884361
	-23.034368	34.110019	5.452664	69.479656	6.995379	13.137286	-32.741216	14.810192	-40.737825
	-30.494954	10.118227	-14.705639	79.554762	-12.319653	-11.163180	-46.312717	12.253462	-7.319456
	-29.524954	30.549506	-22.506984	49.832899	-2.025860	14.558150	-13.618322	23.369066	-43.467611
	-12.143359	43.818988	-39.359991	48.404953	-4.001982	-41.957694	-41.460257	30.502482	-55.323943
	-26.150616	35.439839	-27.937979	78.201394	-36.112417	-19.170776	-38.895859	56.181084	-52.051291
	-12.974329	46.877612	-3.900935	23.499841	-73.684563	0.355673	-43.607363	69.808308	-51.410439
	-5.079013	57.937354	8.703228	20.359687	-95.625811	-29.734527	-64.588481	71.890171	-43.202190
	-11.946398	31.430892	29.695684	3.977280	-103.428507	-32.608241	-37.511706	67.743156	-6.896354
	-9.282539	-12.407513	4.986613	-31.120989	-96.498661	6.294092	-34.799357	33.190955	20.878506
	17.364329	-56.840988	14.160893	-51.806294	-75.609565	8.059496	8.121320	6.210877	47.782685
	43.401714	-56.270018	55.308665	-14.393301	-7.140804	-11.424677	29.345786	-28.318045	121.040275
	15.879874	-30.085905	15.093816	-15.982817	47.283097	-22.368923	41.730180	-16.973976	89.682248
	32.785564	-14.862999	-8.105522	-37.999294	71.106364	-46.820352	20.981326	-53.481005	57.062663
	-11.860871	9.053894	9.798627	-43.629462	54.320083	3.979305	-2.201861	-29.791849	13.057642
	8.804306	-8.320922	42.094233	-11.979237	49.833937	1.999033	44.801217	-49.008952	57.111660
	-10.542650	-19.370945	32.891349	-32.866943	29.363297	26.368039	20.174984	-41.659566	39.868444
	-4.436408	-41.144672	43.372091	-50.860988	23.747587	-10.382330	43.709164	-23.645588	78.992829
	-3.262461	-31.801250	23.139262	-14.974824	-18.734924	-20.160366	21.989377	-36.317190	75.193078
	-22.284113	-67.395998	40.734645	-33.426826	30.191712	19.734102	-2.086409	4.135286	77.589419
	-10.873205	-53.566805	62.490675	-7.665860	27.406063	25.903906	20.763210	7.588904	105.068825
	13.072650	-61.972427	47.348326	-6.937497	24.873545	-2.692826	27.462613	-11.743782	106.102730
	2.140206	-67.500110	46.022301	-47.363181	38.302043	23.269226	3.257636	-16.585237	64.739987
	6.082579	-66.498503	45.312612	-39.262455	24.197546	13.189727	11.690328	-43.436408	95.252085
	34.003569	-75.836135	47.701297	-3.048211	24.432455	-8.713976	67.932249	-22.850175	106.914074
	5.256307	-38.965375	19.466418	6.468293	11.657616	3.417164	36.153439	-20.369525	37.825598
	17.109529	-14.712486	9.409055	19.305085	8.999138	-39.738041	25.681823	-18.089338	0.122975
	15.513532	-0.355973	-2.820308	-9.947977	-20.657112	-34.588635	14.648262	-22.594445	4.005030
	-17.364265	-14.378874	21.210020	-8.553133	-1.422278	7.862017	31.607984	-5.282239	23.927387
	0.089954	-47.866125	41.285952	-53.210573	3.742324	5.492265	9.357637	-19.063415	59.338504
	-1.579737	-55.026659	35.297547	-57.273360	20.643439	-30.134349	-17.987449	-41.683812	55.235159
	-5.315230	-66.655128	19.259080	-64.196774	1.462220	-19.052201	2.907833	-60.997206	68.465970
	17.733033	-47.799236	-27.565051	-79.290828	-10.773591	-68.435804	-26.253841	-26.956623	2.346054
	-24.415515	-33.739886	-23.774168	-41.731411	1.173124	-52.311533	-36.211445	-22.771063	-14.038500
	-47.107060	-7.155741	-42.863376	-15.101240	23.092841	-68.406682	-11.516328	-36.774622	-28.732143
	-20.081549	-3.911363	-64.885647	-22.790222	36.083834	-76.657932	-30.337777	-36.536126	-68.120594
	-25.342198	29.849095	-30.801702	-17.884473	28.057552	-54.704639	-28.495116	-53.392507	-11.184312
	-14.603291	20.139787	-15.313222	-35.429879	-38.403298	-47.650335	-8.034202	-27.651016	31.015193
	9.172539	28.279975	18.852522	10.367648	-18.474875	-6.691235	19.792905	-25.771658	45.892591
	36.931615	24.155506	-2.540552	45.431340	14.103250	3.445496	59.901128	-13.733052	27.629472
	18.705532	48.089012	-27.023364	62.263191	2.596638	-26.478672	34.642277	10.252126	10.905432
	-39.138804	43.084938	-18.127395	69.034165	-32.482103	4.622488	-4.024766	-2.277093	-70.339935
	30.934866	-8.927399	14.211012	6.867698	-51.875954	19.601941	-3.512097	5.830068	10.692109
	4.984086	13.695100	11.103537	-11.045222	-49.738763	-4.127187	-19.213731	0.366525	-18.566039
	-6.683963	7.674451	12.287639	0.738812	-38.339989	18.771938	-5.714359	-21.235852	-4.536198
	9.468884	4.216467	4.724127	-22.260969	-29.319446	47.885851	-25.662710	-2.505560	-26.299693
	-22.493167	4.773147	9.402951	-61.697791	-9.046761	64.605997	-10.772050	-27.401833	-12.586695
	16.561701	-15.842948	25.740669	-90.427387	-11.607390	55.677206	9.682523	-22.618717	24.404852
	24.612890	-13.274577	1.790437	-48.969563	-34.569394	49.939821	25.945402	-9.087088	37.322594
	45.462694	-28.556819	-33.799753	-30.792075	-28.668378	59.207473	41.529911	-29.394394	10.997344
	28.966511	17.501234	-63.381131	23.091410	29.034621	5.905061	50.171704	3.920360	-36.666814
	8.853356	5.381756	-63.120199	0.052053	24.074525	1.191435	7.868975	1.997733	-58.228237
	13.569481	31.612741	-43.720635	3.457981	33.769627	-12.290970	7.976844	1.682914	-36.929752
	49.554419	37.754686	7.312513	27.871179	43.537833	-14.546362	47.027912	6.177728	-15.904241
	26.553055	18.240838	25.531519	29.723142	29.532591	-17.257884	98.570532	-10.335738	53.874932
	33.840944	-10.942607	56.118085	14.698665	33.802657	-17.409492	76.360924	-26.500702	84.766092
	43.798933	-33.071177	41.240172	-37.952893	29.466387	-61.817911	63.484171	-34.855368	87.598736
	22.608537	-34.401178	39.214429	-0.007528	49.048458	-39.972946	72.538097	-14.607772	105.599310
	19.889602	-33.606559	36.636634	7.663234	82.603548	-60.059122	67.016700	-43.111848	82.826255
	-16.670178	-17.792136	13.289787	-25.587591	99.918207	-71.426115	54.168911	-22.582532	72.382495
	-26.230077	23.854304	16.717443	-8.457122	94.119231	-70.175473	57.967016	-47.552844	79.261583
	-29.569291	50.008148	10.213155	-28.075099	47.881276	-61.700776	37.492551	-12.795402	38.557767
	-19.921950	44.874474	10.869579	-63.343615	34.581331	-29.754834	-9.816226	-2.202836	-34.981508
	21.842057	48.152516	22.567989	-21.312096	28.544965	-16.218066	14.660773	-9.722014	25.025485
	-28.777074	42.024267	16.181653	-42.875395	24.706744	-17.470407	6.632477	18.688794	-23.766617
	-7.652900	-3.294430	-10.931353	-62.760743	27.698275	-0.125238	-19.936055	19.356779	-19.679598
	4.989371	9.337662	-16.589435	-62.470402	-8.310708	-2.556022	-26.497105	32.230431	-19.869757
	-3.276346	15.220915	4.436198	-67.053221	23.078313	34.944816	-25.588621	12.307560	-13.628070
	-37.181657	3.410830	9.327997	-57.194866	46.472008	9.547325	-34.395505	33.619824	-14.510873
	-26.384714	3.933931	-11.404545	-61.344695	45.793581	-8.251147	-6.847623	-5.393512	-5.448023
	-27.824083	14.133123	-20.966686	-48.867000	8.662033	-16.604037	-22.908191	3.894178	-16.933504
	-2.206993	-13.072910	6.770031	-52.855390	5.734329	-10.802967	-43.473291	-40.346775	-1.652614
	10.359645	-40.087120	15.613568	-46.615433	-33.691091	-1.864317	-17.152936	-24.403630	50.870068
	19.680545	-74.374338	-2.119058	-61.246861	-9.684339	-32.740385	-25.443797	-33.942432	-2.714087
	30.762719	-57.638303	-4.234573	-44.080264	-27.116804	-52.048659	5.698025	-24.832887	41.069472
	1.067779	-38.039579	-20.489996	4.489026	-10.907203	-24.713089	49.817811	-36.850381	9.377516
	17.975685	-15.742241	-26.701114	13.769448	34.748911	-22.427541	41.874628	-29.047485	-18.883795
	22.593161	26.168359	-15.844491	22.606736	72.852994	-39.965970	71.803342	-19.639677	17.556724
	-1.834093	19.938068	22.851847	0.361299	70.418396	-43.773190	62.038781	-30.625041	21.707914
	-11.628987	-22.209843	12.912487	-11.019210	75.843370	-19.341883	8.641525	-33.406574	19.769538
	22.684430	-23.674602	21.057652	-0.424259	-11.394867	6.977607	17.309765	-26.616809	48.426974
	30.900218	-33.038104	68.468925	-14.822566	-48.329203	-3.151161	22.846429	-34.798034	78.427657
	19.143774	-62.021957	21.666096	16.601829	-34.424326	0.915745	13.171877	-28.209624	29.372202
	19.401636	-33.286935	-23.226834	71.780114	-27.352252	-38.862735	35.375498	4.363548	2.971802
	37.661915	-15.590755	-55.329922	101.911664	-42.820160	-27.137679	27.737388	33.024892	-35.121841
	6.133630	-9.675794	-65.435025	109.355317	-39.998673	-19.496008	8.787918	25.693110	-43.159682
	16.462481	10.303282	-46.361432	125.306619	-24.601938	-63.531765	17.381486	54.229812	-23.591458
	18.282065	-12.080985	-17.440805	89.742144	-70.849657	-42.098972	14.024980	33.556446	15.747436
	10.735351	-35.617306	37.269758	15.365278	-29.928891	-29.012472	18.461414	9.637520	56.283389
	-20.078297	-11.396483	42.912067	-14.837760	-28.629722	-17.947718	17.036603	18.298572	57.591900
	5.583211	-6.005962	49.968605	-24.954318	9.743427	6.140007	5.237944	3.576794	74.407418
	10.301396	-35.409736	41.321460	-39.767290	2.238325	30.288079	2.857044	2.099232	42.521165
	15.412455	-21.018754	-7.342797	-22.747271	-16.100938	25.107845	-4.652557	11.959187	41.598876
	8.397352	-34.176241	16.936377	-72.455993	-28.705291	57.032944	-35.697204	4.347749	-9.642691
	19.187199	-62.548910	20.505414	-78.552700	-16.053769	49.139844	-29.639325	-21.291380	33.331614
	-26.837658	-91.379785	9.728915	-47.848102	-34.962692	77.139543	-49.455536	6.169630	5.351174
	-13.993538	-61.404764	48.728536	-40.517138	-56.010630	39.422544	2.364406	-6.023870	57.134419
	-38.940233	-21.944995	35.113162	21.617070	-84.105969	7.517817	-20.627795	22.347953	65.247336
	-20.036059	-14.301973	12.119584	28.413943	-71.975734	14.147676	24.487199	36.260853	24.884554
	-3.506514	-18.053116	-28.212087	6.694966	-85.779970	-9.819929	17.498248	37.897425	5.214677
	43.044106	24.218778	7.621158	32.163867	-113.181577	-0.799838	1.004500	71.104802	-22.397900
	18.459385	40.119961	25.377071	67.650241	-106.321361	-16.455658	0.226128	49.365115	10.513359
	-1.489417	43.302248	5.271661	64.975632	-110.056207	-14.657213	-9.932318	36.270108	-0.270171
	-4.344757	45.112496	24.092847	76.276254	-46.425228	-0.048826	-23.626358	45.781869	-31.006781
	-8.059831	37.676584	0.726144	95.235047	0.278636	13.204310	-3.481847	59.271651	6.339147
	-29.152552	14.244671	40.715030	33.645806	15.098613	38.380577	-14.169989	31.370399	5.245066
	1.904194	-16.953188	33.891850	19.551216	26.725505	73.844505	-3.649228	14.068396	14.301679
	16.055942	-38.481696	39.252267	-33.554591	24.041228	70.709678	-5.012966	-22.067086	51.159976
	21.434569	-59.007270	29.148521	-22.479879	28.865476	63.534587	6.623004	-16.769984	31.721179
	-6.560120	-24.052928	-11.857794	8.471525	16.142844	28.602191	3.912644	4.427780	-11.840215
	-10.075214	-7.319154	-8.428486	5.696616	10.369128	-6.260586	-29.725729	13.495904	-29.703356
	-25.126529	14.045171	7.722651	-22.979153	-5.604729	27.904263	-66.542042	12.764516	-67.532420
	-40.849728	25.099255	-16.468652	7.099102	-18.735726	14.859673	-85.262659	16.988056	-57.988145
	-33.992201	31.233831	-35.484592	-1.571613	18.761046	6.938684	-56.623378	15.274241	-93.799611
	-11.313358	49.764924	-46.867117	21.544915	35.135039	6.165497	-55.733825	-8.264006	-66.774138
	-20.724366	61.720398	-36.196014	15.491875	2.544373	-6.503026	-40.387178	5.192987	-32.032946
	-19.961804	54.458155	-44.892154	-9.004213	-5.761811	3.801601	-72.600961	13.673266	-66.349261
	11.569426	62.316598	-34.519631	-3.017492	-31.797723	-10.211525	-55.601042	27.937533	-82.157979
	-37.267910	54.415896	1.571502	-4.585745	-33.148051	-5.701205	-63.739222	39.570524	-76.579649
	-22.563735	85.512260	-4.888335	-22.372780	6.090078	-26.963441	-61.504483	49.444688	-89.113543
	-58.398546	57.223604	-18.919210	-42.723222	-29.102953	-6.620122	-70.289417	0.117107	-98.708495
	-6.008224	25.667490	11.548328	-33.053871	-52.963214	13.711977	-53.707419	-13.851968	-11.783012
	4.134170	8.560550	19.138888	25.035634	-31.012819	6.548931	10.640145	-15.757608	-34.823617
	4.018109	15.423179	-0.148713	35.390670	-9.657421	1.719629	24.841249	-2.152740	19.187726
	-7.069309	-17.795032	-13.092357	27.945770	-42.892970	22.961449	18.846070	1.661755	12.362946
	20.185066	13.044341	-10.645167	68.611024	-3.555170	49.327678	26.566182	-0.648556	23.254301
	31.137923	40.275812	-23.091986	124.923854	-17.091802	38.023755	22.319923	39.288258	8.961936
	31.646041	20.327189	-30.966013	97.403289	-31.162441	20.385285	33.637214	34.163476	-1.834155
	33.753719	23.103996	-14.493991	89.627519	-2.994005	11.754436	44.245426	28.424220	9.796804
	34.766271	13.698511	-23.408984	69.476632	14.221749	18.048206	12.946865	20.128778	-3.066806
	60.875858	4.540075	-20.202261	49.077695	-18.122892	43.938696	10.303333	13.912902	47.148495
	23.842433	-1.353632	-14.622029	25.585229	23.621077	34.487038	45.182292	9.194030	56.889969
	47.668969	32.008398	-13.464737	1.406380	25.501433	23.656642	-6.710730	15.987486	34.154457
	48.953573	1.714435	31.246462	-26.507339	-34.378608	-12.193935	-7.647773	3.611108	56.622254
	19.172760	3.812541	34.823455	-37.678930	15.889265	-13.642548	15.625648	-37.084448	71.870011
	-1.652825	34.733482	39.840379	27.518362	50.452886	-6.008772	34.404222	-10.107652	42.604523
	20.510065	-4.838800	47.943501	-44.192894	22.881120	-32.914699	27.018654	-1.280159	50.405026
	19.399246	-20.616062	51.247543	-36.282627	35.276230	-19.856420	40.541316	-33.750591	72.515733
	1.673070	-17.571854	7.808317	-18.687315	49.583248	2.008072	41.071652	-24.453581	51.629139
	8.940965	-58.825591	22.188700	-49.797472	36.696616	0.667232	60.653721	-24.738326	100.191224
	13.447967	-63.910212	10.465135	-38.049685	25.751840	-5.881090	57.047046	-0.175388	59.861795
	7.488451	-51.267406	-9.869844	5.728607	32.513332	-3.442538	52.956327	0.479594	24.894543
	4.762033	-63.230865	3.806784	-34.823345	-11.725665	-2.420792	-5.316683	-22.074474	45.769201
	3.552273	-37.011808	47.901357	-0.204529	24.535313	4.550355	35.353724	-10.927698	64.595085
	2.105288	11.624094	23.226056	41.025576	30.198463	5.300288	26.759740	2.567280	39.149875
	23.766236	-4.650604	5.860204	-16.216566	55.099618	-24.455354	22.363757	7.351812	46.900664
	-6.302317	-20.021449	5.953149	-55.334239	9.937817	-45.827582	14.963668	-13.197658	15.024128
	-43.238504	37.367103	-49.159053	-40.383496	33.905975	-26.243005	-12.063338	-14.986893	-64.029332
	-18.852949	23.496829	-13.772543	-48.156068	30.182600	-16.554322	6.213852	-16.424059	-31.888490
	15.709525	-0.824834	3.958111	-58.250238	20.116684	-36.161082	20.338311	-30.374757	9.099001
	-34.378704	8.543130	-14.899403	-4.590965	-24.156921	-2.643650	-23.956235	-22.178685	-33.778607
	-6.671531	-31.871539	-4.206789	6.527604	-36.606161	-10.763018	-7.453596	-11.347372	-38.168565
	-6.815884	-19.402084	13.839770	-40.366179	-21.277440	4.233695	-20.449179	-0.590986	-16.344915
	-31.366447	16.997838	-0.803897	-30.409372	7.032306	-28.047123	-7.345508	-19.540717	-29.041719
	-40.477463	30.394768	8.727964	-30.832116	40.226509	-18.053496	-25.989432	-22.801626	-28.613991
	-7.090248	-4.436489	33.599375	-47.743473	-42.080146	11.834787	-62.193299	-35.128446	-31.734496
	-8.825765	-13.341397	34.413700	-44.816075	-30.947012	35.135515	-46.786758	-15.314673	-13.889094
	-5.592815	-29.597229	-3.239359	-32.569441	-3.231710	37.368944	-9.097827	-25.981990	-13.178264
	-23.548550	-24.146218	8.465893	-30.368577	-16.311366	37.937177	-37.502122	-16.968915	-19.625668
	-11.891349	-3.046497	-32.991068	-27.078310	23.375823	-3.804358	-25.427687	-22.432622	-51.607390
	-50.696079	-2.971865	-41.731762	23.734839	-11.990682	7.387433	-69.414879	16.963893	-105.451457
	-17.421015	24.809539	-28.434191	62.259435	-11.279511	-24.306456	-33.133883	41.340392	-53.484374
	21.881715	40.051159	-47.020888	122.198549	4.937622	3.217986	41.513746	59.082598	-45.871326
