	-77.871445	29.611166	-56.222833	-70.262735	-21.422035	-80.395428	-45.554671	-16.986587	-74.408119
	-56.301175	36.847016	-28.427020	-88.174975	-18.710627	-57.178559	-31.105238	-33.860909	-82.449306
	-63.233072	24.599955	2.773351	-81.867122	-5.050601	-19.643451	-6.889291	-24.622859	-66.375590
	-51.778031	9.701327	-26.177536	-54.746681	-0.700201	-36.599293	-12.755896	-1.762077	-33.128717
	-3.085481	9.498464	-23.566814	-21.429872	28.842821	-28.034007	14.345063	-20.293112	-30.453645
	-6.020697	8.207346	-18.475975	-3.550640	7.827067	-24.199296	10.435809	-11.446199	-30.129693
	2.297025	15.175729	-15.855039	-9.740971	3.066020	-63.341090	23.925423	-6.500693	12.827767
	-29.473690	17.890294	-51.008895	11.716144	-25.682828	-74.228035	-51.533808	20.809334	-91.584711
	35.818601	12.597356	-27.378913	12.159140	-14.980632	-69.178725	16.381747	1.323224	-11.167479
	50.247278	20.634461	-27.526176	34.727199	30.083865	-34.272722	36.304466	30.053284	44.797370
	-8.374011	38.057987	-61.977033	67.582896	-21.561100	-53.541540	22.338167	41.141285	-13.340437
	14.141141	43.493041	-40.394640	60.204402	-22.357609	-43.421659	16.147281	42.273238	-29.145459
	-25.031372	55.590777	-47.966399	-9.430048	-50.143440	-12.967116	-11.166313	4.152274	-79.559395
	27.902524	52.474505	-24.440504	-12.315621	-14.973726	-7.887081	-20.461000	12.346805	-67.569808
	-59.737697	33.489159	-68.238997	-38.225696	-35.379548	-35.685087	-42.414082	-6.212958	-111.483684
	34.624981	17.271676	-1.652329	35.504705	25.058808	15.474421	14.857644	17.659482	-24.027538
	-20.170211	12.796652	22.239372	16.695396	51.259568	28.200301	9.741763	-0.034965	15.026276
	-5.251286	9.750382	-14.310187	42.814059	37.139703	48.773732	5.819807	-16.158910	-21.808355
	-32.785982	12.226357	-36.574892	35.034254	-12.902678	47.073712	4.840728	17.144644	-122.053357
	45.122735	18.695197	-19.043876	102.353215	3.443282	67.824882	26.826147	26.215692	-42.118033
	8.068160	7.990357	11.577305	43.166942	-31.934568	53.205617	5.816567	32.358639	-35.764720
	0.670082	-14.096522	-2.801201	37.354217	-34.977947	44.602116	-31.684423	7.318117	-35.046019
	14.193611	-15.766211	-9.343076	62.947548	-44.558558	11.808657	-25.521991	23.474220	-16.182622
	18.528776	-26.416955	-6.264143	41.706019	-67.811336	38.615128	-12.266825	37.607898	-6.401828
	-13.635875	-27.904128	2.271202	27.017540	-55.140468	32.496267	-43.141234	42.806881	-2.776916
	-48.868096	-19.663467	-55.518824	36.192751	-43.408726	27.764902	-44.445349	47.114310	-79.475426
	-6.027192	0.796154	-37.256036	80.535881	-18.043017	31.858484	-8.833146	33.043154	-46.808448
	15.964966	8.471226	-21.869139	47.414067	-14.324866	15.129877	-11.794694	40.740868	-59.506195
	7.074678	9.429603	4.895134	32.159102	4.294030	42.616033	6.148766	26.667833	-63.438409
	-40.387592	-16.932487	-31.904841	21.995216	-31.144698	29.795269	11.339998	11.021148	-56.501751
	-6.834602	-7.041504	-13.135274	30.197487	-6.837042	32.260032	14.045271	9.046066	-78.003526
	-23.777704	1.622005	-36.627037	0.011961	-49.326556	14.077594	-25.938927	8.224057	-98.547838
	-17.415660	24.091661	-36.388706	55.633568	5.285968	28.843355	0.556191	8.529941	-26.278418
	-18.795841	37.989964	-42.350059	57.512602	-22.563238	5.369119	-22.681339	31.798434	-81.144405
	-24.057490	50.198254	-23.176672	25.687227	-20.744309	-6.599113	-24.931659	33.298164	-26.754407
	25.101315	39.688509	8.052212	12.822668	22.194014	-7.327612	26.762498	-3.442730	34.341011
	19.073465	65.524469	-6.295570	32.558988	57.898634	-10.140174	34.281002	8.390137	4.023624
	-9.353570	58.152336	-1.609069	16.904199	36.879373	15.959472	42.972276	4.050997	-6.823278
	-31.845602	19.717090	17.292147	-38.501544	3.465388	37.694055	-2.602131	-24.977933	11.898797
	-3.639106	-11.791710	38.855271	0.125205	42.899207	-2.598840	27.494582	-12.711751	46.325708
	-24.305132	-39.102059	26.050006	15.289863	-22.116783	-8.928845	-31.395138	1.203832	79.777394
	-32.345129	-59.355950	40.858455	1.812535	-17.677509	-3.791007	-18.439892	4.146325	73.963372
	-10.927039	-79.005901	30.466684	16.233296	-10.597331	-0.756465	-33.172330	-9.338892	96.371940
	2.318616	-49.354319	27.410817	53.472537	4.820476	-34.020774	48.576838	27.124788	54.442217
	28.117354	-10.160442	-6.674191	70.641800	52.675914	-36.200320	43.399589	0.784495	84.464431
	-9.924327	-2.914736	-26.191214	87.707612	62.502274	-38.276106	64.009567	23.865927	41.730174
	-13.781429	-7.231886	10.778443	34.399372	5.495516	33.375817	46.798829	32.525532	30.416607
	-31.530215	-31.335596	-8.558537	26.710899	-25.868229	-7.522858	-18.055028	42.735583	24.534972
	-31.175301	-19.000378	15.442279	13.883296	10.148677	-5.288433	3.561186	33.866864	76.121037
	21.806689	-40.227184	4.351725	11.979010	-27.050277	-2.626605	-26.013350	26.799962	32.881400
	7.340491	-57.728969	-11.104413	67.592880	-63.751115	6.615571	-27.320332	35.091757	9.693946
	-15.591920	-53.556976	3.058685	-4.392070	-59.955434	-5.555435	-58.558604	48.058410	-7.189323
	-36.684187	-57.373259	24.069750	-48.825947	-16.128192	31.854963	-60.492391	5.021701	-3.178554
	14.047370	-56.648852	44.499352	-42.770396	-48.847321	81.055201	-41.528745	-0.567425	0.532340
	10.030418	-47.364446	89.294639	-57.078259	-0.407196	49.962413	-15.443442	-36.192844	74.849973
	24.948166	-61.163056	73.064217	-54.516584	3.643257	45.302160	-25.091910	-8.343151	62.326474
	22.455356	-55.058729	74.400068	-36.473251	-3.505727	44.416751	-4.946995	-2.023699	122.585443
	21.472283	-66.083648	65.925147	10.031557	-25.644092	59.558616	35.473053	-5.692840	90.302737
	25.046099	-52.512512	50.079913	7.661329	-19.374411	18.382796	5.667118	-25.551197	29.682571
	33.094353	-22.138767	31.437106	50.786694	12.009085	43.638614	25.331629	10.829970	43.868371
	19.056267	-3.566595	-16.567903	59.806229	-16.282567	57.348587	38.977391	5.586412	-17.082681
	32.111528	-10.851795	-49.833739	25.581023	-36.852486	23.384650	30.710166	-5.395947	-62.415977
	58.946483	-2.619683	-20.401535	-5.348586	4.755336	21.501680	12.501546	-1.410205	-42.102201
	38.406922	-12.900236	-3.603400	-10.795584	30.259788	14.044535	36.517542	-5.131517	21.958172
	11.807504	-30.523437	5.556254	-78.124257	1.316886	11.705276	6.036319	-36.378024	8.281110
	6.907657	-29.908080	13.772339	-104.734986	-17.061531	-37.780728	0.992262	-42.681160	41.656855
	3.668352	-7.662037	23.352297	-71.823002	-17.084764	-78.508146	-24.040551	-30.439538	76.973612
	-12.427384	-17.133178	48.468309	-75.003863	15.526296	-64.175513	3.461035	-30.896251	53.671958
	6.704924	-8.941369	32.103194	-78.519899	31.217405	-49.121843	-31.980765	-32.651365	58.605802
	7.500740	-7.767028	28.301538	-97.879409	55.355548	-67.713251	-1.402134	-32.719124	71.703787
	-2.280228	31.961056	39.019056	-104.100633	131.518975	-66.053037	21.528544	-37.086765	53.773035
	-33.863198	30.125669	13.809055	-113.170282	67.193020	-37.074498	-19.912086	-25.355948	30.384365
	-3.103711	47.370424	-3.155451	-31.610374	90.478980	-47.741437	9.133559	-31.692862	70.840368
	-14.751662	11.168013	-20.511803	-51.851733	26.080700	-44.231780	6.610084	-25.526169	-14.355091
	7.489972	8.296918	-9.077599	-41.317590	49.940180	-40.811964	21.397485	-22.013293	43.386711
	-16.985201	-13.362246	28.842298	-51.814039	29.403896	-19.581777	-10.957921	-15.076054	50.939128
	-11.132825	-15.530389	55.096453	-39.159758	17.619125	-20.231586	1.423065	-42.933486	80.622842
	-4.855912	-30.729886	61.142233	-43.402696	48.933366	-43.950083	6.338512	-33.315310	75.001174
	-16.124165	-42.843651	93.291714	-74.193128	31.198375	-11.292844	1.755481	-42.569894	118.412472
	1.561595	-32.536911	55.523600	-35.989849	6.571724	-11.068558	-7.574548	-21.572997	80.151719
	-14.358202	-3.780445	18.195882	47.113839	-2.774164	-2.908073	44.094035	15.640134	30.467178
	13.925532	28.501657	-20.476159	114.097747	36.281907	-0.650923	73.520723	33.098694	7.453293
	-2.170738	56.836224	-27.084254	147.252230	30.738268	-3.647313	49.013540	49.357307	-25.976369
	9.088347	65.459405	-52.246312	173.011291	42.718904	-12.459214	36.685409	59.832855	-70.769148
	9.951820	49.450159	-74.591465	149.756106	47.951402	-13.302451	47.104125	35.224791	-123.704835
	5.689769	42.402596	-53.644966	122.501999	65.909363	11.740717	41.596727	35.060773	-84.150820
	1.149613	43.102835	-44.334126	107.622185	50.918448	12.168904	61.011927	44.081572	-85.310240
	18.196048	33.947665	-49.482308	132.786714	54.396115	37.098004	70.580258	36.094400	-78.952872
	17.281150	35.584621	-74.573475	115.138760	22.816433	19.192820	55.264148	30.985537	-125.877701
	-17.723228	63.478446	-67.809123	94.671653	42.754366	15.084295	14.914683	5.895070	-68.995975
	19.603420	89.385996	-88.950508	118.598721	48.615030	25.251842	18.699668	39.729155	-85.320093
	7.675377	79.445531	-29.850476	75.475297	55.667020	21.124161	12.406526	38.053009	-17.289094
	-13.400632	64.260525	-33.121479	-1.436452	34.474048	37.107630	-6.066003	2.359464	-8.274299
	-1.950187	30.236594	-2.826044	-29.067681	1.919508	31.699991	-8.605316	10.222674	-26.348353
	13.830926	3.081654	-27.636279	-5.121232	-22.469703	-5.673316	13.035536	3.241979	-21.736821
	23.524086	-0.399020	-39.258883	36.771814	-26.790683	-27.646904	2.610733	10.659379	-44.313967
	25.649589	2.020375	-19.213305	6.948686	1.155117	-25.658416	23.623083	16.499093	-6.907984
	61.444442	-6.629798	-6.283485	73.984000	45.033015	-6.304341	54.644169	-12.674124	65.787775
	69.024740	-34.875029	30.465152	21.097679	32.721756	-25.033094	55.660266	-11.849666	88.327465
	44.953526	-8.571383	61.492643	10.118052	6.797188	-10.268268	31.212397	-16.044020	50.718433
	53.609746	-19.035425	20.466474	20.114628	17.364276	-22.323629	30.336646	-20.565526	45.224595
	44.804021	-25.051911	19.847772	26.224335	11.480568	19.453147	21.705123	-1.518307	42.162462
	24.525583	8.838592	-20.643410	66.391461	3.094749	16.454567	43.683520	0.518800	16.100404
	-30.682432	27.257456	-67.078069	43.184327	-35.342880	-53.956709	-12.551297	-0.302283	-3.240610
	14.956008	45.433258	-47.064672	96.168103	-26.074873	-21.568233	24.127905	20.058726	-25.373279
	-23.116060	76.095166	13.257150	102.449810	-23.602980	47.316844	-7.223221	23.278757	-22.166535
	-17.668367	54.503346	41.500328	58.854766	-38.618657	76.965124	-29.883733	33.197933	-3.196811
	19.964910	38.645123	43.528462	41.990835	-8.865655	113.887835	6.155699	19.216338	47.493818
	-10.297762	51.767262	63.577102	-0.808260	2.144067	106.511092	-21.510342	21.016845	20.690043
	-43.348965	24.540229	59.395470	-33.467801	-22.624807	84.852758	-38.433979	-0.533544	27.893014
	-9.591119	7.414817	38.875573	-51.391654	-27.359737	32.229008	-33.132268	-6.157369	6.825274
	2.660681	2.986341	-10.043713	0.256267	12.408801	-21.627292	2.249042	3.181719	-11.460331
	22.763903	-15.690299	-13.065505	-5.587174	50.926793	-19.212580	33.171848	0.294188	-4.761494
	12.352267	-19.304076	-22.389973	58.843925	45.386098	-65.327327	67.117291	-17.107097	-3.303898
	32.291141	-23.705647	-48.383068	15.118138	61.466545	-66.509360	45.655953	-15.795425	-22.000744
	13.410844	3.159654	-35.787800	9.353015	66.372279	-63.498135	38.064433	-14.392449	-27.712140
	28.218024	34.303767	-38.068192	7.217963	83.181653	-48.661071	42.710789	-27.087264	4.762580
	-1.025652	29.902778	-40.916927	-58.465846	66.607059	-21.665553	13.964974	-13.212777	-55.889441
	12.049390	58.646289	-67.478727	-9.272630	40.059137	-60.237864	48.007501	-17.756878	-59.264031
	-26.393437	83.810216	-69.749855	-0.624476	32.138195	-47.397604	27.185579	-17.098240	-71.794166
	-7.133060	85.335429	-66.774073	34.709988	15.259037	-21.911326	50.644200	-3.924178	-80.436409
	-32.103112	103.263432	-30.379875	32.546242	-2.680678	0.147707	0.368540	30.170457	-98.802041
	0.168215	65.621024	-14.816008	-8.103986	-34.538350	15.430315	-21.807930	8.854424	-59.817493
	-42.008399	71.682844	43.387347	-26.165646	14.142267	39.071878	-21.023495	35.015769	-27.548716
	-5.277727	79.254876	52.572450	-3.769247	45.481113	51.371443	28.196478	-10.074380	38.923460
	-4.402641	51.812553	49.956340	-45.679627	27.189933	43.402908	0.306906	1.867850	16.002695
	-15.542538	45.429851	38.477296	-32.271449	11.930072	16.115529	-9.736841	0.338003	13.511000
	13.787781	23.897688	25.322453	-45.664323	54.638810	-20.850425	6.896212	-17.646678	37.850132
	13.892785	2.559068	-0.589912	-23.751367	54.360398	-13.165580	41.984135	-16.866886	61.161791
	12.145444	-9.378924	28.565438	-16.330113	98.556597	-53.526295	56.712804	-29.887416	105.989179
	-5.544562	-0.364291	22.779058	-19.519337	72.164203	-72.743784	35.251244	-43.517344	94.066556
	10.920845	2.443646	42.940191	-20.371059	98.723760	-51.993694	29.120328	-43.911859	41.700099
	-16.907652	-4.439113	40.627987	-50.332626	92.198157	-66.333726	15.499643	-30.626502	42.807772
	31.685333	-12.948799	69.995334	-52.339650	77.272303	-51.250514	14.066467	-10.662347	106.104805
	-67.256880	-53.940521	70.975533	-201.080501	5.672086	-21.076766	-41.267456	-35.428189	49.488072
	-39.108796	-53.569100	109.719751	-204.015565	-2.882459	34.521678	-59.666520	-59.180718	98.337198
	-17.068367	-23.175165	100.370452	-97.902097	16.439495	20.960251	-23.649352	-27.087220	98.865575
	-17.329734	-44.613868	72.057717	-109.525858	-48.054487	34.457110	-58.314438	-25.102154	9.121079
	-37.855287	-25.107779	46.273208	-109.757945	-21.248534	32.204085	-31.452302	-14.113650	8.527919
	94.882470	-23.257357	122.793916	0.635273	104.514025	40.703523	83.220329	-21.032184	178.817616
	-6.219845	-54.528991	82.683178	-31.452364	50.966788	31.278448	2.436188	-30.040684	90.478923
	10.949324	-59.217368	57.296642	-31.732598	71.925936	-20.707881	7.949323	-46.484893	150.075908
	28.092819	-61.340575	20.692109	-16.436327	75.625090	-67.057614	32.798787	-47.116335	59.153445
	-2.249024	-67.319871	-2.572355	-19.874664	29.852913	-60.898086	5.426002	-46.097387	112.047578
	5.630896	-39.685117	-16.415574	-10.335676	68.767100	-51.408571	28.418938	-33.795376	77.788972
	11.737066	-30.801618	-18.587300	21.781196	26.963114	-56.142271	58.332357	-15.495360	53.190578
	43.379313	-3.255009	-6.646279	53.018573	59.556369	-30.831302	90.841175	-25.410274	86.096097
	3.530368	-22.582956	-1.368309	8.232629	42.617812	-45.648065	46.062843	-13.333702	29.730942
	39.426662	8.554331	-17.541059	57.150300	7.305939	-35.660235	55.564729	-38.037766	8.660578
	2.046091	7.501734	-18.237339	42.541582	16.336347	-57.332910	47.449761	-10.299791	16.406145
	-8.770943	29.336253	-48.236653	36.630087	-11.460618	-33.061425	5.960594	-10.869242	-42.597226
	-62.864239	-11.580579	-28.193136	-101.888185	-133.612889	37.656829	-121.017303	11.873107	-117.894931
	-37.000711	-15.906213	-20.887868	-124.108133	-179.961641	39.706584	-118.903882	-27.212879	-104.255254
	-17.119043	-24.890374	6.014433	-111.817528	-115.878125	76.956922	-66.728685	-23.724198	-17.711560
	-11.927244	-46.210884	70.878952	-120.848360	-143.527822	69.512715	-118.610925	-1.234360	3.703709
	-28.152616	-63.457269	56.714837	-149.360603	-140.206080	70.226798	-132.582976	-18.419386	53.042566
	-40.822082	-67.942874	68.880144	-144.166100	-104.915734	64.935228	-101.396402	-22.087112	68.558249
	-3.592433	-72.654351	77.665315	-119.304278	-101.102428	48.888332	-88.870813	-20.607678	51.102096
	-3.541189	-43.522161	78.439377	-54.132183	-45.786600	39.391395	-48.141878	-19.094588	74.142362
	-8.488950	-13.218911	69.085962	-39.898911	-57.943657	42.907605	-47.290218	-24.142609	61.943473
	10.688614	-4.786798	32.210760	-28.918006	-46.934560	65.704439	-6.936000	-1.361056	20.173641
	15.539729	26.374061	24.984942	-32.321325	-58.211496	72.332858	-39.622610	-7.169321	-29.665450
	-1.420915	30.633924	6.145644	-35.849254	-43.793064	84.993899	-74.663045	-5.066139	-80.397877
	-28.462258	42.851056	-14.097360	-62.935823	-82.473099	59.212076	-56.467101	-7.906203	-68.923246
	-13.248884	47.969785	5.831530	-13.654727	-95.089644	120.716709	-33.086513	4.479216	-59.797567
	3.830297	51.289079	-4.218433	18.200808	-50.852890	102.808754	-38.025902	8.861112	-77.745828
	15.833465	50.213822	-14.453608	69.747857	-12.074469	78.844562	12.864680	26.917501	-21.200949
	22.654558	-3.552034	-1.988345	16.686268	-16.828163	45.236856	-9.032640	0.162185	-1.752579
	40.260610	-26.954137	-45.697871	-7.220502	-6.027324	-13.495338	-12.652454	-8.054768	-36.976559
	39.821246	-8.670599	-46.462603	-27.123244	46.145909	-55.061587	16.853208	-34.920409	-9.686177
	25.379195	7.413026	-37.565376	40.080064	45.448670	-54.410100	27.711156	-17.872446	-19.678328
	42.276029	-40.290067	-16.567576	0.085254	21.547159	-84.996474	29.422045	-11.102843	18.580399
	-7.926506	-70.292851	-38.459143	-22.348838	-20.906441	-106.424718	0.819243	-17.384447	-13.156950
	17.136257	-12.869395	-42.716230	13.338923	39.893391	-79.325200	45.722189	-5.163717	14.241262
	-24.120904	-27.376479	-43.864090	-14.241190	11.794488	-70.387144	-3.484466	-8.451706	-61.925608
	10.388052	-19.289469	-64.685626	39.612569	39.691370	-71.561487	30.308721	2.144455	-14.344808
	-14.835762	-8.508547	-62.991319	0.641624	39.337346	-85.303195	4.974341	21.038457	-73.171809
	34.474164	1.137078	-32.772683	15.505415	64.558186	-48.690232	51.451500	-0.948887	-25.261062
	3.167093	-30.389268	17.860795	-37.709901	-23.931464	-11.756637	5.805141	-25.788414	-54.089549
	-38.019987	-47.060143	-7.783187	-62.254720	-50.283206	-19.651518	-48.906545	-35.492252	-15.209242
	0.577127	-40.709504	7.549761	-27.072384	-42.939459	-17.512081	-26.407285	5.298163	-16.000387
	9.349868	-0.512873	49.379890	1.179208	-26.096183	22.326423	-30.598298	1.194558	28.419402
	-36.414585	19.713214	52.544773	-35.390290	-26.694138	3.897779	-3.799592	7.463759	10.091542
	-19.215723	30.172543	53.897844	-0.635951	9.231154	51.956371	-7.591576	3.283850	29.025140
	-35.468581	38.267425	47.538548	16.633558	-17.346414	43.465165	-4.389469	7.431082	13.689081
	-52.653326	42.005270	48.209738	31.573062	-13.737174	89.628276	-15.808688	22.680755	19.554787
	-18.029120	21.841859	78.714792	19.357411	15.939324	100.581264	17.827176	3.243116	37.620325
	0.371935	10.105271	66.455904	-9.113077	-31.725465	141.752391	-33.682236	-15.316618	1.729672
	-4.177924	28.468221	46.516542	-14.215097	-35.968540	132.220902	-37.166297	-4.399947	-25.638809
	-24.801689	0.136670	52.934350	-16.350087	-36.373932	138.816713	-46.305013	16.935440	-36.527424
	-44.666290	5.496162	22.873968	-68.327450	-27.745061	99.908485	-39.281166	-3.753197	-44.893050
	-68.953395	-42.422816	-3.916083	-97.363935	-74.223983	105.615377	-79.136855	-9.314687	-77.399005
	-13.070905	-10.281139	-25.990982	-39.979534	-79.977874	51.812361	-36.239976	14.728347	-116.729831
	-0.591874	-13.571233	-30.784013	39.844192	7.207040	-12.603475	9.574700	33.997643	-12.410063
	13.779300	-34.164843	-107.835603	32.561106	-17.199408	-87.457823	2.577733	24.019423	-46.493630
	30.714111	-36.862908	-100.273920	75.791991	-32.351098	-83.536640	1.487998	-2.664484	-42.060592
	21.340334	-28.033455	-85.132504	60.001684	9.436547	-85.133865	24.904192	-22.526178	-12.561637
	37.480388	-25.482298	-87.299138	74.786891	30.667072	-77.568669	24.154398	-16.895635	-23.119842
	-14.188409	-11.199215	-39.862322	2.995290	31.234743	-48.420518	-25.981787	-3.856320	8.563179
	7.420731	-45.612353	-31.780320	6.788246	-1.827354	-67.834754	9.579651	0.559683	-57.461100
	25.789882	-25.410742	-15.100406	9.955954	49.686094	-44.665115	26.443645	-18.787258	11.600012
	14.631357	1.242631	-26.283219	-0.756839	-23.283859	-31.691946	13.032356	-3.694821	18.472101
	19.816922	-9.446465	-11.076219	3.320598	12.024447	-24.274676	13.980812	-19.626682	25.389084
	9.947013	1.715238	-21.082015	0.535012	-2.885296	-35.460863	26.543949	-11.213669	9.346349
	12.002602	-26.197875	0.264685	7.873732	27.858811	-14.308117	11.124196	-30.702123	27.913812
	-8.439438	-19.353460	-12.045636	-21.778034	-10.918941	-19.196089	2.547741	-13.238393	20.280774
	-13.782677	-49.643672	-42.203117	-5.605328	-47.369907	-9.763960	-28.616467	-4.785977	-9.207099
	-9.547375	-36.723077	-55.632928	16.850662	-36.654047	-29.500288	7.260285	15.417841	-11.546014
	31.514043	-25.031323	0.013368	97.294277	-28.031126	-14.041344	1.716120	9.697757	34.782057
	-41.092157	-24.081812	-50.626845	46.915506	-43.627437	-17.530746	-5.252546	2.131372	-22.694078
	-13.068223	-2.496501	-16.217319	71.091480	-41.265491	8.534008	24.095537	30.960970	-26.011255
	-2.834282	1.362055	3.290554	-2.283971	-74.376591	21.285412	-27.169879	15.647446	1.930643
	9.470381	-2.191414	13.750783	-16.805878	-27.241372	20.118910	-8.171250	17.798394	0.208025
	17.461353	23.544279	5.380264	-5.432260	-45.054424	33.346611	-13.747014	13.980363	-38.134352
	24.124819	9.426488	11.082944	-39.152268	-45.501935	34.978558	-42.200773	30.779044	-19.959538
	-8.826055	15.629880	61.622672	-2.935454	-27.457912	46.390051	-41.855585	15.272830	-59.137514
	36.959709	23.649351	80.567045	24.473921	-41.367675	77.638948	-28.776570	7.067137	-7.361325
	21.462776	44.597129	99.315135	9.234156	8.395951	64.538525	-22.434094	6.202410	31.479565
	9.050893	35.478042	96.615232	-37.658146	11.059386	67.223146	-21.093667	1.709882	8.803684
	-0.245339	40.280605	102.087051	-25.160695	17.864164	72.114196	-14.316040	12.930592	26.276846
	31.273197	57.542579	66.882498	28.479067	-9.068114	94.331809	10.231603	15.795401	30.610317
	21.569221	26.356190	33.915506	-3.304427	-1.901246	31.810350	1.082657	0.031016	5.760111
	50.912789	-21.940884	19.147058	28.711449	-16.731998	4.637306	18.112056	4.926901	34.334717
	56.001660	-8.066046	-33.505151	75.154535	24.968614	-39.868291	51.507414	-18.871283	49.079592
	18.675889	-49.955262	-47.100517	13.951632	42.459550	-78.245195	-3.215492	-5.942803	51.308309
	-5.416140	-71.665507	-24.406350	-64.824689	-51.610916	-82.033162	-39.704521	-32.588253	51.537910
	-24.690769	-70.631134	-44.374726	-77.203666	-60.896911	-83.716105	-50.628503	-22.104428	46.000653
	-31.888930	-53.149115	-36.404132	-65.799914	-41.091984	-59.282495	-53.423905	-2.082523	29.781644
	-23.861277	-25.582387	-5.205793	-45.490985	-59.964718	-29.359209	-43.295748	6.875822	-2.523875
	-58.951685	8.865740	11.104838	-40.953896	-24.859543	-14.612541	-49.239023	-6.872808	13.439778
	-53.365226	4.100951	-17.599852	-49.632673	-46.617535	-25.295241	-78.605252	13.875209	-45.579032
	-13.336329	29.545895	3.560869	-37.879965	5.979511	-19.076338	-15.962788	8.026450	-3.632549
	-39.805666	29.803107	7.305080	-22.933753	8.297234	11.290989	-36.053431	2.382244	3.268707
	-51.295040	23.461415	5.444270	-61.401250	-17.110302	-25.105991	-60.336575	-15.891386	-46.706465
	-76.000821	-11.230897	-26.227825	-47.250136	-60.196425	-14.873110	-68.847824	4.059378	-69.115768
	-16.622447	23.850888	-27.148144	-52.133441	-30.031600	-44.106261	-54.022648	14.649848	1.691800
	-19.820027	14.242576	-33.075176	-21.992699	12.886194	-65.470742	-16.740104	3.113772	-34.193543
	-31.695211	1.040555	-37.632241	-52.599830	11.063892	-132.283170	-13.622760	7.548880	12.173369
	-49.130212	-16.311738	-39.874462	-62.868702	-20.662142	-99.253614	-28.101825	-0.127137	-21.118439
	-34.406266	6.225481	-34.486860	-10.559799	28.160613	-116.178098	-20.703162	3.506058	32.419632
	26.343765	-7.826131	-46.904297	17.868576	64.580034	-104.362128	19.344635	6.021556	23.167716
	27.724386	-50.885177	-44.817119	20.440994	4.966571	-106.642648	23.744559	6.611815	43.190259
	13.942495	-71.294028	-80.842460	-0.519566	12.782105	-138.418178	21.187796	-7.130129	27.085535
	15.064901	-71.730880	-39.381125	11.198779	33.406560	-112.243650	45.284644	-17.890584	93.546435
	-3.422013	-62.014480	-35.609163	-44.895651	0.598428	-93.369924	-2.611399	-40.609008	24.817614
	31.134917	-67.485257	-69.675102	-28.306448	8.145955	-77.650822	24.185765	-33.762293	-30.519069
	49.710484	-42.575926	-43.874850	13.339394	45.982826	-67.409858	56.483808	-21.289381	1.316135
	34.139511	-42.991065	1.703975	-11.615909	42.218641	-45.679617	17.764864	-10.304486	25.290717
	41.878448	-57.913895	53.549758	-25.645077	-19.972133	-16.540662	-0.339188	-29.313998	31.795518
	25.478231	-45.617944	40.364654	-25.404412	7.171883	-21.797917	26.400298	3.293012	66.479551
	48.874287	-44.224240	21.749029	0.448884	38.605168	-9.817555	22.631531	-19.532975	99.329322
	16.350063	-10.096175	19.353415	-23.213267	7.697375	2.814288	-3.705598	3.605283	25.386122
	32.660848	-2.267309	-10.743339	-15.615576	2.681358	-32.456557	-17.772985	-6.133941	1.656364
	26.033728	18.060031	17.436944	11.144968	22.355526	-14.243022	20.565892	-17.555124	36.720952
	32.458083	-16.755860	5.279768	-45.019383	13.959430	24.162746	1.086023	0.126369	30.811508
	13.342906	-19.015567	36.795243	-93.984819	-29.849785	40.898158	-10.278751	-38.473337	39.834539
	17.829560	-23.577902	26.663635	-64.278354	-1.624730	36.515096	14.635727	-20.861929	11.277977
	14.748977	-41.870177	31.100568	-23.180123	-3.503922	38.231857	23.649148	-20.761727	75.949458
	12.143397	-47.539577	12.413082	-17.405972	12.576727	48.714110	32.466505	-0.583131	16.978397
	29.508690	-32.459645	19.343717	0.536435	-9.832434	49.819013	32.542745	-1.922019	-19.011829
	11.140651	-34.635402	31.394333	35.064498	-21.212247	54.735814	7.078990	20.600280	24.203472
	-10.159316	-39.994667	22.262312	33.106004	-62.334857	77.504778	-41.801026	18.760589	-11.756893
	-8.725492	-31.516444	9.719646	12.473189	-77.449869	71.924813	-23.032167	14.352638	-31.696117
	-22.558629	-28.392150	29.631352	-20.177212	-47.188929	57.216754	-26.228098	-3.004081	-10.448494
	-23.185063	-3.471537	40.761005	-22.089629	-19.988981	65.850841	-23.960823	12.588789	-47.552705
	-8.707641	8.740974	39.188488	14.065142	-4.034480	68.384032	14.327345	9.794871	-32.881979
	3.987106	45.634255	57.315144	58.076093	6.195099	67.149802	52.640333	21.247384	18.261231
	12.280790	40.752366	41.781840	27.875770	27.126063	56.153977	13.627604	9.484066	5.843505
	1.363244	25.129993	36.148991	23.583594	35.502226	67.938928	31.926053	-0.248830	-7.419018
	-15.083002	34.255929	35.720686	36.312305	-9.204513	102.779776	15.427543	22.656231	-18.376109
	-17.581346	35.061030	22.981275	4.765345	-32.024303	77.244231	-11.046345	22.677574	-9.450239
	-25.868101	28.162952	12.009773	9.425858	18.751318	88.132185	-14.126013	27.963729	1.825086
	-19.547277	19.983439	-2.684076	-13.215876	-15.993097	82.594056	-45.154056	25.970680	-81.274556
	-46.749653	-2.063540	-0.395206	19.750972	-37.135566	113.623709	-36.596984	17.538856	-59.986460
	-10.369170	21.513408	12.593828	-15.318870	-27.661806	128.501388	-9.237664	33.495604	-48.475822
	-19.976318	17.806876	2.295904	24.674831	-24.401232	74.507284	-7.495279	5.616809	-56.480401
	-20.184090	-11.775346	-15.169636	2.166603	-57.186828	84.076043	-18.681161	18.615482	-102.569685
	-19.583003	17.285111	-2.401713	17.643811	-53.288769	73.133787	-33.947254	3.111078	-70.805749
	-44.087761	-8.904548	41.459581	-2.727723	-57.539446	87.468930	-36.389190	6.374996	-81.876082
	-19.591361	-6.861297	28.807344	10.927179	-14.821247	107.598315	-26.641466	21.365137	-53.095582
	-26.749482	1.615005	10.993214	-16.274838	-78.466587	88.322768	-43.276523	23.973111	-106.522103
	-15.301932	-30.316266	2.930538	-4.041896	-88.872593	72.643079	-37.869722	11.424334	-99.492636
	90.298005	11.853613	17.219061	80.297448	-11.071932	31.959884	37.791148	30.714791	15.535723
	47.519417	24.172088	-68.491045	72.660004	-40.442976	-83.036021	6.138339	27.777506	0.608325
	53.098061	33.074785	-92.406309	131.977063	-62.662118	-79.073595	15.625882	72.415224	-55.908871
	-5.820733	56.185470	-77.021811	84.827582	-57.057744	-78.884127	5.010018	59.160233	-82.005053
	38.904646	74.758842	-41.329947	106.894868	-0.333780	-61.901705	48.242793	69.169768	-9.480125
	-12.817840	53.406549	-41.720724	77.355867	-11.249832	-102.849311	21.089661	58.443115	-51.871627
	34.220235	25.193017	-74.884319	95.268776	27.034603	-96.294125	20.374003	52.625153	-6.560227
	56.303245	33.600562	-13.965157	103.726615	93.852873	-82.218517	88.803468	20.933404	55.474981
	33.075763	25.496323	-37.477695	91.606444	43.112947	-114.296881	57.818410	20.728761	-6.694492
	-14.321113	32.341125	-41.161100	74.750548	42.319468	-93.895216	33.806154	25.232949	-22.096868
	-7.546735	75.207608	-59.606333	79.408178	26.049770	-83.799551	55.433416	21.960207	-14.085329
	35.740983	55.062774	-31.244548	96.159358	63.758967	-85.098615	60.532958	14.627076	25.938890
	45.988173	49.231941	-17.544075	54.073304	28.332278	-35.017324	32.014645	22.240000	-3.861857
	38.725967	39.722995	-24.823008	72.330632	42.527996	-27.904095	54.460954	8.445958	40.510145
	18.974117	4.480756	-11.949304	46.991894	87.066763	-36.164689	50.757424	-9.445095	36.581519
	60.445509	1.054762	-5.439866	84.776096	86.861750	-9.935091	91.216086	1.142564	5.313239
	25.097974	-11.198462	-34.775970	77.139613	28.164723	-10.321527	64.052946	23.237860	-37.712603
	19.504235	4.382162	-37.590042	83.007966	-1.147877	12.646404	33.693284	8.079087	-59.298960
	23.949532	13.391410	-17.650661	97.368869	35.482807	20.733207	47.428211	8.448128	5.376626
	12.808697	14.886745	10.587986	57.999452	21.988329	44.715865	42.234979	12.121911	19.431771
	31.996103	29.021783	55.838169	47.371603	39.304423	94.165951	63.158393	-6.074159	22.911441
	50.446795	2.192933	56.551048	17.545835	15.312965	69.759502	64.503754	5.376742	25.115947
	24.025965	-5.467112	83.207605	-22.073737	23.906482	73.792798	34.877216	-28.526487	39.808423
	13.138510	-12.745622	68.090348	-54.073922	15.624205	72.429864	10.540395	-23.734176	33.224845
	35.636424	-0.146455	51.568835	3.265415	23.236651	75.076758	28.351170	-16.522213	29.722034
	-3.510276	-22.401471	46.433268	-37.911509	-10.032013	63.964476	1.284529	-23.033606	16.310316
	0.904105	-13.700476	52.735683	-45.637600	-7.020029	81.222972	-30.694686	-14.263114	-25.194663
	6.855641	-11.579706	57.520887	1.955566	34.335393	76.687038	-29.918607	-5.314488	53.760505
	-20.282630	10.019374	24.003611	-21.583082	0.864313	104.601082	-44.710309	0.338271	16.350223
	-2.034349	6.217299	8.956634	-43.195574	-9.979016	70.178505	-24.355862	-5.291259	0.312971
	-23.551784	-1.177443	12.541438	-62.251319	-73.548797	107.357925	-54.143240	-32.177211	-11.150903
	-36.020668	-13.243747	25.966824	-65.945716	-65.681452	118.750043	-65.771232	-4.723539	-59.869722
	-68.958494	-5.190544	24.755205	-73.423464	-92.508288	123.631838	-82.544329	4.376405	-47.874301
	-63.448114	-18.314738	-19.564488	-95.712052	-88.186401	46.216710	-128.975374	-30.945384	-96.117904
	-70.618647	-48.287151	-57.766242	-149.997628	-156.569843	6.379930	-151.773370	-7.457974	-137.997962
	-44.258526	-29.260468	-11.179538	-121.870098	-132.274774	61.943657	-125.663877	2.879262	-101.851577
	-53.379378	-9.111176	-37.429372	-60.891896	-143.329879	35.086146	-109.769202	3.863275	-134.389729
	-102.373516	-15.183852	-82.414157	-82.762916	-118.828694	-15.499063	-146.070847	-19.322361	-119.507985
	-71.021703	-0.717560	-78.318943	-72.283330	-144.757260	-22.581214	-126.356006	-7.236297	-132.422073
	-81.680377	14.813912	-72.465492	-85.436743	-103.211834	-29.951068	-86.306884	-21.764404	-105.598417
	-77.158729	42.284573	-72.362800	-33.333726	-69.638575	-22.837577	-73.020723	15.308084	-118.642854
	-91.852444	44.357821	-83.805734	-50.273829	-29.131452	-113.394104	-65.159137	25.260122	-79.030751
	-59.097367	44.961384	-41.885684	-19.696467	-14.709098	-122.903564	-24.142850	-15.809846	-35.617848
	-14.655959	3.357121	-68.744267	-11.206931	2.219185	-120.429518	-3.482602	-10.501128	-37.816432
	68.073195	-40.526085	-18.997450	52.099246	46.625698	-71.294512	74.787213	-9.964643	102.462672
	52.797150	-67.556506	-38.508578	53.637693	28.400302	-87.381416	46.207950	-15.924058	56.756710
	40.416424	-53.986761	-24.100771	75.886260	26.747443	-94.826500	59.396217	-5.095092	39.311913
	28.455195	-16.009948	-26.347995	44.529628	60.786540	-77.422745	55.202366	8.425718	35.426826
	58.365383	-16.877606	-0.423610	48.382112	54.889003	-54.424534	58.295363	-9.540485	56.524527
	31.505071	-14.549089	-13.429369	46.646403	61.270169	-53.210072	29.883665	0.588793	58.014913
	29.810772	-46.284042	-11.542769	12.241551	51.833555	-35.072867	30.932767	-12.031100	75.311141
	16.811268	-22.821904	-25.835908	-14.102764	66.317527	-46.613237	45.676417	-18.453975	79.197861
	-7.890564	-7.081282	-18.840764	-23.406452	52.388165	-43.328328	41.119024	-12.864451	37.441952
	-35.496942	-7.941318	-8.186376	-21.533764	33.161426	-27.067127	18.044252	-12.516689	75.443934
	-12.265814	-24.659807	-8.935644	-35.154884	54.847787	-17.554576	8.277680	-21.438334	52.736333
	28.175374	-17.963461	13.769802	-29.176553	88.435113	-17.610689	35.084609	-20.801874	93.761812
	23.237309	10.162104	12.662011	-38.231949	58.552485	-12.352215	36.111287	-26.721298	83.630717
	-21.403024	-4.039957	29.903843	-3.451800	54.295005	-6.190882	28.543473	7.133767	102.237537
	-23.654534	13.889657	45.668232	-15.218869	50.881713	53.205172	20.472612	-32.620032	86.119158
	-14.547459	14.617352	75.379703	20.488309	70.167960	54.677695	25.614537	2.416538	67.713619
	5.796812	40.768077	76.861155	63.029062	58.842212	81.698321	11.058834	6.848346	66.449159
	24.700245	21.282196	81.983690	23.418449	63.147427	75.875582	22.400932	12.968053	70.720101
	17.218912	22.372646	88.126619	28.421461	39.027743	102.836189	13.526000	13.628484	28.902293
	58.964131	19.671630	102.439379	39.992110	32.415568	123.625162	54.503725	2.491928	128.320459
	44.969474	27.137255	71.310748	59.834413	49.199106	89.935966	59.980694	16.411649	54.029194
	43.710441	7.055905	68.203529	43.237161	13.359587	82.152391	47.212919	4.917955	41.661724
	40.968804	-25.181766	21.936693	-20.399190	-33.140323	43.931313	23.188508	3.578461	23.983983
	65.373196	-13.189835	29.120289	-10.141263	-41.235443	6.797403	32.679638	-11.805312	35.958831
	13.416399	-30.131576	24.918869	-50.783687	-85.173175	-11.523488	-76.043618	3.681076	20.264539
	7.205200	-11.578033	31.278558	-33.583702	-57.817501	-12.775856	-25.727667	-0.085412	10.538437
	27.840309	-29.032773	7.891615	-27.599737	-23.166409	-70.760539	-28.764968	-16.677069	-28.624553
	-5.641665	-43.243310	3.073778	-67.448550	-70.365778	-47.251253	-62.145378	-7.094579	-65.809973
	-38.711843	-70.584853	-2.697606	-63.393861	-122.645104	-64.157959	-93.999163	-16.275691	-97.383380
	-61.019487	-73.137820	-24.718071	-116.331795	-150.035113	-54.459013	-96.559630	-10.556130	-57.531018
	-35.929157	-78.847153	-41.276087	-110.316396	-96.005068	-147.915158	-44.426656	-38.852294	-63.790864
	-48.580082	-66.623923	-86.325648	-93.429679	-99.355313	-188.119713	-66.893232	-17.867598	-48.979782
	-40.039853	-45.487531	-92.468614	-60.341247	-63.181946	-177.266154	-41.724034	-17.588904	-70.772725
	-72.708445	-22.859537	-98.376902	-95.023170	-11.003258	-208.972271	-85.008820	-44.764308	-89.898670
	-95.447966	-13.273368	-146.315606	-108.107240	-21.010240	-205.016369	-72.344097	-37.955968	-98.252617
	-120.345456	-32.351368	-156.940926	-154.273547	-45.537539	-190.747259	-76.427024	-42.946632	-97.585879
	-99.109119	-23.605312	-119.428936	-155.213501	-39.905656	-165.443546	-77.067244	-40.774689	-72.152610
	-65.401209	12.476092	-97.346669	-82.626017	-26.419974	-145.434581	-59.297570	-24.587010	-87.166743
	-104.344169	19.213264	-69.467725	-80.036975	-34.587774	-136.414437	-74.450963	-8.844110	-103.429914
	-118.948005	30.774941	-98.949158	-70.137329	-71.150889	-156.259004	-108.986155	-1.685779	-115.786295
	-119.318836	20.336591	-107.607567	-110.919008	-121.437206	-175.428526	-105.338915	-1.701166	-134.763082
	-54.255101	8.315319	-84.714601	-35.185768	-32.153712	-145.294594	-37.962006	-4.278988	-15.879808
	-71.679646	8.797341	-109.105684	-6.877366	-21.363058	-145.481600	-11.405761	40.798698	-59.468562
	12.537791	-52.386452	-36.824791	12.218470	-19.950287	-65.552919	10.103672	1.789012	-19.363535
	41.503847	-28.466780	-32.713822	3.077896	-23.785371	-47.134925	-4.296611	1.440518	6.940939
	73.725617	3.671927	6.269519	84.136160	36.607712	-59.982412	52.829936	-0.830614	45.884685
	57.447810	-31.630494	4.988967	12.592333	7.177823	20.032980	32.794167	-2.926766	41.758739
	69.941817	-55.228833	28.359383	33.071299	24.574692	-9.499664	38.867464	11.232550	40.839708
	65.325038	-56.457303	60.551647	92.248668	74.767754	18.125536	83.290701	11.357093	116.377077
	59.269983	-11.083852	27.169128	52.959565	83.782167	-19.912339	55.007506	0.485450	116.323108
	0.441366	-43.361116	9.829396	-8.992867	-4.315662	-14.440511	-33.155924	-2.492309	71.086898
	-0.082460	-66.102758	6.369989	-68.544932	-33.000484	43.637067	-47.162433	-7.963155	12.143437
	-9.132530	-80.375116	17.824271	-48.895298	-22.957207	27.962496	-15.515324	-7.579313	33.562288
	-5.118603	-35.534032	37.809327	-42.090664	-10.485341	47.663656	-35.895640	-4.765393	22.930113
	-22.716800	-2.553322	16.871923	-57.919075	22.872347	46.678994	-0.519402	-20.730267	56.649207
	-11.503059	45.536054	41.626374	4.248704	65.030140	36.946229	40.869561	13.191153	19.855925
	-13.832960	44.202090	33.982113	29.783079	51.659052	56.496875	27.221688	2.111689	7.525035
	-11.324005	25.846986	44.718214	66.397848	12.680780	63.081561	20.181931	4.966138	-18.494000
	-7.269402	41.703846	50.215121	87.957015	49.160461	56.509259	51.030735	2.512724	-5.132016
	-2.782997	17.220716	9.549026	67.952839	37.435187	110.416966	12.898719	21.509973	-28.531233
	-11.856936	26.686955	20.269191	61.844570	17.139903	110.499737	30.906442	34.245883	-40.975951
	-19.591235	13.700557	26.489392	44.656251	-17.190832	112.762734	7.774725	21.073311	-40.645812
	-15.785424	26.407482	14.820813	22.313689	-23.453741	109.114090	13.196467	10.587631	-37.420175
	-3.183116	17.953336	-10.305237	9.091465	-17.284748	96.348193	9.664266	-13.145336	-145.584024
	-3.100326	6.432876	-12.812091	-37.436175	-53.029528	111.254208	-5.311583	-29.791725	-105.847007
	-22.511971	-3.764690	-33.747359	-31.998303	-70.849939	66.567367	-39.317560	-1.017704	-93.200118
	-5.830847	19.566011	-23.237507	-12.039098	-79.320119	53.972497	-40.891859	18.129375	-88.034666
	18.012325	10.626051	-9.380510	-20.870384	-52.805353	7.468563	-45.291232	6.856842	-48.700055
	-12.051574	-14.640194	-5.679930	-44.855787	-70.586224	31.508371	-84.764917	-8.150519	-47.717169
	-25.213227	7.059210	-1.695396	-65.380322	-80.284887	26.363592	-61.997549	-29.774593	-58.629316
	-50.114481	-27.353469	-8.707611	-117.250477	-84.508285	5.591401	-88.196838	-17.124188	-47.611526
	4.602471	-41.617745	4.321529	-92.491071	-58.917637	36.096043	-8.061660	-8.256525	-13.927763
	-45.178909	-53.605970	11.004294	-89.543521	-32.908233	11.452942	-46.545763	-18.183701	1.925275
	-35.087333	-66.785507	-37.281096	-55.164161	-2.670130	-66.141756	-47.770087	-29.635888	-25.789113
	-6.680725	-36.959472	-37.561524	1.264726	-6.032257	-45.974051	-7.268945	-35.239371	-53.508911
	14.681255	-92.964024	-47.961515	-24.165401	-31.511375	-15.210918	-14.552400	-34.904072	-38.470304
	43.911134	-71.099382	-13.636504	7.140318	-43.719018	40.755745	7.930964	-19.691536	-19.365156
	117.190608	-30.936539	24.295140	90.531833	59.688786	42.715594	78.703137	13.590572	75.796529
	110.547362	14.895117	36.488667	122.536103	46.698645	23.697046	87.744435	13.391604	59.761552
	98.581140	-13.233712	65.876238	107.224864	78.343073	52.180101	103.034352	14.986630	127.645480
	98.612954	-12.378441	56.683289	78.647745	93.820165	46.879772	81.854789	-1.222823	122.890806
	107.979601	-20.092594	96.186652	39.552075	106.252285	33.106304	86.917042	-36.101672	153.815496
	97.221159	22.436186	76.257246	63.915106	133.999740	37.243792	100.659462	-30.572435	132.567936
	74.772992	28.134771	111.181796	23.697030	176.168122	47.748959	80.020035	-13.746932	165.852123
	29.656436	28.912277	50.530179	5.505802	143.375796	18.152589	49.950758	-38.022312	92.026515
	-15.241365	40.534191	51.681590	37.334261	84.786252	8.257416	48.664073	-12.519417	63.890450
	-18.455759	44.407838	51.086553	79.225146	100.267562	-28.102849	40.340404	19.547740	61.180320
	-11.185546	24.659501	16.950813	43.727245	70.789799	-66.564768	18.771672	20.138779	70.187278
	-22.917826	37.610587	5.000331	53.681461	68.341389	-44.980801	-0.929543	22.541754	62.300163
	-10.351150	36.960049	4.001257	61.408455	50.898479	-82.371678	28.710781	40.529008	18.970075
	8.403102	54.266355	-20.142127	38.067827	66.302818	-87.784227	23.730441	25.039822	23.305192
	-4.500164	40.909230	-75.888594	-20.875708	25.893873	-118.920457	13.387829	28.094533	-14.683160
	-28.818469	36.243745	-64.325085	-29.718724	-22.316730	-105.510057	-18.863368	19.717104	-58.051992
	-52.989120	5.936926	-58.727891	3.264992	-30.215949	-88.797297	-36.099519	28.770224	-49.583556
	-32.605695	17.049186	-21.787129	0.464590	0.127200	-49.818218	-17.536881	13.693152	-48.227951
	-28.500382	-14.708084	-57.975480	-18.687058	-7.449915	-78.870416	-12.018933	4.710514	-55.967783
	-47.677573	2.532059	-13.194858	-4.457990	-30.676097	-39.712026	-37.169061	27.805971	-37.338744
	-24.293801	9.843196	10.198817	-2.337937	16.485509	-38.737475	-2.498110	3.064436	-29.702434
	14.126511	6.426576	-5.136771	22.082380	-31.578758	-26.706941	10.359970	-11.939015	-9.367833
	-6.399404	-2.648393	8.316253	-10.398577	13.259811	-66.260226	34.821116	-7.420673	-2.885930
	-41.476531	-9.399961	-12.996849	-27.216067	-19.528847	-60.223675	-26.043853	-12.230432	-38.352857
	-29.452439	-1.451326	-30.484559	-10.153545	-40.424882	-59.733819	-28.749010	17.206905	-63.810350
	-42.110138	-22.747593	4.326188	-39.078399	-57.273246	-5.265784	-47.281057	11.660385	-58.888523
	0.832255	-41.912524	48.118594	-48.155605	10.715004	5.192353	-2.197492	4.378497	17.247843
	28.741861	-21.960413	60.382025	5.758516	-20.303222	82.924615	14.216875	4.978843	45.323508
	-6.047939	4.958209	61.376284	4.413439	-30.502970	84.739051	-23.017186	32.068493	15.393497
	-40.218137	16.199040	45.171242	-54.363083	-33.832942	52.909795	-66.444138	-0.031997	28.375222
	1.622255	38.815533	43.839046	-52.752713	-26.559272	84.854487	-35.647843	23.832378	43.177872
	4.206424	-0.866078	71.089421	-61.838968	-39.644068	59.349837	7.004756	-12.952108	67.162100
	35.432724	20.709653	67.685594	-18.456834	4.664566	85.278453	37.269985	-25.999782	94.835176
	96.602357	18.554400	42.078822	49.547935	67.521057	64.038074	92.035771	-15.032458	162.342855
	95.489600	21.026058	-13.123520	75.104205	62.245453	16.035234	74.772891	-26.240816	32.470425
	107.218088	23.760525	18.558083	115.039966	76.319149	29.682965	101.054805	-3.027438	39.652699
	140.928753	29.965919	28.605790	138.346032	133.131270	11.484664	120.737862	-23.823910	113.823158
	50.716799	16.801951	14.050126	80.614566	72.695743	7.175597	72.850012	-4.065412	41.658304
	47.940633	23.989939	-10.170577	49.768906	20.047072	8.211912	55.671160	-24.888831	-9.983260
	42.980575	35.602295	11.075811	47.464875	56.390408	35.184583	62.750808	-9.471501	2.093056
	86.853048	45.297377	22.166903	79.805504	105.411451	61.970520	110.318471	-14.568137	136.098956
	48.653429	37.823785	38.617551	39.500099	69.250398	45.363051	58.840397	-18.626406	65.383843
	28.739736	26.418892	58.349148	52.571454	98.592242	57.869862	68.245587	-22.706013	91.615467
	48.120300	8.886283	49.411603	41.218387	98.277102	44.246417	82.794197	-17.310029	109.963409
	78.011540	10.775512	25.619948	51.190361	106.693434	51.129940	98.887567	-5.936792	77.568072
	29.323710	18.751063	19.790217	66.814586	87.148468	40.340611	64.404089	-13.627904	30.303696
	-1.678919	26.784009	8.137189	67.137002	28.425985	85.806115	35.364150	-4.698254	26.630760
	-13.478819	10.837037	-9.688807	67.205649	41.697331	71.884076	37.778051	-6.191007	-20.853068
	-11.023783	29.159057	-14.307379	59.797509	23.487560	35.823508	25.405907	-2.423946	-9.499549
	-39.847324	-12.534700	-84.142662	-35.071064	-60.786307	-54.115607	-49.355576	8.591233	-121.305047
	-32.026754	7.498785	-2.005669	-15.087785	-34.688868	38.831092	-40.161816	10.788079	-23.999904
	-48.882084	9.924192	-8.101979	-4.523030	20.779641	-42.253011	-7.735123	8.472200	-7.669839
	21.839016	-15.158730	63.454685	35.377559	53.899872	4.202832	46.885600	-6.786751	77.072974
	-5.042309	-36.866261	38.963624	-41.480312	-49.101608	5.960827	-50.447465	-6.851713	-9.443875
	4.592702	-21.471670	18.672844	-30.781954	-36.376308	32.161830	-24.027360	-19.934750	-54.438938
	-0.088981	-16.491336	-13.544110	32.784822	-6.515837	-3.893848	4.049393	13.528335	-22.757780
	28.615123	8.334421	23.077218	49.475094	3.672224	18.287914	60.445852	20.208618	40.816622
	7.710095	-7.311976	6.091309	49.740734	13.777896	18.567803	14.483715	15.367647	20.867223
	-10.681287	-16.585918	-22.003857	-3.572141	-60.974570	42.822988	-49.015893	20.324032	-54.460030
	-19.163285	8.666670	-23.495689	11.333442	-0.143227	3.954432	-0.720611	31.055313	-14.140280
	40.967913	23.140656	-10.530686	34.711521	3.582359	8.154037	40.783720	19.542322	8.015050
	65.513162	29.622352	-25.262907	37.179644	14.057519	18.599276	45.575548	8.841456	2.020702
	27.801356	43.618264	11.330897	0.892469	-11.818873	38.697520	-2.214835	7.680852	-17.122702
	-1.916226	57.155391	-14.165163	-1.713790	39.728447	28.517787	-10.009808	29.757462	-5.689234
	-12.975510	62.781230	20.182779	-5.343741	51.370832	-9.845497	27.958714	9.371469	38.680560
	-14.614454	64.871635	26.950853	19.972845	62.975605	40.105081	19.732812	1.397128	50.690016
	17.320140	76.325357	82.183689	-25.644116	82.505609	44.089041	15.571766	-10.575585	102.969751
	1.515689	31.955410	48.035493	-11.510307	53.844777	-2.660446	19.982902	-11.760027	58.239906
	28.725110	27.707190	41.867194	-3.409312	43.514700	-9.487413	29.860976	3.167023	45.983248
	-48.220352	28.850229	29.362298	-31.179089	25.427347	-32.255099	0.701179	13.221622	-5.230949
	1.128024	18.331179	40.525501	-39.137907	47.111068	6.309934	8.862431	-2.558388	26.755017
	1.666703	1.413848	53.468737	-33.101948	-13.046107	24.350298	-28.080036	-21.910011	-20.650061
	15.350743	-7.091335	22.491277	-13.545606	-8.131702	34.906642	-22.796758	-7.390439	0.042392
	-22.692812	-15.148200	12.897473	-44.004993	-71.198526	10.754026	-84.912744	-0.481029	-92.520330
	12.359669	-14.456148	21.272105	-36.576033	-45.923915	33.247976	-38.937530	-11.787420	-35.873092
	26.311564	-26.608813	43.749644	-57.175610	-50.657589	47.701824	-46.161369	-5.253316	28.503807
	36.838331	-13.519258	31.821569	11.809872	-50.927610	22.548422	-26.433021	-8.530839	15.282891
	-4.722812	-19.123761	4.716045	-23.354257	-75.344421	10.505338	-58.818111	2.615208	-5.812771
	-16.991108	2.482698	-9.249167	-33.971674	-72.676334	7.196927	-51.535434	4.842656	-41.611331
	-1.465848	-0.688182	15.516340	-24.740833	-35.871554	31.771806	-43.934741	-1.789206	19.223012
	9.262953	-10.540111	32.154364	-8.204024	-31.101886	79.466238	-12.254747	-17.312220	13.620696
	29.085814	-29.234198	35.878165	-12.184248	-56.815279	55.700750	-44.455053	-15.853519	-25.216763
	-0.545661	-28.470972	7.010841	-26.287181	-34.627909	-12.152181	-18.694725	0.986960	16.284792
	-7.081974	7.086977	-9.430436	-9.065990	-9.781207	-69.599659	-5.752820	4.315007	15.302834
	-17.373246	19.222680	-20.421206	-18.396055	-10.486579	-90.093169	-3.829591	6.047358	-20.695687
	11.296157	31.629791	-22.307400	-25.238892	-7.630151	-68.831687	10.133159	23.856777	2.392747
	-16.305847	32.281171	-8.717468	-17.171504	14.368043	-61.910356	17.090412	16.780152	9.664797
	-23.206688	48.969826	-27.455446	23.093843	20.198406	-78.430608	32.923672	34.758909	1.874912
	-6.622834	19.329844	-36.884550	40.371307	16.451906	-58.682375	22.907496	27.032501	-11.385756
	12.689474	28.339089	-16.755025	41.979226	11.259264	-22.711716	18.644730	16.764955	-15.715474
	-10.100214	39.885660	-14.809592	71.825616	11.223207	-44.657178	26.248759	26.396303	-51.565211
	-29.090895	34.267724	-44.167930	80.906627	19.829971	-27.947668	5.930212	39.081403	-27.637665
	-23.832080	29.632698	-35.728657	36.967125	30.894265	-25.326256	33.483528	30.653756	-44.798041
	-14.839012	12.868873	-12.052032	-2.593801	6.680893	0.118239	14.480072	15.606676	-27.742301
	3.402114	11.217825	5.732498	6.665782	8.808689	25.754171	7.673858	30.481947	-26.557250
	-6.603487	31.501020	21.089056	16.883806	61.799046	74.095135	45.602672	-7.302054	16.217513
	-28.728584	13.975929	57.506622	-8.661213	20.221809	86.012865	-6.994003	-10.486546	-10.509845
	3.452779	-5.956567	49.386201	-14.733899	74.805177	113.674268	18.878349	-19.826852	40.623183
	0.013490	-14.006137	40.364695	-22.217569	62.485701	98.229176	23.473855	1.093754	76.391221
	5.395904	-4.526929	30.853013	-2.477537	57.753366	101.258104	39.852034	0.014491	53.810037
	-6.453585	0.560926	40.646670	-21.815011	44.541111	78.511915	28.116014	10.266558	47.942863
	-8.670075	7.176209	48.603895	-10.063433	26.300078	40.450300	19.056445	10.529365	63.988821
	13.061723	34.383727	-6.837846	5.488432	57.723620	-38.285024	-7.645098	17.774668	53.190370
	64.493647	21.010040	35.171924	40.051070	123.928755	-23.984785	78.057517	5.875489	131.000421
	93.425318	-9.690336	45.242371	54.640991	96.434422	4.621996	77.000368	-4.703873	108.404342
	109.458267	-27.014798	42.600247	83.674847	62.016207	-14.532175	101.189850	-6.553903	138.561857
	62.745539	-43.515253	2.883150	28.832745	25.758454	-74.652360	48.519368	-6.655692	105.933905
	80.799568	-9.749207	12.411126	50.244153	23.126726	-43.273272	57.399867	-10.490105	120.048460
	17.044799	-24.790301	-8.613492	-3.412543	70.690843	-63.659915	35.450622	-11.478242	110.530744
	15.360746	18.310407	-0.869224	15.213900	76.966964	-73.026976	36.949990	-23.942912	61.260344
	-8.792117	60.373206	-2.809819	43.240170	48.850801	-64.209637	20.971323	-12.892742	18.311831
	-16.162041	49.232146	22.706482	27.700794	-24.093626	-28.950890	-44.609920	14.107652	-5.193934
	-40.696321	34.456765	15.952473	28.809967	-46.998085	-57.043656	-24.841520	27.046075	-33.293126
	-49.370874	56.959530	42.049293	-25.014614	24.673150	-19.404997	-48.843976	16.764700	-31.848128
	-58.500307	61.521954	63.471218	-40.399643	-9.599022	4.478951	-44.370896	23.391848	-5.561570
	-51.712546	56.124393	45.060461	-12.475290	-23.690917	-26.656423	-28.762696	14.679953	-3.607733
	-48.081708	66.722527	32.626534	-11.914554	-81.813831	-37.031112	-33.946669	27.250699	-83.384245
	-80.288871	75.782219	32.603351	-49.376965	-56.581459	-67.934093	-57.644828	13.264364	-61.164934
	-81.571784	51.856535	43.301332	-35.905585	-26.383371	-63.793737	-48.283374	16.660604	-71.617052
	-63.626311	23.733729	16.534772	-49.099253	-32.640107	-38.573517	-49.185277	26.199696	-46.437086
	-51.108829	24.589876	1.006931	-17.035793	-49.738040	1.968769	-59.559874	29.762580	-97.795870
	-67.442888	17.427408	-11.183970	-55.734961	-68.864588	5.477913	-68.790154	29.301849	-93.611207
	-8.778772	7.602772	-0.394261	-56.642753	-63.761893	34.291780	-20.522625	3.528848	-101.221614
	10.193007	-18.442566	28.756204	-32.940338	-54.777829	88.811239	-6.480529	-20.801518	-44.077490
	69.166428	-44.813755	-3.857599	65.463575	-90.166278	80.337118	29.869116	2.321743	-22.478355
	53.632927	-31.307264	-9.985849	41.507379	-104.941703	103.569651	-14.345707	25.412945	2.838522
	24.126435	-44.122829	-14.945884	1.890393	-52.110853	106.020739	-41.242178	-5.656837	-29.394517
	2.459963	-13.256857	-10.774521	-25.151664	-36.096050	75.845923	-23.070612	-2.326100	-34.496465
	-30.720322	11.858540	-36.035165	13.821751	-27.384662	6.202679	-22.116621	18.512749	-9.755246
	-25.288714	45.720942	-55.630991	20.486752	-29.207158	4.893344	-28.775493	17.200967	-27.510629
	-28.831720	36.595490	-89.251234	0.273137	5.717307	-5.497468	-36.028092	30.733756	-112.273097
	-40.853226	23.808460	-63.162896	-9.196005	-52.730221	28.961890	-81.337585	16.395525	-96.538086
	-52.434390	23.432921	-16.932556	-21.464076	-41.913888	26.652516	-78.414457	32.232608	-81.788946
	-34.084345	3.439458	-13.024181	1.458185	-32.569190	8.284045	-51.589534	10.005808	-61.310326
	-21.444241	-26.115718	8.804352	0.894040	7.906175	80.665844	-30.271916	40.286160	8.325217
	2.778761	-32.700969	-9.120066	-21.106831	10.252491	45.136188	-32.407026	-1.924663	7.215519
	-14.363456	-37.343485	-37.905263	-62.703994	-1.575950	13.325095	-49.825393	-3.660100	-64.080634
	-19.288768	-41.039574	-35.699532	-71.580737	5.563081	4.112407	-17.213486	-3.357800	-11.201730
	-46.879480	-41.626920	-26.384473	-43.891665	4.694227	-2.900095	-30.281082	-13.884270	-26.775454
	-62.898359	-19.993510	-18.701665	-45.107290	9.380688	41.705187	-24.172442	-8.092387	-67.824221
	-59.135370	-25.065809	18.348562	-63.960896	50.815805	38.358946	3.598634	-6.068164	-38.816290
	-54.172861	-18.891177	56.389321	-60.682146	43.964575	72.845776	3.869791	-5.516540	-28.059622
	-74.661699	-25.749642	27.815446	-94.742651	44.171551	61.328190	24.296255	-34.010980	3.469696
	-40.720373	-41.054813	-8.729483	-82.969373	23.627543	45.083644	22.276938	-51.306393	-10.104984
	-39.932895	-42.288458	-39.163847	-71.011246	58.624513	38.983619	16.363052	-37.937963	-19.361979
	-11.500157	-29.166531	-43.210127	3.909000	47.242287	23.917863	27.654169	-32.265081	-68.011452
	-9.441032	-14.295736	-102.283905	-12.341336	16.189884	-40.441808	33.775426	-36.462952	-79.139593
	-31.401263	-16.161503	-122.324069	-1.778083	15.983732	-73.297006	31.860261	-48.875911	-58.108380
	-31.202396	-2.792883	-96.883331	-24.763875	74.316990	-42.547747	16.693961	-20.222308	-9.356871
	17.046243	3.808903	-91.774907	-14.221128	82.336990	-74.616505	54.579838	-9.335220	-9.544389
	-1.653705	2.166339	-84.317750	-39.386289	45.952148	-82.357674	28.775285	-4.454023	-1.197061
	-32.230563	-8.819768	-88.226903	-46.161335	51.117460	-62.950179	-17.554807	-15.491730	1.795189
	-24.580494	-18.169894	-71.090704	-58.743369	39.884896	-41.912287	14.294364	-14.396152	-4.243234
	-6.154412	-27.802600	-96.388347	-44.356455	42.034572	-41.234485	23.991790	-1.783117	20.768209
	-16.668759	-20.017983	-69.213923	-43.048612	19.129750	-24.438130	8.743340	-6.169630	14.236478
	-18.417763	-11.308960	-38.354598	-14.692224	-36.762515	23.834014	10.518753	5.375192	-60.977972
	-52.176793	-35.491093	-86.077823	-32.699107	-68.350999	7.237912	-37.526619	26.289955	-103.263434
	-2.678213	-31.892232	-47.502367	-6.880146	-76.474446	30.356801	-23.330381	27.624523	-51.467823
	7.973727	-14.353970	-42.053879	0.143242	-75.233763	13.701400	-51.010846	22.710390	-78.224045
	-18.938460	-37.851047	-34.170507	-9.236111	-79.312782	38.031068	-31.072087	24.844328	-79.144149
	-2.879203	-64.510533	-34.398706	-3.290487	-106.145365	57.288558	-53.437084	22.353707	-30.678751
	-27.814041	-65.142809	-22.681707	18.079790	-78.417766	55.188875	-4.564726	18.646410	-53.831397
	-24.948097	-49.587838	-47.151703	23.682727	-52.552380	19.257805	0.637541	9.028144	-37.666719
	-38.035134	-70.456193	-79.314067	-16.947716	-70.427687	-21.113072	-51.194471	-10.877321	-74.334423
	-33.444973	-65.184900	-69.302423	0.852323	-64.165421	-6.305789	-52.585087	8.444162	-83.927947
	1.332321	-51.292827	-23.230399	47.705251	-90.792887	33.811504	-14.324608	20.960727	-61.586283
	26.720165	-5.236357	-41.166586	101.041271	-52.871752	34.254431	12.437008	20.844204	-78.248735
	28.508157	-7.967034	-0.700707	60.598118	-49.186067	83.016767	-0.938395	1.957691	-87.841631
	1.788528	17.952698	14.859808	18.083772	-73.383680	69.655373	-26.746347	3.596318	-68.168227
	-25.913580	9.133317	-29.419811	22.137382	-40.252376	73.435266	-40.478436	-4.336394	-66.922751
	29.245128	-13.994124	-6.739858	2.312294	14.224986	78.245845	-16.230628	3.831697	-16.706787
	39.937587	4.348963	21.542378	25.783367	3.696211	87.284736	17.166422	23.300335	5.688256
	47.130102	5.550737	13.165465	35.911880	-9.225095	92.099450	-12.063648	17.306678	-19.289309
	37.805552	22.678217	-8.241854	65.130716	-28.158635	74.779185	-39.422770	36.349842	2.463742
	39.921634	27.874865	22.874698	77.180586	-21.992051	38.927815	17.969105	14.105567	12.816679
	46.773227	48.085903	34.214217	24.956806	15.773717	58.135055	-7.372909	4.311144	32.340423
	63.682425	58.578751	86.515302	35.321922	45.994247	120.354914	29.109116	2.258852	137.933504
	93.646170	67.223550	86.538577	82.744574	13.387810	103.685032	65.813213	18.841562	52.525602
	52.206231	36.907419	95.512134	40.998571	40.377629	94.402375	32.997213	1.042869	97.166796
	74.196107	33.798606	130.435949	72.026517	98.276786	145.881144	77.515869	4.643149	191.022656
	91.380305	10.798622	170.562689	57.977824	91.908863	181.558589	93.172265	4.658111	209.567933
	138.565886	-6.687566	211.958339	56.733569	114.830806	201.389795	92.021319	0.824485	265.983147
	80.527877	16.402191	116.124703	29.279112	120.549204	150.112577	84.466457	3.770381	157.038574
	77.990948	23.868671	77.942992	36.622175	84.691413	92.684024	47.789829	-3.739684	120.584327
	105.201760	-16.913311	59.918156	29.733463	70.196754	120.785325	78.705626	-16.142267	92.983654
	113.509342	-1.767428	67.469043	93.589735	41.082825	99.378162	59.745803	3.103422	131.600191
	94.226738	-11.641672	101.896746	123.956264	29.131419	111.276184	82.178815	22.481845	140.123472
	101.695193	-9.803622	64.874215	179.342371	13.958304	73.264933	45.636744	21.137367	115.126786
	82.028163	19.604369	5.442777	134.796185	12.620156	27.148150	52.169276	15.389640	63.910266
	63.811817	38.727736	24.621394	88.211235	71.305718	36.154301	65.885423	-14.243767	37.909735
	49.156480	39.916245	30.628204	49.894504	93.349820	4.196815	85.144348	-1.532716	57.835121
	47.636805	25.779325	-5.914380	21.313406	11.928836	24.950379	37.654238	-10.405632	20.207562
	22.102618	33.558010	-25.617620	21.055426	11.960345	1.635533	9.900508	3.248923	-55.656776
	-16.783635	46.243177	3.012403	-28.604099	73.332200	-18.914862	-20.657957	-0.808964	3.198678
	-21.089029	58.230312	17.754101	-43.364228	84.884469	-40.537661	13.242276	-8.284595	24.933780
	-10.040338	18.571890	-65.061037	-36.491391	9.616082	-88.622491	14.918902	-24.978214	-9.839805
	-26.046204	24.975698	-68.975757	13.021597	-3.449942	-105.678125	11.019186	-4.489927	-56.025336
	-74.309833	0.608184	-13.484397	-48.196521	-46.230401	-93.330636	-69.865428	-17.078317	-48.559221
	-68.365636	2.438681	-20.127269	-77.116261	-49.865251	-38.251794	-72.871625	-20.849821	-25.661085
	-30.164868	-25.040448	-27.794309	-59.055130	-78.305962	-51.759560	-23.413800	-12.277708	-19.378256
	24.093248	-33.683904	-32.102635	24.590544	-79.733277	-30.011262	8.465783	-24.607656	-63.930425
	33.215113	-85.108298	-72.952904	35.012103	-84.003823	-27.515010	13.923566	15.222087	-35.463158
	10.345967	-70.427991	-87.671081	13.586505	-85.615924	-62.296020	-41.651505	1.830418	-89.665874
	-15.612890	-22.072981	-58.130561	-16.173446	-29.932622	-127.726251	-44.574571	-16.146215	-78.465165
	-53.125535	-10.464388	-43.742942	-66.717572	-5.673903	-146.004165	-30.370121	-15.763564	-49.779055
	-46.462415	-51.886935	-66.263152	-57.828892	-14.435441	-165.963246	-38.931760	-27.622253	-21.592218
	-62.158033	-45.596980	-23.045795	-29.726308	-1.430813	-147.644744	-56.981981	-9.025446	-2.843380
	-32.789473	-7.362072	-45.362802	-16.988784	-36.787613	-125.777170	-19.389102	-9.748169	-44.960597
	-56.188762	-24.779554	-27.758667	-59.669153	-30.176554	-82.532558	-14.321498	-17.898496	-77.617962
	-28.753075	-28.944868	-27.752201	-40.472433	-7.540603	-43.170772	-15.166677	-24.118003	-60.034845
	31.390443	-46.607686	8.036246	23.603292	3.874639	19.858748	30.371916	-11.136019	-19.811046
	45.287955	-39.299929	-32.359484	41.118257	-63.522233	22.367967	6.270101	-9.154008	-58.313392
	-17.061556	-59.343214	-43.369029	10.639416	-78.069866	-24.019895	-38.554088	-9.697721	-52.257519
	-62.101970	-39.592627	-31.861135	-18.667203	-60.917101	-68.983278	-55.365218	-4.476260	-17.539550
	-44.321451	-31.775775	-4.772428	-19.356648	-29.762430	-89.671468	-38.872764	-7.669713	3.259071
	-30.158513	-28.489573	10.896417	-25.988212	25.233238	-59.904852	-4.409764	-1.924025	18.592338
	-31.506365	0.484349	12.840352	6.757011	34.613619	-96.709710	-2.516911	-8.257317	11.611235
	-45.992364	-5.716575	-13.681566	-4.669371	12.555213	-90.217715	-8.656409	-9.785038	20.876237
	-51.559231	-5.347270	-16.308667	-1.965739	-0.869462	-53.674176	-8.575971	-9.354337	12.301310
	-23.488528	-25.390094	-33.107437	2.397540	-19.000990	-40.811137	-29.315425	-15.492736	-53.364366
	-45.015230	-42.056537	-36.161048	-39.308424	-34.780749	-39.870019	-34.669234	-32.226946	-59.870670
	-53.287436	-27.808864	-14.726639	-16.787088	-14.831946	-85.286862	-44.732993	-12.539788	-17.410476
	-62.528478	-2.063258	-67.533505	-1.711629	-8.065214	-120.120590	-15.425198	0.553212	-50.851617
	-32.677612	-16.449224	-58.836520	45.135883	14.949179	-72.006756	11.110764	6.545973	-40.327168
	-40.403795	-22.446958	-41.576053	7.762404	-16.277675	-106.510014	-8.964447	7.726466	-117.363616
	-58.551631	3.775063	-22.599621	-37.500899	-28.390924	-106.638186	-34.280384	-14.305884	-64.900695
	-45.614108	19.639652	-0.799019	-27.491509	5.263506	-114.426165	-23.212900	4.112572	13.669204
	-36.380360	27.988357	30.407369	-12.233742	-7.851515	-80.296826	-21.763220	5.946815	-18.799956
	-42.624523	14.662258	9.114216	-29.665206	-21.100654	-74.001802	-34.062478	-16.316256	-12.553882
	-54.095855	38.199418	71.550463	-37.925886	-18.616048	-69.127216	-18.195497	-5.573566	13.792361
	-12.980674	39.504791	44.908274	-17.286115	25.942131	-50.874440	19.458447	-5.326580	39.729062
	9.594229	45.559846	81.577212	-42.165792	19.683247	14.461526	12.899575	4.573739	52.976086
	6.239338	21.373905	37.410052	-23.615134	3.581820	5.614330	10.226436	-2.866550	1.181581
	-7.485753	1.842259	2.598466	-40.239006	8.357573	-45.184987	-1.610030	5.124906	-58.390925
	-13.609559	-3.448290	31.006696	-26.655756	-21.045923	22.502332	-26.940768	3.384780	-73.989948
	-5.093159	-0.810469	33.172684	-13.411697	-8.421227	40.113674	-9.965763	-1.823044	-75.266876
	8.618332	-11.095892	-17.130676	-6.542732	-55.217433	15.892620	16.676034	8.160558	-63.458605
	-17.032494	19.534669	-0.496553	-3.464879	-76.153988	19.769831	-39.409653	1.851566	-93.146329
	-10.240247	23.291332	12.784687	-53.901252	-38.263649	11.269366	-25.383356	5.387851	-9.005864
	-19.387641	37.589683	-18.256966	-60.448998	22.033064	5.323498	-26.779683	-18.649054	-30.461129
	-47.110546	27.403988	-65.589319	-100.020586	-2.015663	-74.605872	-20.668866	-11.731171	-14.588047
	-51.535337	18.314207	-64.484478	-85.332121	-25.237357	-61.499230	-28.395480	-6.764372	-54.189195
	-37.904834	8.791107	-42.279862	-49.747337	-11.834206	-37.546410	-5.344327	-19.684245	-18.684345
	-30.731117	19.196129	-34.522834	-29.721227	-4.175665	-5.853699	-29.413682	-13.371532	-12.420712
	-23.154347	-3.768076	-45.900464	-27.835710	-40.371197	13.350305	-55.095483	-4.436797	-21.367672
	-37.105371	6.389087	-40.564586	-14.502545	-80.809432	5.883116	-74.791647	3.616132	-62.025716
	-13.679867	14.448725	-70.150956	-58.928180	-59.632776	-26.169161	-61.007896	3.336760	-23.623880
	-4.397123	16.774269	-99.222022	-9.187088	-66.611891	-69.221462	-36.851037	27.815697	-64.141037
	-45.422710	2.430329	-158.371766	-34.274641	-65.310429	-92.751948	-66.446098	23.402337	-79.653619
	-46.787541	3.674029	-134.784291	-14.637083	-67.068331	-90.496142	-81.586817	27.931884	-82.583392
	7.093961	9.354639	-87.429870	-25.743176	-46.169501	-53.768223	-43.766907	46.557592	-52.734424
	-27.997716	8.731276	-48.307632	-17.705676	-39.548178	-15.558071	-62.523508	27.369534	-13.216294
	-10.795743	-2.780426	-20.402868	0.772981	-50.759039	8.170513	-29.063370	48.024469	-12.014582
	28.208725	-1.160864	26.772926	23.339296	4.807133	14.924065	-0.530632	16.643144	20.867590
	33.314360	16.108845	81.108427	90.830863	37.542111	45.508682	15.951640	18.255649	26.159014
	17.877036	2.555831	47.050124	71.738227	71.133432	23.162667	3.078318	30.012274	46.757500
	38.855099	6.895912	64.959441	81.062154	39.437480	47.646444	43.151174	17.794181	4.045803
	42.470492	11.335323	110.527345	75.385680	95.034967	73.175947	77.425607	-9.496682	111.470264
	83.763410	15.064149	121.979781	90.726835	108.450375	111.569819	89.292357	-3.342433	118.384334
	71.247991	42.597991	104.398629	109.231596	132.739475	102.451895	107.729667	14.465786	169.986918
	85.454726	72.832377	119.200748	107.682560	105.277082	94.269119	67.957838	14.318542	104.893375
	51.137430	52.106096	98.987256	102.253696	92.294125	110.628469	57.450509	32.264489	100.827801
	64.748749	27.843508	92.553001	83.670649	56.415114	154.952877	77.429508	26.775694	92.429596
	65.743339	-32.127257	67.782748	49.496207	63.684915	191.742645	72.677549	3.721796	101.972265
	121.746479	-69.655776	94.650462	48.259455	2.398124	207.665213	68.096616	-4.437018	94.462089
	131.026576	-58.601304	104.563120	78.113967	-32.794517	242.951978	55.859715	-10.270137	114.335779
	112.695929	5.854376	93.575785	86.397219	16.838842	128.222133	70.113286	5.952325	126.927465
	50.007887	58.775105	83.673235	21.618088	93.708657	45.385485	51.921511	-5.639387	130.970131
	42.666880	34.948612	90.588223	-33.368352	120.706761	-1.691793	52.659071	-11.667689	177.691019
	27.913893	0.693921	97.180252	-98.875485	10.530432	12.421468	-27.902710	-8.975172	101.560063
	25.931206	15.349524	62.085537	16.024981	-15.273917	95.384909	-30.819640	14.756841	58.406102
	30.828428	29.983860	50.241449	20.647428	-35.955967	50.045348	-5.659837	36.565509	27.779333
	6.523464	30.753761	14.650286	16.140995	-18.796362	-48.582315	-7.947005	38.567773	31.042322
	-17.930681	24.069889	-51.723154	-10.725364	-23.191229	-97.279672	-26.278364	48.434385	-27.291872
	-68.784271	41.567101	-62.584333	-27.996660	7.326084	-78.691736	-50.967742	31.750921	-0.924357
	-60.370272	30.713990	-53.801085	-58.145032	7.014133	-66.474533	-19.946337	17.601050	-36.011271
	-56.516514	10.601986	-64.474882	-42.929081	-17.942702	-79.014186	-14.678385	16.714928	-18.233547
	-22.415927	13.551226	-78.567339	-2.176898	8.110046	-98.844772	-18.642015	5.514276	20.743670
	-36.495240	13.701928	-75.393533	-9.111579	21.406779	-112.836008	2.468753	-22.130563	13.583604
	-65.869807	-10.255014	-98.606425	-38.899708	-33.680109	-135.478547	-48.189753	-0.666660	-48.962603
	-33.341422	-26.535886	-58.870610	-5.065513	-40.994985	-67.336820	-51.255673	8.765889	-38.226833
	-57.822034	-17.645328	-59.836011	-41.808710	-50.982018	-75.686621	-63.445734	19.278656	-34.346030
	-21.046755	-52.560855	-20.879700	-52.449283	-61.668331	-24.777903	-69.682136	10.546209	-31.736421
	35.967815	-67.247441	101.629156	-17.013132	1.602236	97.257753	3.999150	6.772926	96.394582
	32.538294	-46.523177	99.751751	-14.636819	28.355930	128.913832	2.061237	29.138097	144.279364
	23.021999	-46.816933	73.575731	-26.408967	1.940486	55.553143	28.205327	0.380296	48.171572
	29.518898	-30.390844	99.501452	30.292011	37.092851	82.250197	55.940408	2.735847	82.859242
	55.355238	-21.864862	99.158293	66.692811	26.891390	93.975469	53.913351	-0.497238	80.064997
	49.704436	3.817708	78.665365	81.637093	-29.729045	128.901141	50.823176	14.075567	31.114144
	28.697335	-22.294422	82.300149	66.616501	-77.133876	141.135594	-0.805480	29.446433	-5.590293
	8.401357	15.595533	69.082230	70.417032	-111.470830	145.811063	-40.560507	37.519096	-76.668067
	6.522350	26.522141	79.900328	27.858275	-87.849981	118.224231	-25.515305	23.038037	-54.314943
	33.956982	16.749418	44.190724	-21.614060	-113.650683	77.654757	-49.853374	11.051402	-39.406622
	24.612251	-24.683846	40.065331	-61.750980	-85.160460	58.969793	-0.179748	-34.136542	-30.577938
	44.482471	-28.279320	19.983541	-45.294556	-45.906707	10.316448	-4.331556	-20.207845	-2.806072
	-0.918199	-6.668212	-61.704947	-37.136865	-14.897725	-44.673518	2.753870	-26.135513	-44.223894
	4.593529	10.931930	-46.667621	-45.346249	-32.466206	-69.362678	-28.962483	-14.079567	-89.383246
	46.252302	44.961163	22.329728	-9.399137	43.161368	-41.742773	22.650109	-13.667997	27.901096
	32.698710	67.116962	0.146362	14.457432	44.160729	-100.335416	36.422294	-31.560176	-1.539295
	1.293555	38.160872	-76.893272	-17.040731	1.559660	-124.304227	-22.630119	-19.069322	-79.398092
	-55.486307	50.487660	-43.287524	-93.129024	-35.977331	-126.432847	-84.483450	-45.595086	-134.257935
	-74.245387	56.541619	-60.645183	-114.314787	-22.485187	-149.858041	-40.355564	-28.012140	-149.047282
	-39.025688	57.913948	-44.922293	-67.976947	52.161465	-151.690335	-22.469743	-13.954803	-88.917775
	-36.499635	57.614904	-32.783273	-31.567013	19.750782	-101.162425	-31.984741	-45.021672	-122.036950
	-20.704050	18.344633	-8.765786	-15.639903	-22.802368	-68.992116	-19.332859	-22.845339	-72.566382
	-40.158817	-6.935006	-53.426316	-24.367954	-86.718022	-79.047154	-37.820600	-16.257724	-94.872201
	-45.096685	6.697990	-69.122193	-51.752398	-49.992192	-138.724790	-58.667898	-36.585350	-97.142170
	-79.728987	8.377463	-51.211637	-101.969466	-28.559518	-165.701294	-85.315600	-21.281015	-146.800122
	-70.273604	17.594075	-44.141512	-81.284479	-5.215896	-125.876731	-60.545614	-9.589130	-110.133337
	-63.715186	39.214339	-41.659123	-45.474465	-3.342234	-145.242364	-51.706214	-10.117232	-60.096661
	-27.420117	35.346099	-78.926140	-35.631660	21.108303	-184.674724	7.062556	-0.527145	-38.099876
	-62.832427	37.991277	-120.072947	-47.809118	-23.355685	-204.817445	-44.393094	2.130073	-114.553996
	-95.807842	66.469505	-67.591969	-19.707150	32.439954	-160.684729	-23.564023	16.125739	-92.429523
	-0.500027	24.015550	-109.859847	-30.407638	32.456301	-158.190729	-13.128615	-7.458440	-65.778472
	-39.159739	35.402964	-138.668779	-45.996827	12.654733	-179.946657	-2.689526	-21.055674	-90.377543
	-23.474005	53.452011	-143.965161	16.217313	0.364333	-165.478302	-0.445907	-6.498498	-142.608351
	-33.546568	43.610287	-123.209528	39.024270	-52.253901	-112.249935	-1.416759	13.656326	-119.608360
	-26.515910	20.875301	-77.894658	-5.357624	-94.473231	-80.138048	-24.536209	17.634718	-148.105087
	3.999654	23.062000	-58.027988	55.752017	2.190890	-34.438775	8.331730	7.932244	-63.878541
	-5.972360	29.578120	-34.728198	54.406479	-0.368218	-1.784793	15.790360	15.287367	4.646218
	29.376933	44.825113	20.909621	43.390342	39.374130	65.723855	32.351783	9.375000	27.179417
	21.687965	47.896238	41.825683	71.064897	43.517716	86.046710	49.196833	-15.111935	76.808376
	41.927898	17.448526	76.640686	92.595891	51.432679	99.388405	60.341795	-24.851929	163.119862
	26.473428	8.911293	83.033623	66.929939	54.884221	97.810073	53.037971	4.364019	91.645032
	38.745910	-2.737820	83.944214	71.082144	16.360897	149.512335	72.703880	-20.063712	102.143470
	-18.993717	-59.192236	19.170662	25.477787	-31.397143	125.149549	27.574619	-6.720321	13.500142
	-57.249953	-103.458432	-7.096422	-51.571443	-112.340394	135.357593	-26.640357	-19.229147	-70.879891
	-46.380412	-95.303281	-26.234802	-81.482606	-105.131182	78.766158	-54.192628	-31.674289	-76.264645
	-65.852193	-99.048373	-31.316518	-72.372405	-119.173024	102.492848	-55.533634	-20.972038	-85.621900
	-28.132816	-100.737343	-33.172723	-46.156904	-84.961925	71.798734	-16.357677	-13.037905	-63.923291
	-14.316185	-80.414672	4.387585	-26.218272	-62.314210	64.855295	-11.917404	-37.470666	-2.662259
	8.966694	-81.075083	-52.361708	-22.351366	-32.154282	69.151227	-6.336500	-28.763359	-47.364901
	-36.175627	-106.010778	-66.175672	-56.467950	-44.336839	31.698763	-14.918497	-69.325185	-72.968378
	-0.996842	-93.478096	-23.160983	-30.468209	-19.551948	51.526893	28.949398	-51.829801	-68.508127
	21.174663	-105.572462	-12.182468	-51.652687	-18.522809	55.969145	28.222017	-62.417027	15.506634
	-13.310511	-108.295611	-25.626939	-34.947501	-31.186436	38.734005	-4.953756	-46.157000	-36.401658
	-26.303992	-109.473894	-46.749719	-61.221570	-34.469463	-17.344099	-2.707132	-58.884304	-14.901959
	-18.372763	-63.358981	-42.120169	-35.858114	-49.927835	-12.410862	-29.982885	-30.706743	-40.645164
	-7.800207	-37.231718	10.621871	-9.731880	-20.471082	39.241069	-35.263854	-21.965053	25.154427
	7.788853	-53.203483	13.190911	22.910121	-11.725513	56.776339	0.821464	-20.079151	28.888913
	28.441727	-33.220961	6.971432	29.923899	-57.956573	35.634362	-14.034602	0.894844	-15.326353
	1.135376	-6.247529	44.489298	66.185734	-32.467079	78.429327	19.709873	16.555628	16.051103
	18.110242	17.032732	60.085448	73.873952	7.355109	101.676759	46.298631	-5.398861	55.226151
	29.423239	-6.746600	45.458040	76.411252	4.438934	82.893576	41.566026	10.319973	31.146086
	-5.514457	3.560479	17.803534	66.167872	-0.949952	33.085207	11.193638	33.220550	-20.695743
	5.865613	8.281086	-7.036390	76.008530	3.247337	1.878931	39.753035	30.794397	3.170137
	11.064948	3.764490	3.422513	94.834475	36.572964	35.976028	60.283811	30.520437	25.423150
	50.655656	19.263182	-11.822541	65.772588	109.069206	74.025781	77.051018	10.299058	27.003036
	24.109895	32.280872	-52.140146	111.626042	39.055206	73.896301	51.784034	29.677532	-86.891833
	23.768285	19.865321	-44.614128	67.201463	34.572569	29.656305	11.302015	13.086232	-66.011852
	32.982042	41.107013	-18.672074	45.561218	81.233325	31.300970	0.408054	11.740404	6.289209
	22.415642	40.882686	35.570823	22.810694	54.926104	30.205665	22.153162	25.866201	41.992003
	28.670732	11.509182	12.731878	-19.678295	22.156917	0.963250	-18.566110	28.174893	70.951749
	-22.012329	-2.465764	-7.784002	-54.149092	3.452794	-87.227003	-27.962272	-20.596409	92.162952
	-4.889722	-2.484580	5.953571	-56.509876	18.561718	-147.073541	-18.745544	-6.853083	51.275420
	11.072199	-0.445115	29.133852	-56.627811	74.753988	-83.699531	-3.424517	-6.904560	113.184317
	-13.982329	10.784572	14.893496	-51.946629	66.015027	-61.866241	0.739662	-31.206159	75.898099
	-77.952278	17.338696	-22.691462	-55.934319	0.967489	-75.010892	-19.794814	-10.626770	18.979058
	-36.765259	47.984503	-27.871472	-19.431923	20.157260	-85.208155	-4.056823	18.658358	45.343423
	20.110028	74.089866	3.445888	7.805507	102.889595	-81.908926	46.464043	16.401609	101.759832
	8.400101	88.659665	15.656975	16.540551	105.915860	-123.272022	72.589231	15.487127	106.282508
	34.376421	68.811451	-0.126655	41.836776	99.670230	-94.426964	70.695132	0.655764	98.780104
	31.106114	64.474466	-3.325078	34.860970	96.552951	-66.751375	56.024508	-17.249997	117.684027
	30.721565	50.558533	-35.588027	56.480828	45.933905	-48.435746	40.327699	26.621979	82.793860
	51.694214	18.025481	51.647165	24.786941	60.026572	5.159573	68.843019	2.434656	79.104684
	22.423493	-9.478590	52.676299	8.523318	66.833990	-18.157114	69.232686	-19.666487	100.380555
	35.046062	-14.686387	93.502729	14.766499	33.542667	73.343184	27.478035	-17.339282	88.079242
	46.598318	-21.222288	61.522748	2.285711	74.638261	40.047859	40.366120	0.809314	116.198043
	76.569218	-7.976666	68.461126	28.114390	127.158673	76.468194	74.216624	-7.992515	144.467899
	88.579288	-14.449949	119.188298	8.612598	115.034654	80.296186	60.829185	-3.329852	154.608269
	74.942343	-0.674337	119.939247	3.079213	68.888604	91.320389	48.202553	-22.385975	122.925478
	77.362972	1.662451	89.784288	30.532624	115.956979	98.712986	50.740137	2.346965	93.394399
	29.843191	17.907871	53.833035	8.158681	98.008572	57.609569	36.636518	-4.660972	106.978651
	-30.873491	26.150000	-6.261110	-20.155298	76.114950	-2.302489	-7.873563	3.940746	10.994213
	-31.320762	41.746573	56.034772	-5.681633	61.596700	60.781344	0.434997	8.788794	46.856943
	63.554127	15.679177	84.231501	56.432441	78.758577	34.961415	74.540901	-9.474473	136.595445
	-38.240866	-84.279251	10.470119	-115.890424	-91.873195	67.239487	-67.791358	-37.683333	-33.087262
	82.325901	-31.123872	77.449487	66.876854	49.701172	84.720348	36.378008	-13.134794	104.320573
	1.654298	-19.696279	72.696694	-40.014072	7.765129	58.323290	-32.306427	-3.367577	53.658905
	54.966083	-7.339621	63.536687	-8.050724	3.965281	4.828710	30.241543	-9.917244	50.582690
	85.790540	78.932531	74.054506	78.903205	109.076282	15.668392	81.611831	-9.087004	106.861699
	20.751332	70.652017	-5.781279	55.282132	42.596466	-44.300948	23.770294	-0.336827	-17.386156
	19.285506	18.435601	-15.636552	15.565028	11.613319	-68.951894	34.544205	-4.709605	-2.238392
	2.653629	70.203192	-13.689181	81.654259	51.700486	-74.435722	43.052054	-9.101963	20.478233
	-8.629420	70.155318	-14.837614	15.101314	62.318606	-73.040561	26.022360	8.051043	7.698425
	16.287564	35.890054	-31.273723	83.940116	95.750637	-68.811223	64.640264	-12.728010	43.619342
	-36.592530	-14.503360	-43.971587	-33.143491	7.791611	-61.785249	-16.983173	-4.544039	-50.303954
	-37.459108	13.540872	-27.688133	-13.630293	27.321547	-68.266133	5.405011	-7.429970	-49.986999
	11.374525	30.477036	26.523492	56.999183	125.433288	-37.805204	80.519293	-14.684478	90.717671
	15.975339	11.493487	27.120090	19.368631	72.552590	-34.143450	42.244145	-18.845657	69.293445
	-39.519082	17.023625	46.184014	-15.960299	19.362625	41.666998	2.580157	-10.591130	15.660007
	13.011558	-0.535507	26.155385	-34.684521	7.738334	21.819453	-12.459094	10.905781	-11.050955
	-3.322947	4.786225	21.077588	-14.198093	10.649083	32.942879	16.721294	12.418085	32.321577
	36.146261	-5.828383	-6.325916	46.777683	11.589791	58.920725	44.041234	14.732076	12.827008
	23.759019	-7.525912	18.036511	20.016085	-9.565598	61.598683	7.491958	-12.169109	20.910672
	-14.023279	-45.466855	-9.069751	-11.061568	-46.066502	88.850160	-24.733831	27.528890	-77.501450
	-19.451886	-8.724098	-23.793609	9.322611	-24.781955	103.147657	6.593155	9.250982	-48.587293
	-15.808748	10.917927	6.233887	-7.939595	-2.788562	106.560109	-0.141799	19.002356	-3.562192
	-17.166080	-11.003523	2.711299	14.445875	10.491706	48.962039	13.195957	-10.311187	-9.472584
	-26.298260	9.916461	-14.349691	-19.437124	18.429651	21.031990	-21.024051	6.007284	-18.916516
	-18.324362	21.448181	-29.095772	-51.312399	-19.946945	6.044797	-32.825402	-14.459739	-91.615188
	-33.420502	13.085658	-63.104741	-5.999447	-74.227805	2.767523	-37.025764	15.679678	-76.562255
	-8.656642	10.805815	-4.007522	-1.960344	1.075181	12.019980	-18.454812	-2.359651	-2.004379
	-45.081168	-30.147107	-25.922595	-15.706000	-3.094006	14.038269	-48.457102	10.264996	-14.251623
	-32.459875	-25.335300	-13.252078	-58.094494	-10.383651	6.916265	-52.705615	-9.638812	-9.781533
	-23.784221	-38.513151	-22.948861	-49.324164	-57.254911	28.383503	-28.227702	0.264089	-18.310436
	-49.515439	-15.904902	-17.042264	-0.984553	-89.296852	46.369344	-59.991842	36.901270	-12.254019
	-50.487819	-22.493549	-25.698093	29.193694	-67.603944	36.131729	-50.412798	33.469545	-32.099615
	-81.976663	-13.865211	-53.531023	2.562709	-19.113212	-45.274212	-42.910627	34.333186	-48.790954
	-73.059111	-17.180185	-122.451903	18.746420	-75.250979	-78.862132	-43.701393	14.263473	-85.560996
	-50.530503	-11.845709	-88.756335	24.410235	-37.261982	-38.461918	-7.994976	20.752861	-49.790604
	-28.261315	0.936983	-90.909414	14.599573	2.943657	-21.232240	3.931529	41.083805	-56.354197
	-27.714480	-16.956475	-82.433498	16.821122	6.411408	-58.672628	-9.742488	31.114906	-25.683610
	-22.251330	-11.618509	-98.920799	28.967670	27.167188	-110.633009	-8.957986	6.424172	-44.613847
	-50.375177	-3.251250	-123.416589	4.315534	33.911406	-148.632326	-20.132857	24.528781	-30.055529
	-18.539159	14.409526	-78.788745	-27.700792	21.508045	-138.389734	-3.051823	-0.111828	-51.668657
	-38.761956	33.622520	-62.445509	-0.732545	-2.072992	-58.680381	-20.115615	13.493525	-78.218897
	-15.495826	10.767565	-35.084263	5.218961	-33.180470	-46.834706	-8.553359	13.831741	-57.149740
	-8.363714	-6.138494	-49.209900	21.554025	-62.711781	-89.839220	-22.284366	-3.825189	-85.199645
	-36.038938	4.291768	-43.753422	-16.249249	-72.468736	-135.770494	-29.585843	5.280629	-65.140499
	-4.759834	18.957524	-22.139293	43.362543	-39.007527	-93.869996	-4.481966	30.500481	-53.749459
	-6.713359	15.656060	13.544310	17.225953	-56.725248	-18.802437	-33.739741	14.964825	15.731035
	-3.465556	32.634157	26.335159	53.278065	-38.888147	-13.392790	-21.833157	18.325706	-24.662342
	-20.037753	16.515727	38.660464	11.780278	-24.806449	-14.040495	-43.108087	38.115652	-6.849300
	-4.178936	36.309375	28.526976	52.500676	-44.446960	37.323800	-36.219606	42.362242	-30.070672
	5.367199	2.784207	76.992859	23.985040	-2.734581	53.102548	-55.415912	23.062286	15.591994
	11.014815	-15.429495	61.426469	2.738515	26.963827	-4.662872	-26.376836	12.533306	0.775552
	-24.217528	-32.969903	18.276277	-38.239116	17.878947	-20.514406	25.855926	6.362240	43.115340
	-39.801175	-28.146205	-20.865213	-49.650727	23.502320	-100.233631	-30.746852	-0.505232	52.032406
	-18.610857	-25.049901	12.469884	-59.827632	57.323629	-78.583918	6.625723	-25.656777	110.636568
	31.143233	1.515953	23.560086	-2.136193	117.704293	-71.515295	48.071668	-26.918489	70.278360
	7.439891	-11.733408	-8.088958	-60.474456	111.679757	-133.796453	38.420869	-15.384982	73.579482
	-14.675631	-19.194337	-15.718466	-59.097948	86.024732	-138.263828	27.963821	-9.286839	27.519283
	1.344219	-49.262440	-13.488357	-70.856953	79.621240	-59.954784	24.445858	-25.723089	60.324500
	-15.811509	-51.755163	-42.928522	-67.909268	24.931412	-86.288112	18.547690	-22.428909	6.516288
	-4.081178	-40.568362	-55.887825	-44.734863	44.656055	-102.310520	14.490754	-35.900458	-15.464575
	-10.229390	-34.002760	-16.976944	-15.718144	37.422370	11.935522	-1.092606	-20.903120	49.813166
	-0.390535	-35.589388	44.460072	10.562155	52.763144	57.636593	20.607978	-56.262689	84.278024
	12.458878	-30.232218	70.030857	6.946413	-35.777577	74.626053	3.826710	-6.986864	73.347433
	23.781416	-21.207010	33.050262	24.517025	-103.737630	57.927278	-7.612911	19.232501	-28.973271
	14.644631	12.997762	57.048722	45.585845	-150.734484	110.442129	-27.867901	8.783540	-18.272042
	37.102745	31.756721	47.882894	36.894372	-146.510171	101.365862	-43.351236	56.591325	-70.868372
	26.904508	86.923255	62.159750	29.936245	-127.500514	68.925775	-45.151549	26.289523	-61.087404
	57.141691	106.083112	65.149985	45.122325	-80.263828	96.317899	18.289292	15.821974	-0.744985
	72.558800	90.110635	33.367229	38.214423	-47.150081	52.187376	50.493691	-0.586877	15.422719
	16.347544	40.267631	-16.830938	62.875396	-48.668464	13.139572	6.720452	5.482553	-36.174243
	59.467194	-33.482013	-17.105263	-8.254728	-143.041716	25.160178	-38.633051	19.364757	-66.230839
	14.692368	-32.353517	-33.996247	-6.011380	-103.344820	-3.110163	-6.144163	7.488575	-38.327356
	10.794833	10.122288	16.370783	-18.390467	-21.885080	-30.401030	18.693687	8.743480	-25.472510
	-35.010200	-18.140065	-21.726217	1.044372	-4.570848	-32.658674	-17.714049	-0.407580	-23.950692
	-52.436085	-16.533359	-5.782387	-88.484358	-22.963927	1.939834	-77.069124	-20.023428	7.071031
	-51.861121	-39.675878	-33.008694	-84.478637	-61.367791	-1.053567	-64.631055	-6.058329	-23.008094
	-29.656104	-67.129801	-76.840737	-59.375997	-103.171198	-60.975582	-36.689014	-16.705559	-124.181228
	-84.277128	-87.355529	-131.386910	-64.012217	-97.925343	-85.307939	-71.080122	-13.585891	-159.912168
	-96.975411	-72.673716	-121.527796	-67.868069	-118.784225	-110.011048	-75.720876	8.733930	-105.410780
	-44.805473	-86.773757	-112.866717	-103.603073	-102.506675	-104.000227	-85.370153	-21.289367	-105.605995
	-61.853497	-91.218639	-139.069271	-93.843451	-142.136636	-83.027036	-71.493652	-24.885085	-123.930281
	-86.121024	-94.161299	-42.177634	-108.426016	-104.034499	-74.743676	-97.573704	-1.553210	-117.035505
	-94.052510	-77.461303	-38.882229	-101.889387	-94.502758	-97.041525	-63.116902	7.385311	-64.688544
	-72.804717	-54.761946	-69.759571	-73.978294	-75.273660	-70.743993	-65.655409	-7.256181	-40.691938
	-75.582583	-12.125129	-78.256950	-47.431658	-68.467684	-45.567318	-53.524696	10.845475	-96.998456
	-15.186014	7.216765	-35.235141	-33.218341	0.434081	-32.538141	11.483919	23.952703	-23.886368
	1.781291	13.612527	-115.439887	21.487211	-13.486876	-55.111524	0.827217	3.055054	-77.856810
	5.154476	-12.154534	-102.496028	38.535284	-99.811940	-15.707432	-22.500787	29.017043	-121.403119
	69.364342	-44.395840	-38.540285	87.976364	-50.985538	64.209076	15.282820	25.678911	-18.966598
	104.974255	-57.171185	19.796654	81.472195	-44.347110	141.358995	3.192019	17.644976	17.643009
	105.070596	-66.764938	56.036138	59.119318	-28.968056	189.414818	13.447222	4.743827	68.513917
	100.452679	-66.467690	88.281967	52.956619	-82.457582	173.393080	-4.445278	-19.552219	3.050727
	45.447608	-51.499246	23.502855	55.439790	-88.566986	113.389408	-39.089746	-5.314552	14.390474
	-14.280090	-32.182634	-53.043315	24.506534	-71.961084	36.843202	-28.543259	22.532035	-70.824285
	-17.387006	-16.222588	11.947560	6.842384	-30.414010	2.728461	-11.589648	3.810660	-16.074266
	18.967938	1.185433	51.663153	29.884406	14.373018	60.034720	-33.566021	27.276295	44.200458
	18.734457	21.064906	48.608383	29.906512	-13.204981	56.698751	-26.801760	20.044011	2.648548
	-39.119698	18.797193	-4.000155	-14.901223	-49.896156	-15.044473	-36.255637	24.804144	-53.293793
	-27.645016	49.285787	5.414842	10.676194	-2.294145	-12.359883	-25.783109	47.725148	-28.223418
	-11.342074	31.181357	13.646963	39.990812	22.185513	-1.568865	5.104394	48.369943	14.764687
	-21.862631	54.524141	31.881397	52.587933	3.693305	18.758512	-1.602085	27.565235	24.792190
	0.856605	23.812299	16.327423	20.025979	4.813574	4.563306	0.951342	16.695299	28.104177
	-8.434722	51.250381	24.164961	11.415489	6.724394	-7.213823	-1.406284	-0.842255	15.401840
	6.661790	25.393381	4.260348	1.346090	27.323596	-21.887070	16.806159	13.388263	-63.138017
	-25.418565	34.327895	27.106906	6.228125	41.758884	-52.872607	-2.061448	-9.747223	-8.517248
	3.888210	34.260395	23.096002	-6.943550	74.583930	-38.259189	27.743796	-7.078406	-10.609382
	-1.100079	54.699857	31.172703	-21.628449	89.568745	-49.567629	11.357422	-10.639671	-3.327784
	1.517257	51.225957	17.529321	-49.917827	74.018689	-92.826008	6.257748	-8.007597	-5.748183
	-12.445198	50.448053	43.686179	7.164574	65.805044	-16.582274	32.958856	-20.246271	-14.180905
	42.065547	49.223989	68.133206	24.148985	105.266941	9.492092	67.918985	-31.347136	16.849556
	-11.037345	45.823744	16.966894	35.042825	69.209540	-25.006509	76.473495	-15.282037	-29.143829
	39.359514	27.620695	20.067266	6.488679	97.812396	11.501909	96.568441	-28.850753	-28.631910
	61.869709	-14.759099	40.503144	40.561913	32.876501	89.099180	77.989303	-38.788480	6.824715
	89.735519	-26.487776	50.277583	27.090700	37.107003	153.519380	59.056667	-37.089344	74.280964
	80.087086	0.000042	68.636657	17.505997	65.955204	96.047480	66.629370	-28.509497	88.475964
	8.474122	28.620301	64.930398	-45.829837	55.969544	39.422418	13.493814	-21.055320	89.653526
	57.233506	35.474771	91.317657	-44.016010	42.132042	93.243163	-2.489969	-24.532191	88.813425
	42.202050	23.111856	119.982928	-37.777732	92.104557	108.193060	48.995971	-25.028742	182.071009
	37.834234	6.360336	128.083744	-1.876713	121.920172	110.965360	59.892410	-21.303250	188.672050
	11.437561	-19.073057	47.613026	-20.371731	85.585560	70.667014	16.841286	-27.193843	116.445963
	22.711988	-15.682456	22.676812	15.434059	46.882309	83.402606	35.417799	10.985404	95.461360
