	6.807650	-29.055604	-54.338687	-3.777967	7.422597	-64.994810	14.673038	-22.030223	16.769077
	40.525361	-23.391338	-51.892040	-13.597237	66.802482	-29.449037	23.807970	6.008477	22.315693
	14.836976	-20.384467	-53.964272	3.290783	36.529894	-65.121317	5.276472	-16.024041	14.150351
	17.159031	-58.217897	-61.151303	-3.867481	29.206115	-52.812712	-15.703449	-19.674805	15.216000
	21.621229	-45.464898	-10.416867	-19.694081	49.082985	-33.019162	17.276927	-21.418798	25.080684
	1.542909	-52.894426	-18.263489	-28.961990	23.847255	-53.750963	-18.034660	-14.489930	13.095958
	-0.674367	-51.989597	-14.589816	-19.089542	-20.656948	-12.396446	0.108855	-18.710510	-12.364907
	2.492660	-26.725489	-1.717562	-12.469826	11.889132	10.957664	19.277054	-20.813260	10.415106
	28.225428	-30.702646	11.131174	-15.829121	-9.633435	-8.611197	-0.250098	-36.247180	21.140346
	-0.026425	-52.430495	-3.783228	-23.880586	4.814311	-24.613451	13.603131	-3.410524	13.166558
	40.612340	-47.289242	19.023809	-7.459859	34.482776	6.126861	71.154071	-36.112510	44.763502
	30.133742	-54.976686	5.891494	-7.444354	6.712167	-8.516931	32.498099	-29.855225	36.510855
	-8.819646	-48.035492	-18.990932	4.588242	22.512514	9.414980	26.919190	-39.917440	8.510907
	13.995336	-35.798638	27.959150	24.597837	51.630883	23.179347	44.035818	-23.890930	41.655425
	1.563927	-14.358193	30.579574	34.603635	28.554264	-16.484921	35.848127	1.006579	1.076613
	-12.852426	-21.891996	-9.326746	21.538697	-14.761987	-25.816549	28.358432	-19.286625	-41.707256
	18.089138	1.858684	26.988302	15.499461	26.969587	10.701424	51.638353	2.348114	0.658226
	36.448336	0.663403	38.986264	-20.260458	36.375351	5.603455	51.819746	-19.672983	30.550322
	5.419947	-25.362232	21.682904	-4.767123	7.981114	5.713919	1.863769	-25.643119	48.274363
	15.177403	-17.699381	52.256186	-27.796857	34.788456	11.850425	28.741495	-34.943501	64.159593
	3.858080	-35.304943	52.156689	-38.924110	28.430453	4.736718	-0.307464	8.726167	38.989537
	3.234723	-54.295908	23.567132	-37.165399	-32.868285	-17.260483	13.933036	-14.626464	26.198640
	-3.291014	-91.460967	-31.596221	-29.631662	12.042076	-19.328823	-17.170223	-38.916904	22.214324
	33.777739	-43.752799	12.376065	17.297789	41.008216	16.637839	37.849344	-15.800794	30.891668
	74.366276	-33.084123	29.084824	7.229658	89.701244	58.850138	42.070068	-50.236270	52.734783
	12.559382	-24.754754	54.180448	-7.371887	16.399073	61.261632	12.522946	-23.707775	58.482232
	43.545485	-50.698447	80.705416	-32.270186	-1.388371	81.908112	16.907526	-31.040252	49.905517
	4.932371	-37.156846	57.211638	-24.297029	-10.549076	55.759375	-1.560335	3.375948	93.219509
	39.402545	-21.936219	59.694977	1.944550	44.722158	41.540505	42.150391	-56.314272	125.022039
	7.333481	-27.820021	-5.914449	15.074152	24.846579	9.846256	6.868033	-20.673401	41.054230
	-33.666420	-20.757602	-51.735411	9.130828	0.790145	-9.116484	-9.632055	0.770149	-27.888731
	-64.562440	-13.056182	-62.065223	2.046741	-46.792850	6.156952	-34.646772	36.478588	-108.390940
	-53.727490	-24.217717	-98.277325	6.742799	-64.469748	-32.041629	-66.843393	38.103011	-117.403282
	-20.420712	-0.146689	-30.408465	25.224068	-78.212081	-2.576134	-33.940252	-7.750017	-78.962072
	-22.747858	1.925286	-43.846170	27.305342	-47.158999	-15.959440	-32.323137	37.029529	-46.254627
	-33.587196	46.383968	-51.320881	37.750187	-51.920617	15.737309	-31.165711	27.626187	-80.391146
	-33.630945	46.894861	-19.557660	6.777141	-63.880854	21.621838	-39.909979	24.903500	-67.740832
	-45.747058	37.180117	-11.084993	-6.264706	-81.233009	26.778890	-63.754475	59.942853	-61.783126
	-53.008612	66.301887	-29.196870	-0.022614	-51.694106	28.925592	-44.484122	21.809307	-58.295204
	-16.795482	77.836347	-40.469982	20.636060	2.499080	17.222405	-29.447666	50.111792	-28.554855
	-43.937435	54.071619	-27.327107	-1.801525	15.391530	34.722759	-19.289874	62.261430	-29.375924
	-4.442359	46.316010	11.319182	-18.027744	3.158618	41.485115	-51.224289	20.358998	-18.218014
	-5.457736	13.467364	13.417931	-36.262139	-40.644061	30.244271	-14.549660	37.837126	-2.259491
	6.975171	4.750560	35.810674	-7.080275	16.917285	42.222745	19.152943	36.534738	47.788132
	61.067408	-17.704618	42.989925	4.444494	43.366902	32.023248	26.473106	9.782380	71.638612
	26.614851	-5.951145	4.183060	42.146029	-10.771767	49.571841	20.706507	16.741192	31.865646
	24.431055	13.064638	-8.600642	61.080815	11.317114	4.641892	45.592855	-9.894652	5.495947
	23.951070	22.860169	-0.609223	50.690865	26.816815	20.459939	40.961298	-30.880850	-8.038237
	11.332741	27.880132	-1.986237	57.605432	17.595653	14.177320	19.573773	12.727161	-50.372022
	32.925587	63.285184	23.785609	63.617710	20.814881	21.861125	37.457574	-10.381227	-30.433282
	1.001715	64.312340	42.723353	51.559322	26.567535	11.635394	28.968776	4.717467	-39.538433
	2.409389	59.713115	23.799901	40.115383	-11.786648	4.994112	19.536047	36.209643	-22.697678
	22.288738	76.250707	59.731144	19.861906	-6.113513	12.235396	15.962296	17.772660	2.476449
	-9.588113	79.235583	39.298035	19.981210	-1.302464	-2.253038	18.582209	18.651815	-17.978496
	-35.164278	75.805759	36.045997	18.602910	-17.950603	-0.511228	10.219264	24.402984	-65.496934
	-8.536919	80.320893	47.509525	11.921450	-2.200605	3.115147	2.441357	61.182702	-6.307191
	17.813690	76.060045	40.777324	4.439105	-21.110748	-8.606037	-9.377962	34.419163	4.189037
	-14.045904	44.804745	-27.164733	-9.599312	-40.932378	-2.852298	-16.926766	55.829453	-18.294713
	-46.409418	89.520559	-19.743686	52.710843	-10.230817	-1.530854	-27.209368	19.564011	-13.407318
	-12.526420	64.381562	-6.289395	15.517003	14.364139	37.430166	-8.757258	16.412944	-39.087957
	-37.292784	40.358429	-18.569331	-19.526448	-15.702985	-3.326929	-38.294219	25.397635	-36.306329
	-36.301408	33.497586	-22.544072	-73.237858	-17.417600	11.567661	-59.105943	25.111076	-55.726669
	-22.613007	28.205806	3.891889	-37.140697	7.122545	13.786849	-46.163520	14.828180	-55.245657
	-47.693312	37.033005	-15.997572	-30.636275	-5.036282	26.085852	-24.264747	-5.060664	-31.331556
	-23.942714	33.880412	8.124654	-17.351988	-8.028476	-1.289607	-46.866983	-5.920822	-57.396303
	-38.425761	46.325368	1.944928	-8.818116	-24.085352	15.051876	-25.311590	20.543372	-60.770256
	-18.156820	53.951534	1.596981	18.755681	-34.283314	17.188120	-46.402252	13.674995	-54.555775
	-16.851177	42.849211	0.167886	-8.759099	-38.182465	7.305960	-20.356135	10.155891	-48.197481
	-26.110285	45.030108	-3.439135	31.279326	-53.466350	17.601857	-32.323615	29.693756	-47.135979
	-11.825411	51.206074	3.787629	44.150407	-40.764712	34.190723	2.175482	14.025578	-16.587551
	-6.182894	41.841970	-4.389425	63.488749	-22.112372	29.441635	18.281801	31.739846	-12.886244
	-25.608510	39.674937	-3.374444	28.717250	-20.057535	11.524222	10.896115	14.663090	-66.494451
	-40.182057	43.107289	-7.071756	31.378342	-31.587331	8.254296	24.109468	13.052967	-66.336047
	-29.185804	66.766120	-4.647938	26.600909	-17.950440	8.397097	-1.218546	26.275525	-50.204568
	-52.464834	78.325349	-14.709434	21.448910	-39.691723	-20.712248	-6.509280	20.604704	-41.232298
	-35.577934	95.902789	45.092897	46.061113	-35.883948	-9.990787	24.549169	18.845309	-75.369264
	-37.748491	88.417566	18.930821	39.847121	-71.243410	-11.641928	-8.246428	37.138782	-40.582809
	-14.607624	53.206633	21.150388	20.799869	-54.362304	-3.903734	-24.122429	56.786081	-34.311817
	-50.135401	59.791680	22.185497	48.920283	-62.049696	-2.351485	2.596065	57.890121	-3.490107
	8.302419	11.517612	9.126068	42.210488	16.457998	-4.957749	10.294139	39.660865	47.026762
	10.199325	4.027532	2.635731	26.371972	4.020928	-12.470143	33.033118	39.707089	34.771529
	12.985589	-15.067061	13.919546	21.394120	1.345000	18.819770	18.429152	18.979676	44.112180
	45.442413	-57.786947	39.186676	2.109257	7.271482	5.977055	-1.522862	5.831783	86.531080
	16.788091	-60.595000	39.538464	-4.203133	17.310369	31.353421	-14.831031	-6.674599	81.002517
	16.163087	-57.454353	12.167178	-14.921685	54.519840	8.411099	19.680029	7.663125	115.598542
	8.773365	-62.092859	7.525444	-54.232069	36.028354	24.619535	3.171102	-41.918796	65.216711
	2.268584	-51.969805	3.661451	-34.832498	36.531316	4.042289	8.612626	0.770133	70.281250
	17.941382	-51.967516	7.106910	-22.805882	37.433617	20.968670	15.633300	-38.901520	42.430621
	30.393720	-45.408108	7.028092	-7.610520	59.631804	-12.857586	0.164617	-36.103118	54.537488
	55.474664	-24.039348	-22.239982	9.186063	75.210152	1.799546	7.767945	-53.658208	65.183929
	44.427935	-32.985571	-2.547315	1.240519	119.029143	9.713466	38.710146	-34.851757	83.176826
	26.390209	-51.721206	13.407192	-27.418906	86.864722	-20.493836	38.712431	-36.469824	82.313081
	9.005572	-42.450539	-4.371743	-23.198149	42.555535	-20.037014	-12.348904	-29.185704	37.488152
	39.630907	-55.116528	-4.936921	-39.977616	62.060875	-45.893363	-4.243947	-45.879770	39.977299
	11.225670	-62.554448	-10.939851	-69.847975	10.975459	-27.710243	-33.941757	-43.173872	39.978240
	8.544316	-57.017232	0.606293	-48.121671	-29.649159	-36.926139	-45.180381	-28.678380	-7.103987
	8.387687	-46.282057	-1.159866	-45.958617	-6.591491	-56.220405	-8.666403	-47.603993	12.923916
	15.582480	-50.232479	-34.231249	-36.471381	37.359450	-47.118381	-18.372311	-8.645483	-26.714565
	0.630459	-42.979189	-26.509335	-3.797202	1.378565	-34.266055	-28.220417	-18.216546	1.906707
	27.387481	-42.059237	-13.419953	-58.259354	37.373201	-41.953812	-5.037673	-8.662314	48.561219
	18.595488	-32.950260	-25.159218	-14.384979	34.587262	-20.918617	-21.401932	-26.430096	19.529366
	17.646050	-21.457603	-15.227486	-25.275548	43.237942	-13.348573	1.665329	-7.499927	15.180187
	34.442810	-11.903489	-25.062651	-52.852945	56.861532	-35.447179	17.111201	-14.141760	29.954791
	21.197994	-11.150398	-32.005214	-15.765685	64.459712	-31.847914	16.152001	-19.113578	-9.644145
	36.599609	-34.562177	-57.855242	-36.695371	42.826081	-28.591104	-7.696308	-43.717246	-2.621872
	22.238465	-50.218521	-23.869137	-63.465262	39.150633	-52.792536	-38.298843	-27.745910	19.328894
	14.548131	-15.192899	-12.119654	-51.894920	39.334526	-38.603461	-2.351033	-58.916516	3.698033
	1.321752	-21.132076	-7.528716	-10.454233	0.239758	-47.027476	-21.850335	-10.345903	-38.128704
	-16.818900	-26.586541	20.810966	-15.872034	-12.802953	-20.291471	-55.004528	-4.543143	-6.536142
	-9.806188	-14.931346	-30.484990	7.445826	-14.406456	-12.574894	-36.695762	-14.647281	-8.261951
	12.667033	-17.560197	-26.622576	-5.282865	2.819438	5.931056	9.490696	-56.039671	1.012124
	11.447170	-55.445389	-19.062314	-23.365413	8.199724	4.005830	6.017254	-41.678520	37.939348
	40.691294	-63.986306	32.399970	5.230436	-3.058358	5.083845	-1.171892	-25.848158	41.467469
	47.566493	-63.022644	58.471743	3.214939	-32.493798	12.459158	10.430979	-21.426418	44.490681
	24.500333	-64.600818	68.799851	-7.200306	-39.198258	-2.420100	23.094203	-5.385551	50.236733
	8.005374	-49.603031	44.165312	6.315019	-41.048186	10.144057	10.063248	-0.789089	39.415740
	22.072366	-29.376013	20.604362	22.282469	-15.293151	40.009406	24.042328	13.533267	24.315175
	9.848479	-21.726988	14.170556	32.488187	1.567949	11.842322	28.169186	-2.905165	23.206656
	9.879421	-0.503510	1.143452	33.700529	25.305176	-2.870016	21.079154	-9.386523	-4.976460
	21.292780	15.298744	-24.758283	28.478857	-6.222973	28.375681	34.370463	-0.954024	-31.017097
	25.272075	2.378904	-48.935922	19.289495	3.910180	20.450073	29.858749	-3.673684	-54.176058
	9.717284	19.626046	-32.845407	25.320196	18.851889	22.503830	14.354595	-19.381411	-28.658626
	-7.783109	41.609445	-56.023932	40.222189	-9.183819	22.325582	6.852465	23.647009	-60.888211
	23.633097	27.682326	-33.378513	32.128865	0.910149	16.869164	44.075677	17.057791	-38.433690
	24.775356	27.817179	-28.337763	1.189601	42.693521	14.976590	16.800085	-15.291527	-12.126055
	13.171052	9.398509	-4.929617	-3.353605	33.043714	-2.310739	59.467940	1.116302	-19.966136
	44.713938	-13.423966	25.430776	1.654317	2.977260	23.468719	55.243506	10.158834	41.834287
	23.151895	-32.986565	70.632694	-27.798396	-13.889435	16.096476	37.622207	-19.840788	52.566270
	21.808326	-30.064158	79.549050	-18.270918	-40.052765	41.532949	17.715282	-16.217521	74.676713
	21.321330	-29.587342	119.775164	-35.521320	-65.158518	86.976129	12.291201	8.824135	70.046276
	-8.509611	13.031415	10.222478	24.489999	-13.230955	-10.291629	3.995727	3.884033	9.226123
	13.928714	20.198005	17.733480	-2.688368	47.115383	-11.809344	3.780611	-43.020705	12.616332
	23.030982	13.624838	86.804126	-13.890674	11.753355	21.294520	8.926375	12.984354	39.143610
	32.299361	17.119296	78.402274	-11.317355	32.589504	8.851710	34.224210	-10.213172	61.600383
	16.390564	13.513192	38.644631	0.090828	17.104036	8.558464	24.488233	-34.847919	44.592403
	19.059319	-15.056274	40.327185	-15.583974	22.559372	16.195934	39.731177	-21.102403	62.161174
	48.107456	-22.901847	53.961694	10.716770	25.339905	-11.395218	47.860846	-19.830718	104.571536
	30.457653	-23.072830	15.442152	-21.874468	8.691713	-36.126590	33.701357	-33.587900	58.254637
	25.403839	-11.054396	14.688070	5.757768	17.040501	-30.944594	43.957496	-11.568830	23.531052
	27.563408	-1.230553	-39.397016	8.249217	61.321676	-59.419985	24.946095	-12.502577	-19.841621
	-32.931696	21.811912	-68.020576	17.065761	37.000812	-71.394139	15.251650	-29.890762	-111.904693
	-17.573814	5.157549	-50.729988	13.908166	19.813530	-41.748919	-13.018543	-34.971993	-69.540197
	-33.568844	1.314087	-48.602808	-22.649214	-15.593238	-58.706270	-37.492650	7.368246	-86.009914
	-8.760199	1.463144	-37.958858	-29.929791	-30.830384	-34.062997	-31.100593	-1.443397	-49.174994
	-3.322219	-37.161255	-31.472954	-46.983504	11.780089	-24.711664	-12.976501	-3.008556	7.903992
	-24.044516	-83.037864	29.722539	-104.595466	-15.142631	-33.937452	-49.190993	0.496632	42.145753
	-33.701569	-81.042185	15.569977	-71.873043	-44.636534	-29.919482	-57.814339	12.796509	8.918912
	-11.847761	-92.815748	1.080780	-60.490115	-72.322025	-1.323503	-48.225395	-15.803064	10.752972
	18.971399	-58.651554	14.033897	-45.067171	-36.476416	2.300031	-11.804822	-7.516057	24.428620
	-25.217241	-15.006234	-44.852676	5.029322	-45.801520	13.320499	-6.810892	2.550299	-36.795907
	8.377651	-29.962340	1.922476	-16.783110	-14.377484	20.668933	-18.762465	22.459391	4.179735
	-26.632131	-9.184944	-14.582495	-6.240237	-40.697499	15.717797	-16.204510	35.274756	5.690145
	-38.441111	0.348782	-34.407769	-0.372063	-16.772101	31.462194	-26.899534	-1.093953	-20.422686
	-53.794505	32.462626	2.667803	14.863639	1.016132	34.029728	20.351542	61.926255	-32.038065
	-5.518450	34.987656	22.762378	20.117821	-31.188853	36.685719	8.270315	44.703798	-1.324237
	-1.675312	12.454093	-40.787325	41.017271	-51.982400	33.369856	-11.585463	68.854520	37.667982
	-13.994128	10.420678	2.056909	39.676243	-58.647609	34.801286	-19.344273	53.120298	-2.570230
	1.724863	1.367032	47.224951	-13.402760	-40.455155	34.928303	-38.945872	49.111848	59.723305
	-46.186326	8.407920	62.899388	-29.840263	-88.764810	19.165927	-78.570598	29.854460	19.039591
	-19.390590	11.041776	18.763069	-47.896260	-88.657417	6.395370	-69.187072	36.711185	1.758876
	-51.702589	20.328159	18.059386	-28.946266	-49.696538	21.604141	-71.060045	-2.583393	-5.038533
	-37.336745	19.604100	-26.710502	-45.488987	-35.993253	-22.153356	-31.575389	24.098767	-34.806247
	-8.905528	27.457145	-72.516741	-25.863627	-40.599736	-21.651946	-57.254667	29.951964	-87.602154
	-34.297248	20.069706	-34.148537	-28.724969	-59.512922	-15.770014	-37.706008	7.208225	-46.594765
	-34.968936	30.312022	-37.342931	-3.718475	-30.531023	3.245848	-41.818158	31.779313	-3.483317
	8.942210	51.754004	-27.463452	-7.336217	-18.577350	-9.726684	-12.762945	13.057978	-33.240808
	-35.638629	38.557650	4.374060	-13.173539	-38.671962	15.647631	-21.050516	-1.457649	-7.242066
	-14.439906	30.924015	-3.569421	-14.161489	-24.578142	41.589111	-35.953699	-7.040115	2.991101
	-33.623921	27.941585	-5.931367	-7.145085	-34.081241	28.040467	-37.856881	6.615991	-21.478142
	-34.553039	26.509440	-11.748653	-17.704632	-19.784111	29.572835	-31.563183	29.923148	-0.312239
	-19.322609	26.220357	-43.814245	-24.978151	-2.606402	16.426894	-31.101680	-12.479210	-6.461895
	-20.354948	55.385744	-39.558960	18.182050	24.834272	-6.660252	12.947042	-4.717038	-41.154175
	-40.436143	37.242121	-18.040244	2.557449	-0.200018	-16.334867	-16.787556	35.544399	-39.315575
	-44.766879	24.767576	-9.422146	8.127789	-42.537062	-26.178005	-54.550876	18.980316	-81.250826
	-47.837363	14.376467	-2.343084	-34.723496	-63.226296	-2.467722	-72.225735	22.146077	-53.704391
	-55.495344	35.887002	-0.602353	-65.582052	-92.878284	3.743610	-81.152200	7.670975	-45.133802
	-31.954303	29.624296	0.793670	-45.471032	-67.640047	-20.811579	-80.711933	41.536743	-9.453009
	-8.136576	53.518563	39.088018	-25.254738	-36.294596	-28.283909	-42.581491	26.079303	36.579791
	-26.733105	42.495643	36.826318	-5.650283	-14.132202	-28.193130	-41.360458	41.295026	-21.263167
	-47.324121	56.978458	8.198826	4.527304	-26.260888	-28.845517	-32.682192	52.916957	-30.200482
	-48.547574	55.892100	-10.021376	-29.444470	-12.893149	-42.450259	-23.263938	73.700677	-25.386164
	-36.898417	44.436363	-40.869465	3.078987	-41.566030	-42.953738	-13.703938	39.812451	-38.796971
	-57.301695	62.114850	-41.976952	0.570769	-59.081592	-31.027970	-13.293905	42.465525	-69.664411
	-52.035938	44.911278	-8.135099	2.392363	-48.984948	-15.657694	-35.613934	18.078726	-57.814761
	-23.462258	49.286757	-8.122532	22.158999	-17.447423	-11.148449	-20.043058	30.680675	-42.502472
	-40.681588	49.365684	12.815134	19.287243	-24.325436	-44.480336	3.111049	51.057192	-23.976465
	-6.444948	41.420937	18.462954	25.973080	-5.084854	-8.186629	-6.963350	7.727978	-4.099872
	-4.702845	54.395361	29.781130	34.626709	37.980305	-6.417232	10.225721	51.066043	12.487260
	-0.090610	31.141147	15.766735	-5.068221	-1.133842	11.410593	-1.790492	10.502061	15.347158
	21.494665	39.235774	13.855363	55.910489	15.327199	13.235663	19.320245	25.824703	37.503133
	27.419920	9.635244	0.857785	7.583824	13.923976	-7.598570	5.411528	20.624815	6.549897
	33.644292	-13.199166	18.764018	-3.762448	13.255161	-4.219437	3.708006	22.737127	69.393777
	39.979670	-23.134279	12.311932	6.876137	11.971679	11.470541	8.849731	3.358298	31.486784
	44.893825	-33.294851	27.459232	-8.302700	37.989432	-5.341776	-8.501278	-35.803473	29.878850
	52.584879	-24.888956	18.513681	-19.042366	53.377117	7.595943	38.598070	-27.512742	35.065169
	40.763554	2.586470	-25.577645	11.132893	67.907221	-5.546038	27.264367	-63.671987	7.454978
	42.501637	-32.103498	-2.343893	-37.319197	92.601019	-19.908229	24.177436	-32.116684	38.847335
	53.113374	-50.821618	14.913369	-34.412237	55.393451	0.514118	27.612836	-35.287426	49.057746
	33.258424	-43.753793	17.328123	-31.244754	34.146240	-12.340712	15.031658	-26.034855	52.039340
	-3.817922	-42.293889	-24.236706	3.702442	22.017799	8.898850	16.745649	-27.463230	-4.413556
	-32.079498	-6.005479	-7.906799	-11.556117	-59.639522	-3.634302	-7.420723	28.477799	2.950178
	-55.839054	11.705497	-35.614637	5.100278	-47.137929	-15.886355	-2.117154	10.100688	-32.632628
	-46.228002	8.684050	13.779358	4.388110	-79.325105	-5.200698	-28.944497	38.467621	-68.141160
	-66.758876	43.280465	-11.126794	30.808603	-46.744477	6.998985	-16.004249	17.347886	-62.018384
	-51.715386	31.427974	-15.485996	9.658095	-19.865640	1.998525	-4.335778	35.666805	-37.714675
	-45.256806	48.560296	7.959964	32.316414	-8.363257	10.735629	12.747213	15.849372	-21.705115
	-39.329903	53.018041	-24.439851	28.097650	-11.724286	-8.305308	-30.997692	45.527626	-32.036260
	-70.973960	65.939680	-35.652010	-5.120943	-10.552248	-0.034641	-9.941743	32.765545	-74.001198
	-58.272317	48.034745	-34.224571	-33.087000	-5.279777	-16.254477	-45.899564	9.671559	-77.262624
	-46.253505	31.952360	-14.229563	-53.705072	-23.174954	-25.744425	-48.640556	20.065299	-47.084203
	-33.802773	3.231067	-9.110500	-55.351919	-27.335288	-45.015621	-26.075957	-9.681911	-19.238744
	-2.342833	-7.569366	-25.909861	-38.990962	16.567086	-29.761615	-33.199136	-9.003217	-47.893511
	-26.063274	1.834151	-61.685644	-13.841190	38.855594	-54.197686	-23.587895	0.167409	-38.473744
	-30.399101	7.025036	-77.635311	7.450265	11.121679	-56.991198	2.276832	-23.805453	-58.619098
	-41.183900	1.266936	-46.862687	1.556311	42.840012	-52.975519	8.946983	-35.576731	-7.955620
	5.534383	-15.720281	-27.518646	-21.706029	22.550044	-24.110535	-7.085473	-25.572891	30.382458
	27.182425	-30.529045	-22.373399	9.107560	18.968335	-18.476277	27.397281	-16.840668	34.710507
	29.647174	-40.519895	25.050855	8.694290	18.985523	-13.966462	42.048219	-5.423684	57.089003
	40.710430	-60.693697	29.678958	44.599618	5.088386	12.308976	60.711919	-12.093276	59.315035
	19.983054	-50.531330	4.783930	42.000598	40.388720	-11.130232	54.278750	-47.997567	71.303602
	38.375775	-20.209085	-35.436253	61.347861	40.245800	-3.622984	42.343972	-27.526852	32.599151
	18.518965	-28.960681	3.397725	55.746146	62.612308	6.984461	53.712992	-61.233920	62.846090
	73.439196	-31.479744	-2.180149	59.606200	65.273865	6.691349	64.762358	-61.285230	47.977695
	29.396337	1.095961	-20.363850	48.546487	76.427053	10.207625	81.187880	-62.128715	30.341634
	54.753246	-17.643115	-13.457667	34.008214	70.753507	5.873573	59.507499	-33.479709	55.471566
	28.225214	-4.356358	-11.489460	58.228035	43.093992	0.362536	56.372063	-17.049840	35.705230
	31.309400	29.303929	-16.641456	53.861559	45.598127	-7.561747	56.131061	-2.282301	1.880821
	21.693026	26.262651	-19.439887	66.786957	33.548909	-9.240693	34.204080	-17.991909	-2.007301
	9.167151	42.007086	-43.333902	30.517136	63.809846	-22.844180	13.784897	7.722880	-1.097130
	8.308617	46.257782	-56.948373	9.440620	22.601309	-35.525101	11.990297	-35.444662	-55.583697
	22.563549	53.196809	-79.688729	4.740141	30.687310	-27.653302	-17.866727	-5.061891	-44.178403
	-27.157925	27.965253	-84.564087	-39.691169	-18.515356	-51.541249	-53.833715	-0.292507	-63.717199
	-26.937878	37.194415	-47.695677	-26.808152	5.722147	-49.739753	-56.306606	3.390898	-68.883678
	-17.312499	28.115889	-63.597431	-42.006466	-59.882146	-41.234426	-29.309658	9.462429	-89.379935
	-38.524297	-0.777129	-3.879115	-54.715980	-103.286218	-4.723417	-30.180536	-5.270650	-28.899077
	8.207300	-23.439703	43.249125	-48.881350	-96.927237	-17.566347	-25.078704	24.257961	1.079142
	-22.555847	-61.997721	62.668349	-36.932533	-85.948342	-17.191512	-17.789739	11.314638	48.271209
	4.227272	-94.316740	83.177877	-73.115695	-37.286915	7.226301	-22.563721	-12.400327	65.807621
	14.674204	-83.772937	82.716143	-64.908117	-16.710415	-15.159219	-13.601394	-21.588189	87.032527
	35.694530	-67.214145	87.293319	-52.234169	-17.730005	23.880928	-0.678926	-22.101302	86.299639
	27.217191	-57.793908	81.442051	-49.333918	3.524575	13.985797	25.068023	-22.785221	61.832912
	16.752414	-31.133522	76.893153	-19.209861	46.339492	40.072123	33.820030	-44.117835	69.901200
	49.768005	7.411091	7.732900	18.019240	43.105817	11.417600	48.010918	-18.052455	8.260437
	37.816634	-9.598511	-12.550963	38.298454	27.207347	15.980112	49.468736	-42.284114	-25.559575
	19.056071	-38.617226	10.030746	18.963039	21.267599	19.394650	23.062446	-13.972030	45.391517
	-2.302710	-33.421031	2.128709	34.356892	-33.131730	16.312698	-25.715692	9.074960	4.900351
	0.554255	-24.956704	-9.064590	35.802996	-23.165958	3.978811	4.013267	2.837220	-26.626571
	4.278076	-20.242729	-3.393706	47.582629	-13.229723	-27.236682	-25.296907	7.002531	-15.790206
	10.973887	-11.678609	-16.343845	50.689816	14.306526	-31.752168	21.750862	-28.646740	-23.133416
	-11.231694	-14.823083	-8.005147	51.127958	22.643280	-43.756046	4.859273	2.555818	-16.716135
	6.005494	-15.333513	-39.495019	55.987392	38.151460	-28.677525	16.334560	-11.577396	8.849105
	-6.907484	-25.370521	-37.471006	47.839543	60.455542	-17.427333	33.494852	-17.898495	-15.127778
	16.762382	-26.883608	-24.344867	59.045844	99.070076	2.493438	39.707578	-12.901329	39.379580
	34.321787	-19.704336	-24.470771	64.883650	65.454553	-21.753194	30.011291	-3.152271	9.568288
	34.724949	-7.663742	-50.544654	80.884103	34.412133	-36.939953	34.600379	-3.186662	-42.750041
	12.548917	-15.019212	-20.322079	71.789580	62.088969	2.151507	31.656782	8.041264	-23.443412
	-6.199755	-7.661612	-38.332767	69.299717	17.793107	-8.979606	-1.775001	-10.655132	-46.042591
	19.434503	-1.159764	-42.918668	54.211569	18.776348	-20.490082	27.117302	-47.193149	-34.750138
	6.832009	-1.652254	-45.649820	61.236651	11.798501	-18.334250	17.061301	-4.805312	23.324759
	23.713628	-8.019260	-31.761896	51.659195	-38.851796	-24.968514	-14.388889	32.305904	-9.426487
	-5.666758	-2.309863	-6.052993	42.115479	-76.566743	-2.538684	7.816073	14.464388	-65.824336
	-27.518706	-5.849178	4.093309	54.789570	-62.559612	22.434271	11.646745	-18.170793	-52.787598
	-16.935492	9.988346	-16.176683	51.801576	-22.290347	25.265691	-4.726506	12.625701	-19.075920
	-24.628608	31.729205	3.169010	47.224571	8.003424	30.548539	20.242233	22.695482	-67.833377
	-2.336241	16.609510	1.961268	54.012833	-10.158853	-5.207784	-15.439547	1.548976	-42.951112
	-26.474887	20.309391	-3.550304	35.742489	15.372527	9.927826	-0.375621	0.454195	-59.395124
	-24.268017	42.321302	3.225948	21.846140	5.143505	-16.518060	2.515950	3.587037	-53.079841
	-29.471386	35.737018	-23.696925	11.982266	8.723596	-7.963404	-32.515817	9.197305	-49.250299
	-5.585873	30.235496	-65.675223	12.670153	37.884712	2.089992	-19.489525	-19.434330	-15.519196
	-1.511130	49.366554	-54.484450	35.674458	69.406227	20.301914	17.128274	-10.369249	-7.128173
	-8.400881	30.262598	-95.266362	14.410039	35.456556	16.830493	-6.695849	-22.050681	-18.413857
	-26.709561	12.940986	-56.196766	17.899243	-23.572689	-39.999664	-33.772590	-22.298885	-39.095604
	-9.435201	0.532663	-51.224410	-8.449211	6.363664	-21.695026	-53.200917	-7.856157	-31.995808
	-32.691959	22.420904	-30.460350	-9.395557	-14.645089	-27.837339	-27.148901	-19.845617	-64.173121
	-64.059469	36.985826	-24.807432	1.039593	-42.316012	-16.925559	-53.663438	38.489987	-101.050204
	-30.493984	40.497933	-17.762578	53.904625	-57.700351	-26.292555	-33.785861	3.094804	-96.620909
	-42.882099	39.429258	-13.713878	39.040281	-92.428902	-19.341963	-41.485267	35.444040	-154.233935
	-31.917166	54.266120	3.504680	44.314030	-99.396447	7.049373	-23.750212	56.687162	-82.240183
	-46.769380	52.669105	32.521186	92.464365	-92.085886	22.926664	-14.561395	40.596990	-55.653515
	1.276639	48.578633	52.062638	66.629758	-35.759994	18.711898	1.325774	47.746506	-25.725735
	-3.237073	42.534232	89.554011	26.993948	-7.579791	27.597357	3.331757	55.586069	17.577254
	17.484569	41.488299	85.246474	25.269020	18.400570	41.237770	4.444927	54.458780	18.621606
	-4.951551	11.846784	86.962358	7.421959	43.958726	20.829958	-28.903779	25.989599	79.885833
	21.140660	31.220365	51.592797	17.851440	93.711238	53.184663	47.965062	10.538384	34.518237
	12.094276	-2.914533	70.136078	-6.647002	13.073542	18.549489	31.710089	-5.720364	20.110012
	54.820030	13.586582	44.168969	10.132284	22.638252	57.482435	59.925947	-25.369271	50.478485
	16.589533	-1.561322	-7.496500	19.352729	8.724314	63.422777	4.566424	20.768096	26.243321
	-4.548580	6.870529	-35.782114	-3.575508	2.900133	19.839722	0.198624	31.673447	18.269512
	-20.338818	0.385624	-14.212610	20.470304	6.287904	15.130597	-6.946038	52.155192	19.617128
	-24.167301	31.104556	-11.436930	15.947736	16.076902	-22.910951	-16.497741	34.111567	-1.580633
	-15.276509	37.655492	-14.635983	22.895101	10.958696	-44.775724	-16.413493	22.548328	-37.127997
	-38.282672	10.973747	-18.987955	7.997778	-52.629813	-66.553174	-27.884391	59.543355	-77.289331
	-56.715865	-5.949413	-28.029117	-7.542749	-65.690034	-87.808874	-60.601165	25.808690	-91.736746
	-30.074911	0.084906	-9.645518	9.350731	-67.824898	-75.396531	-48.778267	43.284597	-71.481503
	-66.647042	22.472002	-2.825131	49.949714	-66.862852	-68.671355	-27.971773	18.326888	-87.495504
	-44.388794	19.103820	-24.560594	34.982886	-48.152268	-31.414454	-24.858432	14.963367	-30.992736
	-16.873102	45.843210	8.284544	48.817930	-30.732204	-28.456385	-5.505899	44.856075	-48.878851
	-17.607802	59.246107	35.863296	72.864200	-1.917502	-10.248251	38.272419	-12.206891	2.427676
	7.779550	52.055176	40.407977	72.963289	9.356635	8.798086	42.518458	3.816933	6.957270
	-43.416955	38.788514	38.199539	52.630644	12.797676	1.259311	48.396386	-11.289873	13.861632
	-19.866366	10.075288	48.773392	2.340026	-19.808085	-3.847213	38.957917	26.600205	8.461241
	-1.401411	2.756439	61.478096	-2.087290	10.946510	-10.278884	12.992704	25.968842	41.586714
	-61.152525	-2.926640	103.961265	-23.961440	-11.528219	-8.402448	14.680164	45.716447	33.727723
	-42.476253	5.279829	69.574556	-15.347366	-15.467240	2.359815	15.366014	30.908798	10.461383
	-2.681524	21.649195	61.285844	-2.835053	-13.069178	20.751465	20.737999	20.273096	0.221736
	-1.127575	31.209786	56.618200	7.634207	12.619742	36.165342	49.070086	20.053774	-2.543695
	18.634024	28.537929	6.594058	36.194901	-20.916234	19.340364	38.173445	18.961545	6.289688
	59.494010	20.506118	6.999268	28.821284	63.571799	46.991312	76.905912	-23.247476	0.360448
	26.042300	11.340700	-68.616028	7.943583	46.420813	21.926325	-6.470174	-2.339159	17.218720
	18.538593	-15.735525	-52.728799	-21.958257	77.908407	20.464640	18.984317	-46.426306	46.850148
	63.917964	-37.560134	-41.688247	-46.578125	28.019637	9.146233	-4.814402	-28.365560	46.865771
	34.425518	-28.613247	18.545369	-54.773846	-24.357824	45.839938	17.272350	-8.193965	57.827806
	22.214495	-14.073665	41.871569	-66.796829	-18.398267	54.040866	-12.443933	19.068013	76.028225
	-1.405150	-6.433545	40.255302	-53.451385	-29.662224	42.859042	-9.054974	9.688583	49.932353
	-11.773248	-16.381331	24.280403	-58.481426	-18.247233	17.510583	-9.303423	-1.808781	23.748104
	-19.076426	4.580029	32.552625	-59.534788	11.508344	25.055081	-10.977976	-9.315169	29.187773
	8.048430	11.189158	45.867260	-45.422908	16.776629	36.070625	20.283027	-16.186425	29.621662
	29.717201	11.573689	17.434279	-29.558042	35.835898	33.071052	1.720237	9.805371	37.657353
	10.925074	25.888319	33.853203	-17.630512	22.162464	31.821063	-2.596610	12.132976	41.456903
	12.925839	24.917230	23.718431	-37.821992	13.627896	22.848964	-20.657754	24.231637	26.939675
	3.634172	20.580188	4.482060	-46.448219	30.491740	3.025215	-11.819861	-3.289821	-18.079411
	-8.119378	17.853719	-24.176458	-61.500094	13.899261	18.187668	-5.229591	-8.064750	-2.647089
	16.848004	11.664759	-11.710133	-34.182343	47.687963	-1.685726	-2.083969	-29.198564	3.679575
	33.455548	-10.532089	-10.379096	-22.306675	55.323958	-14.374299	37.076733	-8.597652	34.225386
	11.231929	-46.800355	-14.712891	-5.857126	64.493707	-30.556156	15.846279	-2.214854	41.285964
	35.987499	-48.925110	-19.065231	-4.247990	60.614948	-7.888820	53.316989	-3.184402	69.561033
	11.772213	-42.854775	4.152534	3.765021	41.714164	-0.479834	27.420466	-28.727933	67.128999
	38.746325	-72.610821	9.513130	-18.025689	53.563764	15.919572	24.170424	-49.154944	33.911269
	36.915354	-57.074410	51.258852	-5.582871	54.055219	37.615839	39.727663	-50.723822	70.964320
	48.396643	-41.055700	46.522443	-2.205790	54.257752	26.010649	22.910667	-56.550901	92.345451
	24.684021	-51.381283	46.112021	-23.058412	-28.047060	17.113654	9.701241	1.802389	52.153779
	37.684695	-50.681496	35.131685	-1.777603	29.068565	24.756779	-5.945283	-19.222189	100.826016
	23.939307	-64.698802	-15.032664	-26.174899	23.176777	34.245516	-16.930591	4.735802	75.964190
	20.098179	-65.590674	-26.530316	-40.085912	4.200033	44.881332	-26.877993	-11.170815	17.072611
	25.720050	-33.459625	-18.778654	-8.592355	54.638957	19.609667	1.910508	-25.379108	9.282057
	7.693021	-23.980929	-43.133767	8.019842	-4.789643	-15.790484	23.630436	-15.974935	-27.308152
	-2.380215	1.797423	-23.143294	-6.382013	-0.361410	6.081201	26.603841	26.117379	-18.480075
	33.228867	15.754455	-56.546821	11.401987	-21.738706	7.418469	53.631481	-44.534734	-45.734145
	34.485445	19.567124	-39.372020	10.524119	4.243994	6.238383	30.673461	17.680888	-32.056642
	22.730661	-1.745978	-42.526356	-20.848428	-1.919641	28.447209	-7.712484	-24.093383	-23.480482
	16.010503	-21.089846	-43.061131	0.615145	5.847083	30.252297	-6.369986	8.078180	-28.884815
	6.455879	-34.025228	-56.465361	-30.790025	3.243695	0.922147	-11.417515	-0.836449	-17.335022
	35.362199	-29.125679	-89.616194	-11.413997	70.634234	4.064348	4.036569	-73.006397	-26.760076
	13.443517	0.496718	-72.779972	2.262940	48.216953	-39.057659	-31.782003	-20.503424	-20.812677
	7.239562	35.128191	-45.739655	3.750684	52.514196	-17.757992	-10.533588	-20.841098	-6.500900
	-5.093253	14.883369	-65.382521	-56.569451	10.560445	34.794695	-6.531133	-19.504663	-46.300070
	-66.273201	38.251591	-23.298044	-58.131326	-46.512751	-2.940654	-85.597407	-15.000467	-54.998750
	-99.075488	52.127256	-17.810651	-41.021076	-45.623821	-2.993637	-60.760875	32.560935	-23.198114
	-75.148154	52.198919	-52.940734	-68.066696	-9.460572	0.589804	-72.382725	3.957228	-46.268834
	-49.213519	40.463705	-41.475060	-53.405133	-83.328970	2.104209	-94.037474	14.939845	-71.262428
	-47.653579	-0.596976	-38.370595	-58.262898	-92.347228	-30.997022	-89.868013	18.800781	-28.624071
	-56.625610	-3.040319	-21.129567	-81.748551	-75.793644	-25.979007	-88.666787	14.998619	-26.653899
	-21.887163	-15.433262	27.611184	-46.610490	-51.794096	-8.433039	-45.440886	-17.475303	31.317909
	-2.974469	-11.585274	35.521184	-3.010992	-49.648607	-3.446325	3.845063	10.229343	23.796968
	-4.940071	-22.223165	35.181793	27.047586	-4.023558	-9.051194	16.756764	10.725763	48.541324
	10.966099	2.332775	-8.249003	28.937212	9.778274	-4.080604	54.592021	-15.666226	2.707326
	0.412669	-1.608998	22.292103	20.979396	28.973929	-10.645000	10.121017	-3.022911	-1.203133
	20.222533	-13.279348	12.462657	36.322429	-15.265429	39.398415	30.741781	-29.768244	21.224089
	23.491157	-52.503738	41.578923	-6.458597	2.088906	-21.863987	50.211835	-53.980186	20.822828
	12.430095	-30.079361	60.246763	-34.723323	1.183463	18.782139	49.944162	-18.875207	49.581125
	53.224449	22.610198	73.701070	12.194008	51.001668	21.876507	69.668636	-25.416931	58.491106
	21.586974	19.590545	53.258301	36.165275	31.349882	11.121481	33.891230	-5.704580	46.787013
	17.669535	-4.281044	14.402986	15.085381	45.118749	20.914749	49.081097	-28.264597	55.824160
	38.500368	9.903478	17.990595	20.752131	46.416925	19.049292	28.911068	6.208987	38.424988
	73.216185	33.747681	59.681329	81.211346	86.947020	21.942490	71.603416	5.804033	54.239126
	62.364310	31.123036	10.783792	83.328756	76.220397	34.268325	92.053883	-14.381646	38.061967
	56.683867	20.969845	12.578923	54.289657	39.544963	20.871833	67.797422	9.904206	-22.902417
	8.007073	30.386332	11.632310	50.744541	27.820428	12.482824	44.649237	-4.324780	-23.080610
	42.374245	17.932395	20.476693	34.143461	51.983524	-13.836523	53.481132	-32.078910	22.183722
	40.858479	-13.496935	7.237703	-17.732944	4.100766	21.237269	-3.532378	-8.579326	-13.573338
	1.382553	9.188754	-2.811368	-25.412326	-24.243613	3.240254	-4.238595	15.151610	-33.502361
	-16.807586	15.294930	29.051281	-16.086394	-48.866505	2.170366	-21.171829	-1.135866	-34.513302
	-36.789481	14.013245	19.866149	-24.011695	-42.489135	10.262266	-16.513131	27.621696	-4.122369
	-55.744252	43.437911	9.575853	-3.273394	-73.211026	0.167377	-37.550300	46.726871	-66.159009
	-19.324437	40.378704	-10.308902	-0.236552	-4.278145	0.523907	-6.380225	47.951446	-30.117412
	-5.690192	3.818283	-17.736202	-25.307987	-12.155162	13.738329	-32.395615	1.260055	-39.237682
	-40.670767	53.552530	-4.460924	32.474872	-58.664364	-2.135738	-11.057061	45.366978	-77.137565
	3.772460	56.132247	16.009362	25.911579	10.976740	-20.937141	10.659208	7.647166	-31.626977
	14.374315	-7.282690	-6.493049	7.031786	10.397705	-1.160425	7.854635	0.938956	-15.326607
	43.578685	-43.746258	38.204053	-33.060110	16.700472	49.356447	-3.650496	-10.274281	43.595014
	63.435588	-34.509886	96.329902	-46.705834	3.506168	91.057516	-8.841065	-19.176193	50.782472
	67.294675	-42.281343	77.810206	-33.036227	20.284366	94.911194	16.753915	-9.654817	57.599151
	63.368532	-29.205114	84.539624	-32.946716	13.110019	95.383788	24.305281	-35.645850	86.734466
	86.880520	-19.463602	57.919515	-8.540540	-5.928258	101.947978	33.997633	-5.728609	84.694471
	71.109312	-28.322515	74.986621	-5.381639	-30.054757	71.943227	41.771149	-57.451750	96.848769
	80.060995	-27.571713	62.574951	12.805824	-9.391310	48.001002	59.783478	-31.606470	117.833488
	59.569117	-34.006385	32.794640	10.469355	40.219824	-0.939896	56.910230	-19.540877	103.136421
	62.791922	-28.993352	22.862488	-3.654695	15.164325	-16.713631	35.960104	-39.263648	70.152351
	8.786632	-24.846038	16.999897	-21.722229	16.661907	-63.017263	24.449279	-17.992716	49.502300
	-24.196550	-35.280532	23.155916	-45.993837	5.627834	-44.289788	-6.064173	-26.749875	39.799064
	-18.871859	-17.397029	11.063200	-39.903143	-13.157461	-42.766722	1.831242	-6.912239	-6.169367
	-8.452567	-22.091769	-9.431168	-25.358175	-16.570029	-11.996643	-16.071476	19.266748	18.415024
	0.978532	-34.893217	-26.884695	-12.018629	22.425187	-25.792885	-22.733259	6.611536	34.654830
	-5.507264	-10.989034	-17.157592	26.491283	10.467253	-33.044893	5.927709	-37.377157	44.202905
	1.219234	-7.798658	-14.024801	16.528468	35.471032	-12.038837	22.080570	-21.089867	39.843129
	22.169805	-4.181475	-23.865271	10.923565	74.462488	0.632449	45.541003	-42.770821	22.853713
	4.548053	9.141182	-42.515021	30.078112	20.461306	-13.700086	18.880715	-21.837166	1.230017
	-11.767410	17.338241	-19.906931	32.290181	40.838732	-16.007333	5.126254	4.505209	4.491294
	-20.312060	21.641449	-64.539522	20.216100	49.735613	4.531644	5.274629	21.170419	-15.459904
	-24.309270	30.257805	-53.780962	-15.430315	14.219496	-3.485590	-20.599035	-16.351766	-99.917149
	-28.260064	29.966432	-55.122472	-37.328270	-12.274173	-6.950372	-28.539002	-27.032005	-80.028282
	-11.087571	12.514537	-57.917497	-8.195211	32.817944	-27.406129	-31.665763	-12.472852	-88.809491
	-30.733046	4.580602	-48.004529	17.835365	14.332618	-24.417586	-9.949705	8.583574	-40.813782
	-15.439107	-14.236380	-44.732167	-15.216363	-0.492663	-9.260422	-21.648348	23.655181	-19.184243
	-46.005378	15.561509	2.433289	16.999381	-26.985182	-8.519821	-11.341573	20.753925	-42.857091
	-30.666805	6.381571	14.308446	19.160857	-54.369148	-5.252156	-23.460713	42.105132	-44.376307
	-52.959483	16.136801	6.899423	-21.770044	-87.400131	28.157238	-52.318099	38.990809	-66.739801
	-49.727523	17.595186	15.092396	-16.752278	-94.677438	14.864204	-30.714510	52.023179	-50.317862
	-49.584335	19.283877	42.652708	-39.315133	-58.935788	-12.538435	-37.505744	29.017935	-41.935689
	-53.823635	4.285760	17.231675	-47.178581	-109.043577	18.593477	-70.339029	16.406024	-63.178145
	-27.889455	1.856827	18.794235	-51.723210	-72.247906	40.408062	-44.576207	-5.513902	-23.900957
	-2.034630	10.345822	16.310392	-65.855135	-61.766083	76.147762	-81.448209	40.797888	-13.304017
	36.592689	37.853050	70.260272	9.201685	19.317815	74.308623	36.870096	44.516057	33.395488
	10.611324	28.896473	87.477720	-25.189593	5.509594	75.198653	1.043356	1.760317	58.373318
	12.847210	6.674249	28.429000	-12.704836	-42.378387	58.056520	-19.136601	57.562443	36.189663
	28.470328	-41.643656	92.649548	-48.614332	-47.798240	64.630812	-21.487262	36.253291	65.980712
	38.004820	-57.290113	73.581266	-0.999985	-56.875791	43.557098	20.617891	36.045663	79.886509
	21.052291	-68.501680	47.101123	5.783748	-36.766031	58.906474	-3.753483	41.553008	36.945474
	27.150100	-50.153254	22.195827	-7.077686	7.010353	41.684598	13.731546	-18.045803	57.782508
	4.584586	-56.052236	7.122717	-6.542355	-4.290453	2.404752	-21.355431	-18.988390	52.723872
	49.369084	-53.422861	-22.934212	-17.564993	57.052459	-18.943186	-12.617475	-7.430175	20.968710
	11.968107	-51.889426	-27.548262	-26.933788	45.910375	-16.909181	-33.728630	-27.403878	22.181921
	22.572688	-61.620277	-19.263881	-27.243695	53.135487	-28.851206	-32.087168	-34.847253	-2.993113
	42.612684	-41.898348	-3.285296	-43.751118	87.437410	-36.093387	-2.091108	-18.469598	24.555917
	39.449937	-46.625907	21.564420	-43.664725	67.890475	-5.186254	-38.517795	-27.959597	64.519439
	23.586669	-43.744060	23.778687	-30.316687	72.936716	-33.151924	-0.945573	-28.035916	56.398419
	-24.180460	-52.769108	-13.240482	-44.856075	48.491141	-38.406759	17.238247	-29.727286	46.064104
	3.900737	-34.367440	-16.153805	-62.822210	57.963748	-60.492456	-13.880310	-18.446674	49.604243
	-27.173883	-19.894087	-0.293580	-62.347589	47.487054	-47.146161	-29.762501	-19.424851	35.373876
	-15.057523	-27.446399	-8.028159	-99.689648	35.228557	-42.573320	-25.851647	14.686498	4.614848
	0.761686	-15.973866	-6.568853	-82.886788	35.911408	-33.471441	-41.564858	-17.250020	21.289623
	23.509014	8.174337	19.896846	-73.086338	45.627236	-1.605599	-15.594477	1.315492	19.865930
	20.459334	9.028478	11.907052	-54.069325	35.008086	14.247299	8.212974	39.511796	14.444061
	20.834663	17.425975	19.294215	-36.579295	28.279137	-0.686758	-17.523680	-18.427732	20.433157
	37.142383	2.325241	4.121292	-28.883729	46.331836	-16.318193	12.035593	-12.169215	4.594763
	43.234708	3.557048	-22.156356	20.782906	53.940518	3.404941	38.367726	-11.291031	43.029915
	66.205530	-42.818589	-17.201431	22.317832	1.259952	21.613275	14.489573	0.674177	21.590493
	55.167204	-70.029292	20.084636	4.769670	11.594289	54.132719	49.666467	-33.678811	57.368411
	49.307923	-65.033727	32.159749	-4.514793	-7.112219	54.588720	23.078651	21.674884	97.913861
	40.254637	-70.104349	42.307187	-41.673947	-6.408112	52.470737	11.774348	12.182522	96.490416
	49.195725	-55.808228	36.385354	-6.204096	-12.524542	55.599934	33.558327	-9.750205	93.653532
	13.977128	-18.672920	-19.663170	3.662663	-5.925800	32.689888	3.480080	4.440964	7.956010
	-20.219611	-13.936822	-29.411147	1.918186	-67.301219	1.250524	-20.619909	33.476061	-68.744520
	3.091833	-0.398828	-30.150227	41.931200	-30.311432	6.381370	-22.844743	2.118354	-82.855949
	6.389922	24.883567	-45.769668	47.940837	-64.508848	-2.780659	-7.062208	37.033368	-112.134079
	21.157993	7.699677	-36.271056	40.379184	-32.354213	12.359595	-26.733610	-20.417314	-96.198770
	19.088669	11.692391	-16.608014	38.797998	-18.946806	-17.563418	-4.154192	-4.733072	-39.784746
	6.428325	28.215293	16.705884	49.943533	-3.997816	-6.321636	21.007140	14.918226	-28.781551
	-10.568175	32.187558	21.829498	63.340785	-14.699565	9.110142	31.654448	-4.958257	-32.833270
	0.281557	23.129387	24.866422	40.736772	-50.895148	3.056868	7.488634	35.625914	-71.780715
	12.973015	34.363290	32.325818	43.741090	-50.083960	4.743862	23.030614	8.093270	-55.768560
	-4.230854	53.066092	-2.061934	62.442543	-19.777873	14.796286	20.960861	16.895279	-26.417899
	-44.090444	30.407873	-19.588270	32.309932	-30.884425	4.417765	3.720178	29.858189	-52.472457
	-17.069551	34.556421	-29.193498	31.458828	-44.290644	8.928189	2.686458	3.628134	-60.627187
	-15.488405	28.856470	3.178939	26.718343	-47.888876	-1.443961	-12.813379	28.444292	-73.069575
	-30.685422	9.101485	-22.711597	-10.653396	-90.624031	-3.986214	-32.697954	45.119299	-56.070500
	-33.512409	-2.256824	-0.313289	-38.679496	-49.506804	-10.632628	-47.939323	24.754952	-9.920139
	-16.637830	-16.468804	23.298792	-15.167582	-35.940316	5.645682	-25.071366	20.040760	2.588971
	-4.828174	-15.675713	19.822265	-5.701208	-16.505942	12.874321	-9.180131	-0.359312	22.191737
	16.315321	-5.349808	-9.207205	-11.576929	23.309808	4.953166	8.155769	-33.784699	9.395771
	-7.976827	5.583561	-31.255318	3.756083	26.292973	20.794926	40.406047	13.661945	29.962635
	9.236048	15.457216	-29.569374	-2.919576	31.242531	-7.229021	16.591476	17.842059	-2.930963
	21.816899	15.411707	-23.630973	-15.112610	21.871959	-5.082377	24.057681	-16.449788	-6.176618
	26.711523	15.843542	-34.302990	-1.742062	7.981449	-7.161897	7.099778	3.574214	-0.910427
	2.674442	31.566327	-38.009366	6.061248	-34.434031	-16.079574	-16.312548	-13.911806	-61.302578
	-33.614668	38.634377	-39.797931	42.301183	8.886356	-20.857937	3.620943	-11.084356	-22.546206
	-26.180299	3.921291	-43.048579	-3.271382	-31.722857	-30.656176	-49.047926	-7.999857	-50.151197
	-21.893987	9.153376	0.502821	13.150520	-0.056216	-31.837120	-36.554485	-3.522585	-9.670666
	-25.293119	4.679457	14.289749	-21.797105	-9.795663	18.119192	-4.884768	7.994896	-26.207234
	-23.505314	6.030972	-27.332606	-12.403803	-12.864099	19.673496	-26.269265	25.017970	-29.992310
	-37.496881	6.045316	-27.450595	-23.601680	8.749652	15.118433	-11.308070	-0.686495	-33.802598
	-7.033785	22.921556	-24.174559	-14.924641	30.398462	-8.843816	-11.007983	-5.981087	-29.743143
	-19.660311	8.203184	-23.758784	-14.396362	18.296849	-16.860243	-3.227558	2.863985	-34.318408
	-33.017549	-3.365803	0.363490	-24.514236	-33.482404	-2.916145	-13.852917	9.610578	-20.378307
	-20.951563	-23.823462	10.471321	-24.631459	-52.436154	1.179296	-20.905395	3.932809	-61.887649
	-25.366384	-23.003649	24.662367	6.569976	-29.518787	-11.569664	1.305933	-21.046384	-40.482465
	-37.161793	-15.063038	10.293453	-24.555729	-32.710472	-19.467412	-30.504931	-16.498567	-51.843406
	-26.203902	6.683905	-0.072711	-3.710687	12.773200	-13.251819	16.593335	-62.678870	-32.751461
	-7.843692	-3.401632	3.534687	-14.957330	-2.525328	-19.855170	17.298347	10.348032	-26.962076
	-13.266622	27.362396	9.173785	21.293313	-17.257014	9.438071	37.487560	-26.250675	-47.326239
	-20.072506	25.521179	4.137806	18.235022	-34.931157	11.470391	-6.664342	-48.939486	-3.794162
	-13.496951	12.702011	-3.752390	-5.661919	-22.698240	5.784568	-20.062362	-25.193002	1.078034
	-10.142146	-4.667147	-17.653415	-34.921739	-39.169915	-2.281513	-3.606821	4.851648	-10.507520
	-15.606445	-6.429052	14.658146	-18.411106	6.597862	-1.947038	-22.952176	-7.849833	-5.719218
	3.090007	-2.475561	-20.332537	-10.699393	-2.005315	-12.003226	-10.247083	-15.143318	-19.149978
	-28.328271	-5.656867	-2.016627	-23.380406	-30.740506	-29.298211	-22.076041	-1.050170	-36.423123
	-1.380000	11.421993	3.022420	-5.247698	-25.244841	-8.920777	-1.716597	10.315267	-39.676262
	25.992173	38.776787	-2.875539	17.192892	-1.589452	-40.151326	-11.027404	6.431827	-48.447433
	-17.428822	35.483487	-11.453555	8.652760	-43.261813	-42.402485	0.712230	28.613066	-70.982671
	-18.958521	38.640043	21.477519	-10.407319	-13.094270	-26.047839	12.098708	-0.620345	-61.641889
	1.489747	13.442805	48.850542	-9.997778	-38.682522	-17.425749	4.536831	2.289548	-26.367792
	-13.448579	11.671850	38.692809	7.287230	-6.815314	-20.962809	9.192175	25.653631	-10.104644
	22.873887	-17.787115	28.789203	11.714597	-6.989696	14.386475	-2.947606	-5.679006	40.837545
	36.173587	-18.099229	47.546796	19.468736	51.026542	-12.201197	31.991199	-33.878888	45.322002
	42.685649	-30.608025	44.004524	19.575796	3.840356	9.585205	12.018581	-29.259691	61.672736
	8.346910	-33.269016	57.540109	-6.434806	-13.547672	40.067520	6.900434	-23.293705	11.023452
	3.245528	-26.461399	50.349486	-33.626931	23.878629	36.035474	17.661681	-34.396921	30.745420
	35.136751	-16.434096	30.796672	-7.529994	14.254138	39.827531	54.385652	-12.595226	32.625224
	25.368550	-9.385565	26.803609	-6.702847	-12.091110	26.524595	41.637283	-26.697242	9.915052
	-11.358854	9.097599	-0.697648	-26.273428	-13.923213	-1.988126	33.784613	-14.013734	-39.874819
	-5.315210	0.456504	-1.245441	-15.834808	-31.216613	-33.097458	2.847378	-22.793138	-57.311012
	37.305215	-7.621202	24.443126	-26.420718	-13.344687	5.845159	19.312799	-25.644844	-2.069722
	22.943576	-28.761345	31.853409	-10.183619	-35.251042	21.496640	15.033694	-52.964296	50.857742
	-7.758665	-29.282573	47.398893	15.103295	-13.094595	-4.199228	19.002296	-29.481757	14.889123
	32.667334	-26.323176	24.614100	2.502520	28.273606	-7.735260	32.503860	-65.786911	48.177498
	27.060843	-26.470918	46.849467	15.645969	24.571769	-6.493770	71.408515	-8.211925	42.947804
	30.013796	-32.435558	38.774047	18.853355	-19.450990	5.733017	26.807556	-14.192025	48.478210
	9.778688	-30.981006	65.036700	25.585926	-52.359557	30.461968	8.539356	2.123778	52.201454
	-3.293713	-29.839992	30.585541	1.667085	-67.006737	2.763136	-18.898227	35.153633	34.330669
	-5.113393	-9.504896	34.707945	3.611579	-44.624722	16.350467	2.559544	35.886445	20.826636
	12.778848	-28.629404	43.479211	-9.542414	-29.140890	30.245917	-13.198941	27.761386	28.795132
	-10.410482	-33.021411	28.393022	-6.339617	-42.465638	40.889167	13.796879	-5.818622	33.742460
	34.520767	-78.225001	57.508544	-22.515944	-44.665679	48.857770	-6.607933	4.452909	39.477692
	19.488952	-70.652313	65.169776	-12.535460	-62.100060	63.606359	24.177010	39.296151	50.371144
	32.951803	-65.382288	48.379426	13.242954	-25.870100	59.848960	16.915138	-13.305007	105.171012
	38.093941	-40.996114	40.520597	28.371598	-19.210600	21.177080	21.517726	-0.828012	49.063197
	35.216418	-54.639035	11.103757	55.842910	12.119664	28.592074	25.288257	-7.660128	44.439247
	23.943108	-33.565710	11.437441	33.945409	9.744976	25.212019	31.748942	-34.392334	43.424750
	56.438774	-16.920507	-15.424241	42.613433	88.184341	25.546237	78.624335	-17.951734	43.717627
	19.629187	-23.162464	-4.344698	26.388868	20.789416	14.045683	54.437442	-13.316023	29.981017
	51.891578	-2.746638	-6.903713	19.951039	58.834232	10.539606	46.823047	1.833061	28.689800
	-18.248455	-29.250357	-19.449780	-0.158839	-1.729127	19.076246	8.626682	-4.920555	-32.884545
	13.178279	-41.267502	-23.865740	-21.485179	-30.521465	10.033733	-14.729995	-6.312951	-28.190617
	29.217199	-37.569675	-23.174374	-29.711729	14.226689	15.790615	-18.312827	-35.330490	-14.008607
	11.984951	-58.157722	-16.308611	-79.748888	-6.977640	-20.573327	-46.714373	-12.077068	55.869981
	53.396536	-85.979266	-13.881880	-55.481310	33.218007	29.566595	-20.581250	-22.405745	11.464003
	44.993722	-29.956375	-45.338432	-20.260750	29.221087	9.187298	16.534572	-27.327632	-20.946496
	10.666519	2.034323	-56.383058	-7.114111	24.862952	-14.926822	-0.614578	1.560827	-26.565034
	18.767278	-0.214016	-40.561771	-19.415489	-33.908790	-15.906020	-10.491703	15.833585	-4.763322
	-26.422762	-0.012890	-64.751950	-49.266644	-27.904295	-8.096407	4.028734	-9.411916	-35.512152
	-55.782720	-40.707310	-65.987110	-42.618949	-65.974054	-32.837303	-25.594741	10.794588	-26.947884
	-43.540601	-42.893440	-61.392916	-51.006315	-52.407402	-33.680972	-42.870433	16.612941	-52.169154
	-29.460423	-42.411256	-50.956962	-52.858813	-28.726031	-24.101393	-39.599790	-9.894365	-30.168091
	-27.560052	-39.978785	-44.459728	-35.714014	-19.810787	-15.302655	-41.421320	-25.406986	-44.069664
	19.988307	-18.856514	-65.446043	-3.250577	11.035537	-18.722683	-22.832834	0.486696	-33.386290
	-0.920913	-7.217044	-47.824335	-1.988668	55.825411	-2.712684	5.375376	-6.891948	-38.821090
	2.027507	-0.116208	-38.587976	-3.933855	21.409176	-12.168138	30.515952	-37.410486	-8.538015
	7.566365	-10.175085	-26.203254	26.384172	33.505007	-19.963619	-0.595112	-23.612714	5.171779
	-5.869952	15.926039	-14.561163	56.330698	-5.404796	-29.741506	34.267128	-2.221147	21.602642
	21.233210	5.197885	-33.371110	62.105581	54.092995	1.704042	55.717124	-24.619427	4.873888
	3.253712	12.690243	-54.811728	94.512592	-21.722453	-19.355686	46.508633	3.722687	-60.588102
	-15.757504	17.891658	-34.944248	82.621256	-16.965123	8.515080	33.961097	-14.912500	-18.655703
	-11.820378	12.318108	-10.185835	91.518906	-19.166508	-5.310749	17.130270	35.396874	-45.652289
	-0.829399	14.227730	-9.945006	66.618423	9.544124	-24.445540	16.645353	18.131021	30.981077
	-23.301447	14.852118	3.922480	57.599369	29.046261	-26.580980	-3.403674	8.653460	91.791799
	-6.093633	4.798828	10.094102	57.111113	11.112564	-34.288836	7.846133	22.665421	34.052969
	-20.489879	-12.873357	15.818691	38.254718	6.153984	-30.996224	-23.436794	-7.687729	56.758479
	-45.437744	4.066069	-10.427175	39.587694	-3.335487	-56.673119	-34.881777	-22.294824	23.321816
	-36.322647	-4.737610	-28.470834	11.866088	-23.862405	-35.375967	-41.914608	-7.251852	12.393114
	-10.429402	-6.709163	-13.006321	14.242640	-22.317173	-50.029101	-32.276588	7.836767	20.521667
	-10.722821	3.581451	0.629918	24.921584	25.839789	-31.979474	23.101402	-30.614971	26.466475
	-8.471084	15.138410	-9.330340	4.666714	19.598664	-27.600781	-3.915920	-0.146384	-6.667801
	-2.387989	13.561914	-1.567726	4.210260	44.123629	-9.674748	4.048850	-6.614954	31.412814
	-21.100805	30.535042	-12.662908	25.005729	24.591094	-6.419408	2.788428	10.559828	19.595553
	-1.562722	34.048855	-5.477082	11.998368	39.645370	12.923186	7.017540	2.845728	1.165759
	-7.671216	39.283246	-20.786313	12.672227	-2.429948	-29.260773	5.639017	16.110946	-29.608950
	-58.560570	51.331480	-39.709536	-12.573152	22.434287	-58.824416	-9.244634	-5.569898	-45.529908
	-39.813137	43.607012	-38.065152	-4.792980	13.434777	-35.291418	-16.130027	15.510012	-31.393065
	-47.550696	43.608799	-36.448141	11.150152	9.536044	-42.373388	-13.424440	32.726670	-45.166469
	-46.951580	27.983078	-9.327145	-37.281161	8.759422	-17.368220	-16.988161	16.416223	5.629033
	-17.190177	37.707200	-19.248909	-24.186787	44.158560	-4.202390	-21.005141	34.708158	6.818800
	-34.997680	32.319519	-55.613928	-6.224150	42.679968	-14.750186	-10.153280	20.679996	21.495519
	-22.513239	11.676019	-9.652684	-15.146759	30.947856	10.158449	-20.753931	-24.532067	64.951323
	-3.223195	7.557427	-13.040923	-13.653027	25.935355	-8.694299	-3.389956	-8.196102	-5.487398
	-6.522850	15.954246	-13.271598	-21.951703	40.621991	-29.840575	-13.895094	-5.118147	9.322990
	-40.589248	-0.486641	5.087359	-1.480012	22.089024	-11.308819	-45.047702	30.990455	-26.517025
	7.299174	17.658862	22.512082	5.614182	22.869996	-15.253441	1.680348	-4.627121	-25.031069
	-7.698737	16.708297	-8.572530	22.220306	16.131303	-40.339420	-5.058295	-20.140758	1.827994
	5.769615	14.220633	15.807272	14.210015	-1.438589	-1.257846	1.686359	-1.964810	4.705458
	25.624902	28.323491	12.941571	8.094460	36.755494	12.100308	-15.800574	-3.976852	21.049959
	-7.308314	31.362859	-3.790566	-22.326213	21.688497	-15.544588	-35.570727	6.080626	55.676755
	18.754286	24.231764	0.914051	-20.671280	31.452824	-12.629520	-64.798829	41.317673	30.397399
	-21.693424	-13.739971	-31.649481	-28.452242	9.864692	-43.842695	-40.993034	15.508169	12.332409
	-15.913306	-11.657473	-69.524845	-48.076374	36.127451	-53.363602	-14.877767	-32.711965	-30.135476
	-5.859235	38.406781	-22.868308	24.927632	32.761372	-47.030131	23.103363	-7.054368	-39.831786
	-47.553163	-7.034910	-30.976259	-44.409362	-54.334631	-25.268005	-64.476973	1.211583	-62.426626
	-50.281854	-3.567019	-33.033626	-29.719224	-55.399737	38.808314	-44.846732	-2.869315	-3.048644
	-41.223080	44.444620	-25.092260	-11.511891	-68.761955	42.880760	-30.599782	25.070824	-13.735918
	-23.766485	38.619126	-13.960771	-39.658910	-40.468473	67.162644	-43.870060	6.250194	-49.760081
	-25.870102	26.843473	-32.340217	-40.408718	-5.073434	40.443278	-67.542951	24.365276	-7.396066
	-34.447259	27.255734	-22.037368	-38.769509	-18.059811	-14.188384	-56.441338	29.917211	-67.658716
	-7.612754	24.363135	-58.180341	2.621058	-6.985713	-48.497084	-10.862229	7.201428	-45.695949
	-0.046749	4.901562	-76.174813	20.288382	24.239094	-53.556215	-3.701900	3.658959	-64.158267
	22.091455	13.265973	-47.991010	52.930808	11.171877	-64.129412	9.619475	-6.823141	14.076414
	5.238632	21.770700	-66.271722	59.717178	31.378173	-69.444792	11.028820	15.714814	5.220467
	-11.601123	17.695528	-28.517848	36.604313	72.797484	-86.393095	11.391944	9.047805	36.915096
	4.899618	26.610663	-43.030496	25.740125	29.442214	-85.931314	11.251450	-38.303990	19.561757
	-21.478065	36.381647	-70.037200	31.462500	52.498592	-70.670506	-15.481240	-34.371762	-16.841280
	-18.540608	7.100574	-58.139413	-35.999017	64.223919	-83.494107	-10.186354	12.374116	2.535347
	-49.033823	-19.180327	-61.294745	-58.231442	38.505425	-64.605008	-32.220369	-47.274602	15.551884
	-47.123038	4.856272	-49.202366	-26.927979	25.074185	-86.855842	-40.976104	-9.297487	-30.895799
	-74.696592	8.011062	-47.646091	-26.429799	15.517689	-71.280758	-43.569585	0.823279	-15.402555
	-52.823840	1.424481	-60.901632	-43.264427	12.986471	-88.709657	-38.043061	-55.317487	9.239737
	-54.692823	14.341597	-57.696421	-16.242916	8.081138	-66.747831	-87.353628	9.488864	-53.633365
	-38.160418	-0.152822	-38.135126	-49.386836	30.673805	-50.509804	-61.017619	-3.738012	-22.235162
	-21.238166	-24.257027	-22.905805	-74.208521	37.926452	-57.560924	-57.072125	20.119453	-0.195959
	-34.704479	-1.577533	-36.255779	-51.922971	10.591935	-39.602801	-77.383936	-22.952937	-18.964378
	-17.977878	14.510860	-19.307287	-15.835846	38.683315	-44.348790	-11.160726	-25.604095	-23.085266
	5.495307	21.764059	-42.290845	0.447564	39.775507	-35.870412	14.887787	-15.405165	-16.804943
	-1.191508	30.815416	-17.754745	16.364681	54.295979	-24.865845	-3.449807	-23.258807	7.176345
	-8.175248	57.970041	-10.212089	53.792604	9.246172	-1.755115	-2.864895	2.081659	-35.618817
	23.932797	10.412131	0.199710	-4.833727	14.674121	-24.490804	17.821583	-19.981847	15.981797
	26.891956	-18.285991	33.668059	-5.982794	-29.084955	11.513037	35.310184	1.724766	10.453464
	18.920123	-38.891677	60.165367	3.637073	-37.921503	41.435782	8.416316	16.212477	80.385842
	26.871273	-63.802564	23.675398	-20.586693	-15.124000	40.651985	13.860161	4.788090	74.695195
	11.829395	-47.631807	31.870499	-3.450814	-2.548294	44.466640	0.750363	-16.618311	90.397791
	-10.492205	-11.850375	13.289099	-2.719731	14.451149	20.568587	13.185653	-41.078125	71.203649
	12.943316	-10.741519	9.083446	19.328185	46.588203	19.857349	-6.211744	-17.676080	49.671702
	-3.996545	26.175347	-6.525409	25.955756	36.838618	0.087622	5.875056	-29.774609	-14.638442
	-7.943077	19.306209	-18.912476	36.643319	-40.441495	23.519403	-8.401215	33.838035	-31.796342
	7.788806	-20.765209	-49.316590	39.193517	9.349945	-4.773759	0.119780	14.154946	30.902799
	3.047070	-20.610584	15.209937	11.907878	-35.947366	18.803054	-30.069674	27.816778	18.744425
	-20.300850	4.429007	11.597315	-5.857077	-21.989352	7.756585	-24.623771	-11.437812	48.075070
	-16.500933	12.594374	-15.356484	5.868314	-0.004452	17.356076	-29.214481	11.937507	1.153579
	-7.032147	-7.572316	-25.322156	12.775037	-12.180572	-23.604397	-46.816043	1.677543	-24.780432
	-13.055924	0.356802	-31.170974	22.798860	-33.294402	12.396156	-54.078667	35.561411	-48.415632
	-40.942810	12.040133	-29.221564	38.098212	-91.938552	-7.749972	-44.088283	11.564354	-68.600545
	30.432252	-21.342870	-5.691770	44.807868	-13.221932	26.056893	-9.044069	9.285742	-12.540605
	18.590242	-13.433915	-12.549591	43.684113	-48.323348	26.219977	12.802626	19.170117	-20.191697
	23.331479	22.096920	-13.166883	107.004890	-13.114791	27.139677	23.065742	23.421657	10.365879
	31.600746	-2.185699	-10.481120	78.232351	-33.883326	17.891183	30.481986	22.672231	-14.694936
	-3.090976	42.605465	-30.524927	92.304033	-29.857466	51.951796	12.399872	32.353873	-18.241865
	-5.591211	16.269609	-35.258854	81.808554	-18.546854	9.543406	32.368345	51.536883	-33.011982
	-1.681894	20.901237	-13.856210	62.575521	-13.864246	2.887754	34.941624	-26.864980	-34.090047
	-5.567008	17.496540	32.369123	26.735045	-45.435823	8.185666	38.664305	3.385941	-15.490474
	-28.268182	35.284494	60.197948	-2.542143	-67.317256	17.201823	16.530718	-19.540902	-62.825286
	-13.649905	18.026994	46.691047	-22.680717	-57.278341	35.909905	18.766999	-47.628231	-57.075129
	-55.821024	61.442291	44.092307	-17.292424	-43.307642	33.736892	4.379921	10.752591	-53.818449
	-61.708640	63.063456	50.757504	24.690782	-56.579482	35.741369	6.350869	38.740583	-83.002584
	-15.053036	41.591487	41.571330	19.153184	-44.025666	26.598312	9.780596	15.370623	-64.444377
	6.636701	20.545528	49.361395	21.604563	-25.649821	31.178946	40.205985	12.344704	-15.739625
	-5.938740	22.903041	52.633330	22.741333	-52.749122	35.572755	9.825299	43.501290	-17.118112
	1.409979	33.574427	38.595608	16.757894	-21.461548	24.154708	-4.984956	11.998516	-18.168755
	1.566310	31.232370	49.636983	32.613740	-5.620461	0.787645	33.267976	46.040115	-12.967973
	23.113476	20.288975	31.524498	14.518590	1.767416	-1.191642	7.927437	20.792597	-7.821887
	-3.430256	36.574159	-14.912062	-12.924581	-5.985320	-10.967766	16.379453	25.013683	-41.310651
	-15.625955	-17.228452	-44.022534	-19.680017	25.416728	-28.700865	-2.026980	-8.392483	-27.936170
	-1.760793	-30.253927	-54.696997	-15.995650	15.104847	-40.018548	5.071410	-17.959365	-31.380996
	-14.568744	-39.299041	-44.621852	-18.585030	14.404678	-43.250179	34.068015	4.094248	-48.527906
	-3.564227	-12.194338	-42.698247	3.940494	18.647083	-30.141356	40.752047	-28.880950	-32.479022
	-0.792782	-18.152413	-7.840853	-7.585707	3.258864	-12.617926	21.829516	-17.420884	-16.970154
	23.117199	-12.389484	-4.506655	19.215606	32.680941	-15.287526	44.777590	-48.770998	-14.032063
	9.497002	-4.261804	-37.160133	-0.777868	-14.365247	-20.815326	41.838889	-2.930218	-27.357673
	15.898329	23.500481	-55.036904	26.963341	0.612080	-49.131511	68.964495	2.493351	-53.676606
	41.007778	7.847768	-16.762543	46.918141	-1.125379	-23.216330	74.066341	-35.635104	11.967039
	-9.807721	7.081887	-16.211241	31.532332	-6.901952	-1.625357	48.829612	-14.919105	-30.337565
	0.445483	33.865099	-4.775723	29.505532	-40.015882	-13.005118	17.613059	4.476815	-2.779277
	-19.219862	9.758921	-19.950696	17.429437	-38.381573	2.246225	2.359436	2.300228	-18.674940
	-56.479166	39.127713	18.764311	-33.813507	-58.367109	-2.507467	-24.275709	22.147716	-53.718191
	-12.205106	38.216115	-10.162317	-42.453290	-51.402784	12.017588	-27.853249	18.272849	-87.255470
	-24.583554	19.769714	-4.688260	-49.387749	-37.087813	29.821252	-17.003379	-11.247002	-56.665351
	-29.014020	12.026633	-4.918179	-56.267010	-52.918720	58.525196	-35.271504	27.688240	-17.862904
	-24.089124	32.701101	28.366330	-65.484154	-79.983409	60.654211	-46.037097	-0.073613	-56.814395
	-33.192151	18.201074	39.710498	-46.397680	-47.981863	60.282887	-41.068226	-8.196778	15.193730
	-14.508006	24.422439	9.564337	-18.329566	-9.680061	48.337879	16.024557	-3.251682	-20.442349
	9.813264	10.665487	27.816383	-35.770593	-20.921534	52.581129	-3.523596	8.567844	-14.339032
	-7.453781	21.316029	33.342735	-25.385062	-13.054676	37.837376	14.562314	53.623958	-15.556026
	0.642245	-27.986077	49.217510	-20.158287	-19.622571	18.573315	11.864001	36.979022	39.940461
	21.638836	-38.181324	49.047194	-25.336510	-0.795031	53.918819	-15.864227	-9.872093	71.238858
	35.472531	-43.594102	106.906355	-39.530286	-18.411769	59.000416	38.646846	10.752355	64.887462
	35.144950	-62.501368	106.440028	-35.459838	26.369906	38.048981	13.554782	-45.691935	91.722663
	-3.570276	-34.172165	93.440186	-47.541894	-11.100445	73.348622	-11.753444	9.430644	73.221936
	0.469625	-9.182955	113.593121	-1.233632	-49.611651	95.730923	1.376466	44.829730	12.155675
	38.874559	-25.352611	69.218468	-12.121467	-15.801516	119.556483	32.566071	42.323489	58.400648
	2.498265	-49.742608	56.637840	-29.244052	1.773986	130.080109	49.675000	29.182451	33.149800
	19.998383	-22.982375	45.612727	-26.407425	-5.685406	119.793026	15.882583	-10.768440	36.204341
	15.007471	-16.214995	25.594586	-23.016023	21.604016	78.639380	5.479977	3.966089	65.958625
	11.931512	-1.510945	15.968118	-11.656151	25.258916	36.044942	20.811711	-43.700368	8.376801
	4.030207	-8.549201	46.155903	-14.330604	18.720852	-5.667586	6.299447	-11.284367	4.387121
	49.675064	4.221971	60.555779	-27.732593	26.428990	-27.964577	23.675303	16.662508	-30.013438
	2.443079	12.512536	54.494544	-28.003919	6.168301	-51.316070	27.766622	-35.960630	14.842116
	39.550748	13.436083	37.611488	8.378358	61.627491	-42.451212	60.915842	-36.761142	-0.550297
	5.455638	6.100943	33.895932	-13.732925	28.920927	-22.801371	57.174334	-15.658003	0.520121
	-16.740349	34.570142	20.775251	12.977056	-0.417112	-44.223614	52.116401	-14.042005	-16.212335
	-26.209349	33.454844	-5.330223	-10.952308	11.333875	-39.586842	1.173090	8.076401	-51.117463
	-33.257174	40.015154	-45.918892	1.847712	18.908414	-22.235120	11.091039	-27.032411	-49.416089
	-17.638972	43.641352	-2.012114	-45.309475	19.756662	-5.845611	-21.280038	-11.198985	-44.947807
	-54.717870	62.842655	-35.955256	-6.505755	-0.122676	-22.341130	-51.632098	1.875676	-64.581715
	-10.657957	38.880334	-35.204341	-35.471957	-7.664976	-34.749146	-31.533717	23.578124	-63.155857
	-4.177804	19.914406	7.212306	-30.934910	-57.361681	-13.589147	-26.888321	7.177993	1.657547
	-4.809541	8.782788	21.620772	-29.721074	-27.088233	5.860896	6.399783	10.029602	0.814132
	-17.649127	-5.736139	15.652290	-32.466265	-44.474432	24.562345	-10.000754	-4.464472	35.595958
	11.080768	-17.257783	30.474283	-19.821366	-13.632086	2.131097	17.393771	-11.825793	-8.160144
	1.604432	-27.651503	40.355286	-32.412262	2.933249	1.592641	12.812227	-31.521394	41.067202
	3.816697	-36.132285	43.266884	-26.848001	-6.454854	-7.284508	-9.981306	-22.252037	37.802039
	43.043316	-59.600437	42.782847	-24.399811	30.301484	-7.471513	-10.131505	-33.559500	53.649267
	33.588159	-54.411832	62.790607	-2.990279	-8.653028	9.524248	32.249666	-42.947458	94.061549
	15.440320	-46.772309	47.625086	14.742130	-5.226871	35.888509	28.387419	-8.390180	62.217206
	25.845645	-22.952770	44.295867	22.242259	48.856011	30.972817	74.145063	-32.890999	73.463632
	11.894794	-24.133671	0.273824	59.492010	32.860844	-0.298144	71.670692	-25.313145	39.344142
	37.537471	0.724320	33.064883	59.844473	42.466190	21.892097	39.185149	14.530719	63.801670
	13.486512	-30.228410	6.856362	37.547847	33.812137	30.063922	9.160109	-30.171706	27.336928
	10.267861	-0.264608	13.828072	41.965681	21.647143	7.919802	-1.974091	-6.533685	-5.218999
	5.634459	-20.611140	-17.228246	25.719056	43.373928	0.179237	18.580560	-21.684550	10.020083
	7.969076	-18.655070	3.757759	-6.665819	28.479893	-11.438768	15.158260	-8.545684	16.969818
	7.188752	-12.898630	-13.432743	29.183310	26.087572	-27.277025	-16.601049	10.781609	5.727162
	21.270224	-44.437969	-72.854261	-6.813042	32.605899	-16.813042	-31.906914	-19.505266	8.024777
	16.627277	-29.551451	-42.955694	-17.643464	45.712367	-29.617658	-5.712537	10.719551	17.840111
	8.469294	-23.072938	-85.117928	-2.433965	32.589970	-50.729896	16.877574	-44.777754	-22.560124
	32.793391	-25.065441	-60.276768	4.854104	46.446912	-28.937392	42.176655	15.575072	1.333601
	34.143653	-15.118423	-35.938133	20.184326	53.728432	-18.851641	26.236154	-12.785042	15.448544
	-14.740913	0.192432	-64.413414	17.166172	49.605148	-21.531343	11.057874	-31.388101	0.448016
	-35.991679	41.870267	-39.705912	37.125846	-3.573326	-33.719259	-2.626177	-11.953917	-44.243181
	-36.903919	30.549133	-66.100430	28.183130	66.321545	-35.475180	21.801388	1.268754	-30.638199
	-31.599365	22.900960	-84.005053	5.581726	23.057733	-33.385441	-29.786678	-10.148630	-94.531261
	-26.522380	-12.208326	-72.156384	-11.837328	16.083873	9.508611	-26.673719	-10.723708	-41.374138
	-3.479696	-0.378123	-91.476787	8.568231	13.359901	4.897715	13.186010	17.200163	-29.698564
	6.302479	10.456106	-55.773660	48.610151	51.462033	-7.157524	27.478402	-1.617772	-6.613601
	28.986375	-8.280209	-45.390791	53.787441	72.796634	-15.451780	55.961898	-26.504408	3.896628
	31.865677	-20.340741	-47.300179	28.183089	30.374371	-4.816369	48.582211	-15.157064	-41.997466
	-7.761134	-33.030080	-50.454968	1.770548	-23.735488	-42.477229	-42.145532	5.182518	-41.528550
	-40.009498	-20.774906	-49.145309	10.065776	3.162811	-55.982567	-9.527308	-1.156776	-40.471104
	-11.956204	-58.205658	-7.973806	0.344988	-18.985514	-25.053235	-21.721480	-21.775058	-13.691204
	7.825865	-51.230146	8.620205	-14.851030	-33.622280	-29.509466	-2.419455	-9.773780	24.121870
	5.420211	-73.086459	18.836843	-5.200438	-49.035524	-24.549537	-10.234350	-7.431752	28.253608
	23.850263	-46.361978	42.809880	-45.099402	-5.249528	7.040095	-3.073412	-23.888420	13.369260
	15.779788	-14.940539	16.590426	-5.829610	21.968892	-16.019951	17.276168	-31.340803	17.452481
	37.013127	-22.894556	5.470298	-23.335439	37.962884	-23.510405	39.032277	-21.617424	49.969539
	12.373422	17.028981	0.280457	8.523190	38.605818	-12.630344	42.665233	-0.463673	19.881708
	-11.034365	4.550366	-19.512648	-19.966446	-15.598929	0.295998	-5.258218	1.845956	25.472999
	15.875850	29.009551	4.987079	-4.310336	29.090947	6.106560	-19.977123	-2.645328	50.874398
	23.403017	36.414468	-13.870156	27.170085	3.236665	-13.855556	1.495656	7.841971	-9.079199
	9.164970	25.310686	53.835270	27.908584	-0.496710	16.911459	45.124374	-8.916313	46.929525
	-14.296466	6.111774	42.850738	42.002493	-37.334471	35.460052	21.861741	8.305672	19.256132
	-15.322948	24.699528	1.340367	48.460641	-43.581924	64.311381	9.498286	10.112364	-61.423051
	2.567663	13.949589	-8.539117	68.459218	-18.708964	56.416860	28.038097	4.777279	-46.513872
	5.770446	26.189214	-44.664026	61.407282	-7.658837	37.044106	16.210170	-1.079800	-72.070777
	-36.825537	35.473315	-53.400920	94.932699	-28.061880	11.169469	25.627503	5.316387	-121.868353
	-6.054378	10.262837	-72.444412	96.550282	-9.238133	-40.786055	9.091269	4.965671	-74.604267
	-16.481786	2.857734	-46.767656	76.374525	44.156817	-27.728248	1.104337	-6.804288	-49.872016
	-4.264719	4.809643	-53.136909	62.263576	73.405088	-45.135607	15.551016	-15.184295	10.332596
	12.876104	32.915810	-83.174398	61.101998	70.565298	-49.835806	0.625722	-24.328506	-69.931268
	8.147103	2.616545	-57.252648	25.836167	83.710170	-67.347419	-15.956479	-74.203670	-10.933970
	-26.099573	2.794902	-75.936749	2.716696	53.136703	-59.469990	-29.448793	-0.536036	2.646384
	-37.558146	5.870643	-79.322889	-12.438630	10.977751	-57.659812	-45.106290	-1.541549	-50.326862
	-29.621177	4.212809	-86.720668	-15.944675	6.837445	-43.649249	-52.525228	-24.405621	-51.902342
	-28.685162	-25.476260	-47.218282	-16.865283	10.195920	-39.853045	-57.248109	-29.895435	-54.283674
	-20.622489	4.461483	-62.660971	-4.386172	-18.640330	-33.779510	-24.067821	-20.879504	-68.833632
	-22.955748	2.660829	-53.434612	-31.487541	-16.872018	-8.964138	-43.146656	-4.712671	-74.640155
	16.698357	-7.414644	-0.281051	-3.130591	-27.448600	-0.803075	-41.036548	-11.512499	-3.312809
	23.016693	-7.961176	16.083240	3.116811	-1.770871	24.870259	10.587868	-25.064217	34.023662
	39.220484	-42.123752	47.581750	25.503985	34.214912	30.736942	4.048339	-5.130775	78.120051
	43.323579	-67.159874	77.951464	3.790646	36.102194	48.398683	30.530606	-10.375044	111.550055
	88.369279	-59.403582	76.766286	21.615115	30.834759	6.634401	50.444335	-38.885237	68.890521
	76.490991	-45.802686	78.015993	-6.449000	28.181385	11.355509	69.968494	-15.130133	69.249620
	61.817936	-39.346492	43.301458	-17.538078	24.123824	23.664590	44.256418	-31.211089	55.773760
	-18.567115	-35.074150	56.088033	20.722382	-51.548597	6.924512	8.960337	48.963936	67.415270
	46.133850	-55.307942	98.003139	-23.985818	4.501343	24.993466	4.328702	18.477521	93.053816
	11.490312	-12.200088	76.162509	-9.018125	-7.461403	4.416762	-11.433695	6.166653	36.032649
	-2.678430	-16.729079	27.282511	-6.151611	-67.957586	19.129538	22.318300	23.972263	-0.007631
	-7.469138	4.022535	7.430576	16.259371	-67.670582	44.975968	-9.152167	12.889507	17.425234
	-11.401017	-10.396924	29.243173	-6.286916	-52.166711	39.652594	13.329499	10.205606	45.155145
	32.934926	-4.800424	39.875107	-11.468286	-36.136401	34.388732	12.860207	2.714814	31.591719
	30.927548	-29.947646	46.251592	-4.414860	-51.311876	11.039181	-24.464718	6.741890	71.966007
	7.229134	-28.421779	51.509263	-66.490866	-11.908507	52.097265	-23.249362	2.403849	71.064713
	43.401060	-23.810371	68.240020	-86.263298	45.162721	38.593404	-20.473337	18.801356	90.452151
	-11.202788	-4.734381	35.255955	-38.229438	24.584607	28.543473	-20.883646	-9.143848	43.807279
	-13.438989	-12.322726	46.840285	-61.810421	-22.556536	14.978360	-69.281591	21.638747	52.511307
	-27.942368	-16.829819	25.941751	-73.668822	-28.128698	20.734521	-49.530632	23.021085	42.197594
	-23.052769	8.752423	0.089608	-61.399248	-24.047026	20.557992	-30.272889	10.879064	22.567736
	-10.961455	2.809221	24.608103	-68.028760	4.663500	1.060440	-32.463087	28.137628	22.599906
	20.075249	4.068725	28.911549	-53.262495	22.913016	26.827590	-4.193757	51.546523	60.113136
	-22.062599	27.303891	41.816566	-38.534317	5.590797	10.466735	-16.693645	29.356776	36.001047
	-47.656285	34.869924	10.361519	-40.656705	-38.607917	-11.746943	-42.064593	36.040714	-34.942445
	-35.092758	26.597874	10.085382	-22.198274	-13.618524	18.722854	-21.825731	26.052758	1.796247
	-15.067496	19.504443	28.114129	-22.953364	-6.160077	33.983200	-16.356903	18.437584	-10.850242
	0.173380	8.240809	-4.256811	-39.774272	-13.893453	34.913861	-33.600976	48.327830	-15.854827
	-24.012251	21.713277	-10.085983	-27.109109	-18.495118	-3.445784	-28.468340	19.664766	-30.077487
	-27.294486	45.069630	-32.850857	-5.886007	22.286078	-2.885023	-3.036618	14.075061	-25.573941
	28.774046	74.068759	-9.093928	20.670325	70.711885	-9.018019	-0.353231	29.707087	-0.513162
	-43.297240	23.020780	-30.914500	-22.259435	-32.360668	-9.460224	-78.607304	95.762176	-36.125244
	-17.281701	11.149974	-13.532629	-35.488201	-33.713952	12.613051	-82.512935	-1.427783	-45.031698
	-14.254621	24.417137	21.647259	-28.604575	-57.348817	-3.999582	-60.002541	30.514006	-31.394769
	-22.920935	9.725828	-9.844383	-43.846385	-51.288720	2.593449	-64.716773	57.547293	-13.514967
	3.760818	-4.405403	42.148107	-51.660776	29.656874	8.412469	-32.461390	2.752967	42.608471
	7.492152	-8.624050	30.024279	-65.054408	9.105628	10.993221	-12.691778	-13.000300	37.331871
	12.254698	19.283437	1.657136	-41.849655	8.978606	-16.679460	-22.345508	11.108437	38.353686
	30.008951	11.087666	5.312568	-26.415654	23.085644	10.951962	0.452966	30.621885	1.274552
	14.318430	13.525923	16.672907	-20.324728	38.833823	7.988717	22.048864	-24.488814	13.207045
	19.023354	28.084972	21.934223	-11.760783	-18.351623	11.330406	10.981009	38.440794	0.251226
	0.674025	6.765556	23.426839	-15.233553	-39.320319	7.876040	-12.613547	0.609926	26.279883
	12.325528	-6.164707	40.042226	5.018014	-27.707817	21.044642	-7.597042	17.311352	36.517875
	-0.076521	-9.594261	38.735579	-10.905377	-44.549805	12.998801	-7.842130	6.980620	-0.029471
	1.730052	9.803448	30.824429	-14.069482	-19.259633	24.843965	-14.637442	-5.468775	16.085251
	6.277897	14.930775	10.692875	-11.091241	-56.551847	42.628583	-14.260459	6.905002	21.453680
	4.493402	10.656669	21.716881	17.497246	-31.266895	28.243720	-21.591938	3.374737	-9.672175
	5.694355	30.811544	42.046313	59.314610	-32.036292	33.632726	15.043457	36.176396	4.003027
	21.533946	18.144137	52.532465	50.585503	13.718102	39.987790	37.331214	23.488522	16.370757
	2.398053	37.077626	30.571387	29.868373	6.219301	24.273084	-7.063248	39.441629	28.495603
	-15.812906	60.771886	-9.646495	64.437358	15.142892	53.266677	21.087680	55.731353	12.211712
	35.029780	46.975114	36.936238	51.703636	5.285395	29.019445	28.487153	66.581301	54.801808
	-3.302835	33.832398	57.060976	18.224118	-19.690313	11.048565	-4.385505	53.177900	54.681639
	35.309731	22.668329	52.470995	69.830852	8.828534	43.947890	54.871075	53.667678	51.563529
	72.851040	-8.897265	33.211635	38.693410	15.818214	39.252281	37.769971	-10.542087	64.124482
	64.691966	-22.308053	88.477155	46.684812	60.528859	41.373752	89.209245	-21.311653	76.119530
	59.577161	-7.451448	77.771187	50.721580	58.652427	14.093568	94.099829	-31.680050	78.095438
	52.456111	-13.250625	59.028150	51.238078	72.955147	-4.611063	91.548637	-34.407523	65.938871
	58.660675	-32.994093	9.963171	36.013713	65.962852	-37.451466	53.606328	-26.576106	33.583127
	49.929792	-7.390161	-8.235395	54.216693	26.705419	-29.539588	41.093571	-16.274310	-1.312678
	20.700958	-39.001157	-54.691771	44.117698	48.724633	-57.762017	36.736307	-27.727982	-28.805952
	23.981788	-36.889026	-18.829893	19.029545	66.119881	-45.529803	26.014098	-60.536635	22.008800
	3.257525	-34.281291	-43.597737	22.516135	43.930539	-27.887747	15.530324	-18.861345	-14.536835
	-5.895953	-78.722825	-58.734803	-65.660468	33.157503	-22.184654	-24.255754	-19.596642	17.476356
	15.618532	-35.599297	5.496009	-7.055088	9.307268	-18.743501	25.698048	-18.107089	47.955416
	34.205287	-45.059272	19.310749	-6.336927	-49.619629	7.144810	17.045954	-12.002928	7.927953
	5.144807	-61.452462	10.557741	-42.922373	-32.666241	19.923847	-12.096749	-2.838141	38.540858
	22.907725	-42.578346	41.045750	-29.096455	-20.452071	13.672810	14.557971	-31.704958	46.959297
	9.240709	-11.615744	33.075343	18.369365	35.664469	-7.320643	17.370496	-2.134794	50.291859
	29.931092	-25.052711	14.247003	1.969711	50.915740	2.780437	23.996441	-35.314323	24.240653
	-8.867941	-34.623485	11.124385	-58.762827	27.835380	-29.177209	-9.431947	-13.155696	14.375217
	-20.093055	-91.027519	-0.339550	-54.311217	-46.448222	-47.728189	-14.850850	-34.351050	21.498682
	-3.555768	-24.879128	25.514313	-25.146023	-34.101882	43.309296	4.074734	-39.350062	-7.560285
	12.362178	0.128377	33.144774	33.326654	-53.753032	48.999433	7.741068	33.163558	5.495123
	38.240996	37.326593	2.432134	69.910007	28.356111	40.949619	28.999178	34.659550	32.001919
	43.081541	17.313504	41.506426	73.791425	6.577393	32.858539	49.997580	-13.024361	28.836158
	2.303518	21.041361	22.398633	7.426046	17.275558	20.980560	47.506899	17.767903	-23.115752
	-0.442087	14.617319	20.888691	44.062840	-28.307112	34.130191	25.827990	21.106634	-34.489745
	8.663300	1.551998	1.679170	24.805428	7.277492	27.107111	-6.704649	-2.109561	-14.009902
	-7.277538	-0.646707	-18.865330	19.557849	8.872367	6.539107	35.120440	0.235909	0.456229
	20.670407	-24.234521	-0.589525	12.252686	-6.250429	-2.532450	25.333144	-3.766425	33.959862
	7.938617	-12.527598	-33.477764	13.539024	-37.537390	-44.153300	-12.763570	-1.538160	1.798087
	31.732922	-13.840810	-32.513649	24.082708	28.119581	-35.380398	27.560115	-5.626099	22.708781
	-1.249566	-11.834398	-51.096437	-6.660802	8.474020	-29.392619	13.209769	-17.535321	28.347324
	-9.229822	-6.453276	-12.395694	0.361873	-2.847183	-41.075122	-8.630269	-23.294210	4.133522
	-6.861454	11.241782	-40.538742	-34.181362	1.181399	-74.162030	-24.150546	0.486075	-41.497307
	-38.094795	20.546103	-20.426674	-23.373028	4.333092	-21.794214	1.434754	8.174953	-36.858274
	-23.089132	31.896077	5.273090	-10.894678	-17.703388	9.768707	-17.758310	21.872321	-46.024059
	-57.902432	36.248682	-12.054937	-17.148301	-47.510270	27.567816	-22.495601	35.972940	-79.149705
	-51.289478	52.918772	-16.499940	-19.529702	-7.195747	17.097356	-28.029507	30.510003	-50.224769
	-36.583097	34.924216	-16.289480	-13.079795	-1.853930	6.550369	-10.315030	-1.583261	-31.550473
	-8.026622	20.432581	-21.839699	10.008055	-57.452414	-26.055896	-38.868450	29.131830	-27.194451
	-12.061487	30.755731	-5.530512	-4.984472	-30.028878	-19.453002	-17.607411	-9.829448	-26.715822
	-10.763479	34.157088	8.704264	-3.174739	25.681122	-6.952370	-1.994768	26.130925	-12.937338
	40.249608	7.490107	12.101027	12.729355	39.039467	-9.141035	20.104106	-13.561940	4.692765
	-41.960095	22.625921	-37.811587	-2.900288	-14.991879	-28.598793	-21.415395	30.274135	-26.202438
	-7.596295	26.627665	-17.994872	-10.837276	30.611276	-10.711123	-28.521399	8.232720	-34.718993
	-17.480904	2.915529	-26.703976	-23.615323	51.173345	-15.124211	5.597016	-13.688372	18.765790
	-19.249234	-17.912003	-17.914517	-77.902979	-26.892643	-22.612404	-52.929654	-25.534360	-40.123976
	-29.011838	-37.167590	19.079519	-66.763306	-32.318091	-12.668601	-53.127849	0.559263	-27.215155
	-6.664678	-61.458034	1.868574	-24.911068	-37.349622	41.460516	-35.319504	19.283023	38.713317
	32.750524	-81.670653	47.978835	-23.906221	-35.503065	50.301768	-29.083310	-34.574664	36.190147
	3.808549	-59.447244	0.767661	-21.378392	4.506697	42.780630	-17.728362	-36.041729	45.758725
	11.235664	-54.675159	-19.756208	17.772332	-21.744254	-16.095173	-16.898061	-11.898057	15.966602
	19.639657	-3.692519	-26.187931	-17.819857	38.344706	-28.702341	11.043138	-34.962213	24.396148
	-32.761810	-18.758387	-83.172988	1.816255	13.719053	-26.621269	-23.758102	-26.822939	-14.747116
	-10.924299	9.527282	-47.625739	0.381763	35.162008	-19.606365	-16.199294	-28.013436	-29.865852
	16.123534	30.458340	-18.684986	-15.994491	1.524958	-8.815288	-15.883644	-3.751665	-23.822491
	-63.287287	-30.868122	-37.939944	-23.098434	-57.375364	-66.550784	-82.833439	8.991407	-37.265980
	-56.291274	13.994268	3.357469	-29.044701	-42.511690	-30.943513	-66.793220	11.691534	-16.991362
	5.833494	27.139790	-37.252758	-25.946809	-38.126444	-33.423470	-55.693939	9.913131	-28.557337
	-21.512803	13.746391	17.769614	-17.643491	-31.195243	-31.392945	-30.782568	22.856960	-11.934400
	4.965505	25.864575	56.266396	-21.215057	-23.679299	-16.364172	6.857358	18.901800	32.304765
	28.301257	18.386599	69.930262	-14.245502	-9.024073	-3.751297	34.368439	8.803606	47.081516
	2.266754	24.986055	39.909976	29.103619	-45.977042	-3.028476	0.446532	47.366785	57.169782
	32.236075	33.883678	60.556975	87.457310	-11.125404	22.171384	25.115892	40.278973	53.110420
	28.680774	84.207927	13.180190	139.917183	33.264688	7.546700	47.616556	23.514546	3.422838
	-5.499571	24.115899	-49.044878	22.469898	-5.028401	-6.332433	5.472725	12.084620	-49.903702
	-40.087022	16.453761	-16.597668	31.186504	-114.481450	-15.465522	-26.593914	17.164868	-94.623164
	-55.269876	48.532295	-7.202246	27.522464	-88.206407	-5.631942	-31.163991	39.702536	-73.019414
	-14.299456	39.337951	13.483889	25.489947	-21.343182	1.323092	-14.103245	-16.746664	-40.980866
	-8.842712	45.905444	36.182273	28.315350	-2.078337	-2.774072	0.875205	2.974930	-40.290589
	-11.243003	57.510729	26.432986	3.308155	-16.626715	-2.205173	13.600572	35.200682	-48.891155
	6.912055	76.010568	51.351865	46.182196	26.244884	3.738274	19.686311	34.079793	-58.679883
	9.301575	67.987452	49.113046	61.672694	-9.295536	2.444517	22.873966	4.702130	-41.818117
	9.562706	63.514263	38.671374	68.275750	13.586050	-0.468607	43.992080	21.223695	-48.988101
	-12.854158	77.034265	35.150126	41.771264	34.666636	3.341854	34.992387	28.514999	9.959944
	-10.630935	96.490309	9.773986	35.504288	4.672250	-13.528708	-1.078144	50.438333	-19.051404
	5.569614	52.801212	22.450967	14.512026	-41.225572	-0.250656	1.553909	18.123245	-22.085680
	-14.690014	15.429745	-10.696076	-49.893992	-12.944612	-1.116817	-33.674968	27.991174	7.496933
	-31.053436	0.350125	-6.059628	-45.554942	-37.358272	-15.728019	-59.176137	37.887904	-27.853655
	-33.411140	17.405969	-40.141104	-15.978903	-15.236240	-13.609391	-11.908794	22.180718	-31.977736
	-39.453607	-16.350128	-38.566912	-18.172730	22.956058	-18.936155	5.934808	-5.772339	-54.842382
	-64.588604	-54.169335	-14.495235	-64.366451	-7.120546	-19.123697	-62.436792	-45.303461	-48.011602
	-34.295004	-27.421474	-40.788468	-51.369337	8.803994	-41.371473	-48.208980	0.612744	-51.890500
	-51.642316	-36.249829	-15.811909	-41.855401	-3.501242	0.160638	-24.864663	-21.668542	-32.334732
	-0.068092	-21.891903	-15.928982	-17.384225	46.362914	-0.018912	-23.352647	-29.255947	4.525667
	-11.184710	-29.369682	-15.614758	-37.299820	29.692166	-29.558900	-14.611675	-18.542109	6.117763
	-2.463622	-5.704043	-67.919913	-2.422763	14.054557	9.643782	-21.784667	-29.059406	-32.428773
	18.702415	-22.318188	-70.269395	17.519583	34.427700	-12.639601	-21.567216	-37.047590	-18.076243
	10.146122	-10.471076	-51.236411	18.519045	5.406160	-25.435424	-17.706972	-12.705384	-51.294140
	-0.927264	-12.373382	-59.840599	-10.403259	-2.241652	-3.652483	-27.162267	-38.007855	-62.211885
	-39.514673	-9.845062	-64.646859	1.606928	43.121617	-30.511911	-6.537326	-30.816054	-48.640148
	-6.215825	-15.079360	-66.991315	6.317606	66.871657	-20.888144	-18.463429	-37.490895	-55.368758
	-32.856358	10.453736	-79.047128	20.950177	78.186703	-27.026858	17.138441	-44.076236	-41.354615
	7.284051	-16.125284	-80.049578	-26.864595	39.480928	-31.207723	-18.484429	-11.975077	-40.252205
	34.276423	-65.020139	0.366961	-54.638531	12.957715	-17.917150	-23.707801	-17.438555	9.880386
	-20.761232	-88.393820	34.111268	-80.327165	-55.094435	-49.946673	-54.862957	-19.613675	26.169017
	43.929227	-54.176616	11.201141	-0.372741	-1.163345	-12.105295	22.236013	-12.134441	61.852018
	-2.841988	-58.829807	16.353140	-1.056590	-13.994080	26.206719	28.111017	-2.286443	11.486279
	19.577875	-48.426189	26.704064	-31.290482	-37.238838	66.904471	17.930485	12.797369	45.287821
	11.723745	-32.436278	48.425634	-23.317651	-11.358810	87.934803	6.157678	-3.945870	33.684386
	28.658174	-22.273206	46.741756	-35.890096	-29.280526	101.451705	23.578249	-6.190429	77.585528
	23.314268	-4.770022	60.723381	-6.264224	23.023438	81.335600	38.377989	-10.537643	60.575250
	45.233602	6.695502	32.007288	-13.215374	4.265143	65.546733	30.110464	3.517323	43.685446
	5.646783	41.833782	-4.514496	20.030150	1.906379	38.902355	54.349979	-2.537432	33.799406
	-5.748730	40.017280	-40.923485	49.053199	6.583631	-6.968281	38.300242	17.802472	-17.426716
	-13.673316	35.981505	-37.716507	51.052903	9.482586	-6.202356	47.165419	64.501663	-4.409943
	-1.811163	39.058365	-7.147650	28.623516	52.788022	-17.953776	-7.289473	11.005432	-6.682369
	29.566388	28.809006	1.142410	27.250433	13.507184	-29.694696	30.782569	24.822390	24.426884
	-0.127520	43.220271	-0.429111	17.866606	35.746700	-43.999980	19.376191	-1.143064	9.026376
