	-7.748634	-33.793770	-39.085786	17.330009	-33.299100	-68.339491	-52.235183	39.649454	-34.396353
	-7.416349	-2.579230	-39.507552	57.532794	-13.213477	-17.081140	17.173127	34.218853	-39.398543
	31.683703	5.789094	8.247493	79.443627	-5.781716	-18.417011	24.730466	21.149166	-7.027975
	44.281101	-36.708370	13.858633	20.130331	-18.382542	-13.462891	-23.089746	1.771679	46.374429
	48.051392	-62.396567	16.207747	-12.177666	-39.923475	22.096591	15.788871	-9.527652	45.124075
	60.110460	-85.636606	0.622161	-29.845444	-60.592572	18.990917	-27.619591	-38.386733	31.815143
	37.056732	-54.741302	-7.878394	-31.050765	-67.525752	22.538402	-6.290604	-0.792560	1.076463
	-4.004778	-49.884523	11.513934	-80.008922	-70.273064	25.580276	-29.956717	-8.654782	-3.463926
	42.920240	-3.376390	22.820737	32.496401	-72.720582	-0.442004	-7.847147	2.013185	-37.666520
	26.224377	39.198883	27.495564	77.593175	-26.028790	14.386065	36.946597	40.272138	-12.487356
	-6.493997	6.553261	47.347881	-6.629161	-91.247698	30.086731	-5.335474	0.708997	-1.594062
	-19.412898	-1.771408	-4.020007	-22.839364	-110.552848	45.609981	-4.948768	-22.684734	-44.447372
	-7.618174	-0.930079	-17.488095	50.046077	-85.264531	25.262205	-37.881939	31.163568	1.995091
	4.243521	12.855918	-27.656121	84.260088	-26.257851	21.369227	47.002308	20.848803	2.932559
	8.598213	2.796379	-29.053505	69.729562	5.557529	3.651649	41.957518	23.768323	15.923625
	-10.437211	12.521666	-10.873680	21.228590	61.487831	-12.414017	14.356514	-1.311282	60.054132
	2.842400	32.707643	5.511609	72.123238	69.702622	-30.207328	23.381113	6.997588	29.872248
	-3.464911	43.358404	13.830990	17.952974	121.945898	-11.597011	42.212704	14.965435	40.200565
	15.927884	25.284557	-0.913227	20.661880	164.346230	-30.750537	27.315592	-3.303237	48.463345
	11.572432	5.591801	9.430002	-10.554362	101.847396	-4.174364	14.999543	-3.196962	59.629683
	-14.435856	22.896947	2.503861	1.434659	124.467937	-1.465456	23.804864	1.662253	31.934448
	-12.587815	24.917729	-16.437132	20.575088	58.360179	-23.735291	3.819816	4.399082	37.293463
	-39.780118	18.540707	6.910930	-0.541427	35.345846	-11.219496	-8.527014	-15.823845	38.718021
	-11.419990	37.410683	29.921847	-8.695273	32.399297	-25.522897	7.308727	19.032354	13.502342
	-38.794192	36.275295	7.652629	-1.622395	33.191124	-19.909247	6.272954	-8.420242	-5.648858
	-41.603053	55.109038	-20.475859	12.222249	71.865751	-27.392971	25.447157	11.027127	-15.552054
	-7.644081	26.727871	-45.599231	-3.537563	47.648281	-22.977335	-2.036296	26.862281	-20.354076
	-39.171427	41.722829	-37.979146	46.986375	62.470844	-39.633746	-7.711241	8.493435	42.592365
	-29.006342	25.529756	-31.807087	1.842046	88.185274	-27.847754	-13.345979	16.422504	7.658243
	-6.739295	8.009837	-37.490026	3.954385	81.926788	-1.571435	22.983835	-33.594615	3.050563
	2.819207	22.854516	-13.770292	-5.152335	47.361360	19.818743	-14.947624	4.189617	-14.595451
	-9.123675	2.146440	45.165068	-16.486370	35.299197	21.558787	17.775413	3.106834	-16.687209
	-9.608738	28.352638	13.182179	-1.525701	32.853032	22.621075	26.856076	-17.865803	11.720195
	14.291343	54.961816	13.878588	39.817649	52.049265	34.084242	64.490262	-9.094020	0.378592
	15.553321	61.267761	10.663656	72.156475	11.042264	18.855750	69.888657	-1.205644	-27.647218
	-9.522691	15.466107	5.691503	-76.507947	15.994805	-9.053133	-9.476971	-58.046612	-47.589988
	-38.272885	22.842983	22.150781	-40.662699	32.449224	-37.172265	13.557869	-33.635634	-76.723233
	-15.400560	7.889414	13.667608	-36.078449	-6.865250	-10.329884	-42.046927	-5.493888	-30.579564
	-41.971130	25.743850	45.612888	-11.480089	1.385892	-17.287084	15.443533	23.684214	-26.992680
	-24.867224	22.573334	-7.708951	-67.677282	9.164573	-3.708799	12.406334	-19.403122	-15.135399
	-35.771591	23.939981	11.848482	-58.997022	-12.452490	15.821133	6.362358	9.723207	-71.669801
	-25.748913	22.522489	30.082894	-42.681299	-16.868685	5.228059	-4.548832	7.031794	-81.403577
	-23.506027	23.597315	23.941175	16.611252	-18.984267	-0.954298	-32.849957	13.647158	-24.915056
	-22.429835	20.574435	15.811656	-8.059148	-36.570745	-3.711689	16.471071	8.050362	-54.236881
	15.202603	58.857125	3.313173	54.313209	4.136738	11.442142	60.730298	12.341281	-19.727663
	-17.298236	41.671603	12.371461	11.960373	4.811018	16.107887	8.535267	25.443551	-36.771258
	7.656934	43.997666	-15.804609	36.210352	-24.615046	-18.695910	16.792317	-3.199903	-77.536544
	-23.862309	49.234167	-47.409376	56.342407	45.803860	1.703093	19.839202	15.766806	11.186650
	15.517082	34.917600	-7.963663	29.850038	40.874056	-12.918698	6.680885	13.914390	-31.162760
	-12.105960	10.141384	-6.451886	14.318731	1.209930	2.044913	15.891229	4.386635	-41.876715
	-37.825046	0.150883	-28.579282	3.101500	-31.830256	-3.669341	-52.881202	6.674476	-58.055003
	-49.182884	33.519926	10.346152	-10.188701	13.688472	-29.755614	-2.624088	8.565508	-48.230246
	-43.354000	2.840222	51.731633	-30.689295	37.843252	-18.010349	-36.319779	6.976872	-62.781420
	-4.642275	4.021759	26.855565	-49.597583	10.637638	0.289924	-10.210252	-4.463774	2.262951
	9.122305	-38.454331	7.337168	-19.306643	-19.020178	9.670904	-18.822853	0.791719	12.849014
	19.071155	-56.833763	-21.533536	-49.241354	-39.327920	3.315181	-23.376768	-11.313033	35.320633
	10.076604	-58.372997	20.836180	-51.509657	-63.032169	14.306680	-4.841218	-16.041647	87.347788
	43.545627	-61.500260	8.329012	-65.119215	-63.643646	24.538559	-39.256997	-28.310776	41.760126
	14.046720	-69.641973	-35.948207	-46.035358	-79.993632	15.486406	-62.686269	-17.794841	44.878218
	24.037407	-70.545589	-27.463918	-72.687691	-86.732912	5.912590	-17.293089	-26.616645	33.348389
	1.975719	-55.743806	-36.385278	-38.122457	-42.059681	21.328109	1.393137	-49.435108	-3.147334
	13.543546	-54.192534	-43.610246	-47.417302	-47.225439	39.099420	-31.217049	-23.567360	-55.558687
	-0.981599	-29.063903	2.050753	-27.040681	-44.983127	1.792059	-1.994869	-36.761534	-27.953008
	10.512098	-31.243377	37.312036	-34.959130	-37.292348	17.782982	14.025826	-31.271201	-7.695838
	44.305978	-41.645920	-22.254651	22.820758	-52.604417	36.914311	29.552590	-10.266065	-8.885758
	41.840405	-56.183670	-19.859402	-2.645360	-64.772641	28.517059	-20.280040	-22.866416	20.392271
	29.178973	-64.864606	-26.009472	-2.751735	-70.555821	54.937568	-21.347690	-15.834901	-23.530275
	23.199332	-34.444661	-44.798942	-63.073539	-54.554751	49.721747	-16.218139	-12.534390	5.247180
	29.342516	-22.660275	-55.538291	-87.254943	-35.386540	23.643892	-48.634312	-2.959802	25.524638
	-1.628174	-9.499811	-26.907312	-68.068440	-12.004377	28.617921	-76.002909	-16.854392	7.940132
	-3.644671	-21.537257	-20.744745	-76.023563	5.153926	12.840231	-57.433212	-29.352401	-21.946051
	-34.735676	-16.181887	6.961233	-83.798468	11.352656	5.104474	-80.443399	-6.723613	36.229564
	-42.566386	-24.323901	1.191304	-100.820210	36.398854	-0.649991	-91.334057	-34.019047	-7.321176
	-37.079965	-10.369809	-20.589260	-66.242430	16.092831	-9.869205	-68.900520	-46.808986	-20.362413
	-33.595057	-31.355765	-27.876098	-64.689112	19.082561	-26.669143	-66.859827	-12.429019	17.138131
	-59.440316	-34.150685	-59.541437	-37.812109	54.118633	-21.254468	-32.277064	-21.100223	-6.090123
	-5.806268	-35.953394	-68.146459	-19.200095	9.255848	-16.303381	-46.241160	15.559937	-30.348800
	-14.178229	-42.540629	-38.381749	-2.288435	-45.781203	-1.884443	-31.716977	4.941323	-40.962796
	25.461447	-52.036814	-40.486131	21.733340	-86.499463	8.514440	-37.591652	14.813768	-6.643136
	36.616538	-52.946138	0.098621	66.385967	-106.640546	-0.657679	11.370282	32.889961	-23.402378
	39.791931	-4.968687	17.564859	93.438530	-7.069250	2.129035	36.614244	15.570397	-22.632907
	25.508610	-5.988403	-17.972499	62.316697	-1.722256	-20.299370	35.274219	9.150917	-10.958410
	32.616439	33.458630	-12.845986	137.649309	58.932754	-11.083269	59.105977	53.467066	-19.037912
	-4.810916	29.294535	7.889896	8.724554	0.260278	9.237615	-13.917186	-28.199011	-69.470903
	-10.910626	0.780440	52.510210	-53.130172	-51.692423	12.869488	-28.604331	18.032928	-48.148941
	0.291869	26.950533	72.119240	-3.866678	-80.761422	-20.866333	-52.330490	23.362372	-30.801246
	5.146106	44.283059	63.923410	11.529104	-59.115812	-21.050327	-4.185415	39.886011	52.093618
	-6.032366	31.945353	105.323065	20.247443	-64.296209	-19.403151	-14.252169	18.499352	53.418526
	-40.095664	32.143060	127.803448	-14.215757	-26.818384	-10.014622	-21.633507	37.279357	25.338515
	-25.210550	32.393195	121.231388	19.396983	11.925718	-5.018656	-14.836318	4.064810	38.481079
	11.396452	36.055470	84.458769	24.740127	55.389822	-16.009216	15.685146	13.777685	103.359506
	-5.307539	1.913298	107.784041	1.355087	69.308854	-14.549479	-39.557883	6.827859	96.981211
	-31.864876	-8.856671	106.354626	-31.487609	78.627051	-9.028994	-15.677425	4.134814	109.718194
	-33.767303	-11.895441	63.765545	14.079193	35.955770	-39.022440	-25.504313	30.817289	115.520975
	-11.403218	-14.766595	42.841778	7.641397	-15.415133	12.860262	-41.468531	-14.987467	110.991756
	34.892584	-32.011937	-47.660288	39.127235	-49.706875	-20.043272	14.077759	28.371007	9.564471
	-4.463349	-38.804966	-41.487539	29.855554	-48.078544	-22.443827	1.526027	3.536563	-53.338011
	27.713790	-19.518333	-97.797261	104.564044	-25.259400	-3.349676	35.922474	-2.005710	-55.224058
	12.096519	0.335302	-85.869625	26.055170	12.007419	-21.723135	48.686325	17.079148	-0.242775
	-2.847634	9.060110	-44.847569	2.942253	15.529178	-18.853033	-16.125834	3.576577	-9.461433
	-1.907235	52.743910	-52.636013	-25.896089	57.319880	-16.748307	7.370729	-6.078038	-19.135473
	-43.391681	49.339637	-30.688765	-32.555790	-13.548820	-1.769163	-29.798982	1.108349	-74.506791
	-28.855244	35.839980	1.075446	-7.537018	6.246965	-0.077738	9.821308	9.913636	-85.615662
	4.580633	36.729884	-31.073194	-43.577311	38.170407	-17.010424	50.414440	-11.728278	-16.109748
	16.505723	24.070856	-15.831398	-1.368872	37.466319	1.050450	36.188256	-6.547447	-58.396239
	18.411889	13.479649	16.472832	19.941383	10.960612	-22.111640	49.545904	-8.206186	-32.747430
	-9.086477	23.275399	5.076140	-23.955846	-6.603639	-12.833840	26.225899	-8.527546	-56.626484
	-15.880168	16.377537	30.815776	14.430175	25.523317	-19.914963	46.293393	-1.157554	-48.621792
	-40.347680	-3.968768	-21.991235	-167.161036	53.161439	-21.572707	-57.714899	-26.379640	-44.976671
	-42.803774	4.639672	-69.102297	-85.979250	70.656942	-13.645754	-19.016153	-36.083289	-7.572411
	-23.054261	-21.640684	-44.929985	-27.669581	29.264688	-39.987649	-2.958185	-31.476798	3.038069
	-19.943943	-25.854200	-59.483518	-7.156035	57.808182	-0.421241	11.479552	-0.109427	64.435205
	11.646174	-4.457189	-41.433201	28.950006	50.204832	0.289156	75.990566	-19.070103	11.809958
	-11.480177	15.063553	-16.782145	22.981162	59.280719	-25.432862	28.762417	-23.429675	25.404100
	-24.890824	42.471194	-2.795003	24.331929	36.409423	15.827863	10.475544	7.024129	-54.966816
	12.181121	12.825623	-7.937553	8.616888	15.584068	-0.974820	31.679056	-24.819188	1.177324
	22.760582	7.244896	-8.409412	34.457234	3.122832	7.872157	40.311939	25.071315	-15.151910
	37.177766	17.272314	-35.097482	69.692020	-51.969008	29.438854	55.485653	-13.205864	-34.917084
	29.927969	17.243151	-42.178016	92.352836	-35.162233	16.968046	69.314363	36.521665	37.892407
	51.085747	21.173219	-1.901736	104.085977	-12.214157	2.967825	83.310794	5.341317	22.408653
	30.708213	37.600404	-22.403882	69.534050	16.352638	-0.544670	75.375222	1.492336	0.949690
	21.627607	20.399570	0.700265	16.516743	17.090738	35.056587	25.329699	-20.955183	57.218948
	-8.443872	33.453532	-36.914380	16.546013	15.991952	-6.181751	71.887546	6.240334	23.114850
	28.597985	31.823287	-14.732788	12.659695	3.097941	23.373047	45.642289	-30.472521	13.235968
	27.343079	20.392410	-27.596363	63.754006	-54.340306	42.755099	41.151317	-8.127091	-24.059995
	26.787587	-24.815534	-4.075800	28.534339	-19.663329	27.432652	34.652809	-5.015544	1.684365
	51.761556	-15.581479	-10.798839	39.383221	26.864534	17.934212	82.672762	-10.915184	26.828969
	45.050928	-17.201262	38.204368	2.394879	-22.864438	38.795159	42.422265	-15.944742	86.651095
	8.101173	-48.371418	30.210349	-40.776903	22.408481	33.921932	50.238548	-55.666444	39.072009
	18.192377	-58.002146	-8.018586	-66.902950	38.583773	29.589562	-5.119386	-45.701322	31.172591
	-15.062564	-60.146251	-5.661349	-118.697391	21.912492	52.816504	-31.985537	-63.260773	-10.823344
	-6.648345	-30.322995	2.728211	-55.008702	-76.488296	22.243875	5.054711	-5.892591	-59.520181
	11.748845	-3.184752	26.683001	-56.948547	-70.880878	21.591044	-32.374799	-14.433074	-77.629539
	-3.805567	9.759344	100.703090	-101.797543	-89.567341	14.956343	-13.241779	-28.776230	-10.718563
	43.968989	-16.886026	57.059549	1.564071	-83.823647	-25.977432	-23.082554	11.273197	3.942216
	14.017205	-0.151707	81.691671	-49.215530	-79.590649	7.450495	43.650308	-6.278474	6.673295
	10.992083	22.841500	82.539684	-9.904190	-18.105284	13.177485	51.080481	-24.256632	-6.325251
	8.402545	30.479001	83.802069	-23.887805	44.539446	15.282540	43.515508	-22.354002	45.338939
	20.678002	35.863075	90.401380	6.237515	64.872167	24.347413	29.366654	2.551949	17.743225
	22.018399	19.812544	36.916171	13.932177	48.467464	-2.233160	30.641120	14.384844	-40.133808
	5.710586	15.716714	-13.514243	-47.852879	36.581079	-8.984511	-17.780907	-2.193145	8.084121
	-12.829468	0.784392	-17.784100	-57.405626	31.605220	-6.131008	-20.750819	-5.830329	-22.977277
	16.159417	0.714795	13.951205	-41.295558	13.833975	11.506959	-10.831021	-6.221409	-9.380704
	-21.022870	-0.885781	-31.574084	3.873179	50.619142	12.538360	5.334128	-2.242319	-12.092478
	-35.185830	12.190778	7.680859	20.015892	26.823118	-35.100436	15.964501	3.177626	-16.940126
	-5.727435	25.470765	-2.944191	35.651694	-0.162908	18.960934	51.953737	-23.863914	-42.451829
	6.554591	34.269905	60.203320	27.987425	30.091980	24.367446	30.622436	-19.948947	30.775701
	16.980254	27.555491	19.594968	33.585798	12.787827	26.993474	52.007743	1.276447	7.817696
	-17.279790	10.572048	37.551606	25.386826	39.101785	0.576734	28.958102	8.816798	14.707417
	-13.838684	11.148865	17.285885	23.612415	63.675201	-24.276882	24.135115	-14.489793	-4.229731
	-36.869828	11.588601	-24.683280	11.523099	36.119373	-12.659641	20.366054	-4.858044	12.654564
	6.206767	21.630952	-53.697567	23.056394	-9.475859	0.051996	37.814594	11.267143	-18.100195
	-13.601319	-7.891886	-32.670452	52.172155	3.340834	-14.672209	25.570498	-9.655746	-19.921243
	-0.883211	-15.566088	-104.074802	51.281572	24.407049	-9.789833	28.107793	6.353295	-56.963873
	-3.661184	-21.632261	-110.708441	6.553715	9.047559	-15.347826	-22.732213	-7.053616	-67.857802
	-31.761336	-30.285968	-61.640835	-45.016974	-17.908887	-3.909785	-39.388081	12.884729	-64.561323
	-24.743478	-13.341757	-19.191977	-26.445657	-34.909691	3.737023	-59.556725	-22.443512	-101.427936
	-6.135648	-2.571915	-29.375812	-0.625944	-70.260730	-0.862359	-59.386685	4.629933	-55.925813
	-60.398216	19.135181	18.959160	-7.959526	-78.171392	16.938731	24.241877	0.277492	-52.859050
	22.769224	10.871839	38.264232	45.172916	-83.860135	8.949454	0.330730	19.675251	-24.930158
	34.859953	-3.667623	33.256015	19.262550	-87.447066	4.555251	35.844741	-19.346494	6.337585
	30.754301	-8.823296	32.438659	-5.196911	-20.344384	42.318625	49.739565	1.697942	27.383716
	20.914904	-10.751322	51.327074	-11.286909	4.174683	41.271922	11.168570	-1.290407	42.378329
	5.907199	-3.983086	75.349111	-12.969980	57.156159	24.445360	-2.314532	-9.854782	102.229658
	-17.080223	3.692521	26.968435	-66.193192	49.599266	19.484383	-21.657163	-30.679038	100.795976
	-19.391103	-1.834418	15.995197	-61.499787	85.307524	12.453681	-20.197244	-46.865523	127.209314
	-14.937110	12.493521	26.151317	-37.353559	76.970448	-4.177478	-22.498710	15.629772	104.459541
	-16.156912	-16.341237	49.290093	-75.533636	49.972223	10.200034	-21.257596	-38.590716	92.758080
	-31.017969	-36.300155	42.465967	-105.805618	41.688802	5.126678	-78.080155	-7.480731	70.400545
	-0.223629	-35.238120	7.018614	-60.778867	9.854712	-0.644225	-27.468885	-22.855121	68.792721
	13.425484	-74.379644	7.095963	-90.812160	-32.382760	-16.992501	-34.750191	-19.105587	52.537874
	7.385393	-80.245938	3.790492	-73.972076	-23.826531	18.559721	-19.885915	-21.992052	28.406390
	10.481729	-69.251939	24.323551	-44.223422	-30.732354	22.332614	-47.060038	-7.473206	45.733362
	22.285030	-76.187341	17.555832	-60.030254	-27.064945	1.591903	-33.285805	-19.241546	95.151969
	46.263292	-34.411372	54.663207	-72.342655	45.642024	26.330801	-42.595267	-23.005594	115.131524
	40.200428	-62.252076	42.835504	-87.916317	49.866264	36.020461	-30.015614	-42.428659	131.177864
	43.232436	-86.671939	34.589629	-66.302271	0.927773	15.538373	-3.970519	-28.910770	50.655660
	30.349813	-92.050952	-3.333615	-51.566294	-41.552273	21.034452	-29.338012	-29.466357	75.389490
	52.241551	-93.315793	-14.492783	-51.520283	-39.982020	0.551090	-55.774215	0.267623	46.233629
	25.847545	-85.596692	-60.722711	-27.208364	-32.630288	7.558997	-32.193155	-25.337918	4.042705
	32.697702	-56.326924	-18.037622	0.678483	-54.750009	-14.045362	-5.078102	-20.477102	64.517834
	2.038415	-39.464126	-45.767645	-9.717764	-13.383551	-11.299836	-38.657223	-35.107129	31.782028
	0.496863	-14.923323	-22.371958	-77.255310	-28.032329	-19.920823	-33.523500	-22.557955	72.053870
	-21.959191	3.532397	-8.761730	-27.484949	8.229370	-13.344023	-45.452100	-18.560588	33.084464
	-5.639380	20.740578	7.396526	36.825605	-2.508953	-10.665307	3.575301	12.824224	48.396393
	4.739650	30.993379	8.734402	14.363285	-45.407387	-2.323500	56.160499	-4.399640	-20.715131
	6.816865	42.894803	30.764252	66.530828	-47.873102	-7.359270	51.983863	14.112262	-45.327811
	25.481004	47.502706	24.951217	46.818084	-73.022032	19.753435	68.009284	11.405606	-27.372245
	5.090244	44.191405	10.756640	-7.405829	-19.633962	3.411350	3.520459	15.076223	-11.262162
	-6.603547	46.421164	26.524268	17.768795	-32.112935	4.682057	41.085776	24.548131	-39.093750
	3.919558	40.821875	45.468070	14.500543	-60.514952	-4.095550	6.800362	29.358711	-28.446176
	11.568235	40.160619	44.197297	-13.627818	-52.336183	-16.627334	50.494957	25.483489	-55.311401
	-2.447866	27.521393	32.216492	-11.129119	-57.605114	-8.790536	6.179951	6.822958	-19.910985
	-6.430994	36.190227	18.356424	12.748870	-46.279303	-28.617684	20.466211	10.714487	-17.080279
	-12.206873	36.876048	-14.684707	29.301260	-22.677011	7.831301	22.396530	7.195531	3.617716
	0.141842	46.982794	-20.165643	-15.783009	-3.128998	-13.359153	2.578627	18.017772	-21.261614
	-10.254656	68.153679	-11.667806	86.704094	-26.634949	-24.546173	2.439447	45.865824	-48.045294
	-6.042241	51.991795	-0.313152	62.073366	19.717318	-12.442000	28.177710	45.926690	-13.373612
	26.298142	36.545079	18.490028	-29.913583	20.931707	12.943687	2.313930	-20.707686	-9.519211
	0.977772	30.795507	-3.693599	12.056471	14.389461	7.622233	22.587536	21.162277	-43.233454
	-23.761319	27.937169	-8.335018	-18.046114	25.852707	-16.620957	14.100957	11.254855	-54.513847
	11.690948	50.611726	22.608609	-1.755846	28.361920	-13.997346	5.030086	-16.534677	-3.700089
	10.870046	22.883087	45.464710	-25.862853	38.900336	-11.375858	-26.371301	-31.518672	-18.897287
	6.539527	8.427865	5.426620	9.614750	-35.063763	-13.010522	-1.771245	21.391450	-29.174786
	-3.445095	38.155024	-7.379231	2.703675	1.021815	-8.665573	18.526809	-6.733709	17.334243
	11.016492	31.641077	12.748061	62.913362	21.628040	-27.428628	80.441748	25.461656	-31.262719
	1.014255	41.325716	21.712062	43.220212	35.557941	-7.544600	64.930797	-4.710939	-13.793204
	13.553909	24.527701	-9.695085	30.813106	28.314413	-5.894295	47.698081	5.129575	-35.459068
	-19.652497	23.923619	-0.496749	21.945483	34.694007	-3.803892	63.094000	20.497900	-31.687818
	-23.815941	53.143599	-43.625460	52.553984	27.417349	-27.346742	28.223692	-0.182106	-3.795661
	-36.627555	47.037591	-75.152526	35.974602	75.896672	-9.034129	48.593578	2.856043	-28.617797
	-24.733644	46.647874	-124.447438	41.243352	72.368864	-9.084819	23.564550	16.994590	-90.771590
	-27.055200	34.000016	-74.172653	37.177844	27.319643	-16.597472	13.706470	13.110514	-70.341657
	24.223925	-7.815588	-91.745261	42.969251	18.076890	30.766081	10.283640	-29.114507	-76.415425
	9.499220	-62.465802	-92.589692	-11.864840	-47.819142	23.155756	-5.265518	6.902641	-3.924513
	29.983844	-59.948414	-97.993228	-16.100167	-25.153126	33.077450	-14.089271	-16.646929	11.548200
	54.827139	-53.407121	-76.817663	3.580491	-61.359948	7.588486	-22.721481	-27.563703	11.137998
	23.256380	-23.594998	-70.210564	-12.883727	-31.299615	-19.266321	-40.883210	4.744500	27.392520
	-12.779465	-17.982466	-100.878506	-12.728990	3.562240	-21.408584	-9.926617	6.527789	-41.238338
	4.119514	-3.356545	-43.527329	25.242307	25.733832	14.400772	14.126647	29.164640	-49.673936
	12.398962	18.131946	-16.179722	25.404898	59.526097	-13.573454	-5.832934	17.518879	-38.986878
	-37.195859	26.323890	-24.800769	9.230936	94.859234	-13.617552	1.043941	10.751492	-23.365401
	-19.902029	7.614474	-30.763638	-26.857674	90.173881	-32.543621	-43.379446	-19.980154	-27.220418
	-23.318878	-0.815393	-18.708076	-14.959389	78.906164	17.363718	-17.073608	2.201267	-20.419934
	-26.661932	21.594744	-85.047239	15.691997	118.580843	-6.841632	-6.047235	33.551231	-83.551864
	-5.160130	-0.745051	-79.566647	6.744401	117.607771	-19.948837	-35.787123	4.183628	-38.082348
	0.833841	-7.628784	-44.671453	3.848490	121.454861	-16.837861	-27.190667	-9.609760	8.659055
	5.983797	-11.984797	-41.353744	16.051765	104.787853	-12.736108	-36.216421	-10.687197	-32.512495
	36.287494	-35.998752	-26.503012	58.943495	76.686625	-3.160736	-24.839088	27.161271	35.032877
	25.576309	-50.544642	-62.980223	49.554249	30.384223	15.327099	30.358608	26.160924	4.539758
	11.021238	-38.692105	-94.067887	47.951040	50.569205	9.733479	50.581543	21.121576	-11.341030
	56.714262	-56.042706	-91.088991	35.158150	37.564405	3.152696	30.505555	16.710120	-15.629272
	25.767345	-40.641890	-73.111358	81.138912	8.658183	15.748062	31.992963	12.719494	-65.209565
	44.955997	-30.220425	-54.639493	57.981218	-49.910453	17.808653	29.991247	3.263895	-44.427657
	57.253540	-4.545818	1.551787	27.910984	-72.606664	15.643773	18.025119	14.921364	-36.601775
	36.487672	11.379861	32.697592	81.097005	-83.671122	57.461311	59.592361	50.991221	-53.347013
	49.164703	39.557427	75.110514	76.096192	-98.372431	30.744211	61.721947	48.760397	-19.019120
	17.409013	40.392512	41.297426	64.614761	-39.113379	14.960380	-9.137702	4.655251	-2.954517
	-17.408690	47.174570	25.808024	33.842103	-12.365847	29.307754	0.027850	13.539203	-27.692857
	-38.442029	16.081195	14.237595	70.434408	31.386680	0.053341	-5.904947	24.314245	-17.510636
	-20.686774	6.911388	-33.206142	29.222701	68.289536	12.356765	-38.087420	46.720442	-10.611854
	-37.934687	-24.940013	-61.328529	-30.709603	63.462801	-29.028470	-45.068153	2.372510	-53.785984
	-31.709132	-20.237743	-87.654419	4.710767	29.198204	-20.179652	-49.315933	5.905692	-16.915723
	-20.677021	-20.185277	-75.447300	27.610851	32.611423	-23.466347	-49.780274	25.618807	-1.850565
	-29.867152	-45.563383	-43.373659	-4.739978	60.370238	-28.108319	-62.589319	42.636434	12.712050
	-39.295444	-52.903361	-23.705748	-11.960963	53.503526	-39.714228	-82.823725	9.367503	24.847805
	-48.611375	-78.558983	-65.305072	-17.104620	40.917790	-47.705922	-69.984772	5.742331	23.135357
	-53.135800	-49.838287	-34.392876	-1.661719	36.273390	-6.900174	-56.587218	13.745409	36.358839
	-12.966288	-51.175309	-34.605451	-15.326029	5.790056	-27.841167	-67.339801	24.022633	-3.802681
	-18.704754	-24.585569	-30.642778	-11.261911	-11.165866	-2.824741	-63.887797	-9.676810	-37.245562
	-15.166980	1.985989	-10.499716	29.198296	-50.516192	-24.794374	-62.464404	16.819816	-26.092649
	-2.620805	12.911335	2.869966	34.790929	-50.671522	-19.716407	-2.163900	-2.476302	-12.697565
	-6.478421	25.403938	37.319587	52.670854	-29.749973	-18.484475	-11.974374	2.934577	17.837399
	-4.051343	35.426600	60.783805	32.062563	-18.789446	9.407987	29.270842	7.218389	57.224345
	0.847245	33.215391	51.738580	61.976168	3.072865	-24.043345	40.114890	-3.969872	42.351255
	-16.634932	39.544184	41.446737	3.277970	54.121055	0.552369	7.789104	7.692350	69.885218
	-25.883664	8.430847	39.821659	-37.432013	7.448436	-14.495436	-9.493910	19.704515	52.710583
	-21.180716	20.170104	61.100569	-43.236741	6.776967	-27.945980	-48.788352	5.748977	-34.076702
	26.544379	18.942940	64.193486	7.122215	-19.637093	-16.913370	-10.362086	9.651271	21.900266
	-6.501294	33.436652	37.788349	-47.330333	-20.325931	-17.492669	-13.853964	-48.865132	-25.531061
	17.742786	39.613623	56.283942	-25.513300	-36.468545	-26.786709	15.053157	0.464500	22.315760
	-12.996828	40.585518	58.318569	10.069871	-49.262369	-39.821402	-23.706987	17.404500	-12.495822
	0.714379	29.853990	69.912265	-27.739905	-28.725415	-23.959246	10.618130	1.086852	-19.395026
	-9.520639	2.258738	108.962900	-41.481172	-42.099966	-51.795065	-4.903101	12.984868	-45.545994
	-13.821626	31.283691	118.958081	12.241333	-43.470407	-25.360963	5.495612	0.442021	-31.194415
	-11.309864	-1.109140	56.110831	-25.065570	-33.551692	-21.138387	-6.474678	3.283268	-37.662689
	8.792284	-23.247215	93.114584	-72.146302	-20.756338	-13.856389	-57.343293	-11.881132	7.251605
	15.926088	-14.545526	15.611462	-74.348274	-46.413447	-3.353146	-57.703765	6.410195	31.915278
	0.695512	-0.266985	43.005558	-49.828622	-56.385336	-9.622873	-56.504092	-12.825952	-30.724016
	-10.236439	8.217439	27.101161	-29.979283	-93.547626	0.673524	6.602088	1.222119	-39.536484
	0.566215	10.174359	17.504950	25.190409	-134.035786	2.613903	-8.486040	49.434089	-57.288998
	3.259823	-6.807725	4.889587	42.073028	-171.979738	-13.546833	-3.904115	14.237430	-62.977697
	-0.004379	-11.510439	4.561572	45.331654	-118.240912	19.006696	-0.910547	6.795976	-64.171839
	16.374251	16.167887	23.099492	64.291000	-75.184354	-10.924104	23.003738	7.786083	-9.662148
	7.677195	20.251183	51.590384	42.656713	-60.216122	9.064006	13.491365	0.711159	-16.374087
	33.570012	43.260928	68.291366	38.036578	-53.616007	-3.249488	18.638503	3.150205	9.776678
	8.663248	55.928280	60.341655	66.841647	-50.867958	-12.731221	48.815255	9.224849	56.534248
	11.566876	50.244410	18.504579	78.826472	-17.538601	-12.086471	66.823965	41.993719	-12.421356
	-17.336093	48.019900	14.513004	55.222161	14.961454	-1.171990	61.450867	18.620148	-19.131513
	-14.475249	42.989684	-0.613468	93.037861	-14.016737	-0.257155	47.933180	18.310683	24.172509
	-3.970125	73.868191	-8.745282	135.499022	-7.529963	-3.961853	89.760118	16.021057	15.188847
	-43.460423	63.762645	-25.079715	89.810856	-3.887360	-6.393937	31.527580	4.022962	-5.741524
	-45.230092	61.450167	-16.119441	37.538804	2.093059	17.718341	17.419256	-6.605512	-11.826576
	0.487975	38.016066	13.568610	40.355060	0.255191	8.785625	5.677530	4.231304	-21.397387
	-9.050927	28.322979	-39.491810	83.321440	2.764550	15.993246	13.520430	10.412545	-13.509647
	1.179808	2.186025	-24.614967	38.007504	-26.047939	-15.113444	34.157399	-6.273327	-24.031325
	-15.808017	-2.784222	-21.838410	36.605910	-44.143517	14.914090	70.127772	17.016607	7.607528
	8.558538	23.024300	-1.217539	63.635172	-53.505851	-0.902849	41.376191	13.583004	-1.138013
	3.804065	28.950570	36.359703	34.579330	0.862025	-7.121309	50.564289	-10.252099	-3.857963
	-6.867031	46.792480	84.969812	10.672660	-5.591238	-16.705987	17.279774	-2.560212	5.539546
	47.189527	36.687022	68.355916	-28.817768	-19.607983	10.371445	15.550875	7.727545	16.719690
	-11.890470	35.567222	90.370483	6.608969	-4.125685	-3.360570	15.821068	1.919242	41.443281
	-10.038282	50.470389	58.784876	-35.065003	14.651396	-13.663883	-11.038808	15.221063	20.412470
	-34.458160	31.949066	50.454246	-18.984132	60.893880	-9.943833	0.642207	-4.014042	-27.444004
	-10.902715	36.352469	11.631608	-19.872312	24.740702	-9.516262	-6.770091	-1.855111	-83.756738
	-39.616972	30.118284	-10.210088	-20.136117	9.448594	-17.732030	-23.799095	-4.542963	1.809558
	-34.156469	11.592760	-19.412915	-25.909580	-47.910973	-0.614455	-28.144151	25.513497	-68.937358
	25.249164	-0.010902	0.801003	-4.980423	-7.262276	-11.859857	-9.951633	8.972350	-26.184038
	16.999332	-9.103230	-11.098686	28.657441	1.871156	9.167358	4.659511	5.025308	23.918693
	30.738691	-33.239602	-5.498587	-16.043374	-8.618949	6.562142	-17.614060	16.272560	-13.850814
	35.508568	-36.991116	3.071728	-17.769687	-18.984859	0.281091	-15.342159	1.868688	46.983979
	3.194689	-13.966154	14.449442	-16.849331	-68.474958	-3.576548	-31.831649	30.782613	26.880801
	1.866436	-31.181241	31.507513	-30.895005	-43.072483	-9.511847	-27.291082	-5.069574	29.505908
	-8.640003	-27.760887	-18.379951	-44.186160	37.145000	-11.857419	-74.985573	17.790738	0.242029
	-5.709953	-48.251098	-66.508436	-45.644186	8.671339	-22.885479	-53.718659	-18.247533	36.913664
	25.981671	-56.064631	-36.123460	-35.919265	59.878767	-0.568200	-51.194401	7.209758	56.842533
	20.308180	-46.606370	-35.484254	-30.875274	28.687561	-13.658176	-36.463044	1.747480	12.592341
	13.285642	-32.207289	17.042384	-19.655169	57.950296	-4.729747	-33.833164	-47.940927	20.281207
	-25.167797	-46.346844	-19.529651	-50.970091	21.318817	5.231939	-40.705139	-2.753755	49.606125
	15.326667	-41.591568	24.821628	-24.564397	44.899050	19.688748	-10.293157	-7.215912	45.834503
	-1.296196	-59.077728	-13.873270	-15.427134	-2.256487	15.717969	-10.057845	-9.155187	48.195083
	16.802624	-73.501749	-32.493160	-18.814543	-38.587083	1.278035	10.884722	-23.314138	-15.292286
	26.459539	-65.138849	-30.144391	-15.944494	-28.665733	4.874936	-17.072167	-6.102137	24.747046
	17.167221	-70.331459	-12.909621	10.125880	-45.480894	44.785792	-32.299504	-20.899344	16.263820
	42.802220	-86.889478	-52.631694	22.737291	-93.244325	31.169787	-18.047713	-3.487149	19.216926
	68.697861	-92.435596	-34.787028	-44.686907	-101.282689	56.359748	-7.447262	13.984814	44.223964
	70.027398	-76.995394	-49.200568	-15.357718	-97.211595	58.245473	-6.661071	14.821070	21.595186
	97.279119	-57.155789	-30.374416	45.802557	-38.536590	79.783327	44.818616	12.976346	55.627794
	61.262082	-84.778618	-54.354909	-42.398692	-51.839730	52.738922	-2.746818	-32.631999	25.199723
	34.899322	-77.968471	-4.729563	-54.943443	-80.737841	32.129785	-17.358707	-26.546458	34.163136
	12.990203	-77.998849	13.941016	17.029754	-129.870714	37.241426	-40.489305	20.458117	37.691431
	12.449722	-59.846203	-8.902228	6.391814	-71.565064	22.437189	-9.996042	0.116834	39.144332
	0.946946	-26.673411	-18.979914	-6.293590	-1.755549	-5.697018	-18.442289	-6.374442	30.991408
	-27.734706	3.356338	-28.051520	50.614823	-13.717904	8.047272	7.496996	40.957241	-10.229890
	-47.059835	30.149581	40.935396	102.059525	-16.999622	-2.722818	-6.611373	15.244817	-3.988339
	-17.529970	43.173069	-1.534560	32.327427	-21.134188	13.095442	-28.845767	-9.018601	-30.441389
	23.639183	23.041239	23.710699	36.505335	-11.571372	-44.078581	-8.776467	43.123382	-25.708254
	17.145105	34.192787	-8.199909	8.775223	-15.972866	-15.527819	21.730904	50.956794	23.918730
	20.131446	20.114175	1.648465	52.617131	-18.949205	2.668282	46.203132	27.981946	19.088472
	33.995883	25.380051	26.296803	2.961373	30.866386	19.819028	14.171492	-19.422761	15.980354
	6.037786	1.534696	-4.032904	29.735552	32.543157	1.056517	22.836435	26.368042	26.297852
	36.935308	-33.535131	-16.205414	11.425901	26.994416	4.171366	-4.205395	-0.998537	9.778358
	17.519727	-62.017680	-49.733874	-56.952159	-16.214424	17.448454	-16.369496	-28.993489	21.224557
	8.480236	-54.637728	-31.181922	-41.011601	-44.547865	8.852592	-6.107511	-1.799010	-36.924487
	-22.858722	-44.819397	-48.623142	-10.596477	-58.171354	37.081312	-24.503402	-5.316075	-16.776929
	13.674969	-43.842303	-28.388923	-23.721244	-43.227007	27.050328	-19.269819	-1.983403	-4.511921
	13.218203	-26.230212	34.985676	-1.570659	3.280958	17.607438	-20.671287	24.019705	35.362980
	-12.750609	-3.171595	-7.050361	6.818100	27.494426	-4.264140	-23.722629	-15.319604	12.410873
	-6.843538	14.268328	-4.386450	-1.836833	12.179733	-28.052509	-15.620536	7.338970	61.489034
	-5.538616	-21.440734	-12.541863	27.091918	45.750203	-6.181506	7.775697	-11.979579	20.662079
	-0.617764	-20.588463	0.595720	-21.719272	82.628707	7.580227	-21.570195	-2.792901	10.181601
	-19.440452	-14.598530	-31.829446	-4.901993	80.998685	-16.411402	-10.585250	-1.976307	32.252514
	-37.749466	-22.202442	-58.866042	-38.793542	63.524670	-32.189838	-36.993180	-22.416760	31.019817
	-31.369149	-20.602875	-2.892548	-61.168378	88.220703	-15.981399	-33.608566	-22.198356	49.129512
	-17.342576	2.311163	-27.836065	-29.694785	95.668093	-2.027426	26.710979	-33.010506	30.714369
	-7.986709	10.570052	-2.897445	19.905045	112.584068	-40.550703	-19.102551	2.088116	-17.146770
	-41.336089	19.840589	35.879680	20.373479	13.224977	-34.264917	-27.356026	11.631147	14.301694
	2.785271	16.765157	56.409045	3.794161	-10.584242	-11.345871	1.847299	6.713573	-11.345361
	21.644641	6.955049	33.609099	9.978162	-14.266645	4.096787	16.060848	25.413446	-2.948043
	4.381996	10.303997	51.505879	7.332123	-45.656267	12.698060	13.689147	-19.540496	-12.065476
	18.317296	-1.599923	1.540275	1.052610	-17.038481	6.477856	13.475433	-3.768592	-21.834198
	20.692436	13.729796	40.126383	11.051983	9.812268	-0.086792	20.925253	-4.286761	25.091162
	-23.382200	-8.260858	11.515672	-60.248742	3.914563	-19.260349	-21.408001	-32.080409	-36.826448
	-16.631153	-14.635830	11.374770	-57.659302	26.163896	12.890490	-58.178518	-10.333472	-13.625707
	-16.595771	-16.279217	30.125523	-95.266489	54.185275	-37.542366	-60.555006	-31.317422	-10.853334
	-25.533647	-29.736583	45.120529	-96.306319	57.732085	13.433988	-47.328366	-16.973645	44.188298
	-40.797994	1.943355	51.989758	-65.937123	42.592536	-34.976279	-16.550263	-29.963966	39.507980
	-18.075195	14.061927	-0.947490	-44.353516	20.780055	-16.927194	-54.508946	24.212205	29.842729
	-16.631807	-8.190582	32.520382	-29.165195	49.645302	14.915379	-35.649568	-6.605342	40.509350
	32.206203	-29.710867	27.037513	-37.238228	-38.746300	44.275334	18.851841	-18.507178	32.560634
	54.494980	-47.498458	25.283984	-5.630480	-79.944583	34.928213	-15.479496	-0.644084	66.081416
	23.623659	-53.498344	7.252618	-51.967643	-48.766362	26.091692	-33.330709	-11.853393	33.473121
	23.201480	-27.183181	20.175920	-20.874227	-22.282974	-3.208340	-47.828540	14.964979	-1.979943
	15.839930	4.581819	-10.274201	43.668686	-19.065709	-18.799262	2.317789	15.847451	-16.310055
	-3.857122	0.257756	-34.348185	72.207949	-47.041847	-6.866523	-19.417611	61.747179	13.689438
	-3.641541	-72.084289	-72.208623	8.292827	-43.237980	13.476680	-8.653918	45.082956	2.969254
	24.299531	-30.307296	-59.185295	27.782112	-32.436119	-1.431748	-14.242827	16.812171	-3.824278
	30.399935	-84.559115	-65.472585	-33.224588	-53.319785	38.013405	-32.397330	-3.031126	21.162288
	2.927957	15.216614	-53.772456	62.114216	-18.276918	-12.753130	8.409882	12.111168	-34.236066
	28.774003	-58.835570	-21.751839	-34.400684	-32.484064	44.367562	-9.965234	-22.933033	-18.685910
	20.678965	-58.375363	-23.485473	-19.402591	-31.130041	64.350206	48.090411	13.076730	0.794869
	6.584076	-28.848111	-29.388498	-45.777600	-2.017120	36.632157	9.033285	-5.616988	41.207533
	48.621611	7.810113	-28.304348	-27.488577	26.055508	57.966754	24.175341	-23.466284	41.479214
	-25.166600	16.354279	-60.721120	-70.245278	16.054545	14.972475	-14.403643	-15.377319	45.366841
	1.950677	11.573347	-10.441034	-2.293243	18.339421	21.268397	24.630038	-15.339019	1.853437
	20.710796	12.654272	-20.114921	-35.266197	25.800320	9.859312	30.442585	-1.463781	-34.794790
	30.650185	5.460080	-41.608169	14.923763	20.953839	-4.988534	59.591266	2.864356	47.434720
	3.837400	11.991556	6.679498	8.640477	23.633586	-21.549599	42.322328	-1.986059	36.434626
	21.264695	21.123952	12.860926	15.099594	30.356682	-27.872423	16.666038	-9.297767	42.175899
	18.816144	17.282699	29.226362	3.198503	4.079980	-11.946130	6.044852	-27.866227	69.402528
	17.268154	-0.363976	5.925817	-10.891322	-18.474661	-6.159399	26.355917	0.178337	24.306977
	11.582060	-2.112214	-8.013994	-21.809233	-10.035436	-9.322674	-13.599026	-15.688506	51.629008
	3.892946	-23.440999	-40.660015	-32.318072	-20.811363	26.655632	6.147197	19.308296	-6.851875
	20.418696	-24.625442	-32.365094	-7.324580	-24.489532	9.001548	7.450007	-2.162304	3.573253
	14.031894	-17.454191	6.561512	17.883225	-15.505944	6.485247	33.785648	2.268435	-24.986970
	14.935410	-4.257022	-17.828487	26.986330	-31.227244	11.261380	21.394374	-8.069266	47.163154
	18.807485	-18.567722	7.459261	29.851115	-32.644243	-17.436195	24.184004	2.954208	13.714030
	10.384191	-21.142313	13.313902	19.550736	-78.607583	9.514749	0.592491	-3.938916	-2.914617
	52.076960	-23.669035	-48.161917	34.658477	-60.808348	-18.024821	-32.471444	7.044587	1.710899
	-1.151050	-7.225595	-66.626791	44.360949	-30.572884	-23.465646	14.934050	25.917255	-17.864225
	-24.004146	39.238555	-62.135596	24.726813	53.004078	-25.865960	-24.948809	10.507081	-56.552372
	-36.433818	-8.079977	-42.477915	-29.089834	28.983382	-39.738032	-31.929250	18.692764	-45.352903
	3.549166	-11.225028	-53.921538	18.015138	30.299583	-37.260838	-26.791546	12.138670	-29.364908
	4.238815	-15.221988	-44.995108	35.083501	21.136515	-20.232423	-11.825992	-12.303826	-43.911653
	15.957584	-6.126819	-41.990703	50.545557	30.390631	-9.486097	-8.995264	21.536702	18.659116
	4.416225	-2.001762	1.473673	68.054261	-49.215843	-9.474295	-2.061336	-2.757851	-83.696174
	29.395475	21.254854	-33.395374	58.955782	-24.267238	-26.675629	20.647771	16.757798	6.439385
	-17.116851	-17.682682	-19.313629	43.855709	21.325880	16.289724	29.455810	-0.651409	42.746441
	-3.691746	-6.219041	35.705111	74.157300	18.225036	-10.622588	60.849811	-21.962964	11.924038
	51.108686	-9.785052	30.883630	87.949561	40.200088	31.674395	35.266551	-26.189598	5.760678
	37.308055	49.937808	62.082971	38.088166	43.724362	26.855013	74.395538	-5.151546	-5.219726
	20.929995	21.472678	58.188993	11.979664	69.957149	-3.095469	-2.505113	-27.543266	-16.365228
	11.482448	20.477782	77.435537	36.305305	-20.922157	25.723518	15.071684	-2.723245	50.178519
	-19.222228	20.180585	97.190442	-37.577097	11.194188	28.364671	6.547142	-39.211514	42.804767
	-8.104311	44.601892	86.535046	-30.425369	-20.317420	2.040810	-13.633640	20.647518	35.036124
	-48.189994	72.158864	79.624780	50.681732	34.113243	-0.407634	18.427342	9.855499	-4.040639
	-42.401686	71.144330	71.636453	29.201743	24.860478	-15.565410	12.025684	15.768799	-42.126241
	-37.756844	95.867116	26.148322	58.559112	39.120956	-41.824277	7.338499	-6.381794	-57.126346
	-12.915826	60.906757	63.264613	32.041983	5.326200	-32.069125	58.890337	25.319097	-34.476443
	14.045246	31.575581	36.004509	42.882825	-25.690749	-30.483950	-4.815724	18.740956	24.895987
	-0.560270	-1.092039	52.312240	-31.186321	-44.286291	12.090949	-18.305045	15.704238	44.106731
	-3.464422	-50.014657	44.609746	-42.550551	-30.295948	-26.886552	-17.266622	-23.206841	21.763019
	10.708261	-74.106485	-12.314009	-51.442286	-72.729940	-6.409810	4.664092	-11.308411	-5.509817
	-15.183117	-50.951466	-50.543937	-43.053123	-7.632177	4.266992	-0.289885	-33.969172	9.761717
	-29.041851	-63.643868	-57.471528	-74.064354	-19.661794	16.608903	-9.622752	-22.452202	5.867337
	-54.231380	-73.971901	-72.715503	-58.254274	-27.666277	-28.853799	-25.631263	-24.537237	28.886130
	-29.320426	-64.232017	-40.349438	-72.937324	-34.765358	23.041004	-17.101603	-9.847975	18.919490
	8.366222	-57.065995	-52.799271	-43.372534	-35.027140	-11.066704	-12.745993	-12.470989	-31.391658
	-12.743992	-42.712537	-22.879399	15.602367	-69.111895	3.782671	-9.090498	12.434293	-18.533159
	-19.844138	-3.282063	2.777760	-6.023829	-82.092386	2.104828	11.727256	-16.033799	9.897875
	-10.094682	15.023345	16.696597	-17.660819	-103.324859	-23.953614	-31.316991	11.247066	-2.508315
	-20.658880	0.309618	29.942610	8.476527	-85.965536	-7.686053	-27.796430	25.020342	-30.078459
	-41.002072	44.222602	-7.478449	26.101972	-9.581913	-41.370456	-37.543796	25.295427	14.150032
	-46.214228	43.361030	-4.273064	-1.259849	-20.136128	-24.890811	-35.706220	35.340652	-50.612951
	-19.275179	21.962668	-48.029081	14.157052	26.550238	-32.750923	-38.650350	26.661602	-77.759207
	-36.960568	37.976650	-30.308144	13.831473	43.409940	-40.477698	-21.746987	20.920551	-24.450068
	-54.207047	13.141665	-59.806943	8.265699	4.103475	-43.188226	-29.654267	26.522126	-64.005259
	-17.576241	8.997013	-21.258927	-16.983076	59.334604	-40.978919	-59.778903	15.785662	-63.156451
	-21.684552	21.470172	-49.334282	-5.579316	55.080618	-31.548997	-23.310523	14.288927	-43.437618
	-36.466001	20.181736	-14.627724	19.117315	48.493468	-20.983511	-13.307286	25.561948	-37.508768
	-14.300150	13.111382	-28.250831	-39.035822	76.284966	-36.541318	-48.910091	33.507514	-28.946432
	-56.303021	26.724568	-15.759917	-0.820292	20.759811	-17.833820	-17.365327	26.757195	-111.133013
	-18.660465	31.568467	49.724869	26.587120	9.062033	-15.179350	24.152463	7.315987	4.361378
	-27.559755	30.788733	-9.167889	-5.098108	17.425849	-13.713119	15.672291	5.516968	-44.677872
	-40.316620	25.017254	-19.532786	-24.809059	31.935504	-22.854831	-45.600103	44.457236	-52.982828
	-17.125247	0.814443	-23.084217	-52.438231	14.373971	-23.326545	-43.313913	-3.244265	-32.127324
	-41.774295	13.863943	-19.502799	-51.910883	39.057070	-11.207636	-55.403535	-2.155492	-14.276167
	-31.004515	18.849183	-4.297225	-24.733629	28.216837	-20.274048	-19.081434	14.755660	17.346829
	-42.133989	38.263630	-12.510097	-16.248990	2.238974	-26.752430	-8.847410	9.122197	-41.502703
	-42.673264	40.274810	16.424162	11.776943	17.539779	-4.784255	-23.610088	-26.819122	12.345852
	-24.455717	33.474632	0.839339	-9.101212	23.160721	17.733993	-19.144369	-23.151058	-53.399169
	-14.158657	26.516019	-56.073817	-4.890238	40.287261	-1.876088	-6.188575	-2.659494	-28.814796
	-28.578208	31.010392	-77.331290	-5.730247	74.452000	-21.157110	-25.504160	-21.590507	-12.973429
	-49.733462	23.734064	-49.404873	-12.158338	83.857257	-5.338274	-26.312311	16.852740	-2.319182
	-54.782739	36.958635	-8.830811	7.137711	82.420478	-21.808802	-18.689667	-18.280993	-58.538470
	-15.655558	35.302034	-35.456311	0.817624	55.301772	-24.281908	-25.765366	11.416498	-94.501820
	-6.355825	28.300746	10.566920	-2.045590	-12.175078	-10.870434	-22.518100	-5.090775	-52.066084
	-8.326778	34.025951	19.567624	-12.017885	15.902247	17.256586	-21.463859	-29.846367	-31.361438
	-41.177442	8.342017	18.274128	-5.393310	-3.379876	17.553561	-23.232146	0.116153	-46.945696
	-14.634553	12.057327	-14.371280	-16.671482	-32.891598	-27.127181	-36.557214	-11.619756	-56.582298
	-26.767739	12.331754	-7.052250	-25.370313	-36.324570	17.714444	-33.685336	-4.119923	-63.657434
	3.912824	-4.468559	-23.521738	-22.816219	-117.136736	-16.691299	-46.159526	33.783408	-52.512238
	0.355723	-16.037638	-1.816427	-7.383983	-53.404066	-9.201747	-13.021862	24.979815	3.050940
	12.878798	-12.937930	68.155438	-8.097882	-41.547230	-1.871927	-21.043991	11.071908	3.623016
	14.014071	-10.570444	75.675509	-8.144360	-29.311453	4.265248	-13.667951	8.833387	42.132036
	5.283312	1.737140	54.093312	-21.398708	14.011268	12.472556	-28.651206	15.842427	41.930274
	31.582282	14.812190	73.198783	-23.101978	28.071121	24.831241	13.149118	-4.700995	37.538808
	-22.816415	46.173261	84.016617	53.232767	35.679599	29.514244	5.582226	6.106654	88.374211
	-17.528428	-3.272826	99.992353	-26.263534	81.269426	24.337509	0.703028	13.591213	85.767173
	5.556472	9.728042	8.388194	-22.687716	85.562462	18.833782	23.357186	-25.196537	53.788280
	24.463248	-32.202068	45.820139	-45.351784	42.448936	33.566794	-4.287183	-27.801948	15.852247
	14.481246	-32.714075	81.570869	-38.681293	21.687297	48.084238	-6.564392	-8.977035	42.299647
	-6.008579	2.152376	75.651107	2.748473	20.197457	0.339166	27.249108	-6.521016	3.911855
	2.425404	18.162497	38.272993	63.682024	14.927234	-42.424402	11.922121	28.322085	2.848286
	6.057222	40.141249	0.475601	52.375854	16.305228	-17.024451	39.655145	22.545607	-23.072438
	31.673236	44.976797	1.318865	52.114833	30.230201	21.878032	53.582786	-6.356642	-9.335663
	19.586277	58.502311	-15.713122	98.190065	8.891491	-10.255946	110.396123	31.999763	-19.802472
	-0.932146	63.593519	-8.724899	67.185887	14.887167	25.466859	68.891535	18.346792	11.583815
	-7.653883	66.822974	10.646663	77.485930	-7.697565	12.012705	78.891139	11.042626	-64.877586
	20.786351	65.676726	33.252607	53.495340	51.547178	17.417098	89.180491	11.118718	15.403353
	6.170785	51.712060	-37.433531	74.045705	11.937730	12.841996	31.685255	25.848898	-56.032115
	-4.289992	25.068667	-34.884524	58.915053	23.802130	10.323604	23.430682	12.833802	-39.840093
	28.139359	30.814139	-61.284126	45.392527	26.276644	-2.268766	18.100792	8.353834	-40.026291
	8.261278	28.576993	-32.693872	53.132737	-6.832938	15.948192	19.187966	0.107212	-16.109097
	46.154216	51.505202	-3.341958	71.039216	-46.143923	1.385745	25.616377	26.429092	-49.760127
	19.107206	41.340386	45.717790	33.693047	-16.802567	21.971672	23.646683	-37.400098	-15.625001
	20.708257	48.174969	47.337801	36.373533	-7.815469	27.568208	58.558060	-1.065386	0.248138
	36.520225	30.808903	3.064325	85.278643	18.279899	24.886265	50.039354	7.248286	-11.223385
	49.880191	19.152379	26.512438	70.346039	62.048162	21.787018	85.754306	14.622077	9.028404
	51.692937	16.205515	-23.120946	61.418463	88.422407	-13.226770	99.074128	-16.351063	55.529810
	47.218348	35.506135	-27.484138	58.322664	90.704479	-5.972657	93.779695	12.699909	73.521951
	20.501399	27.054480	5.541598	70.754384	100.294831	-3.850507	60.746182	-4.006379	79.766543
	16.712282	-8.877879	-22.269299	-10.181230	114.510134	35.532188	44.661469	-53.572872	67.081139
	0.012157	-34.745904	-26.567176	-20.691770	125.717829	30.236946	-3.607794	-46.713003	58.278825
	8.294227	-50.714041	-32.895403	-56.656643	106.356826	8.042254	-8.817697	-38.916682	25.363098
	-27.216820	-47.906091	-29.295557	-18.254679	111.876975	-9.426541	-26.294767	-54.404682	99.040213
	-21.415680	-53.119392	-17.096306	-22.798481	112.374301	1.175443	4.526648	20.368986	102.391093
	15.443420	-2.134733	23.438793	16.453872	92.213471	-9.680711	27.288949	-29.484268	32.531540
	2.577328	28.183544	-9.012941	13.509785	50.779796	1.590982	37.619267	18.248193	33.139300
	7.345615	27.700113	33.230226	-2.381061	44.650779	32.846874	49.711998	-11.717251	50.706141
	53.138494	-11.565757	30.840811	12.701130	-20.236229	31.984353	6.330075	-12.162765	-1.908237
	44.732805	-36.479623	-5.880145	-8.972653	-43.880799	21.878579	21.489418	-10.780564	-15.502395
	19.580294	-80.894665	-37.243559	-1.436167	-59.912665	36.013314	-21.865088	-26.951538	2.249312
	18.579948	-64.245649	-84.334564	-16.553141	-49.672533	26.125456	-58.182455	-17.818712	-67.423034
	21.768290	-52.253202	-83.997479	20.781409	-12.400527	20.592801	-27.032671	-10.577815	-80.618714
	21.200499	-34.013437	-62.496518	-13.183614	-79.283880	-6.794533	-38.289597	2.615332	-70.371767
	14.519991	-15.410425	-34.994484	-22.371975	-62.344565	24.230900	-32.698335	1.008173	-20.995532
	21.840072	-33.535706	-7.150159	11.419981	-44.787394	25.885577	-35.373307	-6.227846	-4.194721
	-14.482627	-26.852004	6.743447	10.595407	-12.345040	28.869546	-33.219148	-19.815254	-7.251954
	0.338222	-20.028213	-1.543145	-22.439665	59.554647	21.303013	-18.698105	7.776861	21.008591
	6.704463	3.318813	23.877405	2.827347	41.849970	-1.177610	-19.660409	-4.894322	19.453117
	-29.565866	55.569481	38.972996	25.460971	10.735088	8.607950	-18.314632	4.099114	-34.498084
	-51.968274	77.467019	14.995152	-0.964294	-1.876429	-1.481023	-21.215822	-11.152507	-93.037867
	-26.895182	75.263142	38.655359	-10.548804	-51.879107	1.715032	6.374175	15.200498	-57.936502
	-13.919486	62.666297	-15.128301	-10.521579	-53.365367	1.813235	-28.793927	2.174356	-38.677208
	12.033075	40.514745	40.022090	-0.952367	-66.442258	2.281053	-32.695484	8.394156	-36.153965
	-6.735047	-2.281103	73.137121	-46.657970	-25.515535	-6.026823	7.334840	14.700812	-7.950744
	-15.662717	6.970234	54.504209	16.111090	34.447910	9.077766	32.861607	-3.218952	-4.910227
	5.453680	12.307659	90.041479	2.302743	-24.546373	7.401933	34.362134	-6.631392	40.878217
	-15.877344	3.975297	91.515882	2.860378	-9.096486	-12.335873	10.609417	14.968554	47.553280
	-43.587444	-4.054337	66.927264	-36.996428	-17.567815	-10.277708	-23.114481	14.671324	27.128371
	-25.388360	-10.792798	62.676288	-28.283843	10.071548	-10.474543	-16.008270	4.004197	44.809697
	-35.480037	-53.356334	46.067621	-15.700888	25.376852	-23.843637	-38.246816	-16.462728	65.074631
	-29.570180	-19.101257	63.989882	16.597492	51.309121	-30.255688	-17.705736	25.698030	84.457537
	-6.189479	-5.388533	68.435392	10.135922	56.375333	-17.353436	41.111285	14.560571	63.105000
	-15.631414	-3.076938	78.450183	42.635717	43.286573	-27.523247	43.218495	10.833440	50.737430
	-10.819582	10.940829	67.084956	20.281850	18.700948	-1.943809	51.405981	-17.578341	50.838650
	12.895795	9.131395	37.427005	26.230190	36.622321	36.275059	38.947141	9.675249	24.943514
	6.848688	-23.050196	61.830238	-20.692343	-42.566052	-5.210980	-8.682709	5.238605	45.499081
	12.824701	-14.465530	107.851854	-19.362412	-44.893661	15.150694	4.023756	5.678105	40.336022
	23.897080	-22.022615	109.234544	7.747140	-85.426765	-13.913195	-12.128970	7.892280	-25.924594
	6.794589	14.808497	63.921321	-26.625824	-97.392536	-18.173504	11.752482	-27.369564	0.294774
	11.492299	25.162227	80.672255	-34.733503	-105.553283	12.260637	-41.388646	5.036330	29.776787
	1.977051	26.062129	98.626827	29.037820	-49.147022	-4.040312	-14.463086	6.883989	13.487430
	-6.412500	14.026087	78.441924	-25.673845	-30.399666	23.902483	7.928555	4.349616	46.197625
	-4.488762	-10.562741	91.020255	-42.274529	-20.252072	-12.508855	40.770744	-13.702676	36.714568
	-20.806205	-8.016572	83.545403	-42.065687	19.307978	-3.587910	-10.994162	-9.484762	63.447722
	-16.504036	-21.943200	46.852515	-71.138139	11.080136	7.040509	2.971873	-15.789155	45.131800
	-16.144844	-10.697072	58.984624	-20.175918	-24.931283	-12.057607	-8.538647	-10.773787	46.156054
	19.968254	-13.272274	64.828796	-33.938394	-5.526655	37.105297	-10.754175	-9.841159	73.420130
	20.849113	-47.049810	-6.554473	-47.287452	-21.071810	24.787319	-18.467681	3.403075	99.320098
	-6.225457	-43.873047	-8.673631	-65.177420	-4.101359	11.323917	0.197135	-11.645539	58.255819
	-14.784910	-41.443571	21.835215	-114.827529	9.033364	27.793774	-35.317959	-21.423471	58.111640
	-12.698125	-41.180305	-27.709067	-108.535379	-48.167744	28.648591	-36.879720	-21.739156	17.990812
	-0.041070	-61.681499	-17.227145	-113.758538	-115.907198	31.424825	-68.906954	-10.375453	-26.600355
	27.262065	-47.246092	24.186399	-50.872132	-98.092787	26.106178	-24.279005	26.834900	-31.309495
	4.060252	-36.288491	67.883129	-43.916757	-60.365008	14.459212	-15.006842	-4.019138	-20.427002
	-42.689115	-21.269458	49.000616	-44.896825	-29.531471	3.272667	-5.607488	3.787946	29.000916
	-24.793768	-18.674951	41.067197	-60.899519	-17.347488	3.994335	-48.909285	-32.746526	69.652062
	-48.030710	-2.033599	3.929208	-67.768694	-16.356082	6.258353	-57.933311	2.152722	28.064059
	-4.692038	-5.183308	-17.648294	-83.748806	37.644402	-2.811165	-48.685564	-6.701566	-0.843125
	-48.081087	-7.380429	-28.561859	-75.977375	34.014912	-33.777031	-52.843264	7.364304	27.540596
	-52.377812	-4.251860	-57.556226	-53.355675	84.970974	-11.990709	-37.581962	-15.002837	15.502841
	-20.804887	-0.900493	-23.315309	-29.173128	107.712755	-29.343913	-47.723275	1.311544	-8.964753
	-29.439372	-7.693423	-25.956604	-39.182568	110.020367	-16.345262	-15.531899	-2.848043	40.999174
	-10.344341	15.296840	15.678611	23.985851	48.944448	-3.281223	15.545215	16.681569	9.966602
	-13.353888	-5.662571	24.200548	-36.677832	79.998057	3.290648	-9.016405	-33.378540	8.389397
	-35.221320	7.915426	-34.589025	-23.727911	71.914569	3.305963	-14.087991	-21.115650	41.349204
	-44.528265	-12.654990	-72.297049	-29.771598	82.854630	3.177506	-46.870729	-25.906208	41.020686
	-45.576946	-4.509937	-52.088590	-42.965485	96.219965	18.938774	-25.627110	-13.680598	38.005055
	-61.835474	-15.321343	-70.967538	-12.428438	90.582572	-21.482578	-61.568797	12.881526	-6.432984
	-20.664672	-2.679013	-94.584195	-2.957470	95.127985	-60.657918	-21.998311	15.732129	-33.206059
	-23.108128	15.870752	-80.048192	8.167649	92.942302	-30.384385	0.123112	17.881768	-9.161608
	-22.473672	4.299213	-86.624201	30.387275	95.423250	-26.369934	-21.872268	-14.769942	-44.963689
	-9.153454	-6.682565	-59.474558	0.962503	64.337591	-28.244731	-3.186745	-0.015706	-38.808531
	-8.340326	9.906825	-79.335547	12.668816	41.893176	8.969840	-14.964464	11.609664	-33.368528
	-34.229942	24.962505	-68.917828	-10.048642	38.869539	-13.311654	-30.926943	7.440060	-21.190312
	-26.088296	-4.441803	-46.145011	-18.383966	26.004450	-9.616357	-22.370997	3.931449	-82.943024
	-21.144701	0.063258	-8.426652	9.886287	-18.842499	-0.267304	-45.367876	-23.636938	-37.562695
	9.317051	2.382130	-17.059141	8.292027	-3.182423	17.676040	27.740707	-23.982240	-15.714795
	7.690446	34.450815	-36.253926	6.506092	10.318751	-7.280305	33.991541	-15.459913	-49.678602
	15.172650	13.472781	-44.008847	43.634434	-54.810626	-8.439270	7.550332	16.992346	-44.156621
	36.131827	15.104255	-3.209064	43.022055	-49.916000	3.302433	-0.970319	3.619023	-50.148341
	23.039913	16.061943	-4.774070	32.461702	-49.864334	8.662870	22.127408	22.270150	-53.824997
	-2.952865	14.553077	-4.280586	57.247705	-33.720501	32.333781	12.896589	1.945654	14.404110
	13.179704	34.198786	41.950599	37.575794	-31.675709	12.050805	49.174558	15.014432	-0.775766
	17.006384	29.767406	78.180119	28.854997	-82.204335	-2.243854	23.422191	22.549782	-16.471897
	21.996806	36.402471	69.498319	25.778776	-74.510106	-1.989872	46.978396	29.398340	-47.327121
	54.207689	72.943588	62.460817	95.613301	-23.499070	-9.689192	48.833916	8.460158	-26.569161
	1.139778	91.450188	-1.741436	55.634867	-66.025807	-5.393669	45.380999	22.019183	-14.101743
	1.953911	65.716524	-10.948527	91.008955	-92.179035	11.873077	61.822672	10.239762	-29.852354
	-2.040615	55.532420	-11.378633	130.133258	-79.777733	-4.790485	69.987615	29.778815	-45.699534
	10.489471	33.371648	-43.658998	122.354091	-93.397600	-6.580631	3.872281	45.937971	-41.606493
	-14.000088	21.462745	3.388016	68.322103	-58.948694	-17.402749	32.727303	44.293076	2.717997
	3.990603	6.081912	12.256005	47.367655	-55.227463	13.964887	-15.062559	17.989274	-16.298920
	2.287158	5.935778	9.789083	38.313657	-46.389270	-11.649478	-4.139142	-3.259235	8.269725
	-11.874783	16.450470	10.817041	46.516230	-18.810426	-2.838656	30.983360	-0.080653	30.750710
	-9.153576	21.303193	-19.057361	25.956353	-23.056415	-5.165808	44.907004	2.110075	-23.195381
	-40.752755	17.327975	-26.960458	48.221578	6.341601	-20.809684	18.586647	-13.120898	6.705774
	-32.091671	19.279154	9.966602	23.709893	55.159413	-44.616654	5.032478	6.209761	1.130511
	-33.957888	48.295092	-15.883877	34.846433	60.927459	-23.211657	30.822271	11.894819	-14.624112
	-24.560892	37.440312	47.082570	46.252564	95.569727	-11.486927	49.441685	11.900434	11.479776
	-69.749885	60.303836	50.395400	41.856049	56.944699	-32.927334	62.590122	8.611460	66.054802
	3.400133	-4.378474	6.341076	21.685949	81.887598	-27.402019	52.633918	-13.843907	85.616484
	-1.128345	32.402014	88.786989	25.494077	32.873091	-47.465101	55.422348	-5.346831	33.915111
	3.643888	20.678125	80.181993	9.259628	-11.243464	-13.721169	63.990929	4.752316	53.316547
	-20.602499	32.157403	81.345672	71.458128	-13.742058	-38.485916	61.897485	23.666388	25.688550
	-17.935212	38.335959	51.716220	40.935070	-9.284890	-15.196430	44.256694	-6.662132	-19.399400
	-10.095408	26.628649	11.208782	19.535046	-44.127404	1.977761	-0.175026	6.366567	-32.456291
	-33.389584	10.094521	20.895281	-6.651626	-12.824526	-12.491004	-1.343946	6.562246	-85.558025
	-27.691159	8.872828	-34.406063	-38.603518	-20.020124	-21.049168	-22.388747	2.581902	-49.323596
	-46.514461	24.490284	-20.624523	24.285945	-13.603664	-41.022557	-41.091758	11.326058	-64.609804
	-15.534300	25.229207	-12.480858	6.828421	4.621022	-13.196902	-29.142848	4.405362	-22.824931
	-18.057891	8.190680	14.574993	20.649095	16.572568	-24.924853	-18.826193	-6.926926	-63.169024
	-14.489718	14.662351	-17.194562	11.992904	19.549395	-3.503220	12.147076	-3.176727	-41.230217
	-3.013329	4.097942	1.583766	-5.328122	0.716171	13.761212	-15.206760	-1.512149	39.827832
	-2.287994	4.100533	22.438849	13.436458	3.145059	5.057666	-26.565099	-2.043374	22.963778
	15.563977	-21.662770	29.282912	-53.541090	32.079928	-2.221265	-42.119009	-12.549626	37.852657
	-1.856789	-51.470353	28.640273	-84.405133	24.083855	13.287410	-52.331474	-18.255125	55.955030
	-34.202985	-45.283205	31.416985	-73.788163	91.415792	-7.742432	-66.493025	-21.106988	89.833021
	-28.431091	-21.429180	48.285267	-63.362976	78.093811	6.481289	-58.591977	-23.697673	66.365821
	-16.669897	-26.264841	24.305740	-85.214439	74.748544	-2.587016	-66.493745	-25.061035	61.991462
	-16.894393	-11.357256	25.839376	-57.063293	67.189109	-29.129878	-65.228732	-30.769711	63.781146
	15.181208	-15.868991	45.457739	-45.149058	67.237607	-9.131023	-32.474286	-25.369385	108.108840
	-9.110614	-13.630711	50.399921	-5.580631	86.348977	7.727763	-24.140755	-19.588532	114.044922
	-19.676253	-33.419083	11.288708	-78.133019	106.107819	1.412813	-49.684505	-20.503766	122.760905
	-21.330156	-39.508832	8.238152	-42.722951	68.539765	15.820149	-51.411959	-2.523988	71.168140
	-15.091857	-23.709620	37.883398	12.527741	89.681229	-2.558340	-58.889807	37.601490	79.304499
	-20.778629	-12.164128	12.466280	3.192132	79.623537	2.489836	-44.193204	18.859028	53.779577
	-13.272506	-6.898185	-4.305674	-44.574686	57.315117	17.927731	-56.605352	-30.887792	7.544095
	-15.743334	-27.519367	4.707732	-76.282610	16.894737	43.608913	-40.540837	-32.195608	-7.826044
	9.787435	-21.888008	0.272909	-73.634421	5.791770	46.023124	-46.468336	-19.865583	-7.541724
	-14.095335	4.928056	-23.667967	-28.159063	5.549452	30.687562	-44.583114	6.069884	-1.696421
	-36.417871	-7.415549	7.141516	-37.080530	28.621329	-9.212619	-2.104829	-17.159328	-35.345762
	-33.253145	26.619473	-45.257859	14.565322	51.886550	-1.064315	-23.847514	35.742825	-19.932196
	-9.513979	15.106415	-56.388734	-27.791904	14.341974	-3.528190	-61.659652	-5.064028	-20.991463
	0.382820	-12.607717	-76.341382	-9.558762	-32.141647	-36.626495	-12.082863	6.077251	-82.554570
	49.558276	-58.333012	-108.737224	-54.779898	-72.016871	26.916557	-30.271205	-6.939335	-45.889869
	63.053737	-55.875534	-65.831566	16.715168	-7.288495	-7.390905	54.436014	-22.245479	-59.082106
	46.867465	-29.452161	-79.954024	-13.255493	23.969485	-1.081121	15.820426	-39.850189	-13.174598
	40.241188	-11.977198	-61.861396	-2.734347	16.706344	9.502038	38.843031	-40.248771	4.411168
	46.035569	-8.658633	-50.720782	26.312778	1.960623	-18.136533	58.609764	-11.503641	16.816186
	50.304153	-9.228313	-49.847592	-2.431769	-20.523343	6.924665	42.354252	5.021208	22.020433
	67.095504	-28.552344	-43.670153	-11.386755	-22.649352	17.930795	41.533870	-1.168292	-26.476323
	41.811874	-37.207506	-29.821180	-41.097147	-28.528371	13.077448	24.576799	-6.608073	-61.003917
	23.207686	-5.939646	-57.181070	-35.457720	-65.028353	14.985590	8.779679	3.835940	-16.921356
	17.189049	-26.207518	-2.238220	-27.671569	-62.787735	-13.742335	-18.692620	-4.517957	-24.628872
	59.889142	-14.000547	27.178140	5.925347	-16.483080	11.180429	32.455730	-27.340152	3.627279
	31.241563	-31.753025	32.766017	-25.588813	-29.175634	18.547794	-15.750803	-7.284018	23.528168
	11.950290	-28.593841	-28.544416	-91.026569	-42.826909	24.044582	0.469216	-8.411396	53.040297
	-15.501495	-35.512887	-55.340429	-92.935470	-25.306577	21.942248	-29.777677	-21.082847	2.449018
	-7.665635	-77.629571	-42.267978	-64.356211	-57.234916	8.942791	-21.029816	-27.570420	-21.196923
	17.009425	-84.057335	20.421712	-20.979526	-68.713068	25.015615	-54.050474	1.483908	-16.430438
	27.064595	-62.135286	-17.234378	-26.120061	-30.173982	60.555875	-46.663991	3.031633	51.640631
	38.912088	-71.529528	-48.495911	-44.165834	-40.857774	62.855739	-11.434514	-7.979632	53.857136
	47.656346	-68.206367	-57.378054	-26.285502	-51.914211	61.325784	-12.261259	13.908327	3.470839
	58.014281	-51.833582	-25.796532	-23.263014	-23.893786	63.806953	-7.110400	-6.861202	17.591779
	26.001976	-19.914994	-35.323091	-2.047962	-13.764542	33.298795	24.204778	-0.244718	37.114961
	9.367298	-14.121455	-57.547701	-6.327400	-65.837318	39.310910	8.272838	25.663154	9.826502
	-6.619348	2.420625	-34.876849	18.800495	-35.933841	22.970243	-41.692554	5.926599	-17.022526
	-12.735691	41.459127	-57.181062	14.441842	-5.948564	33.928062	17.042523	-19.066781	-9.310638
	-21.703289	18.701699	-4.310706	-27.707879	-3.967124	46.452628	-26.532838	3.204627	-28.374950
	-34.033874	21.311199	10.899941	-34.731705	-52.558331	34.275907	-43.193471	12.119170	-34.283386
	-24.682804	6.040664	26.522795	-37.919679	-89.903269	68.472562	-37.007343	13.209213	-87.167674
	-26.653268	2.225961	-13.516864	-18.219499	-133.103729	26.608706	-39.915534	37.580209	-62.154941
	-17.013382	-10.033456	-51.562723	0.750190	-72.379089	27.844967	-40.904352	16.630588	-109.670209
	-35.921394	1.541641	-92.432418	27.067785	-72.083380	-17.207296	-61.148230	15.425275	-28.854217
	-13.010366	37.989064	-73.151218	70.654447	-27.963509	-37.155685	6.477715	43.245337	-38.850659
	11.241878	-15.097266	-57.509399	-4.327092	-9.708158	-18.759599	3.544575	-13.325488	-69.459596
	6.251682	4.008460	-50.841657	74.650938	-30.446745	-30.935868	-21.133412	22.693283	-34.684210
	-1.766489	-4.456044	-71.558103	81.875965	-42.819089	-32.492267	10.600218	11.812453	-42.213460
	-5.712719	18.331242	-33.886106	85.201518	-53.489422	-17.834880	20.314707	30.214052	-85.782048
	28.101827	50.193591	-57.228265	125.199116	-48.078921	-12.945052	50.401861	33.383683	-115.679539
	18.099679	58.880063	-35.934007	117.934634	-11.322865	-10.163494	49.915839	58.867312	-76.939037
	7.923358	58.863231	5.921307	98.351396	-4.512111	1.820823	67.639065	34.321738	-46.515847
	6.122864	67.940252	-0.298994	98.638122	-19.433525	6.679925	45.620723	21.322722	-75.657242
	5.294976	73.602722	-46.657873	68.529952	21.250295	10.020530	73.322550	21.142473	-57.688561
	-10.940839	78.928527	-33.939221	72.231650	-12.443612	-26.544214	48.900594	26.503284	-66.846059
	-2.553936	40.469553	-23.287213	50.669941	-19.687408	-13.679997	-14.293188	-0.665634	-12.463344
	-26.769931	15.988906	-60.608038	-2.975081	26.740281	-18.875316	14.954056	-5.587743	-74.312786
	-53.495704	30.981704	-77.133258	30.207938	13.291233	-19.970717	-1.123676	7.532188	-55.598272
	-36.605806	35.397794	-79.134605	-18.088558	23.531081	-20.826501	-24.738233	12.886323	-53.592613
	-40.892626	38.101290	-33.553270	26.973871	3.562353	-9.328263	-30.919191	-10.202148	-23.671985
	-43.991905	36.193559	-52.917976	-19.051943	8.044485	8.178092	-30.046460	13.086475	-87.241585
	-0.842077	-3.815511	-37.834975	-27.724730	-53.567479	-3.628167	-25.674147	20.657045	-24.691680
	21.110710	-47.862711	-63.723960	-13.392476	-58.954781	-8.961659	-20.346594	-2.441318	-38.275732
	62.107466	-75.445469	-35.523276	40.433689	-76.728995	12.727937	13.409150	19.613795	-7.281599
	67.310084	-65.158715	5.688707	41.101944	-8.111563	22.790653	43.087293	5.480088	-20.036252
	41.897677	-53.532797	-2.115253	32.322088	-7.217436	14.014292	7.176288	11.830507	2.335309
	71.868262	-17.684936	49.090873	-14.275240	-15.831148	37.664772	19.098646	0.667547	44.377409
	27.792804	16.044177	26.770277	-15.399378	-38.005786	41.547952	-27.123352	3.562444	37.775763
	-1.888313	23.534554	27.592762	-34.087773	-22.501608	2.053465	-40.501152	-0.827093	-41.238552
	-13.747518	23.113410	8.625810	-7.067751	-4.024810	21.362058	-22.417693	-14.538876	-57.367519
	10.957662	21.044887	11.983054	17.033434	0.554633	4.009876	33.614891	18.068442	-21.834034
	10.085063	24.554905	25.761008	56.990709	10.842212	-4.545649	61.499203	51.347891	1.795386
	28.438063	16.747327	43.862445	50.348552	56.563306	-4.578929	45.624074	-28.421308	34.878039
	31.132626	16.026315	51.490647	53.869856	99.863276	0.775594	42.069468	-19.753104	36.283228
	29.704624	18.859417	21.274917	17.100574	93.610546	-20.410965	12.291842	-5.210605	84.614600
	7.915564	9.440146	12.755136	14.875803	105.475507	-35.869410	7.504211	-28.488946	31.320478
	0.864330	-12.046885	13.811506	-12.572198	125.403915	-14.869561	32.957103	3.753080	63.472563
	-25.067145	-15.381712	31.342389	2.681125	118.450558	-19.699666	-11.831801	-0.915016	53.991161
	2.277273	-39.368142	16.746423	-66.666415	90.918613	-54.235112	2.378574	-18.894640	36.056614
	20.822805	-36.512114	-3.134375	-34.761155	72.957544	-24.326716	-10.165971	-4.896386	61.286172
	-13.085895	-38.082247	-54.422387	-73.906561	77.785372	-8.144409	-33.126576	-11.973237	40.759426
	-4.795073	-61.226220	-32.578029	-92.137549	52.030104	-38.229488	-40.063055	-19.739066	6.510081
	10.827927	-86.714019	-34.926718	-59.736694	-30.582361	-14.422926	-34.793561	-16.411023	-7.867335
	37.650963	-80.214651	-10.736252	-56.696969	-19.485121	-5.602722	2.238529	-5.274997	12.999615
	35.859497	-61.561254	50.013268	-86.892801	-17.433376	2.248245	17.715274	-51.540533	59.489466
	51.930795	-71.881551	36.715898	-41.362286	-63.049953	34.766250	6.666989	-32.093662	78.973030
	20.407371	-70.707096	10.111105	-64.004464	-45.565579	64.680451	-21.811471	-63.782194	89.769888
	34.551216	-95.178829	26.160504	-117.678638	3.443375	70.031570	30.875082	-53.382109	112.794988
	36.022286	-101.747781	42.616818	-86.386596	-61.025915	41.521092	-5.608033	-54.915904	23.136485
	32.050810	-92.374773	0.908707	-55.824402	-38.434399	49.469239	-5.053813	-32.853820	-30.119526
	31.084738	-51.842989	-0.604150	-18.556201	-15.823931	12.762101	29.960197	-30.028953	-35.868228
	12.708446	-25.967511	-39.595200	18.112965	-37.236567	-10.586376	1.827573	0.475347	-10.208113
	-3.192748	7.817107	-72.702172	19.030538	-19.178253	-12.269691	17.999640	-1.259286	-36.650884
	-2.194171	20.165234	-75.214723	49.752160	-2.049984	-33.255482	-23.279426	-3.558900	-44.433155
	19.936371	30.116851	-54.939992	59.606504	23.366912	-24.033057	31.790727	34.221053	-32.162201
	-16.846745	28.612097	-60.703577	55.420150	5.403107	-51.466370	33.148668	5.290436	-34.477275
	3.792563	9.925705	-4.861969	48.588538	-11.131510	-52.586860	19.268517	3.020090	-49.876385
	9.096576	34.882000	-16.809008	114.221425	81.001199	-42.496808	59.982918	1.898450	-3.699847
	23.358128	56.564525	45.566390	32.561468	71.804899	-36.652157	69.453871	1.330207	-7.004063
	-11.419848	76.402001	19.926877	28.570025	117.614212	-31.106050	78.281778	-26.254748	5.175480
	-1.896872	73.019678	37.241428	-9.338975	113.692689	-0.125328	62.068727	-10.427392	46.691567
	-18.214519	69.607589	75.180061	-39.855715	83.466710	-20.332349	18.503333	-9.575062	-2.890141
	-43.035628	51.174886	72.135072	-37.506518	45.542875	-44.037593	-22.721652	0.557092	25.188943
	-10.883152	23.614683	46.783324	-26.590691	-21.639878	-17.572673	-2.932529	-7.793099	-7.736316
	-6.768992	34.401817	31.544540	28.947839	-47.359099	-34.696602	26.037413	1.809805	-51.099662
	-38.655077	5.383025	27.415600	11.936157	-74.395594	-36.776035	0.674246	16.321890	-45.520158
	-58.969803	17.209359	-3.656784	-21.366544	-74.610489	-10.906054	-7.225373	27.838284	-50.760887
	-18.051375	28.147786	27.647341	0.054331	-83.193313	9.096703	-18.657344	38.327787	-21.790632
	0.222394	28.904697	7.579770	-6.870776	-51.651548	-14.757039	12.048997	5.245734	7.663911
	11.476878	19.016455	-7.423576	-33.390413	-3.223583	13.133658	-12.145296	16.853342	-38.006517
	9.818884	54.867840	26.281740	-23.418443	16.089053	0.423816	-7.750479	-4.981278	-43.751670
	-2.605108	45.111649	-16.190812	27.506261	29.725527	16.654370	34.951499	7.336462	-23.034158
	-2.439927	33.035814	-25.479036	35.229298	34.863519	-21.702095	40.013636	5.595397	-24.276351
	11.647634	14.365017	7.526351	-13.087159	87.241092	-18.272914	40.200835	2.894521	38.633028
	18.669269	-5.609589	-8.843269	-3.635169	107.104092	-4.461334	26.569671	-5.207502	56.075470
	-16.071919	-33.257612	-34.149178	-74.056172	109.295613	9.173554	-27.460732	-24.744827	86.981612
	-25.065791	-36.385469	-55.660369	-42.530200	72.836326	-7.007414	0.071641	-30.127040	15.053667
	-5.754041	-32.357816	-59.401047	-24.050864	52.160019	10.430670	-20.128997	-14.215537	4.472961
	-21.665099	-43.994230	-71.206652	4.074036	-19.006479	12.358589	-14.601372	-1.672765	-68.418735
	-21.839535	-25.427391	-56.786203	-4.913832	-88.649989	13.710005	24.215536	-16.326585	-74.450630
	7.031291	-5.667357	4.093720	10.673910	-73.347029	0.456644	-23.233537	-8.245276	-42.480226
	20.505762	30.251529	34.396199	34.328289	-70.821099	0.327487	50.512970	9.251135	-57.085016
	2.232734	31.904523	42.685930	32.817200	-74.832919	0.177655	30.443640	-14.440037	2.126748
	1.941663	65.539771	79.879392	59.318050	-54.923589	5.368700	30.602342	-8.579341	-25.143587
	3.047920	79.185294	76.229033	37.439970	-36.731315	-25.706753	16.747742	-1.292163	-39.241104
	-15.276050	79.172143	80.388632	45.229427	-52.784130	-31.061032	28.707388	17.032498	-53.517819
	-11.038685	54.252452	85.796033	-21.290480	-31.001264	-31.057061	5.019193	-8.784567	-22.643593
	-5.839175	42.300224	77.751442	64.419643	29.703229	-9.662502	48.223625	-3.182152	66.658462
	-3.191258	26.975358	103.512867	38.910332	23.632008	9.941984	71.306984	13.539729	32.899390
	24.824701	3.801873	97.635508	34.873690	2.769189	-19.642884	31.962341	-6.738032	74.826921
	5.596195	1.572504	74.459363	18.863469	-22.049298	21.462637	21.869373	26.630010	12.886566
	30.734077	-2.057732	46.828682	31.883041	-81.707887	-8.733049	22.493836	-8.953711	-16.236966
	-23.731371	8.480177	46.215978	-15.323928	-79.115594	-40.202220	-16.912618	-21.660365	-18.403007
	-29.739375	33.847072	60.342279	-19.723557	-43.712958	-36.672366	-16.459914	18.511789	4.215825
	-1.147862	-11.028358	54.001797	28.848977	-35.626987	-6.030934	-12.922655	25.625842	33.402561
	-17.483000	12.185437	79.999193	17.744074	-0.554553	16.877961	-0.110649	15.045083	34.523072
	-41.886589	43.339440	7.018483	-14.579633	-10.641338	-7.105785	21.930746	-22.423571	-13.463241
	17.402354	43.861690	14.180973	48.998237	-7.775990	-11.097818	53.010462	14.693994	-18.627130
	-19.782815	28.665608	42.775101	28.993530	-37.653681	-3.070638	31.687892	15.947221	-60.215682
	-7.780908	17.281314	58.658425	34.096293	-4.527263	-16.814969	9.317248	10.690294	-37.821159
	-12.888620	2.173484	39.706845	-36.742633	-66.979940	-48.830956	-21.459263	-12.866558	-24.557243
	-1.028990	28.083838	35.821104	-0.410535	-43.235701	-17.565429	-3.016525	-11.999727	-30.320806
	-52.527902	30.601999	22.927639	-3.250171	-35.821372	-29.723318	4.613794	24.490713	16.062561
	-30.865520	32.324767	38.339918	-7.720292	-67.239224	-12.337546	-15.774420	7.134566	-35.718535
	-36.770150	35.908950	-1.224965	9.534645	-29.103002	-22.389040	-30.993248	-4.694920	-36.054127
	-14.123355	36.058938	12.946610	15.389536	-7.728118	33.649417	12.393628	22.956617	-15.436728
	-16.716714	24.910203	12.401929	8.836062	7.844600	-21.585124	20.536417	-9.114943	30.765761
	-8.546535	6.868215	-5.293408	-12.694002	-4.782113	5.851747	47.317741	-4.980849	-36.608038
	20.090206	-23.338319	-35.864151	29.643501	18.522388	-2.485447	49.983190	-2.017633	14.911782
	17.546556	-12.841025	-94.206201	69.423348	11.669831	-6.932079	30.573698	11.601055	-27.909762
	28.109097	-42.519511	-60.040362	59.362171	11.823784	3.826957	23.050608	6.238170	-57.361533
	-35.906490	-7.590466	-49.722292	3.411277	25.139188	11.533634	-10.946131	9.191193	-77.583220
	-24.089633	-6.228533	-29.049719	6.500213	18.307912	-1.010918	-32.365871	-14.244018	-45.026185
	-23.498383	-16.359376	-10.676141	-31.723715	16.281583	-12.138861	-13.651186	0.217590	2.096459
	-37.604366	5.686831	-24.328835	-4.677733	20.301275	-5.016857	0.322238	4.500364	29.399650
	-31.056072	0.772988	47.278120	-10.203569	28.661835	-5.628365	19.746668	24.920310	32.225297
	12.823989	27.742434	57.485309	12.007254	16.754175	-4.957716	40.081505	-4.758712	31.939968
	3.336399	45.684249	12.747229	-17.413678	35.600168	-10.956627	44.010504	6.780298	7.179463
	-5.595827	34.056555	33.173580	45.528972	-70.339264	6.312282	24.519889	-10.736793	5.288466
	43.369912	26.053520	13.181754	61.805360	-8.776538	0.337993	35.889806	12.416854	49.569981
	42.103517	40.180612	27.055957	47.941591	2.978979	14.701627	50.251996	-16.021566	4.893945
	0.179008	24.558024	19.476565	4.311260	-13.858374	62.555448	32.516433	4.562889	66.445241
	6.623039	36.904589	49.179994	-38.474753	-13.587915	64.349839	13.320956	-20.358368	84.747234
	-24.380335	38.271174	18.749094	-99.952828	-10.601838	-3.797006	-43.761036	-16.822046	107.559837
	-37.276896	-3.243842	-39.424826	-130.101363	18.834754	-21.634233	-47.545762	-46.803842	18.383417
	-48.979841	-21.071360	-74.195997	-72.382060	35.318649	-20.198575	-48.342158	1.533023	-24.573354
	-41.488636	0.484226	-28.892567	-7.565467	23.854340	-13.803560	-71.039436	26.678844	-4.436070
	-16.819866	11.410104	-50.627480	-3.810943	54.438024	-28.162879	-18.292409	-6.282172	8.577837
	2.951755	-20.462625	-19.675751	-7.734629	40.544787	0.300131	-36.331196	-0.293924	33.256160
	-6.244301	-20.190887	41.776086	-15.326566	-5.563672	21.503066	-3.958459	-17.175429	52.268543
	-2.764553	-18.519255	43.220022	-81.345449	17.333291	65.827644	-9.825030	-37.669562	-9.972195
	-3.047909	-38.780291	11.387071	-89.274246	-40.265104	35.711351	-40.106628	-56.738202	-65.718587
	22.263662	-60.804864	-42.349380	-64.804932	-30.913344	65.222435	-46.590304	3.706110	-21.803277
	52.530708	-69.333384	-48.509026	-64.998634	-30.363673	78.071581	-34.159924	-46.963306	23.327567
	89.776969	-91.754689	-30.684428	-51.669316	-39.279279	55.059500	39.295610	-50.875496	-8.204890
	86.559833	-104.856219	-46.133908	-51.814607	-45.128221	78.185510	-14.032515	-26.901038	51.447245
	54.895352	-80.695470	-26.055896	-17.646035	-67.955461	53.717666	-0.242338	8.608165	32.419999
	44.949550	-13.334801	-3.662772	-50.404745	-16.046934	1.477329	28.379290	-33.684333	-25.927666
	7.568360	22.586962	13.963770	18.773634	3.617627	-11.976105	-8.806358	19.083787	-9.503882
	-9.921845	47.913135	-5.408344	-44.135010	33.965264	-35.477837	23.907525	-47.996902	-31.354504
	-4.249529	64.369145	24.747529	58.425949	62.693332	-4.800235	50.400480	20.248186	-5.122378
	13.010799	48.177090	-17.201811	38.631818	5.060019	-33.659045	38.228728	-9.395172	-20.348190
	18.616312	-12.414005	-30.832276	30.495574	4.330231	-7.385125	16.858353	14.793756	1.290047
	6.392830	-42.729626	-91.546418	-4.830126	18.525138	-18.338779	-37.641533	14.115784	6.887786
	-11.382214	-59.496549	-74.877422	-61.733747	21.003673	-0.738743	-58.966801	-20.271727	27.618522
	-10.304443	-52.120042	-61.608578	-78.115088	58.123671	-26.231595	-33.717147	-9.258724	67.549598
	-14.283329	-57.901224	-32.982661	-91.090432	95.638787	-41.307775	-57.972868	-28.498012	10.548404
	-3.930135	-54.052706	3.056088	-6.641090	45.870690	-45.297424	-59.123606	3.297997	6.177198
	10.737906	-42.374134	-0.838204	-5.179888	9.135075	-19.145506	-19.765182	-13.328545	-5.872205
	8.741871	-50.321156	22.716684	-0.771511	-48.846095	-6.109693	-15.838842	20.756420	35.266838
	4.077777	-1.244469	59.418414	45.967767	-55.837785	31.428736	49.370050	-1.076776	21.043726
	-3.850243	14.654480	65.604131	82.865529	-18.442355	14.698426	19.335819	24.748484	36.055318
	11.711271	19.769589	22.162206	92.644440	-9.995619	-28.254445	65.203446	28.888973	-7.146302
	-17.842997	17.667836	-17.578406	56.782168	5.471835	19.337797	36.854348	8.133948	-17.235797
	-8.177736	19.293145	-67.647346	40.419925	34.412207	5.992909	14.197319	12.211570	-2.852472
	2.437696	8.665777	-58.519879	47.178220	46.472254	-1.005238	15.005761	8.583535	-24.508981
	9.465707	13.819360	-44.268236	11.536431	36.227319	-0.664079	32.541683	-10.253828	-14.536946
	25.046086	21.569374	-27.645426	-29.765118	38.013867	8.040381	1.942744	-5.412534	-5.603701
	4.142315	34.357432	2.176184	-3.845215	31.793695	3.503201	31.567879	18.927482	34.453823
	27.234867	9.100402	3.860365	23.545996	2.778977	-18.438760	16.031188	23.311326	26.531097
	-14.775047	14.019500	12.962555	18.391899	10.608648	-3.668068	15.201767	10.711463	65.087214
	20.315296	15.498620	45.474038	35.083233	37.957333	-10.994416	33.671922	1.120763	65.454916
	33.566805	25.521395	44.137432	55.877407	8.363294	-17.452878	73.810441	11.014049	26.030648
	-13.250368	20.960155	-6.734631	80.559822	-17.351639	-2.654528	53.560635	31.823560	-14.007132
	42.937346	6.879259	-10.112878	41.423861	-9.142299	25.590604	16.419296	36.054533	2.055011
	21.636417	5.637834	-31.071621	31.688323	-38.594180	6.649924	33.166106	35.574146	-31.209496
	-5.408035	19.709042	-69.471906	8.118136	-46.072665	-15.772266	-33.117910	10.903328	-63.146224
	-10.482508	13.944510	-3.665195	-19.547892	-13.875062	4.514574	-78.187149	7.390063	-46.923117
	-22.493721	2.507521	18.071122	-21.222214	-14.978187	3.281880	-59.391086	-13.150639	-53.461259
	-44.117456	-22.182708	-4.917748	-68.472301	-10.306973	42.470414	-67.100818	-13.887769	9.131977
	-31.253318	-38.329570	-33.964891	-61.579329	-22.260774	31.945835	-60.302301	1.325364	-0.604769
	-2.682750	-39.678543	-34.361902	-22.671297	-18.060258	14.184434	-64.681720	-5.412074	-0.399878
	-9.645976	-9.012047	-53.084876	-6.769359	16.986258	-2.339869	-50.123759	-6.841332	-43.486051
	-2.669381	-12.797091	-36.954980	-0.932471	-19.127339	12.523703	-12.356303	-12.961953	-26.007714
	-25.798177	-8.987984	47.441681	39.784630	-6.637256	-18.301543	-11.304525	8.520817	63.525278
	-3.219817	3.763068	30.756653	-2.542871	16.507580	-0.665236	-2.855947	-10.888546	32.417110
	-18.645750	16.018071	-54.537425	-9.613034	12.127786	26.741946	-40.667206	11.699205	-26.302820
	-5.698198	28.264128	74.774489	37.467242	55.490281	-18.921617	-36.106430	38.971369	14.847811
	-31.735913	-26.400800	55.376191	-94.260220	34.452537	3.546750	-64.652016	-21.423403	-9.055438
	-15.596940	-53.504025	-9.268005	-248.143100	62.085173	14.462383	-42.136811	-134.919939	-30.590119
	24.315124	-77.761047	-28.932263	-8.685398	-15.457293	39.553784	15.432669	-3.940290	20.712958
	27.865105	-77.406263	48.005508	31.921543	-44.517262	27.613218	-57.791601	23.206500	37.193739
	38.986330	-80.908922	59.941096	24.162135	-60.835694	55.958088	-0.682467	23.837856	35.995618
	18.874669	-58.379040	13.981294	-0.579398	-49.269234	18.742870	-20.580320	-10.756081	55.312751
	48.184096	-88.487939	18.701206	-14.359748	-74.347595	3.939183	-3.819203	5.741389	79.110474
	9.088534	-14.540336	48.179078	23.567065	1.246526	14.670669	27.551046	11.154780	38.080621
	16.925688	-44.674022	10.743911	-3.873484	-31.649185	22.440408	-4.711109	15.750997	-22.852326
	1.574248	-34.473467	-43.880680	-25.565059	-57.292727	7.626133	-36.054515	2.968750	9.988504
	2.533855	-26.231662	-42.396102	-15.860397	-48.067527	-5.985178	-47.678484	15.128263	-28.169886
	28.150294	-16.944534	-38.812679	20.269639	-0.384810	-6.098549	1.877898	5.436891	-9.030694
	29.876084	-15.352299	-4.483763	9.124314	33.847319	11.386271	39.150086	-14.443561	22.506659
	14.434677	-18.004604	10.987427	-8.249722	-5.494440	25.945637	32.801482	-31.522658	-1.511220
	-0.540551	-9.211712	40.034680	-1.014867	12.153788	12.624505	2.811894	-0.387687	18.663077
	-1.555948	-35.992653	69.327603	-17.033985	26.774569	-0.356419	-3.892885	-19.970359	72.300889
	-15.385529	-22.578143	-7.842843	-18.042796	21.489756	-22.486213	-22.701263	9.930668	-27.471721
	-17.160079	-2.692101	-27.350136	-15.484103	30.235568	4.196493	-33.796579	-30.325416	7.078121
	-26.987929	14.260820	-4.099450	-35.803765	49.160185	-24.610971	-33.967494	-11.924532	-57.444008
	-16.173269	30.838006	-0.229064	-28.110825	-7.960017	-38.277538	-19.247350	-18.798954	-37.223953
	-22.477145	22.728088	6.174672	-14.119429	17.519129	-21.276135	-2.979455	10.201794	-33.278741
	-34.970312	37.795395	46.943100	-39.597562	42.797811	-19.359801	-5.445550	-7.471476	22.428984
	-13.671193	7.517841	56.979895	-54.210115	47.195048	-7.750382	-15.690736	-37.968990	17.972094
	-36.235551	49.356177	35.799242	-25.691998	57.775773	-6.433843	-2.788861	-0.235348	52.075758
	-23.973481	44.750482	45.707326	-23.812731	68.788106	-13.470427	-15.194459	7.810434	-5.925361
	-11.336646	7.655058	46.123185	-30.438422	61.925413	3.100450	-18.170198	-41.066877	16.388958
	6.412509	11.918415	47.065244	-33.711504	88.767402	33.045075	-19.044339	3.738276	8.339303
	5.060833	-3.333038	52.142683	-25.230106	31.368173	34.290469	-0.879047	-38.280258	-3.650789
	27.498146	-51.722710	8.547111	-71.712343	3.056574	17.807242	-36.885835	-30.347713	10.755535
	-12.972608	-58.951705	-3.803866	-57.308810	-0.967662	8.762134	-26.090676	2.147745	29.685176
	-27.526273	-23.369992	10.856116	-55.404758	8.223235	16.026732	18.594559	-8.100753	86.720614
	-9.608283	-24.693314	-19.802772	-65.128398	-42.124322	4.583726	-31.969533	-28.948173	-40.517673
	8.817270	0.533067	-26.299276	-18.150345	14.101453	-16.195505	-8.889354	-6.820799	-23.848640
	16.986097	-8.910731	-17.423705	-3.503902	-5.604203	-3.332277	-9.258284	-7.699662	15.562960
	1.236727	-2.284620	5.783459	21.414976	-3.840124	7.882707	39.135262	-10.212501	55.993166
	-4.260577	-28.524490	-0.541094	0.628023	-27.609398	15.234331	-19.607936	-18.519484	-3.671965
	13.244813	-25.826253	21.706829	-5.384712	-38.423140	40.983442	-11.129002	-9.010733	-23.191937
	-21.197922	-40.040917	-4.157993	-12.764685	-6.161126	47.964955	21.365226	-5.884700	31.988065
	-33.420900	-58.456881	-42.358981	-70.486494	-12.618413	13.643859	-95.364028	-2.935815	23.173966
	-43.281700	-60.080543	-47.362263	-58.467247	-4.777128	13.052808	-26.630884	-16.659897	-19.957779
	-30.864178	-26.679280	-20.178181	-9.238618	4.054300	-49.575582	-43.757404	14.671574	25.447590
	-21.025083	-15.801948	-3.915342	28.094787	-11.765941	-25.441709	5.895614	-6.405663	24.228493
	5.773415	4.030106	12.079181	49.108280	-10.793924	-8.124670	28.296534	15.356732	-7.699899
	9.653048	17.261252	27.517548	16.307620	-8.237149	0.571118	29.615491	6.483742	16.879913
	33.069777	55.274565	6.931992	61.443063	-7.729200	-6.478465	51.902459	12.066349	18.914476
	13.834288	54.752100	5.059465	71.744853	-7.372592	-10.105396	65.056345	12.209832	-28.712904
	43.221073	35.225699	8.262828	49.985793	26.660114	-50.537866	61.846581	-3.128279	-49.151607
	-1.194744	62.146494	-27.568103	66.560081	36.251957	-27.237559	49.596527	26.424447	-24.365715
	0.085634	60.392045	-6.696523	55.537938	12.340729	-31.534599	7.125325	1.698188	-23.464502
	0.518736	44.283706	32.267868	29.813489	9.054818	-22.231314	18.635001	-13.987673	-10.664683
	-27.227686	24.536484	-5.327210	3.240235	-35.990343	-50.923922	-0.130259	15.305302	-20.402576
	-10.513232	20.742968	-12.081571	16.524922	0.363385	-18.319940	10.885999	8.053878	-21.490312
	-11.497582	24.832284	-55.486349	34.931909	-24.619171	-39.943104	20.270790	19.328686	-14.992535
	12.662009	-0.776077	-54.152815	8.981268	-57.594129	-10.964694	11.804966	7.829599	-69.230349
	-18.047097	29.982143	-42.725404	-4.243468	-45.241724	-19.447469	15.561932	15.523280	5.144249
	-7.708556	6.147518	-83.926549	18.297854	-7.141398	-8.500713	-18.959524	21.884482	-16.041635
	-32.892396	11.822563	-68.174748	-36.760831	35.858848	-4.586792	-42.302074	20.833219	-47.124742
	-38.018154	25.068774	-64.139187	-19.016085	9.420691	-34.394285	-40.824971	11.442755	-42.038448
	-5.603136	31.137182	-63.773695	-8.000181	27.423362	-28.639360	-39.852941	-10.402935	3.382101
	-45.304908	9.574418	-26.899118	-18.314990	26.730582	-34.308536	-43.861202	8.845943	-34.809883
	-20.953320	-17.758228	5.979531	-16.344326	-2.455305	-13.750116	-39.461984	12.910791	-95.448549
	-20.964787	-12.042660	6.104694	-20.097313	3.060819	18.260121	-20.441319	-20.096881	12.639928
	-18.603798	-24.616458	-20.482670	-22.223057	-47.641199	36.382439	-33.507506	5.272474	-30.655616
	-7.336272	-21.293234	-24.904369	2.497654	-43.447179	43.918744	-3.608765	31.179115	-63.213724
	-5.383477	-10.764067	-35.034836	-3.853127	-61.899089	28.196963	14.065446	4.571615	-22.483436
	0.647446	26.653095	-14.878113	62.644869	3.776378	3.658788	46.508661	-8.418072	-6.076422
	52.675556	13.266464	22.349015	27.904522	39.128186	-22.678599	23.418599	-11.327204	-20.544583
	23.618515	-3.111319	-7.472713	-10.320918	-10.322086	-4.756966	-18.339560	9.291567	-6.556316
	37.715039	20.203587	-1.210649	49.920919	-18.872658	5.943408	41.063291	20.256587	11.207456
	56.666556	27.553852	6.941444	80.936324	-44.129952	-12.243219	31.410633	34.876947	22.850067
	25.011829	20.717707	-5.104810	48.956832	-35.127037	22.482837	34.176132	24.745871	-13.629087
	47.065899	-7.124592	11.761712	36.808164	-75.325130	22.908197	27.427518	4.655502	33.143640
	57.236625	-7.483473	-5.359574	49.447930	-62.485850	13.545269	47.338464	5.341255	31.085397
	65.208290	-15.477757	3.951598	62.157178	-53.074178	17.101046	36.833063	10.870408	1.195333
	27.188549	2.668032	39.534057	52.008764	-7.197853	43.766345	57.803713	2.772006	29.640223
	54.744105	-16.159971	21.861021	24.199164	4.131748	17.267834	12.678023	0.948928	25.542476
	17.447264	37.530182	43.421202	44.314493	17.878907	-18.222572	33.806680	24.402512	1.028250
	2.839396	38.176357	40.462849	44.787412	15.347443	-13.991483	7.826759	36.273581	28.783245
	-13.554820	10.692789	28.100902	17.205158	3.080830	-21.161701	-20.763822	45.477376	27.119159
