	-6.309951	-0.384458	-26.748861	23.197840	36.119416	-41.491363	32.544567	-9.565644	-31.386126
	46.060237	-43.480012	17.464604	-51.281214	20.009363	-1.557719	6.090435	11.063121	-23.747452
	90.255215	-24.828755	13.301801	-78.299176	19.715855	26.625200	50.549179	-6.177389	-9.711678
	20.112198	-0.981366	115.445235	53.707441	17.056784	58.768959	41.379023	-41.655744	62.878752
	48.159510	-18.794812	121.634247	-45.946128	18.043266	43.992080	-8.113349	2.007289	92.109047
	42.747333	-74.449830	58.884453	-72.634787	0.201200	44.349518	-12.706893	-12.578050	76.762880
	39.630446	-100.100557	43.589988	-140.812654	-30.623683	48.876714	-19.073721	-39.647731	100.352743
	4.809874	-76.743230	74.015063	-107.079405	1.322342	30.578682	-33.518058	-47.278569	96.344630
	18.648248	-54.385405	60.840676	-143.836422	50.043380	34.166479	-11.107582	-39.968439	66.105939
	72.278837	-66.062789	24.920998	-201.132442	58.383266	39.245227	-9.231716	-10.063960	-6.614671
	77.732197	-73.219702	-64.223913	-190.367468	90.219701	-0.305116	24.234868	5.407016	-36.827563
	11.797773	-55.661622	22.931315	-139.292756	62.063644	31.924750	-29.495180	5.285060	15.634985
	19.472851	-62.286482	24.745831	-174.962093	18.782404	41.567884	-49.109944	-13.805873	26.173875
	-0.372410	-20.109421	34.698626	-31.240427	77.540437	14.877204	-14.059605	-12.447846	1.090054
	-255.477560	131.432449	58.963770	448.921329	-27.626115	-107.654375	-4.750535	-174.898722	97.522890
	-154.703766	111.275163	23.408047	380.669975	-52.720118	-98.980574	23.992353	-85.883160	65.974514
	-11.843105	-20.689521	-16.674192	6.889560	-60.610586	1.371300	6.927101	-56.030476	-17.752348
	-9.587480	-21.307193	-74.483441	-20.680983	-64.157290	-3.916696	-13.610194	-24.868948	-72.622145
	-4.296410	-20.213654	-89.682597	-63.949145	-88.460959	3.861361	-23.963547	5.281740	-51.823691
	9.084261	-28.104939	-29.959232	-42.731451	-65.520493	-1.412374	10.361793	6.685664	4.749095
	-4.455462	10.965760	1.444555	-7.104031	-10.012485	-0.898869	3.274312	51.599306	-11.322351
	38.684190	-0.081087	-21.683948	-63.304108	33.230875	1.434371	-7.518400	77.580797	-21.769498
	-44.674507	37.740038	23.729834	57.727099	-50.576862	15.754857	-59.064335	40.782658	-23.541058
	0.764911	34.508605	47.180419	63.423349	-28.366475	38.176323	-36.107834	25.026305	1.670345
	5.112195	36.030664	41.931166	76.856760	2.282068	53.699315	-13.921704	44.087772	-47.847639
	44.459417	13.896153	4.007729	39.229504	15.074434	30.398953	13.107976	25.793833	-51.842453
	-63.480169	74.968159	69.360628	102.536699	-4.015864	-22.278641	-25.072166	-41.733547	-6.819082
	-29.571599	70.817042	11.295031	73.890395	17.130666	-12.604398	-3.108032	-9.518827	4.000839
	-23.188437	55.785985	19.356885	30.519115	4.842716	-10.139636	-38.357130	-9.190437	-18.545344
	16.900609	30.664778	27.008831	-47.062932	-4.103715	11.550852	-33.013502	-9.533347	-15.269718
	-26.813584	24.136706	33.521367	-33.126021	-41.387262	7.155787	-63.732684	21.588784	-36.701763
	-58.164753	84.508667	77.028109	97.309811	8.606363	14.222541	-36.646659	17.446016	9.523545
	-8.297710	28.091301	44.800680	-12.309293	36.020945	9.734627	-19.769002	6.984487	0.858282
	-17.344663	10.615243	73.649966	-37.237860	8.491085	13.378788	-40.343203	27.618866	25.526898
	-40.013033	46.778999	89.410735	5.063997	-8.242088	30.791706	-22.119288	17.199989	20.841849
	-9.945379	28.887768	56.172886	-30.450791	-21.495644	7.484434	-54.303578	27.478673	19.199942
	19.670239	4.669989	55.175601	-61.161773	4.388459	18.509870	-44.224734	27.419365	-14.831945
	-23.861348	10.790514	-6.533039	-64.458121	-32.255347	-9.695722	-57.936345	34.126673	-34.253352
	-51.925053	76.861877	1.654776	77.449632	-38.688942	-13.485956	-78.527115	0.917965	-63.563570
	-24.851215	43.749928	-27.061208	37.542456	-64.043286	-4.186909	-33.626629	51.521049	-142.144720
	24.640535	17.090463	13.996302	-46.880863	-50.804382	29.495926	-33.354054	31.423927	-80.841853
	2.381870	-22.369565	17.034253	-34.468966	-39.518838	-2.683171	-11.790516	23.407195	-10.122711
	-17.734513	21.842646	52.796657	132.674400	-18.658869	-14.413864	34.834589	-8.205677	54.355745
	30.463385	-20.800968	30.624190	56.095741	-6.935295	0.221786	52.155301	-3.541982	96.298201
	28.966340	-56.829007	18.681862	-45.181058	-36.224728	10.862322	29.224457	-19.497057	52.285282
	-21.948169	-25.284525	54.170391	81.686421	-25.532921	-2.435777	62.745905	-40.648392	95.315171
	-4.014815	-13.503644	69.058874	87.845878	43.599391	-8.082063	47.955500	-24.472116	99.947618
	19.816418	-16.314099	51.811243	33.148377	62.025467	-28.084408	50.647271	12.269834	58.119443
	-28.740898	10.068140	46.023129	108.647994	37.743793	-45.723564	65.758815	1.347000	32.258423
	-9.521264	-16.708058	88.481832	61.468911	84.263173	-29.263746	49.093895	-20.717862	74.244499
	2.956369	-60.318136	76.192446	-39.974682	50.919534	-3.701829	17.485758	-54.625801	79.833919
	-32.959218	-13.041705	60.444089	68.357782	85.131618	-26.248941	35.916361	-70.710647	89.392954
	-7.971120	-33.195791	51.542735	2.996221	103.783929	-42.114713	38.063346	-9.076810	64.437712
	-13.513820	-48.294482	39.968916	7.105217	96.074090	-32.510153	30.241790	-25.548969	38.446371
	-29.734691	2.141946	34.897051	105.822919	65.819494	-40.627081	39.617550	-27.412900	54.529693
	15.015570	-20.393442	16.104052	67.079038	91.966966	-36.768491	90.761442	-7.853886	42.823399
	-2.484610	-22.077259	15.776048	76.577103	52.993819	-36.390794	55.575511	-12.594205	5.560689
	-20.695820	-25.355354	44.280299	67.149466	42.441027	-30.522353	34.299469	-21.301153	21.670582
	10.364675	-34.147111	22.255456	19.466602	52.621259	-11.927100	48.131958	-7.828962	56.366723
	3.980732	-46.557998	34.612693	-20.552005	23.339404	-18.011044	5.984934	14.756314	34.062077
	-21.180598	-33.983540	-33.246527	4.775456	0.335773	7.409429	-1.419324	-3.110768	-14.253000
	-6.199500	9.669032	-49.702691	67.082538	89.638737	3.517196	68.385149	5.532953	-6.012773
	-22.586940	-23.235310	-21.451294	48.563058	42.601686	-2.253183	55.254570	9.388054	-19.316489
	-2.204310	-26.263368	7.951267	31.104322	19.593297	-19.105332	26.876705	-23.712267	48.815201
	-35.967045	-3.907905	71.920957	52.638087	14.387511	-8.544072	7.742564	-41.931475	58.738355
	-12.791350	9.511050	82.285014	48.920581	10.247972	14.571335	51.907563	-41.363300	40.466535
	24.528524	-9.013643	77.563136	-20.751591	-9.334397	43.182302	29.244249	-37.337235	72.895525
	29.193627	-26.675016	65.549626	-22.454983	-74.224940	24.933411	3.390565	-39.584903	31.697722
	24.144041	-4.365833	20.859149	-3.379449	-63.717858	1.496213	-16.617153	-23.814245	13.899855
	-0.774644	10.215563	-17.770562	-21.240009	-32.888999	-18.659364	2.776326	-11.447258	-32.711245
	-7.326466	-18.880236	-17.296868	-35.051129	-64.641295	-18.408940	-20.740655	-26.235126	-18.365596
	9.366407	-53.465655	46.943866	-48.265114	-77.725114	0.713329	13.437064	-51.010978	58.302309
	23.447132	-44.474589	56.001102	-27.350467	-23.361360	33.866813	6.299665	-70.093329	121.426792
	41.565103	-83.089045	30.644320	-72.015662	-36.411976	36.134066	-4.908949	-74.490026	95.418094
	26.809979	-71.646323	12.720136	-64.800206	-20.076286	18.760203	-24.655599	-44.536613	96.201723
	32.878820	-46.571458	15.286133	-58.048073	-32.814147	8.605556	-24.812022	-76.627061	67.129650
	17.700901	-32.811333	-34.984135	-76.399663	-14.140284	-1.591030	-23.538346	-53.432446	-0.202933
	-0.429246	-35.551496	-67.412159	-81.086720	-30.173497	-34.014728	-34.749795	-38.456094	-37.486971
	-46.284377	-16.633869	-118.998181	-25.619519	-70.058066	-66.935531	-23.989286	-23.320306	-83.590593
	-23.051181	13.683901	-48.848535	-10.085127	-44.183923	-37.412153	-11.403096	-31.786726	-69.689821
	-24.631857	5.559999	-47.648642	-49.385154	-25.166170	-25.369061	-28.329136	-25.855561	-37.736325
	5.818282	-31.146415	-71.643099	-100.482081	-52.709777	-10.354168	-16.220745	2.158964	-40.329307
	-0.213859	-21.088491	-90.822421	-112.297061	-44.996699	-17.600534	-26.038214	-11.339516	-58.862190
	-29.297001	19.629115	-18.675976	-21.536047	-58.383212	-25.615911	-31.800809	9.202866	-55.895700
	4.667814	-8.734581	-21.629543	-14.161240	-62.097128	-0.955919	3.897425	1.647036	-49.413825
	24.489877	-26.545400	10.325676	-43.015509	-36.991854	-1.938482	1.755720	-1.357323	16.545837
	46.211350	-41.444198	52.096459	-37.057650	-27.220381	15.493648	1.028147	-15.932961	51.554612
	48.299560	-59.708673	40.487846	-81.588743	47.305811	46.889304	54.624956	-55.140900	101.477393
	7.936063	-58.122148	11.485108	-7.866435	-20.057443	28.635655	38.994426	-30.650341	28.387603
	28.045297	-40.110196	34.822156	-15.156338	-10.298857	36.905818	37.276682	-28.654985	60.719345
	74.384517	-43.804439	23.912991	-31.876447	13.593838	51.127416	61.886311	-13.434460	74.622883
	25.978663	-21.296492	-27.228831	-16.045801	-2.516327	18.275580	14.418658	-8.166323	-17.347393
	8.795291	8.926832	-19.135742	-5.609714	18.843547	13.361933	0.257445	-45.603353	5.676541
	23.569826	-11.158508	-57.147448	-83.283858	19.646816	-0.637941	5.746616	-23.988957	-37.882717
	44.250264	-17.007218	-57.569559	-78.564740	0.391795	20.262035	46.773385	-28.372593	-40.731155
	1.959426	-1.881613	-38.470993	-36.302086	-28.145268	15.693192	9.017476	-25.763583	-26.699305
	19.792298	-12.365046	-69.971906	-22.243957	-7.373272	11.037476	0.281277	-0.567286	-60.417061
	53.017567	-40.999327	-34.602771	-69.219501	12.613258	3.304346	-25.644815	21.004062	-48.123113
	30.488127	-16.388108	-69.552938	7.505410	28.821209	-8.654292	-2.746006	10.522021	-13.114623
	8.215361	-49.154584	-101.678255	-18.283529	-9.956233	-2.902454	3.804207	-3.982871	-60.044884
	26.369543	-33.307854	-94.993766	-43.005153	-8.445039	-5.751464	-4.103359	17.670506	-43.124038
	16.304186	-9.673657	-23.165679	8.522848	-0.655187	-2.315096	-3.945155	11.514094	-30.849226
	61.190052	-5.927728	-16.532594	-19.228579	-16.555072	38.780320	6.665380	21.761433	-43.823080
	55.406997	1.191033	-18.631640	25.705506	-24.618662	39.562825	13.639523	35.832836	-36.638794
	36.167001	25.775917	8.494283	71.294136	-1.771037	26.545993	44.925756	68.163414	-0.585094
	23.230165	0.628739	21.584790	35.278827	18.253097	52.623238	2.404669	0.120414	-10.176335
	70.747417	-4.637258	30.685606	-53.768498	11.934990	67.456444	17.484395	14.813744	-9.879423
	29.914119	33.150190	18.758583	54.283528	40.143895	27.478946	51.698780	7.779698	10.659150
	14.541966	45.582702	30.212607	74.429379	56.349707	31.915697	38.494175	14.340114	37.943724
	24.663156	25.433973	-14.474962	11.472472	30.670282	23.637257	45.119958	-5.606456	-18.652895
	24.992411	16.977653	10.505714	28.736356	16.623860	19.840968	42.752158	-16.989310	10.382520
	64.249456	-20.376131	17.351527	-5.532471	40.973037	37.081878	19.635521	2.803806	21.743494
	34.292150	-42.921612	-4.818500	-50.288659	-21.947415	40.856977	-27.665814	24.691835	4.436954
	33.988131	-44.138572	-1.116341	-26.703335	9.060356	21.288234	-17.134904	5.487363	-0.857586
	33.985745	-10.708733	4.730240	-10.130389	6.157068	32.707513	-13.164871	6.131714	-20.848887
	-4.282953	-5.949873	6.181283	17.694430	-22.306485	10.476321	-35.825053	-15.129129	-30.049410
	-3.610096	-22.976519	16.200028	1.605204	-53.627718	35.875286	-43.727397	-17.052428	-24.836063
	41.117584	-24.222328	95.591144	-29.847936	-14.143622	47.355133	-5.308594	-12.761004	67.338616
	9.452905	-27.371234	73.123207	56.220159	13.016077	60.101494	10.435180	-32.368003	104.891153
	15.697760	-62.597186	55.890052	11.601322	-33.145368	68.860717	-13.156771	-26.860456	80.753692
	-8.969416	-55.919004	23.421441	-9.249557	0.328100	36.209902	-5.664847	-13.571148	74.980693
	12.819092	-42.809703	1.832436	-18.256898	-0.348325	31.957103	17.260986	-17.903595	25.692528
	-8.676537	-7.887697	49.020909	44.502486	-27.218842	30.877895	-39.164762	-10.082796	14.652796
	-5.839911	2.837990	56.055095	20.741211	-16.684135	43.079609	-32.971251	-12.664457	31.998438
	-6.412980	13.039655	46.336592	39.958865	-28.547650	36.300005	-42.619897	10.273758	27.833394
	-0.727350	2.616267	52.451230	-16.310704	-37.237882	58.641513	-59.927551	31.312205	28.754098
	9.005239	25.179268	68.281356	19.751566	-5.296122	39.790531	-33.218926	30.436576	1.138817
	20.158072	29.717225	51.724621	60.818617	21.303567	49.294799	-11.060184	15.049060	42.193217
	11.939692	4.272731	34.339528	-37.118588	21.841341	46.622077	-15.866982	19.873079	20.110471
	1.086863	43.104816	18.390515	42.054595	50.938461	28.561042	-2.014115	-10.922807	32.009263
	8.411248	35.433144	9.609717	6.168203	60.444285	8.213960	32.344040	-20.377989	-10.518173
	18.061742	27.924869	3.650453	-5.102492	54.682203	-11.787256	25.397306	-3.398706	-36.016309
	7.286749	46.068075	41.600602	43.900642	82.110195	-13.508625	54.375772	8.804799	27.448393
	8.699311	9.345165	7.987580	29.048087	81.889351	-21.938720	64.408506	5.529920	15.311113
	10.358398	-19.687748	25.093534	-27.017407	46.356854	6.584408	18.950820	-1.572739	-12.785489
	5.073659	-3.710143	21.913528	-22.587753	21.732708	-2.747156	-3.545844	-35.513366	18.474292
	13.273954	-4.889568	27.473183	-65.260414	46.827767	6.513595	-21.063929	-29.369911	22.394321
	20.414180	2.726365	46.816275	-63.984432	44.430450	4.554008	-37.706387	-7.256034	1.506907
	-1.544704	-31.586414	0.823388	-77.715772	1.236954	-3.761587	-36.008129	2.073130	1.646282
	-18.352952	-18.095940	53.351809	23.121432	-18.257842	10.729575	-41.987038	-50.410616	58.588445
	-0.001012	-22.694341	87.534746	38.983527	-8.727380	24.529421	12.650518	-52.771270	72.978119
	62.452053	-76.152790	31.426810	-48.816091	4.534313	7.766269	25.319349	-22.775321	77.428962
	-12.757610	-12.497862	20.065721	95.377523	-2.798096	8.090360	50.639938	-41.526300	95.126684
	4.653795	-26.403546	20.928618	49.763125	10.165192	12.326843	58.892455	-17.980689	27.592414
	10.893482	-22.507903	22.603692	-1.328270	1.538325	22.081484	26.885680	4.730757	46.562618
	-45.081295	17.256120	-16.602611	134.522505	-5.829628	-17.114317	50.154253	-5.866960	-8.864063
	-34.422546	40.432882	46.185240	142.450648	-2.346306	-8.045222	39.895316	29.133319	50.930753
	-50.011897	-11.016626	-93.365406	123.472440	-108.676235	-39.539090	14.699149	56.851645	4.154763
	-15.613853	-10.269846	-51.884541	16.577969	-93.362063	6.785392	-11.925960	9.044550	1.603577
	-22.367134	33.230196	49.983661	92.828037	-39.224527	14.913716	3.981210	50.953637	8.534488
	-13.784512	11.760832	-51.618050	71.164903	-29.303346	2.592948	4.240947	15.667172	-28.514056
	30.083276	-14.974473	8.533150	-53.508648	3.201056	12.566829	9.826212	61.691895	-33.055385
	-1.176165	7.241396	29.128878	20.050341	3.681252	-0.160059	-17.603633	29.562963	18.191907
	-3.772709	6.825091	43.651910	20.946331	-9.185130	16.372738	-12.444279	22.698232	16.893746
	2.421110	-25.206293	13.073488	-47.499264	-39.223148	17.194314	-23.732333	38.914045	13.456206
	-25.525825	10.815705	-9.082370	44.371657	-22.842657	12.700583	-11.576936	29.556592	18.694182
	-9.580348	-0.838749	19.801959	56.800071	-33.279649	13.424796	-16.539769	56.123931	14.650169
	-7.812454	-24.459865	-14.624069	-49.273982	-25.167389	23.695498	-32.311085	50.014243	-55.699836
	-25.232267	0.268739	-4.146785	23.581107	-24.983321	22.198705	-26.523729	43.267469	-2.417142
	-1.040557	-25.408791	26.495557	-39.879403	-18.727162	13.959459	-19.676156	12.869864	24.246286
	0.947489	-22.893508	10.285145	-78.101621	-13.217657	-0.794053	-10.828767	22.258981	8.663172
	-9.252891	-6.508070	-30.475369	20.175043	-2.528783	-27.026109	-8.981397	12.743629	-10.372066
	-8.964951	-1.279047	-72.026175	48.495198	20.495695	-25.193069	15.974918	33.008056	-42.229455
	-16.620499	-25.076133	-79.918000	-18.866872	1.754126	-54.062309	-31.210928	42.556616	-49.696791
	8.125090	-19.560353	-41.166089	-19.400068	51.580764	-12.312813	-6.755666	36.018617	-34.867405
	5.356638	-30.025377	-26.914124	-5.231183	29.416742	-43.594443	-12.106054	12.303626	-39.203107
	-6.043613	-31.828203	-40.438761	-31.926603	-1.392071	-31.516555	-53.432866	21.033307	-55.570997
	13.390814	-17.830774	-47.497718	-4.592961	21.296842	-28.747437	-28.851090	31.295575	-8.019960
	-0.327463	-4.647721	-38.549271	-17.804872	52.934709	-25.643643	-22.201822	-18.177162	-25.972226
	-4.828991	0.082430	-80.829293	-81.887661	39.280117	-36.626522	3.928468	3.473316	-34.340584
	-12.267080	22.279694	-52.151202	24.797049	33.264696	-47.209997	16.595590	16.054161	-18.594080
	-1.366241	15.550864	-59.982885	-10.269963	22.723518	-31.854590	7.625957	7.091943	-12.526111
	14.224094	-50.523909	-93.467224	-111.025352	-57.771500	-12.287703	-47.458156	24.114927	-32.158607
	-38.277300	3.434008	-51.442497	10.062749	-60.532864	-11.242846	-19.350202	16.363106	7.856814
	-29.345713	3.312406	-14.975594	-12.315207	-26.031183	-1.129690	-23.561536	-10.188759	-15.179050
	-32.429329	7.278979	-50.451761	-11.168397	-68.321195	-12.118587	-30.512144	0.212664	-32.917048
	-18.141831	23.164266	0.182176	-2.811922	-35.925174	15.736796	-2.144034	-9.871386	21.275386
	-29.078656	21.516319	-76.597864	16.093708	-39.320225	1.041014	2.395979	-9.781857	-13.557284
	-75.766141	-16.813204	-161.818563	19.422370	-95.642537	-30.428128	-15.047442	20.516706	-81.327683
	-46.643454	27.031467	-48.266206	47.799994	-44.294193	-30.818520	-12.637276	20.232465	-2.619345
	-25.913387	1.093108	-53.551566	26.499601	-47.501673	-30.443883	-18.309349	19.893346	-18.786093
	-67.131809	1.559150	-70.229539	37.495713	-50.475110	-40.260841	-21.437404	0.806653	-34.584210
	-42.143542	15.238750	-55.983873	14.472168	-26.785528	-35.657992	-39.660778	7.773963	6.381224
	-29.924361	14.407072	-31.328630	-5.129248	-15.125808	-16.910142	1.566005	-6.344928	11.158709
	-20.647065	24.373102	-49.560703	35.905842	-5.118821	4.810380	23.010417	19.464028	1.694359
	-2.283463	5.486331	-50.623239	-35.826664	-36.401782	11.788130	11.490617	20.337227	-48.122162
	-44.081493	56.335121	-21.973541	30.902138	8.381832	-19.695077	1.977141	0.862660	-33.174734
	-13.250953	43.063348	-6.318594	-14.354181	13.775098	-33.074958	-7.351001	22.979847	-38.901876
	-48.044717	23.754577	-48.938614	-39.555893	-6.836725	-39.090939	-0.480564	-6.823506	-45.070946
	-26.344471	47.506232	-20.026980	-3.605850	-4.038253	-32.201238	-8.926789	5.074795	-49.554926
	-13.186498	17.859033	-15.146536	-13.597338	-6.181874	-33.103752	-23.825307	8.264199	-55.715002
	13.010865	-24.468432	-2.942762	-83.206941	-12.970117	-21.796403	-39.613986	30.830428	-48.955099
	15.817051	4.620203	39.931180	-3.511420	36.994835	0.987383	-1.670974	-18.866785	33.962165
	9.400847	-52.271275	25.733148	-16.050657	3.196460	-32.353268	27.532036	-9.888856	-4.912741
	14.450439	-53.403945	4.544202	-47.741467	12.961462	-17.136381	6.123136	-28.855892	27.335892
	-11.708878	0.989209	-14.571898	-27.104911	-0.983975	-30.552470	31.434183	-35.090816	-12.315857
	-32.457680	49.602586	-12.742332	44.767354	2.635828	-25.245875	5.738469	8.768669	-6.868040
	-30.580499	45.011454	7.635738	-9.999290	6.741321	-21.297458	-23.277718	24.417631	-12.233625
	-16.585058	9.175525	-21.745373	-32.768948	-27.101700	-17.652126	-36.906693	0.626041	-26.831882
	-45.299363	5.080608	-25.703120	-33.093177	-1.259635	-27.429006	-9.457536	-6.747493	-47.243364
	-24.434043	-14.314379	-22.299945	-36.194083	-10.688631	-14.587093	-52.438661	-30.248581	-20.568295
	-28.941484	-9.514111	-31.269451	-17.778655	-8.500739	-31.475546	-31.448990	4.791186	-32.008018
	-13.348323	6.480739	-8.037905	-3.288166	-4.360885	-29.976132	-17.829765	26.957586	-31.370173
	-29.772068	23.832465	5.835073	10.791156	37.596509	-7.241705	-24.543337	27.814359	-23.788019
	3.612372	5.072644	-16.380195	-76.571228	-4.736972	-12.765515	-16.867726	24.130288	-26.963688
	-30.488758	13.197600	13.054272	-7.272447	3.751061	-26.933229	-32.766019	15.305049	-11.493253
	-16.335887	-11.699585	-3.423896	-20.626074	32.874552	-0.934719	-1.418641	-9.630510	13.693458
	12.063299	-29.268036	-44.339545	-92.405547	-18.285085	-16.640575	-51.192441	5.792655	-19.308752
	-27.538396	33.913756	-39.291186	33.275151	2.114163	-30.654001	-41.826521	4.334024	-52.779278
	-22.582309	28.406147	-41.419184	-10.161091	-20.111097	-27.869806	-21.110528	0.016527	-79.153901
	-36.030944	28.781043	-23.738460	-4.900823	-24.505340	-17.626461	-42.856480	27.001758	-43.371332
	4.222688	5.147773	-11.061302	13.583259	-14.762048	-16.918335	-25.835372	-13.056174	30.428995
	-12.410036	-4.050083	1.575807	-7.619884	-6.595516	8.369666	2.259220	-13.782746	34.252604
	-26.097827	6.406530	-28.884372	-2.443397	-20.317738	22.513774	-26.431241	-16.163567	30.613237
	20.110010	-6.525970	-34.435519	-69.981596	-28.802001	13.531204	-20.429091	-15.941216	-2.263645
	-19.489337	25.748828	-43.237585	62.523443	-26.307006	17.337788	-17.417624	-2.169196	-41.553452
	7.752792	1.180238	-3.787990	38.599000	10.682444	1.384869	0.662268	7.415559	-11.095316
	3.826224	-46.566711	-22.070258	-53.529745	-51.656795	27.588583	-3.729880	-5.393595	3.982556
	-48.198094	28.807123	22.293618	75.105120	-45.898805	18.730254	-21.398402	-13.006087	40.634726
	20.556473	24.123215	56.301438	36.813755	4.028093	26.250722	-6.418717	-23.379443	23.691355
	12.718183	-11.010641	-21.755721	-24.509797	-39.099426	18.819581	-22.411868	11.297225	-32.684003
	-4.241449	38.060174	-42.628810	109.206570	-19.005252	-20.159890	30.905438	23.350457	-36.222029
	-26.175352	44.923142	-63.022400	129.756282	38.441348	-5.344341	65.330880	-4.768554	-21.102122
	-7.585560	0.658496	-89.321205	35.777798	25.572349	0.820880	33.521342	0.681005	-50.221936
	-10.251362	-29.892202	-118.327046	-19.912147	-15.517938	-10.917872	29.193154	20.007655	-67.023901
	-47.018430	-19.491787	-47.202729	86.163557	-39.243963	1.950687	2.972219	-40.830844	-32.762166
	-40.706909	1.969056	1.539111	66.106515	-19.560699	-2.084811	5.961279	-12.209526	1.871913
	-31.789246	-11.686147	-25.690062	42.885137	-18.329381	4.894017	-42.139422	-7.627321	-13.587960
	-9.818715	3.004286	-45.601667	50.759354	3.312098	-4.099126	-16.883759	18.049357	-21.579264
	9.013501	-2.422265	-18.476263	41.571075	42.911394	8.520105	11.983827	2.333223	9.848074
	8.621871	-49.171876	-49.161222	-11.355083	8.537999	-2.785609	-25.381732	-2.300489	-35.788563
	-10.924996	-16.744741	-42.082744	3.600158	-0.694953	-16.243960	-33.027729	0.594198	-17.828785
	-17.885283	15.876867	-14.663569	34.137694	29.835718	-13.721542	-15.053573	-19.050485	-37.839723
	-7.302895	22.810864	13.788915	-5.662695	34.898717	-5.965564	-20.290544	-10.121672	-30.622028
	-19.260925	29.662580	2.229144	37.758697	-13.901375	-44.408207	-5.432676	-7.527740	-41.181376
	-56.558967	59.604801	-2.865190	118.425808	-12.220001	-40.136036	14.481876	0.428934	-30.998969
	-30.485462	55.677243	23.664701	89.563245	-6.860603	-47.940878	30.284633	22.086846	-19.399797
	-0.103871	12.179848	15.848319	-31.461884	-35.308032	-25.395914	-9.217303	7.488100	-34.167093
	-44.602073	26.449141	30.875665	-5.214553	-26.733418	-34.588047	-0.210126	-50.136123	-23.042021
	-28.232355	24.492760	67.427283	-2.498754	33.474997	-15.079726	-14.159678	-52.920063	29.432141
	20.231963	9.386732	22.061870	-48.602918	18.455233	0.238943	21.223967	-28.492877	13.910558
	-9.809805	48.052485	3.938839	87.285386	41.874688	-29.128845	42.683095	-19.094566	13.886837
	15.319441	34.244369	-13.958309	64.537173	25.045242	9.824554	46.683192	-5.360864	41.238011
	12.575888	4.106053	-23.700585	29.090168	1.854069	2.487188	42.638005	-0.136328	40.979883
	-3.322874	26.083940	24.572079	78.116688	9.094596	-2.482225	12.129987	-41.797015	41.156280
	-7.935024	34.243120	38.482724	37.109676	31.924292	-15.421755	27.282984	-10.413062	47.791408
	8.342523	38.582680	30.889211	13.384320	21.646310	-11.862621	34.445175	-0.935116	27.183367
	-40.571409	79.183740	9.091386	65.427481	41.866459	-48.830885	43.827050	2.156590	12.831377
	-18.040925	48.658848	-1.898385	29.481773	63.402116	-29.859609	48.473543	3.037436	-1.852435
	-37.870518	60.233360	18.427672	85.127856	43.600943	-35.438228	33.185677	20.171398	-2.393140
	-10.626425	53.685651	55.406291	-9.775446	41.016073	-11.467966	23.026031	21.343943	63.672187
	0.736631	44.591544	60.391289	-17.756423	17.426898	-10.891628	-25.660337	-0.805771	36.377909
	-43.832933	17.965550	48.657326	-5.240058	2.298672	1.860491	-41.634003	4.605562	11.930344
	-28.246805	4.273876	64.496938	-44.544954	-0.992710	-19.175862	-37.161282	-29.839642	16.823612
	10.328709	-26.288496	91.162624	-125.638849	-17.568160	-13.199745	-37.740111	-56.625893	54.570829
	-18.421011	3.645304	123.827918	-43.443709	-12.304063	-18.367594	-15.712982	-35.343559	97.237710
	-15.310749	-3.441507	104.503738	-49.927302	0.960249	-8.567740	-15.726899	-21.939604	53.572672
	25.044577	0.231337	71.028632	-92.044228	0.377429	-24.932280	-43.536896	3.007885	26.687350
	-27.278750	12.253590	77.325143	-22.415311	3.761533	-21.134764	-30.648421	-32.265290	36.939047
	-42.849445	3.545017	56.848279	-36.500458	-9.241306	-13.434686	-20.976507	-25.460330	28.838739
	0.566842	-17.996451	11.308203	-76.247256	-25.323465	-5.806719	-32.883178	-9.259380	-2.137838
	8.711880	-7.658030	-5.729783	-76.154392	-27.748661	-2.935923	-24.037811	-6.317121	-37.188438
	10.646981	4.881121	-16.228337	9.677008	-43.069596	-10.250140	-12.277431	-5.196120	-6.640298
	30.809858	-8.448792	-34.581408	-24.481950	-17.523654	10.576611	7.455043	21.212914	17.763737
	68.850641	-18.778326	-66.641599	-21.326116	16.137874	-9.104861	35.217684	54.621389	-49.716255
	14.705282	-12.283023	-34.632927	20.819024	22.523837	-21.727861	44.723953	-40.501414	-11.922592
	3.420199	-37.136537	-67.197193	-14.559181	-0.519087	-22.528737	18.886937	-15.044641	-24.548662
	-5.437735	-39.637258	-60.390080	-42.545088	-1.031154	-29.782453	-8.670225	-22.824722	-50.544093
	4.218180	-40.713789	-17.456011	-39.274382	-12.743942	-11.745076	12.194978	-17.794309	-11.083289
	-24.858535	-43.356062	-6.543483	12.340453	-22.880972	-33.369242	-25.905771	-48.424452	42.940887
	-41.287453	-52.757367	31.825085	57.617741	-51.024970	-26.137210	-5.948581	-63.110268	83.205627
	-41.665568	-65.742167	25.918607	20.681849	-38.586367	-3.302638	7.969484	-70.458490	67.842655
	-21.104419	-67.010581	25.848796	-36.193952	-32.948782	-13.837632	-12.831750	-32.096068	70.651185
	3.543388	-47.554897	10.989642	37.350139	-51.041975	20.708829	-8.663191	-13.108984	74.943845
	3.303512	-43.645836	25.445997	-37.535278	-42.382174	29.088535	10.237120	9.763159	61.193754
	11.336439	-34.807624	-25.864725	-24.230520	-44.506497	17.693173	0.914092	15.308302	-2.211872
	7.592281	-21.672218	3.087427	12.234894	-53.315466	18.457092	-8.127376	23.538497	-21.737426
	33.996021	-75.028804	-8.799631	-23.804833	-88.196798	26.576229	-3.897609	-2.566248	-2.044991
	14.914753	-84.069860	-8.587156	-39.375732	-68.416636	40.877631	-15.357011	1.819503	22.327806
	-7.861311	-32.802572	-21.212601	49.225987	-63.951418	46.847763	-2.408267	-5.561418	-0.676941
	-3.566533	-35.394941	-36.025706	-5.839975	-20.047548	34.565330	-16.462173	-19.631126	-38.408546
	19.574060	-31.942863	15.037724	-76.236908	19.286913	44.669287	-11.663312	2.234111	17.712033
	11.917815	-13.380805	43.647988	16.836508	13.961840	51.015184	16.554114	-13.939423	39.646120
	-7.137558	-9.954098	31.335123	-6.377010	34.442170	18.548692	-5.401066	-11.261343	53.188357
	-8.325126	-0.317748	65.602579	-35.530852	51.053221	21.739082	-12.427568	-23.488143	60.403493
	20.863048	-16.117567	93.173965	-124.306269	94.988851	24.222988	-18.181964	-5.021727	64.743031
	-4.329822	3.582110	59.142010	-12.402307	76.960639	27.110773	4.640121	-22.637805	96.829755
	-11.225694	-19.392243	86.249781	-51.489204	36.841353	29.517398	-28.012520	-33.118555	49.036984
	27.275624	-35.548856	97.598996	-134.938643	37.447055	29.871534	-27.357327	-25.251692	74.300209
	-49.233456	14.168652	75.824394	35.689997	-3.248807	0.822724	-47.222185	-17.024917	62.275910
	-37.768994	20.328240	29.042125	8.022247	-2.558596	-8.212445	1.361232	-48.849378	3.421336
	-11.030002	-5.558951	4.030252	-95.033076	-23.797726	1.698699	-25.779535	-9.708141	-48.255508
	-3.349667	24.719491	-1.502359	0.909403	-12.601525	3.295100	-27.519436	-32.650830	-11.948312
	0.004875	2.445509	-39.424543	19.492140	-67.546194	-16.087720	2.544219	-2.727274	-46.793843
	-18.931808	4.127187	-52.437051	17.712838	-69.130574	-6.268477	-31.175964	45.381835	-59.334275
	-0.513940	11.312928	18.549818	37.962412	-66.779986	0.854482	-49.806982	50.984448	9.422790
	17.493539	13.050457	21.385745	24.080171	-15.869502	0.440585	-30.036546	2.060580	52.296065
	-10.522231	1.820693	20.351639	-64.047772	5.190065	4.489267	-31.491562	-14.452739	34.480387
	30.725761	-22.486296	-4.833918	-93.902860	7.536256	30.440667	-30.539450	-13.385974	34.572529
	2.656277	-1.343696	-76.234760	-23.976242	17.877979	31.789125	-33.125764	-4.577848	-19.882175
	-12.797811	19.784092	-29.665507	4.962900	12.297107	25.892261	-17.339850	29.699137	-62.047109
	13.596860	22.894981	-42.269044	-2.470625	36.659714	8.687429	18.696152	56.225642	-61.387470
	-14.052396	42.898599	-68.873482	54.708953	30.396852	-26.367326	17.658012	35.248020	-58.939938
	-1.469673	33.462350	-105.411827	16.695292	11.022629	-32.818693	20.444699	48.750597	-102.461547
	44.316194	23.999564	-83.004806	-33.542410	11.701562	-21.364074	21.161103	65.500498	-91.894977
	-4.540529	42.664683	-45.064913	62.378971	21.028257	-32.634440	-4.885494	50.319643	-42.835941
	-14.246887	42.813957	-76.096855	50.602200	3.804291	-14.426980	10.223616	33.510788	-60.067889
	-10.940279	41.998628	-41.825662	-17.342959	62.711498	-24.624902	-21.798274	50.550976	-30.829949
	-48.250013	64.973373	-15.588631	84.112952	52.944958	-47.160437	-20.660104	7.139067	-34.491965
	-15.775761	86.354153	-31.338591	24.681220	31.346315	-42.594145	17.068400	39.348859	-62.147535
	34.840300	41.519077	-44.839964	-80.813708	38.807912	-35.415911	-6.480008	42.009006	-58.018240
	-6.673168	60.145222	-58.172830	23.150211	22.124814	-27.294698	-9.638561	24.215338	-32.867861
	8.625635	29.845145	-90.569146	-15.272004	40.208416	-37.804313	-17.594520	44.591461	-52.255628
	10.663196	0.869810	-88.381122	-79.842782	46.056007	-30.898476	-19.574969	31.161033	-97.732833
	-34.323564	13.888079	-22.518389	-38.938250	6.214087	-14.982098	-55.912921	17.910039	-58.490830
	-37.117874	17.201378	-14.611883	-42.794517	-6.340113	-3.000698	-31.755675	-2.048076	-66.368826
	-1.715808	9.010838	7.032164	-40.932765	17.402655	17.684601	-7.443093	7.709415	-18.212547
	-3.561822	22.105434	-22.674439	37.256425	-3.863727	-11.175161	3.494948	13.735723	-21.481880
	-33.959751	32.964213	-119.339655	74.040867	-11.316339	-19.143631	36.347561	19.119129	-47.328540
	14.445142	-17.985635	-48.687409	-14.422529	-8.295101	30.200532	46.201625	53.861836	-26.695465
	28.753481	6.747837	16.557420	64.019088	13.194221	60.349967	44.250380	40.551852	76.128261
	44.678120	-29.629291	50.575551	33.537374	-20.005897	82.228995	24.711796	-16.004633	66.472172
	97.631806	-68.700138	79.663536	-90.917766	-7.966165	97.447860	31.100998	-10.386713	110.259402
	57.152732	-8.976941	67.972067	29.478842	3.315039	58.079409	32.889496	-24.505138	93.942967
	19.533412	0.983953	41.707717	26.942566	-15.387365	-4.020678	0.945702	-12.860639	48.913196
	24.092124	-30.002152	5.234610	-9.306615	-26.048389	-11.790900	-16.849438	6.422024	23.517327
	0.790472	-37.248752	-0.148296	-12.882119	-19.556768	-25.373116	-16.126557	-0.279839	-11.948814
	-51.660066	-7.824954	6.842321	29.650797	26.442063	-35.537365	2.478444	-4.598098	10.209908
	-11.922230	-14.778211	16.937492	-65.112657	47.923847	-41.631807	-12.198562	-22.970776	10.512688
	-11.009859	-2.922143	17.209591	-75.451662	70.989837	-48.446715	11.944126	-27.595645	8.445407
	-28.750279	23.935251	5.038556	3.107569	71.982575	-20.481338	44.858388	-26.643634	-35.622596
	-18.955306	-0.069762	-40.868141	-3.744645	23.082409	-40.170415	24.257439	-30.817460	-64.012850
	3.442117	-27.168650	-3.402295	-51.367515	19.638626	-42.837627	11.360667	1.988835	-70.017167
	-21.978877	-23.938094	-14.500632	-21.229435	1.331776	-6.749241	-23.464960	-36.976761	-31.424914
	-20.690299	-8.681440	-19.183738	-5.267972	-2.378630	-25.470439	-13.889062	-39.736507	-37.377578
	40.972985	-39.683665	4.966528	-122.688187	28.328186	5.126121	-9.130579	-25.472163	-41.254195
	-23.493934	-2.886526	36.711190	54.511451	38.726982	-22.924901	-10.465338	-27.203692	59.295828
	22.522505	-48.393402	9.112731	-24.126664	24.931756	23.474388	19.714603	-52.090989	53.693729
	45.616203	-77.870426	37.823651	-23.993223	-11.228172	24.753739	10.498890	-57.557258	59.069828
	46.542871	-48.848912	60.751395	-66.766204	22.654657	11.500618	1.655580	-44.494910	64.967570
	47.864816	-47.598474	58.020119	-75.087612	29.960328	30.081287	16.927021	-23.534580	9.944562
	22.514319	-12.349342	15.048717	-25.165326	20.534456	20.406579	12.474190	-14.888398	-27.274147
	29.690536	-5.228306	-16.590631	-74.984550	30.413861	10.408642	-31.603057	7.354987	-35.415546
	-4.269027	35.352253	5.500231	15.630210	2.292887	9.743493	-35.896394	-12.730724	-1.540576
	17.999490	19.203698	-18.888660	0.065627	1.101311	-5.813197	-5.139898	18.149800	-51.642473
	9.121309	22.819339	-3.965181	22.761883	3.782842	16.594862	-3.872204	39.139600	-24.028406
	8.953766	20.843340	13.157732	33.152090	-14.744439	-4.474191	2.962615	42.593793	-14.842993
	11.194105	20.593279	-24.871036	53.888102	-44.026838	-3.939207	-2.802170	45.613232	-50.036945
	16.599084	-23.660226	-19.390566	0.110701	-55.663246	24.387698	-51.447444	71.141907	-18.654859
	-14.105665	-26.767182	7.102854	-21.251362	-40.013788	32.402199	-65.670868	27.370364	-53.041620
	-14.021101	-46.368776	-52.625989	-66.771890	-46.186707	16.246096	-71.868847	5.260991	-52.346785
	-17.140562	-27.577639	-56.207006	-0.206572	-42.195230	-9.643090	-70.515892	25.251569	-27.403072
	-49.665710	-5.588371	-11.379937	34.604808	-23.939502	11.446097	-20.796510	31.333638	-13.450947
	32.389445	-3.789241	-17.449083	47.080511	-29.143718	4.094672	38.312222	61.419184	-23.713241
	38.259545	-11.927871	17.522219	23.692786	-14.548543	24.194178	54.365716	50.831030	36.141388
	29.342279	-8.525439	14.916864	53.283962	-35.227744	26.246547	15.215054	37.708877	46.889933
	21.211406	-4.572297	1.020165	54.659142	-36.065390	57.370422	39.841214	43.821271	41.933228
	21.152539	14.151857	-2.236296	67.952519	-13.813261	44.505691	21.678493	53.294129	15.467970
	13.520753	47.200235	9.398135	81.214518	0.776850	30.793068	20.399260	49.944209	11.526145
	27.558560	51.892952	7.626816	73.136646	-6.424845	28.246830	37.088722	47.809420	-4.904912
	-8.321070	63.758426	28.045361	119.781038	-12.997654	9.862792	40.109462	4.202747	-15.180067
	83.898400	43.899258	7.455636	-19.907259	3.812065	28.241290	77.419955	39.953641	-22.897050
	26.896100	102.382412	-14.341711	130.628786	-8.054427	-8.739196	62.355760	46.778920	-28.563633
	48.818622	66.801770	-30.798734	59.523361	-13.254729	1.506037	66.511343	38.621999	-36.206285
	30.785694	73.765641	-20.719611	67.499933	-4.766080	-7.646978	51.356531	40.696242	-25.094701
	1.946906	84.556186	-9.861372	85.177643	-24.494515	-10.124805	23.213481	66.775234	14.613162
	18.090266	28.899724	-15.513901	67.403220	-22.607742	-9.235209	43.815713	41.637037	-16.344319
	25.572665	27.545840	-35.656588	35.791789	-21.805145	-17.317747	18.468183	50.545390	-17.979423
	9.435398	58.400792	-0.098726	65.938327	-34.144539	-15.994636	6.215853	39.538614	-45.108737
	22.022008	51.616322	-45.870541	33.711843	8.246877	-17.346703	30.317934	23.209689	-41.503538
	25.320339	73.047814	-15.240158	40.735472	14.559424	2.177940	20.432732	16.728121	-40.439335
	7.257053	65.193625	6.142902	58.408780	33.568579	-17.900077	10.325492	43.008445	-21.074605
	11.945535	51.547043	-7.320912	44.886735	33.483514	-39.924637	32.623507	0.038898	-24.949131
	3.970363	41.655492	3.502420	-40.700737	72.628811	-43.804547	8.324162	-6.537095	18.509157
	11.675535	45.243856	0.909640	-23.096257	51.795546	-33.310599	0.389757	14.115458	4.250703
	-25.320692	46.664907	20.083282	54.892285	47.226547	-49.408294	11.193665	32.835413	12.340079
	-25.430325	15.577089	-2.028900	10.436439	13.984110	-53.443079	19.463682	-7.692306	-19.708719
	-17.946931	27.654247	59.783955	13.951885	30.588397	-34.335192	8.469300	9.798373	-24.078573
	-28.579984	34.199459	-0.459831	33.704976	22.261679	-40.034116	60.350421	-31.135138	-41.977672
	-43.814359	43.027722	-20.234496	-16.984510	33.421204	-25.492839	23.825576	-21.869251	-64.588573
	-20.592073	75.014406	-13.710692	-2.945579	29.560310	-27.991741	15.733733	-9.518601	-13.948843
	15.830573	64.203632	0.620507	-4.389592	9.872277	-9.311974	24.091710	13.060858	-34.243376
	-19.727879	66.024198	29.763488	55.876003	-13.964634	-18.183119	19.476667	25.250740	2.816737
	15.746131	37.406014	59.203219	-9.202842	20.188185	12.741051	9.823646	34.477774	-12.122833
	3.460792	18.774473	58.783381	-14.905643	0.508833	-14.282655	-3.441202	21.053940	18.438365
	-2.856751	16.010642	29.617484	-48.342136	50.802940	-17.924855	9.056436	-8.439088	18.095496
	-17.763272	48.511203	48.648082	-12.189471	32.227689	-16.453131	-2.849157	-39.954106	-30.771042
	-33.208930	66.659356	45.087165	17.048041	29.417361	-26.967726	0.528249	4.522312	-3.988671
	19.722988	23.141815	-32.544855	-11.505131	37.738208	-1.979438	26.665664	8.202330	8.657360
	6.594645	23.733131	-44.408944	37.405719	24.175092	-25.304375	26.883482	-25.348986	-5.753847
	13.782761	0.211765	-33.192704	-45.349729	31.650623	-25.298110	15.434379	-15.821845	-17.474387
	6.352390	27.279100	-2.007707	-8.250108	34.908849	-27.660889	14.422210	-60.140550	-7.341586
	13.997190	14.554339	-10.461488	-65.584973	53.507846	-16.999910	8.715733	-8.403133	-6.625828
	31.523537	18.865230	12.585976	-54.561125	73.466305	9.250744	7.596107	-10.740300	-2.906013
	3.221374	9.517668	-15.805761	32.867846	39.435676	4.848202	19.902191	-21.781561	-9.433044
	64.159594	-52.804599	-42.749851	-58.274666	18.185941	43.315524	17.740369	13.548776	14.853269
	30.213742	-27.900673	-23.887498	-37.102929	10.196651	21.764954	12.745056	-11.520815	2.048487
	-1.547683	19.434747	-6.499779	-3.845639	17.530415	5.561982	13.555472	21.223538	-16.189940
	39.589659	19.590076	-26.490101	-4.905041	46.670121	8.623727	14.958953	33.214835	-40.067715
	26.629203	19.499817	26.435253	-5.401204	66.512332	20.406223	33.874836	-5.705260	-10.949418
	-19.874476	28.110223	22.535802	57.910908	14.017790	31.239148	46.683695	-21.328332	-0.874772
	-8.884453	54.667924	52.625928	68.455804	9.690956	37.415360	-16.560004	14.323154	-8.352635
	24.932693	53.265528	52.081472	30.509790	-5.455933	32.419328	-10.094709	48.394274	-0.470217
	162.685584	-59.050794	24.394132	-274.537594	8.389012	79.777768	2.902542	88.097339	-10.246679
	264.078996	-78.298594	-30.489085	-387.021539	-2.311499	46.067741	37.137621	75.523678	90.321865
	587.566841	-444.712518	-21.101195	-1364.755252	187.772236	250.034976	-47.839067	159.653197	-38.333930
	1105.392690	-795.310772	-63.813433	-2247.152403	416.806015	494.221294	16.785839	389.525526	-116.258517
	47.166655	-197.839448	-71.000572	-111.285088	31.407890	132.216116	-120.639309	145.034545	-4.358558
	-80.125652	-53.401892	-81.024411	26.952348	-94.458586	-13.192062	-60.639434	-85.455542	7.455531
	-48.694243	-41.667099	-8.892017	3.370751	-110.731723	31.646214	-49.986167	-78.819397	-0.865061
	-53.166315	-21.449943	-28.276442	99.073714	-84.561678	11.892547	2.144674	-48.385479	36.926064
	-121.384846	50.132272	-2.927969	225.694895	-44.031376	-37.597246	-36.551194	-21.827181	-2.108364
	-157.525201	54.878885	-171.715969	116.484985	-46.234069	-77.147234	-47.895224	-42.655253	-68.405367
	-144.726297	39.441052	-86.742073	100.146030	-32.109043	-74.078177	-53.350181	-49.045794	-52.809317
	-131.983332	31.538618	-125.024150	99.692448	-29.588686	-67.831577	-14.738374	-18.872192	-74.723545
	-97.508219	72.006559	-18.957185	192.823698	-15.694778	-57.705086	-18.377393	-19.548270	-58.122511
	-78.098955	61.449206	40.480342	151.302588	-4.901931	-16.122457	-3.468612	-8.889714	-22.428307
	-56.215987	36.134040	41.335240	125.092329	-2.977846	-13.720384	-28.866556	-19.741732	-22.887244
	-143.950905	6.901866	-118.059305	190.463290	-96.527079	-70.616366	-58.345857	-35.029471	-27.044055
	-109.747382	5.566307	-29.306231	97.051823	-101.942579	-37.167203	-86.430492	-61.995718	-36.537660
	-86.033126	41.536429	71.913875	68.563883	-58.410469	-6.755402	-57.005163	-46.522602	-16.289333
	-5.314847	17.428427	112.124366	-49.404356	1.488757	17.135527	-44.064262	-20.939798	51.157314
	-43.992671	-2.617520	85.993923	20.165129	-5.832698	-9.087782	-29.966936	-16.334417	42.117009
	-71.827889	23.167770	74.476841	53.805358	-0.800740	-57.365816	-4.139841	-28.272132	43.348525
	-42.700183	59.435162	130.316619	44.052727	30.187384	-32.564957	-11.027459	-41.969204	35.319846
	-74.166614	72.756909	35.553119	119.793175	-50.048824	-41.277719	-18.152705	-46.698794	-4.211411
	-74.903392	95.864409	28.064936	133.512177	-38.832548	-66.443540	22.406839	-7.675939	-9.576786
	8.311578	56.823015	46.534858	72.830330	-25.328253	-29.783037	23.269714	17.214404	41.227948
	-9.159950	16.575139	60.966625	55.201064	-39.355285	-13.586901	19.367920	7.797311	64.904982
	-46.923193	45.495460	-17.632978	145.930620	-50.434037	-51.801437	4.761458	-21.758984	16.694819
	-68.324117	61.406131	-11.237823	193.686554	-78.092025	-43.945383	8.506443	-58.689872	24.844998
	-10.342240	9.521662	-0.902542	56.638985	-50.470431	2.861729	8.118971	-28.395568	-11.911471
	-109.829139	93.764203	-4.021425	276.225045	-83.127890	-42.217483	21.424207	26.369099	-14.114154
	-78.758523	95.276814	5.671263	205.317768	-50.503888	-38.234412	18.097111	-12.611946	5.550913
	-39.701407	34.471564	-120.826787	135.191925	-73.890997	-55.425360	37.921410	46.434535	-55.073795
	-111.896877	58.109348	-186.548548	222.987027	-102.488473	-71.406544	35.025333	29.544755	-69.426105
	-113.913803	81.884927	-140.947388	235.211847	-78.780389	-61.991944	21.854268	23.553424	-90.799159
	-29.394429	79.369638	-56.614460	142.616802	-7.609935	-1.956780	51.063696	55.986224	-45.779141
	-65.270113	90.352099	-23.578887	190.211820	-39.040722	-17.090594	20.976463	-14.565314	-7.034029
	-54.890765	116.053399	24.186180	204.360018	-20.097675	-21.874523	46.476104	-8.578181	-19.977333
	-30.543982	80.090082	39.899596	77.180989	17.945482	5.534643	19.702974	-4.492935	5.713980
	-39.328340	61.730071	29.450887	85.597404	6.037267	14.930282	3.581390	0.616814	-17.359012
	-30.673543	84.661387	6.488293	145.512043	-4.798582	3.537956	18.088495	26.500847	17.829758
	-57.306728	91.010640	6.985790	167.033044	22.812360	-11.281558	6.085920	-12.619099	17.000475
	-3.171808	26.508779	49.472623	72.943757	7.317313	16.942135	-6.923964	-31.108074	17.714317
	70.879183	-11.754847	70.122057	-26.662369	42.252637	56.884338	18.682215	23.286430	24.227892
	0.714816	6.176476	40.942427	60.132730	10.741148	6.281517	12.446836	-14.782553	43.488070
	-4.237974	28.348288	4.895444	117.210972	-25.771833	-18.308281	22.804060	32.827953	5.576537
	-39.550157	31.170397	-19.122257	126.906029	16.118190	-28.547418	55.590358	-3.700853	3.913302
	-2.834245	4.329162	-34.359338	43.347885	89.412502	-3.060709	42.103173	3.814499	18.805448
	-66.119158	-3.028711	-51.693839	98.437906	48.655926	-32.722446	24.570803	-23.515999	-13.777797
	-61.241426	10.724152	-47.970059	86.930460	61.907376	-32.299299	22.299363	-13.415283	-10.974047
	-29.833538	-13.815145	9.576065	35.604070	52.104979	-9.186526	29.310850	-18.724338	-68.253017
	-27.014544	5.709082	19.963975	100.712615	1.338967	-24.270341	19.560934	-3.029970	-21.369699
	-13.085814	56.180037	8.637744	140.512469	-18.613535	-10.899743	26.550817	7.737517	-9.853799
	-27.236027	33.710210	6.696588	145.301470	-38.968988	-1.763057	10.481918	-4.628939	14.498925
	-17.826724	24.717378	62.068830	137.293584	-38.833882	6.856413	13.208527	5.381492	72.573399
	-56.280757	17.814337	12.598910	122.045934	-60.245965	-3.843363	27.640876	-6.141606	31.378560
	-10.651448	10.959595	38.899448	90.215916	-24.440050	-9.666953	19.337846	14.135023	33.378519
	7.007923	22.156091	19.781921	89.532511	-69.717252	21.883469	29.542890	-0.636293	-13.878041
	-15.975857	68.456047	58.828106	167.895537	-73.263791	-2.204441	31.408304	58.637583	-9.591353
	5.892253	34.076535	20.062547	89.168885	-61.407413	21.084211	14.622035	68.487423	-13.195494
	4.216727	39.224367	81.900777	92.037184	-71.285161	52.310672	39.111065	-4.093657	81.551419
	31.983267	-9.145659	61.019163	44.222972	-77.978386	62.149636	52.277944	16.781807	66.417859
	38.490868	-37.049655	1.915794	-21.352625	-64.616179	26.938979	55.122947	0.524925	46.249800
	15.863741	-16.596970	51.258366	4.095803	-39.619431	16.821636	18.779742	-11.324150	72.613295
	-2.345769	-12.743584	62.422655	4.337750	-32.117854	18.883463	0.235735	-7.579385	37.515715
	-28.079066	15.465704	21.906071	103.396310	-32.957928	-13.787392	11.480364	25.947084	12.462021
	-19.649244	14.120437	22.534452	79.807846	-27.019089	-5.582282	-8.727839	37.911876	-7.773202
	-24.479874	18.071121	34.913126	38.550972	16.380121	-13.691985	-13.601833	38.084756	-38.064385
	-38.311021	55.377369	-14.614056	101.371050	31.005904	-33.448523	1.301453	67.488138	-34.440834
	-36.017389	41.564083	1.604175	86.937749	4.897166	-13.621922	-11.858629	55.521623	-42.816887
	-2.348541	15.758366	-1.190272	-12.593856	3.066748	8.305072	-17.698319	39.613353	-58.475773
	-37.612261	41.248791	-50.096206	63.344635	-12.043386	-15.773871	-40.459585	16.083682	-27.868787
	-3.931932	35.603321	-12.283574	17.543273	-14.820253	-8.440583	-30.533056	38.714033	-57.639628
	-14.981881	39.156056	-6.684613	-32.528740	-10.186530	25.918862	-22.725470	27.113702	-34.185381
	-9.359410	15.609209	-2.761730	-75.465249	-10.456559	55.938261	-47.147302	11.883993	-27.389423
	2.852201	13.095790	12.084674	16.280894	-31.048516	14.386063	-37.149712	19.261875	-18.643078
	-41.349891	28.164556	-14.690272	55.856295	-49.005381	-0.911459	-12.446686	-3.245504	18.525481
	42.288053	-23.173486	-17.010931	-54.375413	25.651655	4.622629	-6.621266	-33.857092	30.245338
	-42.114637	-18.405054	-10.769392	8.930661	63.593340	-23.697005	-1.879518	-51.918584	39.545808
	18.317215	-23.761554	-5.736973	-57.078016	98.003594	0.060601	5.501120	-22.398406	44.764133
	-7.069152	-29.293050	-26.868557	-23.511131	85.382477	-13.455999	7.678439	-68.441597	35.677923
	-29.333530	-45.962088	-59.518051	-24.335919	25.316712	-57.179333	1.007046	-56.757280	-8.218584
	28.049053	-19.904524	-15.162983	-49.015605	95.851555	-26.329859	6.879436	-59.066072	43.108663
	-16.986863	0.797967	-37.608945	6.856741	43.019738	-45.730381	10.112577	-47.679339	14.942218
	-14.880908	-7.856996	-40.658312	-33.395868	55.992752	-15.273812	-12.307328	-12.843803	-0.920566
	-21.075873	19.670783	-45.999241	-6.351601	27.107494	-24.851517	-14.886239	-15.837853	-19.834234
	-18.529616	31.918735	-38.839110	26.386387	14.193426	-20.094315	-7.894640	-3.081153	-34.159781
	-11.984004	-2.393071	-28.400718	-39.761370	-5.926233	-14.235596	-27.110919	-4.187816	-4.311168
	-9.470638	15.419409	-5.968695	-23.007871	-20.842217	-23.059476	-18.148062	-10.670301	11.719527
	-49.145902	25.457064	46.145191	9.938137	-4.141192	-10.524145	-27.587713	-34.895422	35.549031
	-19.766599	35.874281	67.164225	-15.664202	42.527428	17.340228	-3.518950	-30.232753	65.035501
	-4.674832	14.605908	42.140914	-24.037155	65.176447	2.051121	-13.660336	-21.173141	77.314358
	8.852385	5.540994	-2.581054	-18.854256	75.116018	5.743177	7.142743	2.318522	56.987402
	-10.992263	-6.429322	45.312449	-29.611662	118.459691	-25.134547	-4.631933	24.007236	78.150323
	-5.916255	-8.231340	53.456193	-48.861469	96.302295	5.474154	-2.142112	41.716257	54.401106
	21.639685	-6.471947	-9.944696	-44.385569	80.427499	3.638955	34.391388	24.887072	27.680410
	7.438192	9.024297	2.577664	-1.811521	109.111472	-45.818805	12.897263	2.404616	35.435450
	3.638909	-32.805791	-17.669097	-89.324214	108.908812	-46.615199	15.535234	-17.991472	-0.157962
	56.836958	-31.369202	-20.747023	-113.397902	112.623854	-38.682889	28.798547	5.228622	-22.896659
	16.056682	-5.192358	18.253433	-59.475789	99.766461	-53.493217	-10.652605	4.258147	36.282285
	39.038966	-51.325656	-20.678468	-105.426367	81.933497	-51.418094	-6.169449	0.357336	31.987962
	37.235187	-44.617775	28.933196	-122.312950	63.105670	-9.935692	19.605489	-10.685396	61.128321
	2.681299	-6.698216	24.899184	-55.821097	44.283816	2.422858	-8.944095	-11.373587	29.877177
	3.528800	-12.714311	27.002203	-50.720121	84.489162	-3.401894	-1.375277	-13.958964	24.311944
	16.726043	21.646313	0.762966	14.318222	57.157891	-9.247431	8.952272	-0.047161	2.497119
	-3.696100	45.297454	-10.523822	13.250917	25.199310	-21.178444	-3.832684	19.637807	-50.792609
	31.441125	46.944104	-44.873926	7.874984	46.109681	-13.516045	16.300465	22.395859	-21.515459
	13.325098	28.513218	-63.877810	1.699504	-24.601114	-25.422603	21.988456	27.993524	-71.496994
	10.845602	43.005290	-37.579547	33.908143	-10.316692	7.906934	34.568891	12.202736	-58.759821
	33.268761	0.128354	-28.629244	3.653247	14.485230	32.104997	36.509404	30.845547	4.255859
	-28.295580	-25.769182	-80.798962	-35.278407	-37.557409	28.640358	-10.068408	-3.324176	-41.223426
	5.888902	-26.303420	-36.341750	-89.984845	-7.810746	26.825302	-25.470100	-3.584989	-38.829588
	5.548196	-14.731480	-50.270707	-7.647560	-35.423596	37.548528	-5.141939	-11.985738	-34.499321
	19.885888	-2.974873	-24.632722	-2.959858	-8.923333	34.242694	-2.202809	28.081397	-44.509523
	18.378079	-2.370172	-53.561121	2.208553	-50.030384	27.134616	6.351512	61.666710	-41.714784
	42.208320	24.890947	-29.180479	31.406700	-22.681308	32.229906	-2.795396	29.113579	-19.811116
	26.134579	-0.788071	-29.079003	-7.808490	1.839649	21.707002	5.960498	16.812417	-29.751214
	40.378436	-1.336711	-15.544011	-68.119523	11.019373	22.593009	7.011596	-11.624658	-7.791368
	37.871179	22.265450	-14.790148	-83.372402	45.427737	18.603554	-21.747784	12.625278	-47.059460
	-1.079427	37.148381	-31.054343	-20.175149	31.883662	15.672986	-12.680060	6.289307	-47.129921
	15.359395	22.070053	-16.711038	-82.282127	57.223514	12.222847	-18.074274	42.623029	-53.336295
	9.010555	3.020393	-18.473976	-78.974085	13.350372	4.383377	-28.902650	0.201456	-29.877392
	-36.573272	4.392824	-91.520679	-19.548229	-26.440194	-35.161562	-40.841828	21.526893	-27.092398
	-9.498028	-22.999046	-142.497359	-88.568724	-28.192753	-23.081406	-32.389466	11.143734	-39.058277
	6.248647	-8.635851	-68.344803	-144.355548	-46.957614	28.841841	-51.502237	32.536941	-40.762430
	23.112365	-0.003668	-22.752871	-119.381877	-10.937824	25.474270	-24.400379	29.490542	-18.246224
	2.828988	20.881512	-28.063055	-66.791249	-33.827584	-5.119360	-20.164965	32.192049	0.137731
	33.706243	-2.347147	-35.507098	-100.019999	-2.509942	7.052382	7.506380	18.169825	28.266835
	21.346258	-44.313056	-37.290572	-128.251385	-34.417746	-12.028757	-39.142242	4.546947	9.325129
	-10.105083	-37.841025	-11.007396	-98.647621	-13.576588	-16.169746	-21.952445	-1.050489	4.415726
	-3.932444	-34.901477	21.434429	-100.025122	33.819440	-15.461490	-4.921301	-2.682256	51.006268
	-0.635509	-47.793651	37.401997	-120.843857	4.203012	-1.925120	-22.102963	-1.756890	50.480928
	-8.375933	-33.245608	37.689451	-108.425751	-10.524355	6.672980	-41.306804	-27.104646	68.318081
	18.296003	-20.450799	30.825070	-100.100365	63.251992	-0.736883	-3.340005	-12.281369	85.499959
	8.481714	-51.917656	4.228541	-129.049239	33.232671	-4.444654	-33.555724	-30.502599	41.710052
	-4.651651	-55.093183	-2.649959	-89.004386	43.847844	-8.340405	-27.302542	-29.237966	34.568575
	-2.383636	-45.458693	18.041136	-104.209326	62.008998	3.078851	-10.697378	-5.767809	8.245972
	25.008484	-61.367909	5.259154	-180.144729	48.592747	15.845399	-28.733550	20.030094	22.995016
	21.562468	-53.320782	-0.675866	-170.063151	-2.313604	15.607112	-50.191964	-48.098571	-24.140599
	-25.986358	-32.419312	-28.270986	-94.782613	-46.560735	17.311742	-61.058125	-10.007388	-28.945428
	13.159666	-37.581455	-27.326984	-107.379513	-19.138070	20.280038	-19.114465	17.945006	-5.458385
	19.688303	-25.428384	-6.138255	-45.295109	-11.523948	14.945814	-1.114624	14.364406	-6.241733
	10.216489	-11.349452	-30.010521	-19.769539	3.870615	9.548927	31.274370	49.942909	4.902401
	-3.134705	8.666390	9.360746	-3.173899	24.383043	-20.445145	49.590627	23.709785	33.345418
	7.474903	-22.965045	-13.899063	-68.553766	10.110244	11.745001	-0.114365	15.457071	19.813241
	16.538812	-24.494409	-70.599751	-40.615490	3.355513	0.274241	2.499611	24.606840	1.051087
	-25.784090	-4.332215	-79.470860	-15.842256	-10.449058	-8.116819	-21.798742	21.748074	-44.219245
	14.463889	-11.781765	-29.393593	-61.262615	8.123091	14.115612	-7.612584	35.573708	-39.330919
	-9.713644	-7.825933	-23.375845	-41.987472	-13.495307	9.074867	3.338893	5.713817	-17.784862
	14.321528	8.474960	32.903512	-18.058505	-5.330843	18.102175	-20.569406	-18.659552	-34.345587
	23.603714	7.923578	-3.298219	-33.401442	-9.626823	-9.613003	-19.675782	18.145173	-35.910692
	0.853113	9.651510	-13.397945	-48.594989	-3.120112	-2.189515	-41.673004	-2.864693	-79.008752
	-23.907655	32.950903	-45.184893	6.833924	-21.905302	1.544766	-21.892590	4.975495	-87.030707
	32.742370	22.270773	-27.086580	-20.919056	15.934334	-9.040494	17.018987	45.885136	-61.249167
	33.365615	0.421642	-21.918373	-26.447300	4.129023	6.292823	-0.629289	0.613666	-62.417603
	35.383022	19.223901	-24.247278	-10.433012	16.815680	21.419107	33.872980	-10.014780	-60.382276
	12.918030	14.957188	-51.994203	-4.104214	-6.667883	13.243986	-6.387076	-26.322589	-78.770728
	15.108946	5.425384	-63.353284	-33.683025	37.851805	-3.552257	30.804117	-25.512785	-61.449233
	10.293192	22.640008	-52.195819	36.406763	32.899446	-32.419767	43.930630	-19.776321	-80.090807
	-16.699623	35.255320	-34.025109	67.637422	59.427584	-34.259184	65.488327	-16.487125	-64.749568
	5.920526	19.634506	-31.676323	-13.010790	70.316123	-38.139765	65.048503	14.811084	-14.370373
	5.032347	-5.119301	-16.346411	-58.370626	40.115358	-36.975113	33.154163	15.063579	-31.220531
	12.484235	-6.642071	-32.546749	-30.639375	22.640243	-35.953539	21.720585	-13.832273	-42.430441
	-26.294755	-0.626436	-35.404334	7.261894	-10.595135	-34.748013	10.787861	-11.925512	-39.384954
	23.973090	-27.831873	-34.033403	-51.326496	-6.595354	-11.284592	2.370120	-6.169692	-43.506163
	23.845524	-44.703204	-36.623486	0.754775	-35.327129	10.149189	16.281102	13.926931	-18.940518
	4.797825	1.943730	-49.181226	86.068400	-26.410628	4.536679	23.027027	17.168442	-11.110238
	38.503269	-40.169212	-58.259166	-40.960925	-0.949154	-0.502304	19.594006	22.054657	-24.914047
	24.690744	-32.411380	-28.502092	-30.195792	-25.555322	18.892785	-1.163206	-13.033144	13.355377
	-12.437239	-11.833164	-3.750394	16.745768	-50.807215	3.447089	-2.877201	-9.794678	-50.706759
	-5.556282	-30.418502	5.704558	-4.744941	-67.045429	28.835913	-7.669380	-0.689528	-37.642179
	43.020965	-27.018978	-6.217690	-37.061810	-18.484886	43.551427	24.994063	18.636470	-9.175016
	5.653563	-17.179479	3.229937	55.872763	-21.422684	18.706165	37.773776	-35.363465	11.412850
	37.197661	-45.248476	-23.822467	24.254500	-69.603806	23.564896	27.265587	0.877531	21.348525
	67.223290	-43.432471	13.141807	22.777895	-29.028304	20.830058	54.176381	-34.536478	70.626608
	51.187451	-57.126654	15.187627	16.946128	-45.146162	10.672549	59.105608	-16.778169	75.301088
	73.513680	-40.182784	22.531688	20.335523	-38.345887	16.865881	61.266337	26.428945	55.239401
	21.608572	-15.169355	5.571806	40.844466	-57.501203	-2.875644	45.586803	-6.676677	39.301390
	39.330742	-27.119612	-12.210766	-14.485689	-45.152867	-24.963553	5.787803	-4.382514	-22.181176
	41.999441	-38.631497	-50.709901	-25.780235	-42.356483	-25.535884	-0.272446	4.382526	-34.752870
	-15.655360	-23.705169	-46.604999	34.487608	-57.790046	-51.378561	-12.946103	-2.283036	-34.170167
	27.399110	-49.333195	-87.701205	-42.685948	-43.788438	-23.838283	-1.902732	-3.029860	-49.496629
	40.059308	-34.292448	-102.924308	-31.633750	-21.049955	-24.329347	19.334335	-21.344124	-73.836525
	-33.276245	30.174457	-62.531367	92.282085	-40.788725	-33.769283	-5.970370	3.577898	-93.203273
	40.233758	17.618679	-76.392612	-30.989329	5.999330	-32.734222	18.514198	23.462145	-87.775720
	-1.731306	25.150400	-78.730539	21.849424	25.968202	-51.742006	19.582982	3.806332	-56.323836
	-44.708504	38.591090	-48.163460	49.661399	74.248319	-45.376025	46.589836	32.670208	-32.535063
	-5.996015	16.008196	-32.778711	25.102487	56.416527	-52.590424	52.684273	0.991711	-41.274093
	-25.265089	34.834728	-33.204081	14.033937	11.143701	-24.879295	22.192634	18.025721	-44.808163
	-27.444434	-0.161085	-67.418049	-78.133112	-27.040198	-51.396288	-18.580762	52.020139	-109.250410
	-39.871559	46.126545	-98.140759	72.737270	-16.345839	-59.656238	-5.851213	35.032190	-78.226943
	42.938049	11.086855	-41.824749	-81.461874	23.444971	9.809246	-4.087973	70.255256	-46.236587
	-2.970836	43.939301	11.664662	-6.870762	-16.381517	14.613458	-28.253153	22.574161	-30.853020
	-4.515267	20.732403	31.729920	-3.473736	-37.959523	50.342501	12.774057	-29.332998	-10.982108
	-41.810727	-0.605142	87.113439	63.116290	-50.719568	73.514303	10.000310	-68.782247	108.234676
	-21.398064	-33.721214	14.685142	-20.761080	-41.934024	84.913750	-9.635392	-64.923996	78.331702
	-21.651050	-38.032610	-3.418694	-43.188616	-39.350423	26.545627	-9.636337	-14.225236	49.522467
	-1.503333	-2.131518	12.871593	-16.711300	-4.999207	21.713362	-5.365372	-15.983810	28.071438
	-31.406710	24.376172	-0.728572	-14.637233	-19.212115	-1.676097	-1.601456	-6.412994	0.199281
	-4.683394	34.031218	-15.557383	-31.382251	-1.330840	-5.623393	6.355143	20.623022	-13.819712
	2.814631	70.490693	-17.646307	114.355913	-19.083015	-17.499397	-15.552034	15.776008	4.502713
	-20.104735	67.979105	40.162994	130.882573	-33.892156	-23.976942	36.430938	16.315712	-31.548764
	-35.579626	36.487992	-9.267774	160.546649	-21.609325	-53.233472	25.398409	15.395230	-4.163233
	11.461567	-1.074546	-2.727641	106.547814	-3.289434	-32.102029	61.532337	21.448871	9.691670
	-36.394484	19.015616	23.304576	149.702271	-34.546476	-42.929952	48.460213	25.353818	31.942091
	-11.013751	11.631135	-68.607611	55.876631	-69.925194	-22.848416	13.295870	50.266110	-25.591057
	-67.774044	40.039421	-69.508411	152.201648	-62.108040	-40.829081	-8.085303	20.263645	-86.311596
	-38.653476	42.459136	-62.258626	90.356992	-41.280126	-36.471632	-2.114632	8.415586	-71.368016
	-17.417413	51.658816	-36.795521	90.933942	-31.478477	-8.071105	25.889557	51.076993	-44.672432
	-48.972990	60.656379	-55.890618	180.806337	-72.731227	-39.128971	2.141676	75.574307	-83.290556
	22.042638	50.447923	-68.392235	59.298846	-32.372156	-39.531770	27.016778	96.966046	-69.191267
	-20.197012	51.809481	-93.440397	114.732845	-70.261449	-30.875874	23.423104	64.193963	-68.770463
	-4.389834	46.637654	-70.990098	70.988409	-65.404954	-12.727466	1.503314	39.289023	-51.048378
	14.667209	57.750442	-25.160235	116.119780	-29.642058	2.911847	12.990892	39.308929	-33.611647
	-9.853395	16.670773	7.521990	82.271009	-40.904554	32.247189	16.983490	-2.711518	7.073921
	-3.416812	-2.769684	24.674511	59.247597	14.339512	33.611824	1.833346	23.105649	18.189918
	-14.399076	-11.272696	0.882330	67.188749	32.159641	7.904245	-3.359000	11.414610	7.556048
	-20.619390	-35.300740	-10.359995	16.584353	20.885936	9.438952	-26.605640	-17.036495	16.344092
	20.096935	-51.038410	39.138030	-84.372986	31.918808	29.918636	-23.309661	-18.302923	25.099401
	-17.980355	-31.634147	33.324292	-21.972748	21.636671	31.788476	-57.206454	-16.976968	15.539810
	-3.179788	15.271591	15.554290	48.552562	-6.925137	17.939859	-22.370353	-7.722357	-3.088774
	12.485247	-0.484558	-30.964356	50.576976	-0.416713	14.121039	-21.933879	12.598887	-54.418539
	-11.661244	7.431114	-28.423817	78.480866	-23.922501	28.267046	-16.909912	-19.582897	-63.475972
	48.796030	25.500025	-42.909570	3.011606	13.539701	26.443007	6.576857	-11.158723	-35.459521
	33.032922	34.962373	-47.767699	17.840251	1.850012	8.021515	-6.733832	27.761792	-49.002253
	13.220398	36.531434	-16.952813	19.821754	-11.802610	8.048765	25.091076	21.009000	-51.776861
	9.399548	60.142459	9.040439	61.145008	-13.374907	11.602429	-18.679770	28.443096	-39.833828
	22.024084	-2.646911	39.306378	-77.520878	-42.030255	29.339771	-73.095328	5.915952	7.525106
	39.812469	-15.465613	20.832208	-105.054445	-15.014327	58.585224	-53.617486	28.936644	-20.803701
	-0.782497	16.488830	-5.551959	-26.429435	-43.555068	43.655009	-63.251182	15.084551	-44.023592
	-16.697908	36.953227	-16.125662	-7.871375	-56.952033	9.932459	-51.629611	42.369337	-65.131847
	11.880530	32.321576	-17.748601	-6.074085	-60.894501	-0.177631	-57.609116	32.970229	-57.652639
	2.701413	8.703413	-31.126671	-59.202657	-68.339798	8.566849	-53.134397	46.081427	-38.149975
	17.215229	16.579563	-66.612198	-37.472947	-25.680695	-16.957529	-25.480629	23.933306	-54.618378
	18.193150	-6.930955	-40.716838	-66.218732	-3.359235	-12.604960	-41.214348	23.128445	-64.053795
	30.669812	-18.080804	-75.961323	-75.625991	20.383254	-39.823825	-32.573799	19.149853	-42.220256
	31.009824	19.166009	-80.974963	15.518259	28.047931	-43.902506	9.747706	4.190207	-86.195967
	30.779310	24.731242	-49.332523	8.863989	41.045700	-48.478069	39.091761	7.610702	-51.241626
	16.383263	17.097515	-15.397452	26.159008	21.740080	-34.225207	2.407775	39.459826	-43.774435
	-14.324622	10.309756	-10.007157	-6.612660	11.402310	-39.122869	-45.753669	0.331294	-42.646348
	3.097010	21.791728	12.841941	-60.126732	56.506238	-13.968244	-14.373332	-6.748108	-41.092605
	-13.872114	28.454992	20.902349	-37.544831	53.769158	-20.273485	-58.958486	-1.164376	-24.875478
	42.843940	25.936530	-11.479881	-97.677096	52.017258	-7.590689	-41.336783	-17.301613	-19.688539
	24.177928	35.004688	-15.548188	-51.316454	9.612689	-14.677130	-16.957937	-12.493557	-47.841569
	-18.257111	38.043699	-21.938060	6.070345	-36.315278	-16.803086	-47.981130	23.371076	-34.023457
	15.149925	1.096074	-16.893019	-25.203909	-14.421513	-34.195440	-30.810903	1.604714	-17.906126
	13.429425	-4.705843	-31.322032	-15.926610	-6.195323	-15.398191	-3.863156	11.136654	-5.113884
	41.087433	2.828216	-32.208014	0.584777	59.326709	-23.296755	43.632396	21.935123	-8.035103
	11.903209	5.820423	-24.821149	34.397671	17.472293	-31.054650	28.463334	39.430564	7.429410
	15.772901	15.000214	-11.197204	66.369163	34.685363	17.935069	57.940076	24.086661	21.713088
	25.130810	30.393837	7.098273	67.818979	35.321727	8.656299	55.804716	31.148557	38.885929
	29.873560	26.686297	8.368228	37.482672	22.319237	3.481188	32.905793	18.128772	-20.380659
	27.274041	7.562590	-20.516426	20.873559	46.168625	-5.852465	38.013911	15.559926	-12.803894
	25.277001	8.219227	-26.208314	65.415701	48.050210	-1.457538	9.798399	57.959120	-1.807837
	-15.389178	20.064306	-23.057088	110.629816	38.884051	-0.721292	31.229682	29.959027	-16.676651
	31.949233	-4.477251	-12.616678	-3.748921	54.382058	-3.618453	36.978017	-24.036224	-14.445965
	15.599555	-43.601501	-35.031214	-20.835231	22.088359	-14.269329	-6.664736	1.545262	-26.462953
	-21.511059	-17.041814	-29.096261	1.893436	6.061437	3.803300	-9.975643	-9.023167	-12.897644
	13.975959	-24.574276	-44.154240	-19.620383	26.636865	-13.994933	8.827749	-22.902915	1.926282
	10.407271	-3.297737	24.722984	-6.030596	33.870879	31.933879	10.879729	-11.573732	-15.223748
	19.272115	-2.157511	76.101766	-8.457404	40.135087	27.855236	11.501055	-25.042944	-5.567217
	24.276017	-16.616990	25.327532	-4.629240	-21.011539	9.408991	15.305084	-27.501298	-29.899559
	13.466831	-5.326307	14.131054	1.107381	-21.301674	7.617202	5.829087	-5.960521	-20.286027
	14.302965	-6.904931	-15.743378	-4.710663	-17.132869	1.085427	3.573981	-5.423170	16.409744
	-24.811803	-13.107427	41.410595	48.156280	-61.740882	22.088717	-12.547219	-36.164546	26.362543
	22.126961	-29.093454	68.673188	-2.959560	-52.949186	30.799599	-5.732513	-38.607914	57.310671
	18.838327	-19.310503	91.275482	42.343359	-34.074683	23.312606	6.495143	-41.442247	69.404621
	16.203146	-16.150352	70.596052	-14.297625	9.314470	22.822742	37.456715	-54.700823	46.739807
	27.732753	-18.063886	92.911199	-19.959096	-2.385530	3.080814	9.067249	-27.334011	62.374986
	7.726571	-12.489865	68.369105	12.700738	-22.111300	-6.205115	38.381901	-19.076307	28.805132
	18.836498	35.527717	40.661169	64.829322	-9.150489	-15.231690	47.845293	-21.523416	5.064769
	0.159036	70.996161	8.118220	133.621150	-37.315321	-28.373233	59.582628	31.953518	-11.895581
	29.695333	30.456434	40.115405	71.298065	-38.585315	12.316832	66.075543	-3.289754	28.469086
	26.745516	-4.352990	66.763544	40.939726	-15.142369	30.567411	71.104266	-38.359436	43.520010
	25.943943	-38.138826	69.316918	7.152824	1.349624	52.398596	35.384641	-28.044708	108.077468
	-16.426658	-30.316598	105.327581	66.142007	-5.376998	39.422666	34.486817	-36.518222	97.093258
	11.277570	-13.252866	61.764236	35.697249	-13.189589	55.101511	19.872952	-1.729143	57.373690
	-17.724052	23.255087	99.602624	84.238250	4.004053	40.867608	21.942775	17.052564	41.829950
	-22.339527	30.035635	141.807889	72.152548	-21.834896	44.200372	-11.212872	10.517355	44.744541
	-6.678795	10.624503	143.953223	-10.971682	-19.227588	48.954017	-7.969586	-14.775961	87.907589
	-4.395312	7.848793	139.055268	10.934553	0.576245	44.454020	5.009729	-2.964015	106.038694
	-33.040603	8.933046	126.624848	48.068472	-24.065321	50.123191	-27.683600	-37.014935	81.051606
	9.723274	-54.199262	138.058249	-16.132207	6.259172	54.098033	3.041826	-23.208917	33.348845
	-21.377473	-24.893552	78.509238	15.342603	-13.296696	54.723366	0.700570	-28.244987	70.094534
	-8.000218	-32.060964	28.876050	-10.857357	-4.485885	63.415641	-8.088189	7.697542	24.134823
	-38.186823	-14.700616	7.148675	31.960975	-33.524187	71.031260	-28.869299	-21.910009	-16.649491
	7.454051	-20.008799	-56.774117	10.433076	-2.088297	22.639429	3.504677	-0.753516	-33.929708
	-19.488672	12.907089	-40.268560	92.571342	18.937510	0.919258	2.682078	22.222702	-43.376733
	-27.598525	2.775976	-69.951100	82.591076	31.456866	-12.055479	-0.790690	27.443761	-31.672208
	47.706277	-29.513647	-52.155083	-33.470846	75.270451	3.211473	27.905496	25.931541	2.619658
	-1.021743	-2.434260	-16.209945	-37.942832	106.631096	-14.748562	24.829592	-0.867382	49.162843
	20.056457	-1.077521	-37.203199	-35.163144	59.287461	-7.320307	6.794348	-8.887903	1.563704
	41.001914	-17.907731	-40.212566	-79.783290	66.932155	-28.565934	-4.899932	7.462426	-34.287829
	-11.633359	-30.917439	-51.256608	-75.438686	-5.282840	-31.816051	-43.151603	27.158037	-75.235572
	-7.499619	-10.315768	-55.431370	-79.193118	-6.209007	-30.189070	-57.693260	47.748479	-65.639007
	-15.318279	-23.959454	-53.733621	-60.615943	-2.612116	-59.449855	-26.555064	41.564872	-91.503012
	-2.797507	-12.194564	-54.383839	-63.322396	-20.250574	-14.319876	-38.445884	11.230794	-75.230309
	4.511226	-18.617388	-51.045841	-82.123000	-12.434465	13.093531	-47.492379	18.051217	-55.424049
	-7.016690	-29.014930	-26.731753	-56.636743	-47.655369	3.720541	-50.676051	-21.413265	-19.081225
	58.224316	-59.626812	-24.854582	-143.542619	-21.806229	21.019103	-32.429379	-58.749616	7.060852
	14.658834	-14.712737	-3.983891	-61.802669	-30.861036	-6.431214	-30.851187	-60.703387	48.744589
	42.999733	-4.712235	-24.672010	-60.223865	-20.754378	-16.306176	20.521735	-20.663070	37.597043
	16.521099	7.282234	15.015903	-11.154760	37.798843	-15.595797	23.223658	-42.774689	66.525806
	24.686805	-18.950251	-16.024380	-49.605512	24.822929	-33.483331	40.539657	-22.797066	58.238496
	40.546076	-17.348981	17.985717	-63.505728	42.935822	-14.901957	21.468837	-47.690996	68.130034
	0.794486	-17.540282	30.320533	2.410801	24.045755	-6.774348	1.359976	-63.558765	66.919383
	33.816387	-38.427897	-6.316168	-28.336582	8.671897	7.780392	14.056281	-32.412608	58.231974
	20.152962	-48.142068	-17.800184	-5.664605	26.693285	-11.421270	64.953633	-64.388871	7.692847
	-11.538207	-39.591195	-16.387291	25.218287	-17.493068	-35.105989	36.883013	-36.219082	31.755186
	-9.029776	-47.439327	-31.923353	-42.076961	-25.472021	-19.152328	4.773195	-37.462713	40.475792
	-8.759291	-42.950267	-24.138569	-45.365408	-58.723502	-28.473956	-16.313615	-22.301641	64.341781
	-11.542907	-56.591967	3.534324	-44.132598	-75.987357	-19.217961	-36.334364	-15.282966	33.751251
	-8.370769	-57.663646	-11.645270	-71.569874	-39.095472	3.950198	-21.502714	-11.561760	50.803325
	3.512941	-35.684682	-26.921390	-66.134144	-22.622189	12.573909	-31.721783	-35.496983	-13.456969
	-17.610642	-11.171810	2.445490	-54.877268	-17.780835	7.029789	-32.900583	20.233191	-6.153767
	-41.915632	-3.275275	-39.560423	12.200868	-31.082320	-15.867075	-27.392316	-7.555850	-17.149995
	53.606531	9.073311	-204.892422	78.209254	-10.449672	11.524590	26.320062	32.792093	-23.843807
	-15.133567	40.519617	6.537314	17.178795	11.199877	10.271482	1.172623	-14.257465	-30.371360
	-37.670993	53.697340	20.009705	28.965257	-7.591582	15.292996	-6.317944	7.014143	-13.296327
	0.819941	18.139951	50.471462	-11.597073	-13.425012	23.097057	9.379816	21.606470	4.587447
	-11.546014	25.084290	33.696419	13.866684	-30.896198	25.305286	-20.483820	-3.140806	28.570434
	7.362534	42.495389	21.547424	-11.739112	13.979239	23.668611	-19.238433	-7.586816	-41.838065
	-3.963121	70.814339	47.163018	47.222439	48.921654	-7.290018	42.531318	11.742410	-16.198541
	20.651020	56.816308	0.383859	-8.381616	41.536669	-9.170425	40.206950	33.283778	-59.099771
	12.199256	99.839932	22.487865	51.405633	28.780700	-14.376869	50.189205	35.545119	-58.776268
	-15.413328	80.951748	54.636368	39.748302	9.125638	-18.541156	26.526878	17.135928	8.191209
	2.820962	46.590180	65.378248	-19.513632	25.315830	13.978034	28.381973	-27.915687	47.657370
	-18.406777	35.093967	96.413544	-4.319545	13.681890	-4.356589	14.474172	12.529964	56.157847
	8.337507	31.928339	83.994201	-3.280938	27.332618	15.510856	10.582039	9.415418	85.624882
	16.664170	6.049928	69.918471	-2.441498	17.716141	-11.258977	4.800982	-26.957462	64.251071
	17.698627	-9.758742	46.254025	-27.291327	-16.091876	-13.210070	23.509812	-26.183225	-5.032081
	24.996227	-0.487521	47.348817	-14.449627	14.558250	-10.200644	41.337067	-20.241748	-19.472512
	-2.198702	10.773637	15.025620	56.874483	-32.955115	-49.883568	2.198011	14.783823	-9.209560
	-2.453232	-3.302002	20.213542	-1.040084	-61.610567	-21.767808	-0.895373	18.554452	-20.957142
	-0.251761	2.685593	36.354574	14.451865	-54.622391	16.548141	-10.413700	20.123082	5.492396
	-13.161233	22.389891	45.696472	62.106773	-78.204714	23.956979	-15.764234	23.412360	0.142239
	-18.740737	12.842270	57.959965	37.769857	-25.552442	21.296332	-17.120691	24.452657	6.967196
	9.422126	7.594606	44.022697	19.575114	-21.868478	32.026966	-30.759070	43.340552	17.568244
	-19.075240	32.149633	31.834430	47.402640	-6.324666	19.802755	-25.061015	56.488801	8.192769
	-28.786649	22.953261	28.023792	69.470843	-24.273727	37.577711	-0.056191	18.324812	22.705631
	-27.280372	22.344672	-16.411248	66.149843	-57.149277	28.864663	-27.263208	9.673045	1.213343
	-12.169295	24.672008	4.590367	45.387155	-37.981097	61.030931	-8.206714	12.774690	-20.932224
	-38.488676	25.614250	17.874352	48.420873	-68.653774	45.865040	-30.731488	-1.009552	-30.474791
	24.641422	27.548351	-20.374311	-5.888247	-43.014482	47.454442	-22.356010	8.749955	-50.767561
	24.888369	16.459804	26.746315	-3.816816	-26.654649	15.226042	-3.163184	38.532621	-28.537573
	-27.347863	38.974058	40.696983	17.477891	-21.303344	13.558140	-30.088544	-5.716202	-15.766378
	13.501933	9.295207	47.776429	-19.513051	-9.008613	35.703444	-14.558588	-15.865353	35.992824
	19.353607	-11.630290	52.280770	-50.695667	-41.885537	36.885704	-40.243191	-18.156144	13.678587
	-12.538834	19.308450	40.086762	26.024893	9.213606	18.905091	-14.143672	36.962445	-40.931691
	-4.238693	15.109000	3.461981	74.216901	10.807242	10.609403	-0.501131	12.949658	-25.832688
	7.560821	-18.526599	-7.957639	-13.390906	57.889349	3.789303	4.243462	20.166749	-9.790811
	35.373591	-47.255549	42.475060	-61.959118	74.849593	26.593785	-8.342146	-8.492211	12.089542
	2.154496	-58.107678	15.704301	-38.939796	40.841191	19.173324	-27.142560	-5.392024	3.668654
	-2.639305	-77.394999	16.668379	-43.299891	21.030804	38.853203	-28.759504	-25.061075	12.710181
	-15.996567	-69.484480	15.142143	-42.905924	0.946436	45.982757	-12.121258	-30.724603	23.314358
	-2.173040	-91.577851	-39.537031	-56.530861	-8.559174	20.265918	-7.476145	-17.675058	-35.166624
	-13.808530	-62.085011	-20.866334	-22.853222	-44.223869	11.888946	3.074515	-8.351560	-12.846917
	32.006196	-25.460830	-62.938341	33.222429	-30.946134	-21.768850	20.767829	-32.184642	-29.223622
	13.595771	-20.922953	-70.144160	50.014614	1.586545	-38.154438	70.524531	-1.625262	-40.909055
	20.733859	-4.449312	-54.393996	85.234649	21.030100	-36.329344	76.338553	-14.087616	13.677531
	11.403836	22.230498	-36.217407	88.418253	-10.601471	-6.548252	58.057254	-13.875146	-21.419062
	17.522406	-2.598161	-56.980248	88.208644	-29.915264	-7.818129	48.342207	4.743042	-24.836330
	-3.458828	-29.000500	-27.756032	76.702807	-42.617813	-16.801076	16.369881	-21.920578	-15.447094
	36.820029	-26.493047	26.278534	33.408672	8.957382	-18.842896	23.052899	5.034827	-5.217383
	25.683497	-1.786224	37.162279	97.528445	14.484730	-18.767289	45.025430	15.813313	28.285564
	31.057284	-26.561567	10.311191	56.711091	30.299454	-25.356771	31.646111	16.761845	21.459839
	12.003752	3.609018	-29.596458	46.060776	51.290639	-21.159683	44.138560	4.526803	-11.584043
	-11.837519	32.089508	-42.575152	102.305716	65.965828	-16.843942	53.876155	11.758093	-31.686850
	1.111401	-2.278968	-40.846530	37.062709	44.779536	2.700801	12.629285	-11.143112	-59.208247
	40.491244	-25.998691	0.618194	-61.892024	56.586778	28.982213	16.526812	-0.518066	-17.873179
	22.194025	-36.561760	37.730992	-90.770110	40.210133	32.261445	-11.576071	-26.840716	34.383445
	40.465309	-83.612543	35.496572	-167.407981	44.060606	41.558982	-17.930884	-13.621490	47.102301
	9.665912	-59.936182	55.917594	-162.627596	21.142655	55.275336	-52.705611	-39.353326	64.583355
	-27.364392	-28.901084	77.012360	-55.943189	-3.022368	51.470047	-54.507293	-51.955958	28.342545
	18.076838	-42.986134	36.844367	-116.395473	-20.913386	32.284992	-30.888531	-39.869238	-11.155798
	9.541123	-32.530353	24.110980	-43.642574	-8.378175	25.162747	-67.138002	-8.356565	55.587662
	19.384075	-49.084129	23.697835	-53.383485	-27.213281	3.984282	-31.721581	-35.386747	47.682218
	40.976069	-43.983345	36.250755	-21.952840	24.494482	-0.953403	27.153889	-37.033360	41.743575
	64.520437	-19.340711	-12.825765	-59.806172	22.351771	-20.470393	26.315667	-1.011665	35.192826
	-35.669179	48.534459	-44.777787	15.678758	60.368864	-47.159278	42.878138	0.657154	-21.454113
	-28.299099	33.525271	-41.977424	60.524977	1.311727	-65.638193	27.938770	-39.810229	-13.156330
	41.383148	5.574685	-30.138141	-1.539026	41.291808	-39.167550	62.045741	-5.353813	-37.312404
	8.169388	17.040910	0.129591	50.903679	34.813576	-52.722708	49.874961	-21.209017	21.098813
	-8.798305	31.944231	6.593102	85.440986	17.789992	-38.206958	41.395595	-3.143533	53.571511
	10.073069	30.410992	-13.006366	22.111354	43.715226	-37.510815	32.092759	-12.309935	-1.526215
	19.261308	-19.052054	-26.346883	-43.970895	40.352853	-1.539338	14.346642	-6.207174	29.065247
	-9.138891	-13.946045	19.603109	-65.377158	14.676487	-12.746564	-1.957951	29.467374	50.700569
	-5.972666	-34.303498	43.819427	-56.492153	-22.705791	10.196163	-9.279035	-28.301095	48.730835
	-28.682955	-16.231715	65.612781	-24.991546	-36.486922	29.398762	-48.447301	-14.695112	85.211164
	-29.006461	-36.666440	72.062901	-61.876749	-37.908246	44.453019	-74.598749	-20.669490	81.419515
	-19.631529	-51.151349	18.608265	-54.570289	-54.214519	10.310893	-68.478126	-21.993198	38.019293
	1.245671	-80.825878	-30.501910	-109.788645	-52.947561	10.390502	-52.995958	-50.344215	18.000454
	11.494329	-65.895188	20.496201	-89.929705	-62.931746	12.004377	-47.309374	-30.284943	2.594265
	-42.827643	-36.084666	17.533401	-4.032989	-95.860468	28.634234	-54.539022	-17.398819	24.448911
	13.530489	-41.483853	-13.378896	-56.613542	-42.463983	32.298243	-19.998463	3.772483	16.288669
	41.254025	-39.123559	14.915829	2.428625	-5.844756	41.926049	6.825113	-0.145045	2.143355
	-14.134906	-17.314081	41.875155	80.693208	-6.724205	20.159913	-10.215103	18.088819	25.997628
	12.462691	-35.957976	66.700467	43.174639	-31.558042	18.600123	-1.913658	-5.000315	60.718163
	34.463416	-36.710058	56.925132	24.111248	-43.734016	39.813525	14.062208	11.097593	63.107460
	30.233113	-28.790145	64.990008	-5.085859	-8.725274	51.129698	2.018911	5.901041	56.433967
	-27.723376	-9.270141	43.490926	57.328974	-2.575266	33.317340	24.809645	9.476507	39.390858
	-76.870608	42.110958	2.250654	170.863640	-52.557375	-1.336355	5.560896	-35.478963	27.079975
	-45.897831	18.345321	-27.427204	70.926660	-13.320953	-34.760238	-9.845014	-10.715643	-19.393027
	109.133399	-37.469591	-21.779093	-189.965159	4.945231	42.092441	9.020923	36.862676	-12.388411
	-41.475728	15.760161	19.463888	64.703528	36.222324	-11.450285	10.959088	-17.684685	-1.088264
	-203.445032	184.061368	-8.479111	509.180008	-67.806191	-91.072268	17.274031	-11.747112	-26.523678
	-48.607557	-23.313150	2.182683	64.491882	-51.373486	-15.769657	-6.412841	-31.663010	21.688361
	-105.285431	76.201668	-3.362726	252.146754	2.638135	-26.990650	42.702511	-74.931128	40.887300
	-65.522322	25.412395	-52.914790	61.816541	-51.309703	-11.126600	-3.901202	-64.967736	-2.178679
	11.535607	-74.557547	-41.208343	-123.074084	-18.121894	33.293187	-19.173879	-13.579330	-8.517865
	44.092241	-85.368220	-43.961797	-138.736801	-34.518680	17.126924	-7.885950	-29.479541	-20.987153
	75.408293	-89.799236	-15.451969	-155.164605	-49.182590	37.331074	2.324732	-10.859064	12.865308
	87.724666	-65.985286	55.935725	-174.802366	9.809726	30.894054	13.276267	-2.731616	33.441826
	68.661370	-59.077288	22.073210	-121.475811	45.113181	21.516838	12.446616	-11.488059	25.825007
	49.239447	-45.237790	65.464672	-62.783469	63.518499	11.076734	32.734215	-31.700296	72.051846
	31.384699	-35.365345	21.319743	-43.775524	70.519012	-16.262845	5.024389	-37.169303	31.042579
	40.429736	-13.967875	28.476114	-19.113950	100.388279	-34.217171	27.214525	-19.734682	42.334622
	51.919716	-26.276447	47.434590	-40.143897	97.955019	-1.070636	54.181341	-25.052732	33.815277
	95.769211	-2.328058	78.342409	-10.310357	92.983988	-5.358923	90.038268	-26.773454	99.160117
	4.505278	4.308460	70.358727	9.479189	36.067930	-10.821005	33.340281	-47.307929	56.064018
	42.449100	-60.765785	24.746951	-87.876138	27.697689	16.569708	7.769995	-29.526972	35.761529
	-24.562142	-4.555120	23.775046	27.886792	9.479979	16.619674	-35.302290	-36.547551	15.166407
	-18.933464	-0.388015	-12.340089	27.016864	-4.881262	11.781902	-39.078881	6.979616	-5.360916
	52.274865	-24.025843	-35.311446	-99.889006	24.793681	23.624944	-8.689655	27.605221	-37.927006
	9.285997	-12.758555	-27.275211	-88.054575	61.333099	10.914127	-24.865372	28.039082	-13.892587
	-48.799268	12.899669	17.655030	-26.176412	37.448631	15.493733	-43.336365	0.877198	30.387399
	-89.561218	16.448335	35.039928	-5.133114	39.060926	4.417389	-55.247844	-25.610851	46.295892
	-7.183958	-41.066916	18.679412	-94.311919	36.423419	34.564360	-53.851562	10.732545	18.462393
	-50.788608	-22.658989	6.859393	-63.292839	33.215547	-3.057522	-62.732679	-15.472012	6.622615
	-40.741891	13.188074	33.915685	-31.532389	47.487327	25.108238	-59.107751	-18.867738	27.112112
	-35.134258	-19.042591	26.569082	-91.284635	13.102927	54.211534	-45.685117	-14.847583	-16.926111
	-12.882405	-33.759445	45.456886	-137.796590	53.020879	81.432722	-32.984848	-7.956836	46.804278
	-20.601097	-18.006115	2.517898	-65.583645	12.412074	38.789536	-41.096929	-2.310416	7.185849
	-34.217036	-48.126477	22.176076	-59.177306	6.954973	29.380680	-60.807507	-10.401860	15.140994
	-2.260893	-78.561625	0.768943	-127.164830	-18.156694	26.039624	-65.090292	2.470573	-20.079995
	-32.408231	-45.584391	45.110891	-122.758970	-15.785777	26.962671	-102.173693	-6.993550	-31.523143
	-17.984133	-25.379423	-23.155021	-94.045081	-7.903629	10.422509	-71.696408	13.290312	-50.381455
	-20.002231	-13.250466	-35.408703	-72.828621	30.397920	-6.910609	-60.000910	17.692506	-29.367284
	-4.810069	-17.355091	-29.291567	-142.281698	38.440939	20.374547	-62.004652	2.124257	-26.771003
	26.064971	16.859323	-5.958608	-74.121376	77.989178	0.888398	-8.025624	18.876056	-9.842890
	7.801738	-9.578406	-33.116075	-82.357286	74.867634	-14.797716	-10.380664	-7.623304	4.602154
	-11.765358	-29.298481	0.846839	-109.312780	56.178917	-17.677107	-42.950141	-10.885242	-29.561021
	-25.026220	-27.793974	-13.929704	-73.497473	62.011673	-7.560178	-33.035757	-17.090698	3.034234
	-20.140174	-20.465580	41.064889	-72.360484	48.427587	-9.798863	-54.167278	-23.004733	22.123772
	3.690162	-45.025415	53.932881	-127.944777	45.459732	6.696246	-61.111616	-19.136986	31.248621
	-31.812514	-5.564309	25.770225	-108.845455	26.603481	14.050123	-59.369937	-54.105683	13.585974
	-26.825562	-10.497891	35.591213	-95.741220	13.706635	-32.700225	-74.754914	-16.378120	-11.033165
	-10.891219	-24.176971	10.550331	-80.561892	-22.521651	2.973007	-76.981268	9.349522	3.381123
	-33.560362	-0.880651	33.001871	-34.416751	-68.701867	4.682525	-72.820000	-30.682416	-19.132821
	-43.534739	-7.493552	36.440952	-20.278310	-19.421629	0.249320	-76.665113	2.662374	16.057608
	-48.454976	18.330886	87.917795	12.271718	9.667995	25.780366	-36.130502	-31.743290	51.102659
	-17.413884	-5.735702	116.561949	8.436812	-37.479577	19.862571	-44.274877	-23.585102	61.173112
	-9.108284	-24.007584	124.794718	-34.458801	-12.248592	8.301163	-37.822477	-40.864443	104.441660
	-21.087390	-54.077407	70.626119	-63.014092	-70.256765	12.850431	-81.533548	-49.275301	51.727126
	-27.131753	-22.090071	64.962968	-92.425312	-28.762648	2.810767	-89.787766	-15.028155	-0.919810
	-52.238138	-12.435997	35.012693	-44.396097	-35.987245	5.376482	-58.410350	-31.375580	-26.093692
	-29.405097	-1.983172	55.666907	-90.865796	0.459389	2.672012	-73.375091	-25.863136	-26.111640
	-4.034853	-6.052092	78.038101	-95.488727	-8.530668	5.673792	-51.458991	-0.104351	-12.332599
	-46.267596	52.642520	85.412414	62.317783	-4.382555	-1.502964	1.936626	-3.076432	8.090143
	-25.351293	18.874222	38.203231	37.701448	-79.144324	13.556483	-30.177506	-20.432322	-4.850950
	-23.792783	23.314675	27.700128	24.841818	-77.306378	17.134454	-34.861917	-7.752341	-6.631707
	22.307004	-4.967220	10.411716	-16.104277	-36.124745	46.243681	9.603154	11.670436	2.395516
	-15.737889	2.576964	23.762492	40.388095	-13.585441	7.944675	6.644371	1.123499	16.236352
	-22.757925	11.848801	-0.305655	3.998616	-53.665850	-3.265368	4.596771	22.037258	8.525598
	-14.000671	8.810355	5.411207	-11.453202	-61.562295	5.703979	-19.179098	34.946540	-13.275733
	-11.081184	41.280136	51.698116	1.725413	-16.776299	8.960980	-4.176582	13.605057	4.007699
	-18.308626	27.078353	77.156845	39.272668	-11.511030	-8.527595	8.817359	3.765407	19.899995
	-15.242797	26.372651	100.003296	25.748549	-17.503179	-4.365981	13.368664	9.491856	18.245802
	-54.922774	43.041770	88.264507	69.581246	8.672882	-13.628789	0.375351	6.178047	52.655323
	-11.386038	26.075629	70.638570	47.373255	0.837860	-11.372055	10.710222	-16.667374	16.029933
	-9.264040	15.524935	28.032819	79.767003	-2.981443	-6.957298	39.865423	14.763195	25.863884
	-6.953139	-7.083634	-5.450480	49.053013	-12.529063	-36.131122	10.329314	-0.556058	43.088276
	-30.633154	5.231288	44.432492	28.106496	-10.645545	6.383981	18.971328	-30.879004	30.721114
	-14.746386	-6.763193	31.797439	4.382302	-29.589273	-9.079468	2.344825	-11.391897	37.170602
	-22.153670	-8.792606	25.096977	38.163404	-42.137716	-11.319768	9.266541	5.709538	51.739408
	18.485224	-16.441939	-25.082211	13.780244	-8.615732	-20.508664	29.616861	16.338254	27.035442
	-34.765931	37.641305	1.304966	164.341440	-17.470334	-61.955321	49.174851	7.592782	-4.352001
	-18.989896	28.845582	-18.108814	111.690174	9.044170	-47.305658	61.890408	-29.058731	6.616756
	34.972574	0.372004	7.945308	66.468951	-0.942365	-31.306291	70.392887	9.326127	48.452376
	15.618553	4.947604	10.258100	62.895346	-17.386287	7.127207	64.485223	-11.707044	66.131629
	56.149215	9.150463	-32.688270	39.918306	22.404494	-13.651424	76.459946	27.795397	23.280654
	31.401622	45.975161	-69.598397	129.656648	24.411411	-22.943033	93.750066	22.431393	-6.954508
	10.684846	51.429609	-87.564434	100.812966	36.242817	-58.303141	62.723494	22.459758	-36.486941
	30.702558	48.848062	-114.432954	141.632531	6.096343	-78.372601	92.990698	-0.564963	-38.687200
	37.908183	15.010475	-117.387871	70.637688	49.000592	-62.656451	69.235019	20.852493	-48.942197
	-27.977469	23.962524	-98.739852	131.735295	4.312473	-69.591634	32.995831	-19.461297	-17.077528
	-18.721973	24.810237	-84.266570	111.560211	-1.411536	-46.679512	31.426853	-13.877393	-47.719499
	-5.713618	12.326686	-76.917293	83.884591	21.717353	-64.503089	42.731690	-2.240543	-38.411625
	-9.270787	-1.607890	-80.582511	78.453731	-25.797593	-32.069200	31.793604	10.992728	-52.878233
	-19.884667	22.458924	-47.072204	103.674055	-41.024249	-20.266534	40.739416	70.510921	-24.911774
	-36.784164	36.802965	-29.070182	116.739563	-40.659014	-14.795295	33.365518	53.240613	-24.129301
	-15.260549	21.833072	-32.261698	59.867039	-42.955902	3.658516	17.855397	26.401971	-27.360680
	30.571540	7.776150	-28.500194	39.280766	10.593754	12.737830	30.348907	30.026091	15.374389
	23.027083	5.476257	18.465793	58.919523	30.618236	12.703003	62.222945	-13.523790	60.085860
	15.188000	-5.937304	-21.146091	50.307728	5.352328	-4.669321	69.815743	-15.423398	66.483243
	13.869666	3.868025	-22.607059	19.644604	18.198635	13.635068	53.693113	19.205488	35.390406
	-43.737908	3.699864	-82.274710	19.473841	12.140091	-25.027049	24.236259	5.659825	-34.189753
	-27.952044	2.453998	-72.496541	-12.235907	9.258037	-35.259841	-29.031433	0.615047	-62.071554
