	-54.012382	38.635604	-61.917589	-94.522987	34.516118	-28.067693	-50.815557	-65.822301	-9.738071
	-41.792192	14.343273	-29.245013	-27.088667	-22.404462	-18.402563	-31.273279	-51.029207	-48.778434
	-31.651418	24.197021	23.890086	-46.192520	-84.493573	-50.877388	-31.039456	-86.067483	-34.799909
	-19.783683	10.075443	17.724947	-34.441456	-83.832353	-19.867821	-18.832760	-42.222586	5.240475
	-3.146953	-8.260797	9.339386	-63.887399	-15.754946	-45.798197	12.070700	-94.949787	-1.778019
	1.572748	-32.080489	-24.506006	-121.148618	7.594599	-55.420716	-21.537023	-119.110004	22.290738
	-5.226475	-69.503391	-71.380190	-158.952275	-32.583104	-50.525309	-80.437351	-116.453892	-33.441857
	4.338628	-44.772016	-63.505628	-139.133590	1.816647	-27.435209	-48.242759	-82.302188	-31.491654
	-4.332688	-19.173637	-64.706055	-80.857592	23.549895	-46.182308	-31.312881	-72.528447	-34.670282
	5.129224	2.489107	-73.478889	-79.423122	34.965081	-22.317207	-19.305320	-95.136164	-9.558396
	5.272238	-0.252149	-7.509928	-104.930902	44.288736	40.617675	21.620466	-141.503618	13.866435
	1.296604	-37.145212	27.429213	-92.628897	4.667851	58.979507	-27.545135	-104.011234	61.576864
	-16.856163	-99.627269	11.340648	-127.061034	-57.355826	56.594350	-62.218618	-96.046251	45.423406
	-24.336392	-115.976397	-5.769774	-184.159982	-67.609090	60.564216	-91.014760	-77.457668	1.888517
	-22.840071	-114.329694	12.128367	-173.947039	-57.703700	36.860664	-68.696105	-57.671653	15.245724
	-8.250703	-125.623372	-3.634510	-123.787689	-91.888666	-24.423465	-55.850959	-53.812060	3.518568
	-21.319102	-154.617145	-32.694835	-106.536070	-104.397015	-1.808334	-58.486061	-75.747057	32.568515
	-11.495091	-111.311662	-5.390421	-54.401965	-72.297620	16.154276	-31.137924	-68.247633	63.129806
	-46.399088	-86.228508	0.521050	-58.058528	-80.704078	-42.390087	-56.679148	-58.874286	-23.812314
	-66.287807	-63.116465	-31.011137	38.097451	-92.680277	-45.953212	-21.259640	1.720724	-69.607558
	-48.985229	-2.900112	-10.272706	120.820348	-71.282175	-9.259923	49.683817	11.187360	-31.165338
	-34.112284	52.788639	-15.762280	85.531197	4.596790	-50.278659	76.821390	-5.202597	-16.008387
	-40.048451	88.804225	3.015824	113.151442	-27.621114	-56.195430	49.437910	33.050736	-66.540205
	-20.085226	119.791230	8.558274	93.573140	13.087483	-24.537328	61.359965	-4.056661	-62.425561
	7.802295	112.986828	-4.127048	62.592038	50.419702	-33.377360	81.165338	-40.122912	-12.177854
	-41.870327	118.397963	-6.325756	44.509707	3.380132	-40.982373	60.127473	-1.009777	-53.651732
	-27.448038	142.950881	33.681094	40.394549	42.792328	-9.173139	74.853415	-17.393243	-50.864012
	-13.732258	143.629383	54.137948	9.723552	69.109168	-12.578063	95.199912	-61.067530	-37.179448
	-11.744948	125.281257	22.526222	-46.252947	55.160753	-42.123812	45.957639	-63.249834	-44.498900
	-10.206040	108.012457	14.513243	-26.010466	58.252950	-20.522062	47.719023	-82.348812	-40.305783
	-1.857662	106.205013	-11.085213	-51.136746	17.721988	-54.314547	29.411087	-79.065546	-60.380690
	-33.379789	102.045742	-53.318190	-71.353785	22.017694	-28.332759	12.481303	-120.454756	-53.232729
	-14.137251	109.586026	-90.962340	-51.778758	56.772503	-38.982047	49.797323	-108.992901	-59.834556
	-53.558869	96.362440	-13.071065	-62.747214	63.126348	-70.232751	67.215051	-133.046856	-56.298222
	-49.713388	76.079646	12.057149	-62.539959	13.098987	-49.501356	11.649490	-109.673234	-70.582010
	-19.627957	56.996647	35.292937	-29.464749	-54.646047	-16.889078	16.849066	-89.585727	-84.915764
	-20.792512	72.088600	76.001808	-9.029456	5.663597	0.446202	58.078333	-85.960296	-6.615123
	-17.058068	69.811083	39.792077	-25.756494	34.806614	-51.764550	55.708074	-114.085117	-4.368183
	-28.591643	76.463131	30.588222	-47.997388	67.484085	-11.206067	60.241319	-169.325445	13.206112
	-40.478573	67.002359	41.440347	-73.579190	106.375935	-35.151526	55.994052	-153.786658	11.446902
	-61.747272	49.488499	-9.261457	-123.352186	85.012508	-58.471407	41.776364	-142.724907	-22.339375
	-56.944977	34.962696	35.921172	-140.052306	31.635712	-29.938614	-19.474950	-133.146249	-39.517660
	-38.701895	11.050511	61.553328	-151.419114	18.846737	-21.579188	-11.050889	-159.034523	4.984659
	-33.493534	-15.083769	28.307048	-179.066333	-28.131547	-22.717200	1.698849	-185.656957	5.510031
	-21.651749	26.844266	48.811084	-135.042760	-18.812247	27.127428	11.157441	-182.180323	42.421532
	-55.906204	53.894421	28.723583	-94.447716	37.955022	19.658182	40.987694	-165.172275	18.928238
	-44.198578	52.204707	-32.038659	-60.258723	42.353487	-52.224275	41.027949	-153.516606	-18.740047
	-51.197440	72.783292	-83.817913	-69.875314	61.423702	-18.005281	31.789435	-186.098679	-54.326200
	-23.926422	61.809888	-59.667462	-83.466783	44.397576	22.066811	4.584634	-128.014903	-64.228408
	-19.049284	30.410806	-86.405077	-103.762386	65.531417	-1.390943	-35.307558	-98.315445	-70.789724
	5.017017	48.469105	-61.535325	-136.846847	48.771242	18.566886	9.488619	-177.380300	-1.571853
	-15.213180	19.645893	-39.512128	-123.701829	-7.624581	64.896358	-11.362134	-212.415522	9.669966
	-6.091556	-45.885631	-25.786431	-59.502608	-52.870197	63.875492	-12.466654	-112.632244	16.843859
	-40.167117	-32.171421	-9.314244	-27.530076	-83.091027	90.849436	21.535670	-154.058494	-71.205990
	3.661075	4.655784	-21.263933	-30.354662	-18.564553	104.424787	51.530364	-184.561941	12.953487
	50.978404	-67.376145	-15.804716	-52.458939	-37.523866	98.384397	24.744171	-148.659142	55.460522
	60.968215	-96.001248	22.080060	-114.303467	-41.508347	112.511877	-13.052082	-156.121392	79.966265
	54.956304	-85.866447	36.528805	-86.389224	-42.617478	139.396817	-4.920805	-138.671562	109.818351
	53.478620	-96.983637	12.086504	-59.091262	22.574531	130.947954	1.524483	-156.220552	104.613077
	-0.088417	-89.208170	41.264114	-97.346562	-17.602322	93.099075	-30.582560	-119.574548	101.212034
	-13.221180	-104.547154	-5.139358	-109.564591	-67.933212	99.212632	-49.201122	-156.948501	45.118093
	-7.335079	-99.157625	-11.589915	-43.408120	-52.197110	71.269756	8.914854	-129.928941	-11.473006
	-27.816405	-67.912348	-101.218562	-32.999568	14.099150	-31.399167	9.514634	-123.482251	-43.047568
	-14.626516	-9.251669	-85.864523	-99.721909	61.031322	-13.479354	23.425395	-234.774313	6.172509
	-0.051494	-32.238458	-31.893707	-115.980433	43.489099	39.161951	27.589231	-229.010203	24.191294
	20.425094	-60.841641	37.349766	-75.941273	11.104840	48.044551	15.745938	-121.615604	17.720053
	-11.663770	-77.023117	-2.268995	-83.771660	11.692522	75.904995	16.128762	-155.392515	9.727512
	-5.182666	-44.897051	-0.045209	-95.482721	41.862217	54.633737	38.065169	-145.609504	37.705783
	-17.424889	-74.627956	-22.977297	-66.352950	16.058563	26.714400	-16.297434	-95.263271	19.319735
	19.003168	-106.736404	-56.606601	-58.311959	-47.420781	-2.165200	-10.621724	-92.531143	27.300985
	26.800753	-103.235316	-51.443178	3.551856	-36.239095	-9.668772	44.975185	-96.248983	33.366364
	37.222506	-37.270734	-7.928776	32.044115	39.202811	-28.981566	74.366020	-39.660267	79.650431
	34.090374	-14.571520	-28.601627	71.754527	57.464873	-55.352428	60.876759	-13.700237	58.185591
	77.081445	-12.643507	-38.959895	116.322477	46.279078	-36.113180	65.902360	30.925606	20.582470
	58.958857	5.016965	-41.119428	79.628054	58.397866	-28.921046	54.259118	21.013983	12.479346
	58.956909	-19.022926	-78.824389	31.367952	39.450025	-68.819800	6.548703	29.484049	-1.322696
	42.379938	-27.910516	-77.181275	41.843725	22.915370	-29.107618	-9.042498	47.632101	-9.032031
	29.358742	-7.907846	-45.259261	59.467691	20.885778	-18.946350	18.522924	101.197617	-4.914177
	23.014612	-2.433209	-60.791855	71.071606	13.180018	-91.298144	2.431457	90.106052	-56.586385
	24.533352	24.350410	-33.896046	90.522947	10.087727	-52.816962	7.385513	88.872229	-43.826563
	38.680697	86.248041	-0.280828	97.845627	82.203712	-44.431707	57.174970	26.159422	-26.561527
	10.865276	85.676302	5.213850	92.990352	62.114351	-86.343393	57.811574	66.112720	-27.463029
	5.202068	96.162603	8.777072	92.118091	9.160726	-27.784611	15.572962	87.639409	-82.004963
	-10.223759	106.511992	-5.779394	35.460494	16.655898	-41.726704	-1.304418	71.698294	-87.796786
	-30.218826	70.466587	-62.775707	14.377634	1.491798	-62.910162	-21.640289	81.431440	-96.050667
	-0.006148	84.037109	-80.757308	4.282020	72.893038	-49.724406	8.600538	10.777536	-28.898654
	0.923278	58.654582	-67.508067	-6.339180	88.553515	29.361942	19.821782	-20.971474	20.120703
	18.322632	10.318547	2.025059	0.832516	3.290138	5.246439	-27.017432	68.628107	11.631290
	-2.934923	-3.697962	50.523890	-22.688082	-3.183251	5.351525	6.910090	22.868763	13.927050
	-12.854741	4.338960	95.970955	-22.606719	11.567337	49.203000	35.104677	0.712942	28.793117
	29.977551	2.028996	80.902023	4.365913	24.813132	26.355376	43.621155	50.653487	61.073083
	20.180591	-56.428408	26.214996	-12.360274	37.395791	-40.579619	12.823035	6.468414	62.365931
	41.673409	-59.189589	-8.826576	-16.048170	58.480535	-21.326294	58.893204	-104.860451	87.058695
	70.877754	-12.528569	-6.298194	56.874540	31.567243	-5.154190	55.233631	23.879517	44.815224
	26.949965	14.725197	17.064058	57.394485	-36.865538	14.009854	22.142460	41.803517	-20.054230
	25.635998	-20.509196	27.835425	10.120010	-62.557006	39.224980	-29.221494	58.252682	15.801658
	14.210787	-57.124558	25.817300	-26.013586	-59.842021	109.247021	-30.626198	35.908135	44.262222
	8.958792	-114.650735	-4.386336	-33.858435	-52.295697	65.982635	-46.421389	76.240017	40.363555
	18.391099	-134.721944	-70.412373	-62.251106	-2.948943	21.742418	-43.943950	-9.389027	12.448592
	42.031820	-130.994839	8.745878	41.931377	-55.933191	40.190686	-12.168977	19.211952	57.329182
	22.829479	-94.210505	32.482376	71.932897	-89.132198	39.155544	-40.750351	76.871982	16.397144
	-4.379262	-50.293249	46.526024	39.340330	-22.476671	33.791439	-28.777683	99.922345	28.289096
	-46.438334	-29.721085	2.099863	-45.960154	-9.494185	16.101449	-82.284296	17.213483	4.883632
	-25.939195	-11.798914	16.703800	-18.400236	-30.295403	-2.923168	-22.268417	12.978309	-43.748825
	-11.943115	14.796917	9.855857	23.308420	32.100842	-31.212079	4.531500	52.267855	-46.235913
	-8.845793	26.747684	42.724310	37.289605	22.467106	-17.517768	20.085637	23.186520	-0.859890
	5.056408	31.838572	40.116691	-3.075074	14.769066	-4.082441	37.677079	-13.741599	27.830917
	1.101141	25.399406	42.564841	22.800349	14.064774	-11.952485	20.410609	24.687869	-25.167985
	-16.235389	20.423219	-2.992351	55.444100	-37.825083	-7.519204	9.816994	45.947609	-87.875295
	-28.906603	4.350847	-10.579563	-21.859707	-42.419002	17.618531	-75.253255	53.900286	-36.013203
	-25.927457	-63.568984	-13.791170	-56.483970	-78.407551	11.687778	-77.450132	64.690653	14.967369
	25.815938	-135.823388	-31.765478	-40.394589	-105.084038	73.641893	-56.878572	29.948765	60.901861
	39.488627	-133.125589	-35.283831	38.174518	-56.002868	52.454383	3.648441	55.002690	61.501707
	69.007527	-108.752564	-17.360811	55.402376	-26.598656	29.601590	-10.678175	88.696304	78.402169
	37.395487	-39.629133	-38.528287	13.397873	12.859964	6.121331	2.529326	24.946035	46.277538
	65.867903	-14.217952	35.020330	-1.977551	-5.867276	3.868645	-19.285744	3.713319	37.373853
	56.226776	-5.309867	16.833389	76.669020	-23.797387	12.368912	-22.636498	158.354165	36.227119
	-12.177663	15.331881	-7.929033	7.593872	-3.136068	-21.895900	-18.394575	98.940023	-44.271556
	-20.206795	16.855785	-9.011761	20.404925	-17.092547	15.506504	-39.182024	62.889453	-31.509764
	18.929826	0.989913	-0.720404	57.782719	-21.654637	37.673752	-5.200350	96.882490	15.095638
	29.247619	-26.948886	16.735618	11.113390	-54.376630	47.979419	-31.169885	60.700921	30.100631
	32.962985	-113.560852	-43.182537	17.862188	-76.245814	36.081892	-13.590058	37.022069	63.242151
	43.960297	-82.777853	-27.319319	69.702246	4.121046	21.206467	18.174581	65.164291	91.755537
	39.764685	-15.972863	13.236206	76.422439	74.834835	-36.332877	78.388619	41.364544	58.961929
	49.347656	27.137775	-16.726773	71.541717	102.063243	-58.721095	44.081368	74.851842	8.922984
	64.230131	46.070991	-8.093494	70.565281	107.109424	-60.456193	46.178332	68.801317	-34.397048
	21.650179	55.260734	11.629006	73.934642	97.820971	-69.193492	57.868472	60.284514	20.381332
	31.313043	54.915484	-37.973288	55.031746	109.579112	-91.951012	54.591896	69.561148	-24.081881
	14.243217	81.002438	-37.778867	92.534959	83.888706	-43.765515	27.020682	74.381207	-45.438336
	3.243925	95.118987	-23.379221	74.224250	88.046478	-8.286573	36.569985	105.879696	-47.067478
	13.036392	82.002113	2.710790	17.771243	65.258964	-45.222261	3.531682	71.067205	-44.318787
	-1.264309	43.963960	17.611231	29.568573	25.373258	47.316147	0.616707	26.547136	44.405002
	3.448103	-3.786817	68.532448	55.475006	-22.819975	92.226741	-10.379948	44.495879	71.095364
	2.272711	-5.749777	54.765177	48.186080	29.839814	23.863132	2.805955	40.195984	70.877790
	-4.486952	-13.303097	60.011221	17.191776	27.715730	50.584520	-14.493828	34.069816	64.683084
	14.022364	-24.759901	56.471835	3.531984	50.243213	45.146376	-10.945913	24.447777	95.883808
	-0.799495	-12.710859	70.396159	-31.423684	62.075079	22.916356	-6.315419	12.454861	36.102215
	37.790737	10.084707	-3.889268	-7.985196	62.213650	-6.440474	11.572906	30.300760	61.026828
	66.786536	95.262596	24.284249	59.693854	157.177862	-26.539610	72.043967	20.640782	55.802490
	30.414337	120.227320	42.579281	69.438039	153.173356	-57.491939	70.898094	37.208511	12.550505
	22.033280	108.701971	-8.041314	87.946574	85.991209	-56.493181	31.117919	90.211333	-46.501088
	4.308876	115.219220	-2.067260	33.707882	114.142102	-24.974813	37.594122	71.874673	-41.385552
	43.453879	96.049911	46.420254	71.156254	56.922626	36.600391	33.921754	70.874286	7.937097
	5.919185	78.061746	57.191183	72.880986	-11.009193	3.132582	-11.253027	127.472624	2.343462
	-16.016541	26.072610	37.370545	-11.513742	-59.598966	33.253365	-74.826945	79.908132	5.118376
	13.624118	9.764285	94.730162	7.217901	-28.217598	56.593989	-20.237028	12.428589	50.430191
	31.165951	15.830091	104.175370	51.524863	-30.121896	45.872810	-37.763781	117.029026	41.317294
	-21.499169	8.881905	87.196727	26.091518	-14.351544	-2.636509	-52.812589	89.546868	33.776579
	-40.677338	-5.696444	63.196770	-45.446730	-53.673109	35.832291	-47.189934	63.906612	-11.498784
	-17.344192	-10.310132	75.929535	14.243521	-50.224117	48.905319	-57.919754	89.096268	19.341930
	-4.731702	-47.232382	82.527567	-9.929659	-122.205399	34.689594	-86.981392	109.117256	24.380653
	22.005505	-76.167689	49.273836	-25.143973	-171.754975	13.349106	-73.419703	56.183874	38.555533
	14.615482	-72.697548	50.214309	46.844036	-98.947932	-9.112696	-77.865193	113.179043	35.710247
	-4.056173	-40.335122	33.539734	34.409897	-29.424085	-21.845676	-78.048365	190.162084	11.206666
	-31.073755	-38.889333	26.206629	62.343604	-57.480917	-12.100395	-62.025668	142.927149	-45.893831
	-13.010055	-16.949390	44.158296	115.172996	-81.922642	56.929787	-4.018548	125.663523	-19.227775
	-12.735104	-0.709358	17.347358	79.552207	-32.659116	-0.805419	-34.918018	112.069523	-62.852940
	-30.966667	7.541182	-20.175582	66.313066	-3.480777	-32.342056	-20.227182	125.681938	-46.128759
	-39.744436	-26.059157	-43.615707	46.604487	-44.286246	-3.642539	-28.974950	82.393445	-57.081588
	-31.443190	19.734960	-92.592955	125.018279	14.594646	-6.401548	10.894771	112.193258	-72.987678
	-20.104567	49.059187	-87.951191	104.216525	39.985713	-60.224087	24.589108	106.879184	-82.903622
	-18.863364	46.408792	-28.160147	125.815139	-20.581637	-15.510843	-4.566107	125.281276	-52.465708
	-1.000320	11.938709	-30.418041	66.836973	-81.004935	28.915681	-48.388961	160.125321	-33.478056
	28.728763	51.975212	19.407235	107.809099	-54.446132	-6.435039	-35.371299	152.525442	-20.360311
	-41.405052	25.164602	16.530038	66.839788	-39.653715	27.419907	-26.906974	123.742267	-25.245827
	-11.440253	42.599411	38.387217	75.819488	-56.290728	52.461919	-15.929993	128.070467	-55.799603
	-22.454517	17.585031	-19.613655	42.610163	-40.094389	38.428728	-46.472527	150.963003	4.167115
	1.858887	-6.134595	-27.399443	47.284153	-49.474220	40.192780	-8.204345	17.400875	16.901052
	25.857329	-21.534571	-16.502815	42.756169	-40.455833	-2.084618	7.907614	12.714569	23.746231
	28.391137	-59.859040	-2.376498	22.746004	16.985708	3.489516	7.179507	-8.101568	34.693062
	0.138320	-21.839547	27.678681	13.736451	47.975784	18.506459	-50.442831	59.324082	16.553044
	-20.043682	-10.040486	14.891340	-12.272140	5.285404	10.696906	-35.019523	65.631237	-21.960444
	-3.519520	-29.498799	-15.282326	9.991182	-10.441717	74.354575	-43.005489	61.398663	19.438422
	29.036731	-77.281964	7.762937	45.555534	-45.558984	71.875852	-14.407259	83.190987	77.544709
	30.733360	-109.787424	-14.174754	42.164009	-35.241022	18.464974	-23.147024	25.286248	90.019800
	54.730664	-71.238974	-33.187287	70.462014	27.681212	-3.002588	40.677654	31.438248	70.571281
	38.763914	-29.388681	-2.249055	137.326030	42.973303	-16.034313	46.889947	94.481761	28.774417
	39.478315	-8.173560	-23.362811	136.168228	16.723038	-50.632201	47.000742	92.610461	-33.795043
	1.450637	-5.303720	-4.751683	75.909579	-10.417260	2.072128	-2.535922	60.050783	-50.891240
	36.371553	-16.216486	53.865752	123.845623	-52.735527	71.567247	0.498490	112.160449	13.889447
	36.415018	19.777549	75.077916	90.057873	-8.117345	28.050210	-13.915179	96.607675	18.014877
	-5.478424	18.120966	64.729907	105.143908	3.930652	18.917260	-10.106671	146.181883	-1.521870
	-12.720690	7.467809	52.261042	42.803860	-22.469749	11.753813	-17.120135	40.158638	-8.130826
	29.324723	-13.246002	38.432597	66.473563	-37.908548	47.533258	5.095486	61.203096	20.124424
	32.478400	5.022944	12.008141	97.646405	-23.989220	3.987127	3.064110	109.533313	5.465829
	-36.578580	20.377625	47.284877	8.732596	-9.811233	16.967455	-44.661016	77.780926	25.134398
	27.044337	-27.435372	51.529273	16.446431	8.420682	21.178903	-9.046523	15.913931	18.613175
	7.365249	27.958080	23.405901	87.086017	20.027271	11.495706	-0.263107	94.938373	0.714731
	-46.931716	64.440178	-34.990094	46.044945	11.961498	-52.151679	-29.266107	129.089657	-59.000512
	-79.907420	93.557409	-44.079228	77.774756	-1.286878	-37.345704	-33.792689	147.490379	-136.114538
	-77.454114	77.676859	-49.182014	69.348882	-4.985861	-28.268241	-30.721212	123.853279	-71.268140
	-55.270945	44.150693	-16.798014	59.511349	-10.402375	-27.247670	-36.897809	111.130488	-45.952512
	-47.599946	-26.528971	-59.389013	49.874812	-42.452565	15.482535	-11.111135	86.490725	-22.453639
	10.606919	-42.566488	-33.247015	120.914859	29.755879	34.988695	56.032102	63.901137	30.159925
	53.535107	-17.556384	-18.451890	122.142665	38.367186	1.057512	65.506469	109.456638	43.607063
	61.117689	-2.967664	-23.310982	81.205747	36.600024	-20.829690	42.974325	74.951606	8.768050
	43.790882	-16.194236	-33.280790	56.317136	16.603447	-20.324188	9.870613	57.604877	51.497359
	73.966043	-45.147658	15.579868	106.021718	26.131568	-20.428991	19.174951	160.524150	55.432754
	1.163094	-52.385333	68.030287	35.087450	-60.359105	-25.500889	-52.408430	82.391615	41.996292
	46.396261	-46.944843	62.515944	44.232478	-26.684043	24.879974	-9.754990	135.232716	49.716887
	-9.773007	25.510970	27.534861	100.060469	-2.816049	14.533230	-16.240287	144.465989	19.424998
	-54.267521	25.882769	4.211578	94.487811	-7.858545	17.649837	-30.785450	171.281390	-41.069243
	-41.920788	38.482726	-5.758151	111.121487	-23.969918	37.585248	-14.054112	145.982378	-69.239293
	-2.689325	33.746656	-36.777575	124.387326	14.772481	30.118687	6.793951	149.361541	-53.457611
	-35.479154	28.968622	-19.894826	37.085189	-60.796845	22.732821	-21.758736	60.672373	-51.163343
	46.501949	-25.410141	7.252158	46.264904	-126.186993	75.017108	-45.993690	126.312710	-12.025957
	26.233552	-8.857955	40.376857	-53.614495	-124.883303	63.652682	-79.784832	39.360436	26.117837
	-1.388686	37.385762	-0.670102	46.166462	-49.585691	-36.593610	-52.767353	152.942752	-32.181777
	-94.900692	51.926753	10.343061	34.538717	-65.359019	-66.070364	-74.364068	181.431367	-131.647077
	-29.089681	18.068089	-22.026167	26.976782	-56.033065	-38.445186	-16.676779	141.057010	-32.437967
	-35.446332	11.944656	-113.449513	77.529129	-46.981558	-34.124506	-53.031333	215.482839	-86.456484
	-44.334244	31.196006	-79.102935	89.254243	-69.937558	-62.053064	-75.334955	250.168019	-136.615040
	-44.672396	28.185742	-21.253025	55.355032	-26.561366	-81.997426	-72.536339	233.872177	-75.453032
	-64.630979	24.135452	-40.325091	15.840220	-33.521669	-52.936950	-95.430369	202.951541	-66.732022
	-61.349143	40.711978	-117.087156	34.184534	-69.504499	-70.363679	-95.361299	179.202673	-132.903345
	-61.347580	43.657029	-101.702993	13.811872	2.008934	-45.517974	-49.714965	108.675215	-76.408875
	-25.523052	31.241632	-40.520140	-5.961593	5.759118	-13.205154	4.768745	-21.688558	-38.460542
	-29.665448	1.605685	-52.580896	-55.913288	-47.401962	18.066348	-56.302307	-33.009404	-51.288671
	-49.619199	-6.349211	-154.293214	-6.785825	-75.240382	-42.768434	-87.218753	64.160822	-110.852246
	-53.342005	-3.475090	-110.520358	-26.667044	-52.987819	-47.778011	-46.030942	9.258951	-97.311353
	-32.791397	11.718849	-63.512928	-44.740010	-31.212163	-30.267339	-11.625969	-71.089490	-48.944679
	-6.571447	-43.659796	-65.611709	-17.461696	-92.603418	10.182551	-51.770496	-42.712508	-36.762873
	-63.350747	6.739928	-77.635509	26.702524	-104.826680	-52.407250	-92.155310	43.490099	-132.873057
	-39.434945	19.965662	-47.924729	53.000756	-137.185488	-12.532406	-96.174273	148.545773	-117.654137
	-25.319213	1.941968	-15.091424	54.957490	-143.197667	-5.868149	-73.913300	154.388210	-79.433291
	13.354264	-39.902661	-24.453202	74.559040	-135.561142	-0.666993	-57.537224	152.350397	-48.087020
	43.188148	-66.375863	-61.492759	138.371351	-79.141144	11.545000	0.143159	176.004281	-34.072408
	106.705585	-76.009848	24.823092	85.790118	-6.220572	54.010528	69.263810	27.617708	51.966711
	92.577122	-140.827242	-33.374693	74.801098	-70.381645	7.351354	-18.539048	84.409827	-13.040113
	21.345446	-96.984217	45.413071	-1.293344	-60.824264	-62.132896	-80.857363	79.948727	-57.159096
	37.508000	-29.125328	97.819839	-5.012052	0.737354	-45.996629	-20.027751	48.541436	-27.896876
	39.885028	19.416643	74.918733	80.660732	-13.066108	-25.489689	-7.083995	130.243799	-26.776155
	0.586946	15.421935	9.817161	161.537495	-69.730434	-22.828826	-32.240589	231.230647	-76.863341
	11.112791	19.232022	28.570937	126.758833	-28.085835	-16.136264	-8.251902	225.899927	-22.419601
	4.950891	3.461825	45.081616	107.355381	-52.170987	20.475173	-18.362840	146.807236	33.717229
	-12.915498	-7.475866	68.324755	-75.097342	6.273094	-15.428599	-25.219106	-38.144703	63.994667
	-51.716286	-13.705096	3.886488	-18.260482	-51.944151	-56.473572	-64.217945	91.827172	30.299502
	-86.214164	7.413786	-33.221611	-2.703787	-48.703426	-90.605746	-78.887265	178.217104	-74.842425
	-68.398456	17.708977	24.257688	-70.403871	-9.182098	-54.446492	-27.020063	25.362034	-29.492374
	-49.718990	-20.848447	-8.365640	-76.993237	-77.330838	-51.197623	-83.631961	48.457317	-51.256585
	-98.958286	7.012896	-106.017773	-15.091423	-76.493637	-80.762209	-107.420799	138.099892	-95.664342
	-99.549325	19.023582	-45.553055	-56.059074	7.546529	-70.815261	-38.597176	19.092473	-126.609517
	-77.981789	42.936400	-43.336157	-75.490346	30.456861	-43.712986	-20.597943	-31.365788	-74.472058
	-96.990690	3.038319	-82.316352	-114.215215	-14.726655	-61.731373	-47.809732	-59.954953	-111.729679
	-79.004751	20.255154	-92.948774	-89.247495	-0.157158	-82.119850	-54.757540	-69.879233	-71.720391
	-36.570569	38.507026	-66.618720	-68.713506	63.826459	-16.570379	45.622955	-112.485185	9.009937
	-17.869799	13.221003	-97.838202	-76.266011	76.900096	-25.949931	54.841746	-102.267197	-11.434882
	6.357858	19.918993	-65.222801	-142.739478	29.825477	-27.622473	35.416623	-165.524685	3.257494
	-15.795706	13.180600	-50.103636	-134.560468	-11.632955	-33.082706	-40.372354	-87.203319	-64.081308
	-32.499698	19.782383	-28.619782	-56.577850	-51.669733	-22.111116	-9.767127	-25.412046	-66.538586
	-21.280227	13.526713	-58.480998	-46.155851	-38.529523	5.377767	-55.491651	-30.336159	-12.768831
	-0.300104	-51.374159	-67.143755	-50.021897	-31.661848	29.474336	-25.046857	2.945723	60.088054
	64.317305	-76.288423	-43.573868	24.254981	-33.225707	78.716570	0.539154	14.217735	59.054954
	77.096767	-49.700121	-1.758702	79.927055	29.567284	87.952317	63.463832	-36.300261	78.168110
	98.189995	-46.523078	-7.775786	55.895256	90.814064	16.681253	94.838925	-45.003664	106.410578
	76.800074	-27.318371	86.655570	36.027844	149.053162	42.443823	115.823870	-83.260116	168.139723
	93.535612	-38.709552	46.043615	24.681607	115.367141	32.375023	108.791159	-159.489261	96.278519
	75.073783	-54.092376	8.861789	17.149239	114.812328	83.548714	91.085265	-163.479304	99.616135
	6.937851	4.900650	28.877379	30.701231	120.234821	23.908736	78.396671	-103.299695	40.904441
	33.032469	62.797755	49.345018	29.352543	158.623135	25.970057	80.136989	-68.642917	46.884194
	7.638871	58.237358	72.133250	-1.611887	174.949523	41.792623	75.877402	-80.003031	78.959819
	-9.508757	25.841167	64.568565	7.803539	103.064557	47.987234	42.758957	-62.348148	62.629102
	20.026177	36.387833	51.285664	6.204599	37.838994	33.317222	50.343103	-34.239536	59.852134
	30.609461	-22.618447	27.427329	50.489377	7.688317	59.676759	54.506133	-46.829567	59.144900
	39.715164	-67.074751	-26.870204	61.515572	21.720699	47.506510	58.619008	-68.583663	74.631440
	70.960559	-55.521667	-36.730474	28.065615	57.066182	23.044553	63.957350	-105.974450	60.497478
	77.722761	-61.136633	-72.683315	23.208222	69.041905	-32.647887	70.706935	-123.002551	47.682543
	97.891249	-42.311874	-44.548224	30.229303	79.425378	-37.884718	89.456738	-110.336932	69.869772
	66.820832	-17.636213	5.577914	61.065311	149.193124	-29.444361	82.244587	-75.066272	97.145455
	52.584981	-36.129321	12.565471	-19.832752	85.994746	-28.211231	55.389125	-114.002133	107.317796
	14.984042	26.434239	73.199055	-1.995108	177.379288	-9.847490	85.952098	-73.460833	80.043584
	14.071264	40.103485	80.818754	39.336844	149.069026	23.351347	131.253551	-87.731683	90.145848
	17.699556	31.774874	67.548045	4.768157	118.567686	71.385157	94.344914	-113.012837	90.626828
	51.569688	-24.490318	24.529180	-27.779454	55.069026	67.836970	84.945197	-151.629746	49.980591
	-2.710651	15.177712	6.032205	-42.611283	76.585801	51.781984	57.107997	-111.262557	9.832909
	-11.983149	56.313386	71.696448	9.524501	109.481021	79.517121	78.740989	-107.201799	64.504567
	5.638960	41.705003	26.419730	-33.929383	82.387911	79.879347	45.868089	-114.360159	84.182855
	3.183205	12.138396	28.378221	-39.174893	38.397306	50.115803	40.291765	-111.685486	16.865261
	-42.154803	67.118251	24.351352	-50.021985	27.571883	7.321275	-3.793302	-102.879518	-57.535302
	-8.189505	71.335786	48.598427	-55.938070	31.896713	54.789584	-11.705673	-100.753496	-6.465266
	7.077293	41.025228	56.523710	-61.744233	-18.494178	85.200881	14.128992	-96.223003	23.257413
	-0.948889	-0.280605	-12.814084	91.455481	-50.580268	-4.756004	-54.241333	213.063855	-12.396001
	61.068513	-54.343353	-63.416663	139.389954	-27.257000	4.606033	-1.188398	154.020450	-23.419403
	62.038300	-66.752309	-63.211318	139.123326	30.421152	-52.096743	11.246248	173.587018	19.833970
	58.993912	-13.312721	-0.731976	128.668971	39.056528	-42.459400	15.926890	203.697150	13.784936
	41.932862	-44.188196	-2.855853	51.900696	4.930342	-42.391827	-36.076962	184.400749	5.542362
	50.185101	-63.877916	44.657804	119.802241	31.881671	34.015411	6.338431	157.716904	65.898454
	36.512039	-29.349026	47.755335	74.365805	40.562656	40.780547	-5.232579	127.376785	91.809720
	61.296712	-46.438240	44.883537	113.148587	31.699022	43.960267	-1.401056	154.720677	94.346916
	67.570423	-26.190505	25.018173	89.747975	56.173202	14.046478	33.333564	146.354199	98.616474
	36.934885	1.813901	31.237172	93.668513	79.246565	-17.315652	60.718356	71.470900	108.680194
	19.319876	8.659286	7.804894	66.254943	106.281310	-81.015283	72.719205	59.734211	61.464094
	33.323347	-1.521417	1.450076	79.662000	71.208008	-57.417068	44.534236	45.702381	27.658390
	17.688815	11.179124	4.300868	33.611798	82.092041	-55.472726	58.119192	-6.038744	7.876489
	13.084801	5.560652	-30.415423	4.040910	51.189237	-56.191125	4.132416	-23.358689	-26.102787
	11.900704	-8.459707	2.696992	-60.130952	30.704181	-48.647356	-36.093939	-19.118035	-5.003432
	8.499341	-24.708395	26.038793	-87.628141	31.228401	-36.059862	-19.559673	-63.065093	22.479301
	-32.816282	-21.039955	39.335061	-75.234562	47.390552	-24.835969	26.601672	-25.573640	19.016982
	-28.285474	12.620036	-34.460092	-57.922284	65.856919	-93.584425	11.105175	-47.278721	-36.666344
	-39.410802	4.694318	-24.940430	-30.860770	27.318132	-46.790957	-21.196898	-51.319353	-50.646148
	-33.208064	8.463117	-13.546355	-32.785411	32.204478	-51.242919	14.328027	-60.508471	-30.887289
	-20.828550	16.596587	-6.867044	-29.864017	23.862773	-28.248706	15.983356	-49.800206	-26.075016
	-11.621038	24.329711	24.933469	-33.956036	-6.176695	-6.688675	11.314694	-54.827800	7.954767
	33.308551	-5.968868	47.246106	17.553955	7.576326	32.150402	39.426823	-39.292055	55.919731
	22.278242	-6.159277	34.032397	1.485099	31.277384	51.006310	36.918590	-9.722201	85.169129
	1.164054	-8.037335	14.426278	7.255612	51.922174	-10.751135	36.393315	-30.906589	43.397017
	1.220373	-22.985623	30.264372	-0.588849	53.305396	3.394184	14.928662	-24.104536	81.805194
	16.261394	-10.242003	-11.872463	-15.330766	80.022817	-24.239010	32.221507	-24.929337	46.333088
	-21.411154	-9.356951	17.843158	-52.594474	47.944456	-9.965306	17.545972	-25.255949	33.745853
	-27.152870	-8.479849	4.960211	-28.735845	6.322434	7.162805	7.146303	-53.434794	5.175613
	13.752203	0.982038	-5.483470	-32.552767	4.266192	24.426063	16.439776	-32.989624	24.668460
	25.089559	20.434064	13.109732	-26.515971	16.144523	68.970953	21.676819	-51.920366	25.160679
	13.564355	-8.263650	38.170804	-64.653760	14.866842	50.780326	-15.525869	-37.059793	35.602945
	32.481585	-10.039017	32.133233	-74.459681	-14.034919	82.082111	-9.152282	-33.714862	66.851279
	32.596165	16.293240	81.957325	-7.255729	-7.957056	84.882316	-17.272816	9.013704	53.681062
	26.753555	59.247095	87.600332	34.403747	-18.010419	66.511438	3.693657	14.496255	52.510745
	-2.396098	87.570579	65.331642	15.466490	2.904897	11.720621	-0.552617	61.450414	11.692156
	-0.808035	34.966219	78.555191	44.125396	-17.694281	64.829304	-18.055713	43.756779	34.314241
	9.040247	6.102353	67.232878	28.260560	-69.970220	59.135360	-19.846373	5.142039	-9.198951
	-22.970349	-0.527407	52.236874	40.792824	-77.142959	47.514821	-39.935738	71.484011	-32.737111
	-38.386423	14.723709	44.425141	22.277417	-70.601236	14.363055	-41.042415	24.392303	-6.404616
	-5.515867	-7.595102	40.156615	27.205328	-53.115231	46.570316	-12.138891	14.930016	-11.570335
	-14.523992	18.020176	17.279755	8.455683	-74.162391	36.615656	-41.263308	20.846272	-71.915575
	-48.463912	7.643945	20.548194	-33.941605	-118.373897	-10.711875	-105.465432	26.170523	-78.044516
	-14.417258	-20.958238	50.996679	-86.195372	-80.195183	29.145868	-43.400237	-20.663166	-12.506972
	-31.956215	-18.360031	45.640575	-66.483157	-92.326426	25.424207	-57.281671	-18.261129	-66.692737
	-61.991885	-3.753304	31.627200	-12.966014	-101.814779	-29.535499	-38.453968	36.731720	-101.321647
	-26.278809	10.939004	30.350423	46.542885	-90.040995	3.590698	-27.938853	40.343668	-20.476371
	-17.927829	24.984795	-0.498453	85.256768	-57.555846	27.462633	-1.055066	90.479637	-41.407694
	-0.660376	17.316593	-42.250541	31.794382	-58.226178	13.284044	-57.421221	76.263184	-43.891039
	32.792096	8.171961	-6.800425	-37.451107	-81.768699	7.396510	-30.274264	22.943769	-27.077231
	19.583863	29.879429	32.717505	-35.395020	-80.045699	20.840576	-5.122918	2.818268	-67.780569
	9.157559	46.359347	54.631570	25.110791	-28.890859	18.835121	-33.157575	83.107955	7.776071
	-29.675927	55.832733	-0.582242	33.450609	-25.867869	6.636360	-49.166004	71.838791	7.527779
	24.678443	31.933694	8.605644	-32.636904	-71.101460	18.988993	-40.770668	1.737469	-45.526363
	-14.684610	50.269473	16.726858	-25.656387	-150.131251	7.589605	-54.591019	27.424030	-113.011472
	-6.464452	60.046329	27.165758	43.071293	-131.936890	-5.467258	-56.363084	93.826083	-109.604558
	23.558511	68.827711	59.852331	-24.928493	-50.588162	62.954445	-0.706410	-52.695497	12.143115
	17.524719	56.473485	59.697244	-65.958511	-101.317905	63.243656	-7.805617	-63.063229	14.058773
	-0.805543	29.059304	-12.052490	-47.303571	-91.092539	46.793283	-35.448309	40.777691	-57.183695
	-17.366529	39.369040	5.785799	-27.443263	-23.801257	16.297412	-36.356286	34.514401	-47.657078
	-32.310351	41.928109	4.475737	-80.108566	-11.135927	-29.078017	-31.566153	-53.954929	-22.092970
	-58.396356	-2.392366	6.367378	-112.113980	-24.854112	-56.380031	-75.549948	-5.008802	-62.185313
	-83.696760	4.116795	-43.958403	-87.294844	-55.237501	-70.763796	-90.256925	-17.426875	-75.486561
	-62.552767	27.480100	-62.544005	-71.336445	-32.336968	-49.034061	-76.624860	1.044936	-35.303893
	-79.869302	-2.221654	-72.092352	-100.528247	-1.041062	-21.752907	-35.254232	-66.719869	-32.399775
	-22.605909	-32.815484	-38.693579	14.447064	-133.055734	-23.733720	-75.637843	90.169872	-41.888401
	-86.188883	-8.915321	-19.054229	-37.686960	-113.934425	-94.089352	-106.169805	26.983101	-64.454357
	-46.800447	-13.335804	-15.668940	-13.348829	-36.171552	-44.529239	7.943662	-59.144795	-25.656583
	-44.970558	-7.423337	-77.086655	-62.637803	-5.979263	-55.973232	4.896890	-99.035952	-39.119952
	-36.490524	-28.358885	-91.945653	-41.104188	-16.541504	-52.601465	-12.287400	-92.600489	-39.808877
	-12.429898	-1.413856	-100.276064	-33.281523	-27.108999	-18.750027	-12.322590	-46.840574	-45.930343
	15.434484	-23.186455	-92.376648	-84.230583	-34.609345	10.883757	-16.887692	-77.033650	-36.287655
	7.593502	-39.640313	-57.733382	-112.653531	-75.706696	4.760896	-59.789614	-78.766508	15.462932
	43.947267	-52.423046	-29.699066	-76.516208	-122.136929	46.507556	-41.541711	-47.258684	63.833748
	65.100375	-56.076864	-29.516397	-13.309818	-87.775635	18.425595	2.442469	-53.598102	20.515184
	27.783423	-68.155940	-3.043432	-53.259946	-66.562411	-25.116346	-22.874256	-59.537865	9.858740
	34.852530	-78.573142	41.327023	-2.970787	36.128859	-16.658346	30.827310	-42.531700	58.791214
	99.007847	-67.270910	60.768902	38.558022	41.124957	3.351830	106.916120	-74.699258	57.443349
	42.474720	-73.808978	104.158226	-2.351453	-35.349001	15.812996	-14.598159	-11.187935	8.323854
	23.435403	-38.691609	92.314932	5.478896	-27.968945	4.336587	-13.801466	0.814406	5.575837
	12.108942	19.184266	108.184229	51.649725	3.192006	-0.405451	14.807762	60.278851	6.981372
	20.467884	15.390301	102.727501	46.500870	28.091249	23.600641	44.811016	32.267685	14.614802
	-18.273299	-39.729675	85.962877	-44.565478	-105.350360	25.652136	-29.737787	-18.199694	-59.024475
	-27.296225	-22.869437	77.669883	-83.591001	-88.214993	11.821396	-66.008669	-17.382709	-28.275924
	-13.469353	-9.213347	138.181256	-51.283074	-5.837506	34.807218	-20.843779	-0.661166	68.296734
	-25.015632	-14.736535	83.018318	-17.750881	-63.016687	10.272319	-26.614060	13.951099	8.855008
	-66.614342	27.041471	69.722276	-1.025331	-104.128517	15.179911	-65.538658	-5.088368	-54.974769
	-28.791205	41.228173	0.387008	-10.455556	-114.859172	29.778496	-52.871493	-28.994323	-83.623753
	-37.181539	-8.622185	-49.965505	-45.896877	-138.810870	16.916826	-69.865477	14.353413	-73.430510
	-7.847342	-27.962616	1.594576	-99.670424	-61.347177	35.192073	-23.657837	-58.187573	-17.407488
	29.887965	-8.041417	-65.533909	13.038836	23.255109	25.435577	63.392284	-60.552609	-25.399453
	20.878245	-17.939197	-21.763043	-22.124944	46.377850	-36.604994	57.389024	-30.582064	-26.191951
	-41.678012	31.286198	-6.033804	-60.286319	26.041589	-78.617470	13.341902	-36.215129	-67.641561
	6.891621	88.295293	-8.643013	2.270028	61.338354	-28.046084	24.062209	4.788625	1.517389
	-18.172877	51.096710	-0.006345	-11.164575	-8.099281	-13.620499	16.391043	40.059362	-29.843648
	-16.271289	25.964927	-39.349203	-69.282237	40.984864	-29.059623	-16.271043	-10.453377	-9.096451
	-35.029599	37.004750	-41.197358	-72.650715	-29.923099	-22.006597	-12.624347	-4.480062	-63.453500
	-17.921703	61.483834	-71.056988	-79.166591	51.141179	-23.653396	-22.070900	-16.165250	-13.490798
	-4.120688	49.625961	-17.272450	-87.461916	101.941400	-54.302346	9.850453	-76.726573	-5.841709
	-6.886000	84.173622	-28.949183	32.057484	123.502596	-70.403725	78.861404	-35.440260	-19.521154
	6.183800	33.775610	-40.409430	94.786768	54.773514	-80.370538	33.324805	78.113768	-43.155102
	-2.660084	16.327967	-59.237661	118.092714	18.774940	-86.288795	32.704630	115.661929	-60.098695
	1.144912	12.722805	9.115852	125.731223	106.435042	-45.007376	80.081790	108.633092	-9.727292
	17.321815	-6.991788	-20.864544	83.032833	50.105286	-35.205783	55.500327	74.447466	-12.568999
	10.107204	-8.358785	-7.728635	55.924659	7.831762	-8.225960	27.393370	108.696126	-23.462815
	-14.629895	-29.978079	-33.160590	22.547395	-17.483613	-9.262967	16.763844	62.466120	-11.377441
	2.866423	-1.311830	-97.825309	63.466056	24.962459	-24.517495	46.710575	44.741075	10.919140
	12.192413	33.078039	-122.357362	130.230135	91.335762	-22.774260	93.435280	69.766794	-4.332390
	-23.703995	61.787955	-88.389351	182.805182	54.180602	-95.771503	80.154280	85.109855	-70.635736
	22.254970	22.677670	-30.448268	164.993182	41.184277	-39.030283	75.410831	69.509608	11.960979
	-2.459246	65.282522	-8.595058	134.355742	47.013298	-16.434850	66.251309	36.744422	15.620831
	-11.861022	43.675910	60.372695	135.119850	27.606969	-13.215431	19.844195	115.780598	67.624789
	-17.342489	34.112921	7.260594	89.992377	19.858067	6.401103	21.165501	98.689308	18.953043
	25.488228	32.838037	26.731933	116.201914	33.202343	11.974724	50.650127	57.230522	27.801449
	-6.367865	58.787010	72.854255	50.825126	17.993629	1.812023	17.992477	47.615929	-9.971463
	-4.939691	25.842448	25.760668	116.942837	7.365136	3.572947	9.345787	113.910619	-7.168144
	-9.966445	16.684546	-15.773168	98.926133	31.812083	9.375065	9.747688	162.316851	-21.134198
	-14.537793	9.764236	8.391569	81.365699	32.366073	7.568510	7.469083	132.153453	-1.287021
	-27.460846	22.569537	-87.634715	7.150140	29.860099	-39.677596	-29.500871	46.457654	-3.048467
	-21.673497	-7.093316	-140.496307	-36.015239	-10.028004	-59.620854	-53.490835	47.764764	-64.935033
	-60.307735	-60.174350	-109.722293	-59.386887	-32.718259	-62.799371	-25.943991	-52.426391	-48.527360
	19.373826	-66.636327	-64.101828	-109.043339	-28.440624	-0.425079	-12.346740	-110.275696	-0.556745
	74.443323	-114.221955	-25.673374	-67.629849	40.520537	73.728634	23.627647	-146.541795	71.119480
	85.846800	-159.649887	47.237331	-53.724740	44.821773	88.101302	69.122332	-163.910751	141.442476
	105.966672	-146.150412	32.505457	-20.552052	55.587243	65.818020	91.588277	-168.304684	194.801433
	107.732137	-95.248770	37.031022	-1.237453	51.712194	53.466024	99.312907	-109.186735	133.167317
	91.111466	-25.533133	35.786273	-0.716692	64.059468	17.137271	100.886053	-119.748819	109.742000
	54.080650	3.296113	53.773459	16.607677	69.297543	-12.760922	90.233335	-94.331967	99.267988
	70.125252	-43.369082	36.124905	-16.358294	25.637735	-29.884915	70.497599	-98.020819	125.549818
	36.877777	-67.810848	16.546157	-74.672241	-0.055197	11.151794	48.738561	-135.729995	101.642688
	50.929848	-101.500501	-28.443718	-106.146415	48.115809	-34.369255	43.897647	-146.916609	99.232401
	42.777421	-130.427275	-23.633803	-87.784176	12.568766	-1.157223	0.669916	-99.325949	38.616442
	49.994757	-108.938619	-17.614114	-71.792559	36.965251	-15.447042	13.667358	-135.767134	19.581980
	44.832184	-71.723201	-4.849135	-45.415789	74.777258	-30.554335	52.978528	-102.890361	71.186578
	47.186571	-38.059496	5.137760	0.029474	86.184756	-32.168395	63.573569	-72.519025	21.437431
	37.937765	13.979693	35.970497	16.003979	80.557561	-34.353797	82.157617	-89.577176	36.278390
	41.289069	45.740933	30.494796	52.109968	93.416263	-44.407439	101.777569	-52.595566	16.397665
	37.557120	29.658560	57.222505	23.865630	18.344404	-13.119946	60.091330	-66.389048	-12.101957
	4.082258	4.668581	66.907850	-47.888809	11.400440	-0.624394	-2.369313	-27.126000	21.186014
	13.332580	-57.411639	47.328932	-101.586340	-77.846893	25.165058	-68.514955	14.887306	3.598056
	4.309309	-132.111620	-12.570090	-112.688076	-128.667356	63.179972	-95.646038	29.924852	56.094919
	9.780039	-104.522897	-17.370606	-7.638071	-144.731055	56.094567	-70.373908	63.792148	42.212997
	-19.156320	-39.213559	-10.798192	69.896750	-50.838871	35.804765	-4.775462	61.116844	30.251562
	22.353063	20.646886	6.764020	27.936619	-9.456929	-11.167606	13.762750	27.591261	8.509318
	51.917145	19.703566	9.264860	110.019939	-7.808142	-37.161094	56.842117	40.935075	-14.066162
	35.263797	39.716830	25.838974	99.189083	27.538616	7.424802	40.840304	18.479988	-8.609251
	48.104897	29.884438	54.997822	54.667218	10.111289	40.441186	-16.761725	56.611017	33.036936
	49.720823	-3.220962	99.556233	12.465573	24.522347	74.052465	-24.345847	57.228479	79.089483
	36.105777	-17.116087	82.850388	6.077765	11.549762	59.696001	-8.134192	52.011905	70.861064
	51.089192	-6.911106	70.127063	37.146546	54.406404	72.198927	13.544699	64.040849	73.433859
	23.770679	11.261643	23.406506	9.426202	81.568464	-5.088877	30.154906	28.325809	24.197383
	-6.671949	30.525605	-0.753815	42.652241	88.509413	-50.414506	16.064764	3.294011	3.175156
	-45.367107	39.447693	11.757452	-10.425516	65.564710	-18.070654	-59.460337	13.671222	-3.551599
	-58.899041	47.414971	12.418529	-88.885118	71.836749	-31.385490	-57.134552	6.068624	8.433442
	0.730669	27.488924	16.784878	-34.002953	58.963649	-13.948661	-6.279123	-1.523415	18.917654
	-31.267960	4.996628	-10.016546	-47.473370	54.675056	13.995865	-20.630155	12.347799	31.842435
	4.986742	-4.722265	-38.587312	15.857022	19.859932	23.914568	-2.255400	56.018783	18.354607
	12.994785	-7.242766	-104.630684	66.516207	-9.376892	31.349278	28.775534	4.644511	8.834250
	-24.576475	-1.455063	-56.491576	52.051472	32.570002	17.529356	27.419114	20.527630	21.893669
	-6.625693	20.361994	-20.472165	105.547025	47.244585	-9.185041	27.561602	32.001181	-33.362239
	3.297309	55.554199	33.990992	146.592496	53.236896	-67.771021	62.140622	60.616464	-5.769905
	10.704133	58.136965	51.109772	103.106763	24.705960	-41.093566	55.710485	33.542458	0.328635
	3.162819	71.179800	10.439860	75.276591	9.280521	-49.946829	38.769793	17.188785	-64.001782
	-24.878339	75.472452	-8.831061	92.929308	38.341892	-59.991887	68.318908	13.524813	-46.806372
	-21.562524	77.748476	23.796939	63.384120	58.293998	-45.040794	41.215679	8.345620	-6.205433
	-5.313071	73.010178	-5.885210	49.533506	59.101075	-34.796401	61.765062	-12.090463	11.270503
	56.311204	56.642305	-6.520123	68.955265	111.667150	-44.766828	96.040367	-50.671959	44.739223
	16.583157	36.355536	-53.747381	25.644233	65.089435	-5.705152	28.182296	-60.542613	32.778369
	-11.700981	-0.040565	-55.408426	-22.427109	-11.908190	5.983663	7.703890	-72.662465	5.379727
	16.768618	-46.087548	-18.222126	-70.892260	-22.312759	-5.027727	-3.336423	-112.162110	-65.257940
	3.324191	-33.847015	26.698986	-15.200135	-24.053714	23.835292	8.708447	-52.585753	15.486416
	-44.379795	-22.431092	0.679020	-4.601965	-13.927979	11.543849	-37.890564	5.303133	-32.719454
	-17.648976	-20.513584	5.507692	-3.283943	-49.545752	15.938983	-9.754654	-19.471838	-38.659048
	-38.672173	-12.729431	-7.781766	5.515989	-63.718819	-7.377538	-20.328104	-10.953969	-93.533368
	-51.286641	-6.418967	-18.798026	15.403288	-50.029940	-27.615204	-28.657471	51.616936	-55.495619
	-12.219002	-42.339475	-31.504994	-47.074208	-42.986740	16.603758	-42.954269	-35.246702	0.801631
	55.712288	-16.825528	-159.607184	36.820714	28.887719	-1.457337	21.145290	-0.708106	-16.145058
	-5.506403	-1.494659	-117.832014	-28.098708	-4.262609	-76.322738	-7.256480	-5.535173	-109.679407
	-62.438395	5.456830	-43.869200	-20.512128	-28.964656	-74.657357	-83.640152	64.714306	-112.186682
	-51.845674	-23.110640	12.070810	-31.434274	-85.144932	-39.555766	-118.577265	91.887160	-90.949338
	-28.547663	-39.877465	0.425897	-54.823283	-87.865388	3.485698	-83.746472	52.211551	-38.689124
	4.361726	-71.947598	-47.738663	-36.433238	-53.905809	18.411285	-38.972946	-0.597527	-5.076956
	66.127378	-103.377099	-42.986981	7.799266	-78.079965	39.612472	-8.878151	-22.295228	5.138194
	35.384542	-90.040736	-24.558978	3.880910	-95.775094	-0.500011	-6.868548	23.549503	-15.666097
	-11.831053	-51.052352	-15.056153	16.614161	-88.941493	1.512211	-59.655688	81.986033	-24.287314
	-63.464576	-29.986528	-10.679758	-73.152288	-85.074526	-37.985338	-67.609463	25.212726	-43.841822
	-38.946872	-34.811872	21.831587	-94.043431	-62.795979	-10.243681	-63.431885	-58.050241	-38.158604
	-35.423320	-7.420798	-10.132426	-81.113405	-80.144994	-7.213991	-65.754617	15.288829	-20.995723
	-49.481358	-42.801404	-45.390849	-10.806621	-90.553057	-3.352503	-63.783418	65.221809	-52.171340
	-14.705729	-59.633630	-116.065095	8.505036	-75.199405	24.159777	-51.997068	83.818350	-39.501938
	-32.711173	-49.151647	-133.055453	21.650611	0.400040	1.757130	-16.864670	26.988975	4.634660
	-14.374877	-17.291102	-66.501619	52.244219	69.291399	-57.482190	37.899961	37.006963	5.693905
	-11.419192	14.090674	-58.078699	97.333245	54.934248	-72.835433	41.844783	73.608159	-22.743223
	43.985719	34.935282	-66.928283	74.309365	74.660197	-66.936569	63.361640	62.039984	-4.213935
	13.404358	27.212320	-94.989704	47.496015	50.459489	-39.122918	46.183722	55.298963	3.781201
	-21.571984	-4.211521	-58.381362	66.716413	22.703071	-41.742859	34.059254	29.588574	5.207437
	-22.903789	42.440850	-14.259292	43.687111	78.133918	-45.990458	31.380281	25.471781	15.268798
	-8.534172	79.040898	72.319305	-23.684876	77.860368	-30.221381	33.168546	-18.907568	28.001678
	15.972640	77.944626	79.704101	16.352884	81.957765	6.970236	49.192070	-3.717553	43.341211
	-7.157312	124.242160	72.716622	32.046044	97.534071	27.289920	65.513427	-42.012419	-6.016097
	-50.804056	118.811528	-0.033962	-41.617133	72.994130	-48.811597	13.007318	-70.786378	-10.440172
	-3.578256	87.070083	-24.290637	-90.599987	77.121962	-18.108519	3.240510	-71.075202	4.770085
	-15.904145	77.364299	-13.664931	-120.172441	90.715073	-11.602979	38.433575	-136.392336	-12.314827
	11.860986	39.602244	14.536023	-118.158573	66.598866	19.474073	18.591943	-138.896480	41.177739
	33.375159	-10.275381	74.271158	-159.548545	65.761596	82.860734	51.811506	-197.534094	111.054335
	32.690659	-12.336014	69.105493	-160.835593	16.069843	94.824084	24.809111	-142.036545	81.998834
	-24.421453	28.755837	53.902002	-129.387143	21.262377	76.692602	14.495022	-106.124880	81.870709
	-21.734827	-14.353039	102.400676	-220.416976	-24.594581	48.249561	-42.355943	-187.104924	61.682301
	-12.545295	-32.655460	127.409514	-268.841407	18.787956	108.797153	-4.858913	-292.785377	101.111661
	-25.481716	-71.596974	81.027717	-278.993017	-47.393312	79.938825	-41.920080	-249.775686	52.639886
	-74.592879	-46.433713	19.649437	-298.513568	-27.660561	48.395121	-75.631186	-229.904589	35.275859
	-22.664161	-41.820692	-35.984916	-268.820754	41.630679	34.908723	7.050797	-289.714777	9.668660
	-32.069981	-25.527707	-24.333319	-219.111254	80.194552	30.017445	22.505789	-285.450607	-0.428823
	-1.449122	-12.171472	-1.618334	-128.831063	1.213706	9.508225	-3.201951	-182.821988	22.149429
	-21.963625	-3.497865	-75.283777	-125.426731	-62.544809	17.419144	-42.394337	-107.841732	-77.207759
	-28.158478	-44.533292	-63.002055	-117.594471	-112.510001	27.398610	-84.027560	-66.014987	-53.617828
	-9.131252	-66.443049	-58.425554	-56.186529	-80.147245	22.462953	-47.996380	-65.252119	-18.425140
	0.815860	-26.537831	-39.880841	-8.173821	-39.104632	31.047427	-10.114984	-55.660421	-10.440070
	2.747482	12.167084	-16.727326	66.220359	-84.027715	-19.814702	18.589676	7.582375	-44.666831
	10.850032	70.970891	3.372150	102.355453	-44.247897	-46.201530	46.022608	8.477149	-67.826604
	-13.344741	97.558653	44.855379	79.578453	-0.960306	-1.140629	24.986457	26.749433	-33.121255
	-3.701884	108.372673	-5.550841	14.557498	-6.047755	-40.095329	7.181990	27.298127	-87.989354
	-36.710480	77.609878	32.167192	-16.330159	-40.844099	-71.666999	-20.524500	13.966906	-82.813286
	13.927081	32.417881	53.960463	-28.302438	-73.338474	-13.822219	-41.219919	6.357832	2.603492
	-9.379255	-3.966653	34.062930	-3.088536	-72.762228	-7.568842	-20.086863	13.563250	25.790203
	7.588865	-23.046010	29.177195	-31.813067	1.925518	23.780078	5.207667	-38.513390	67.645634
	-13.846406	-15.185470	38.001149	-112.746149	1.125857	19.756560	-27.373722	-127.337315	24.846376
	-12.464246	-15.018664	1.033531	-82.019811	-1.610626	49.078336	-38.098921	-63.911822	43.811667
	-37.122342	-1.902842	14.336079	-47.401300	-1.804896	22.438641	-38.070806	-38.691758	12.372027
	-36.857009	6.438571	33.786585	-50.386828	-8.348492	-13.825029	-16.000181	-50.949947	-15.033611
	-35.313674	-0.028130	26.653965	-88.497845	6.750092	41.048311	5.379094	-123.254323	20.913151
	-63.280021	-47.935629	-3.927208	-98.182787	-29.581980	-13.625727	-15.635202	-132.960061	-36.354792
	-55.770187	-40.324492	42.289432	-98.030974	34.472879	-12.898756	-6.395311	-226.435679	6.247728
	-16.696298	-35.129130	80.946967	-24.926054	62.766077	-24.055400	18.732925	-129.679992	65.981467
	-46.297516	-66.037491	32.707721	-114.214906	-60.775000	-12.880756	-58.351507	-173.433974	8.774611
	1.865476	-65.222647	-0.916304	-139.662046	23.801742	-7.301680	-8.773668	-183.331446	21.672692
	-2.332546	-66.309164	28.558790	-137.018243	-79.554408	29.952138	-64.017638	-114.383624	28.013159
	-27.043073	-55.265099	50.310305	-121.704273	-49.325289	1.594941	-53.146492	-119.562600	-8.115734
	-40.201757	-49.058958	32.812620	-64.557261	-83.357422	-19.458442	-62.873941	-30.395153	-27.108024
	-9.500173	-80.951606	39.792237	18.273702	-118.552225	44.915555	-55.876396	17.927666	-23.950612
	-4.260082	-73.615851	8.691446	89.160218	-83.478132	6.804767	-13.078176	11.169376	6.007547
	10.662501	-61.063282	66.994938	76.974278	-43.052278	7.977603	-6.606902	15.806100	7.365892
	48.637513	-58.152254	26.879148	113.374322	-90.702809	23.877639	-8.279337	23.144101	-4.415256
	74.971197	-15.378327	8.552721	117.252302	-53.300670	27.887822	42.779162	12.237532	28.319318
	53.328862	14.790539	3.483837	113.210517	16.755150	27.210005	52.893891	43.384252	40.077819
	28.257829	34.608976	37.407541	138.987049	22.873890	-4.505032	55.349568	60.284622	9.799499
	8.283920	66.636732	23.891861	127.621090	12.878628	-22.824201	48.629719	82.130508	-84.408634
	-12.245437	83.394479	-22.371354	106.933624	37.712001	-33.499832	29.568597	81.241023	-74.849043
	-9.872785	106.277138	-40.803087	90.478705	12.115086	-45.923176	10.699494	77.807350	-82.458303
	9.150577	110.714034	-12.893626	46.367477	28.363038	-60.292953	60.038476	20.387388	-62.371889
	-1.211429	68.649056	-30.312835	-30.736142	-20.805432	-17.835283	-27.321740	-2.139460	-37.969245
	-26.559922	47.476601	-12.450977	-127.395971	-42.133304	-7.563665	-86.372205	-36.195416	-25.794604
	6.361208	17.754313	39.504902	-119.992307	23.401117	40.673182	-31.218804	-75.491632	35.295719
	-23.111939	-0.535527	20.130410	-58.973403	4.593406	60.146935	-26.232531	-17.988865	79.988081
	-10.030681	22.178464	22.999103	15.341418	-2.229316	50.993665	-48.854033	76.292660	36.991320
	-16.243880	12.172669	53.442918	11.044575	-70.960644	74.758352	-55.301539	115.504607	11.810119
	-12.540283	31.433062	22.749754	49.729994	-104.552022	68.119311	-24.531866	97.441547	-15.277178
	1.291497	51.657857	3.964420	66.512218	-72.304806	65.416897	-44.872718	118.083917	-23.288275
	-26.593085	44.693628	-57.968211	35.690277	-61.833850	-4.612168	-41.023326	61.617929	-86.363374
	-13.271445	66.491113	-56.069259	32.386532	-20.083705	-49.089270	-56.836000	17.666762	-127.149481
	18.322437	73.069576	52.240494	25.512927	6.043903	24.503642	-25.571135	-33.304089	-21.900379
	-1.856153	33.280805	22.896500	-51.131129	-80.212273	-24.594774	-79.141262	-51.227004	-53.135251
	9.754509	29.198261	97.815942	-105.861035	-36.155710	27.750380	-38.575538	-93.498969	44.756005
	10.197226	1.681731	131.229402	-83.666435	-52.085363	72.090226	-28.037696	-84.772317	31.447187
	-9.763100	0.625917	84.082122	-85.410686	-57.153552	68.625468	-45.301246	-23.323359	8.251584
	-26.736893	-13.362026	29.286178	-17.699909	-18.909702	21.187305	-40.945215	57.575485	25.138246
	15.551075	-58.965566	69.992660	-12.978535	5.535387	84.508015	14.382410	-19.404558	90.033271
	51.317218	-80.641312	-4.007754	83.306387	68.283351	31.734117	61.774648	78.570048	151.234343
	10.646159	-52.804392	36.798184	9.516724	1.696428	-32.381498	9.801861	-15.386568	40.928519
	-68.219286	-15.219934	23.514841	-68.872676	-21.838758	-83.575348	-20.321022	-25.606869	-82.300285
	-65.948658	-37.165015	56.521523	-7.356875	-20.662872	-36.236002	-7.943463	5.508825	-40.896028
	-49.608044	-39.617240	2.380870	-22.612569	-52.055741	-6.912625	-3.270667	-17.131837	-38.680286
	-4.777412	-67.405669	6.381725	11.980449	-101.050319	25.800093	-55.858827	59.047275	-40.524293
	13.982975	-76.170358	5.362086	0.225434	-132.232187	15.192804	-62.596376	105.943180	-39.110051
	17.808440	-82.287461	15.587689	35.444400	-49.005216	14.741827	-33.000070	74.579619	-12.156538
	22.560868	-96.620660	-16.405511	21.910897	-29.556797	33.597540	-26.887655	92.934009	32.731571
	46.484083	-109.622531	-66.500974	47.711203	-58.223585	7.139238	-27.821458	98.443441	2.930793
	77.499469	-93.973038	-3.315853	73.574475	-16.590301	16.777075	8.916541	74.936973	28.417190
	44.314408	-52.385868	-7.010622	68.330327	14.702086	-9.130016	29.303227	45.498799	36.981855
	37.848737	-87.506666	-20.107024	22.162701	-25.544874	-43.898576	6.380165	51.528961	13.175581
	82.620878	-65.240085	-34.140530	55.748421	22.489218	-27.200456	31.709437	43.012233	33.567639
	43.977295	-40.620632	56.003823	59.689853	1.633792	10.922532	13.396997	70.627975	74.713042
	10.561359	-1.169331	38.283118	-29.133714	26.216446	-14.705873	-2.991089	43.556321	-7.548594
	28.271393	12.552709	69.687477	17.015376	88.781952	54.697026	69.702475	-4.950414	107.590961
	36.919492	-11.678847	40.821326	15.780694	50.694216	48.748454	30.084373	14.025311	63.843019
	7.285776	-13.857066	42.922381	-8.008568	13.674597	30.114600	9.595908	36.664664	30.121759
	14.711993	-8.699271	65.854472	-68.726097	7.470858	14.810278	7.232206	-32.013470	17.866701
	19.056509	6.922554	85.802614	-65.254714	53.688288	41.120679	11.616938	-92.916366	50.579241
	-13.381196	2.462109	26.328558	-59.188516	33.967868	-8.724877	-1.955108	-51.437476	-22.081850
	-5.935748	-20.740447	81.384025	-41.466148	-9.017906	-0.539794	-28.084328	-34.296806	-14.287761
	-43.383383	-25.346338	90.798366	-58.866703	-68.800581	-26.552408	-59.340379	-38.220982	-60.695367
	-27.376273	-26.390924	69.714638	-8.687473	-73.466995	8.188555	-22.865507	19.659778	-43.322427
	-26.151621	-2.338274	45.367618	-22.325404	-46.224713	18.968592	-18.554135	5.869696	-17.159875
	-19.087005	3.804398	-62.058985	5.356071	-64.303588	-15.850686	-32.791853	72.166442	-47.041945
	11.509251	16.469288	-87.095908	14.042108	54.106862	13.957212	50.693798	-82.810816	18.995771
	2.079543	20.078532	-91.813390	34.858145	97.002556	-53.684781	69.160830	-39.535961	-56.193195
	-39.609222	-9.777974	-98.194599	-83.953708	-16.225390	-82.280230	-25.176080	-76.791785	-52.056788
	-22.687187	3.457097	-15.690578	-121.956070	-31.212347	-50.263988	-57.016890	-125.982532	-14.787779
	-34.434631	-5.984289	50.627301	-165.071109	-9.568385	4.397925	-42.445819	-117.630723	-0.774428
	-56.228335	-36.761319	55.366106	-151.327652	-35.462536	6.443688	-55.353260	-130.379741	-20.836285
	-48.871070	-21.684823	-4.071003	-157.066233	-38.330578	33.194817	-54.634164	-88.508601	-28.388911
	-23.148350	4.097046	27.645226	-89.294650	-42.634909	67.109555	-19.428348	-116.962652	18.140236
	-38.678781	8.737699	-1.120218	-76.243229	-3.293414	-7.922988	-39.258961	-35.086054	-27.849343
	-49.195512	-0.492257	-17.854993	-79.829739	-23.179042	-51.150869	-50.593915	-18.156687	9.793174
	-75.604362	28.591621	-36.374840	-115.689474	7.972128	-85.452540	-84.003136	-65.478755	-22.201923
	-45.074756	-4.256593	-37.998483	-116.680566	-9.499710	-37.123127	-34.671794	-99.585402	-11.330496
	-59.223139	-11.606035	-52.050306	-156.041226	-28.823297	-33.677057	-60.948310	-79.728261	-19.654333
	-22.549098	-21.766675	-15.685700	-188.689457	-51.797820	-64.812479	-61.025376	-97.187271	-42.242776
	-116.759820	32.283789	-24.777398	-171.738462	-21.529906	-104.659647	-63.798328	-90.395937	-96.273787
	-75.267719	14.455055	-39.480102	-120.952472	-12.128028	-62.368154	-30.505084	-67.154932	-47.943650
	-74.965050	3.847303	-45.554862	-78.217613	-11.829518	-31.851521	3.799509	-138.990580	-62.470529
	-48.216166	-29.192550	-36.010224	-154.390904	-14.302786	-21.439587	-13.783032	-161.425897	-57.113369
	-26.937747	25.978658	-28.445861	-86.944528	-41.419230	-19.479647	7.887832	-67.748727	-44.386233
	21.734466	30.610202	-9.984950	17.527973	-29.372989	36.870041	43.051676	-52.209376	-34.716668
	2.557250	31.943210	48.939941	19.683085	-33.729227	-30.673480	-0.140384	34.299120	-43.052714
	-3.350263	84.830096	46.612061	-8.137006	-27.068348	13.513226	37.815243	-48.150580	13.432091
	-7.080761	54.150272	98.035427	-52.526525	-47.905726	-15.723529	27.454084	-106.751043	-61.755921
	37.588818	19.922411	62.847348	189.009076	2.864422	43.675476	39.418346	174.061426	36.985131
	20.023335	39.597824	91.086627	171.378067	-4.625876	46.032120	37.538528	196.189820	20.066921
	-25.008484	75.079553	112.120259	17.592709	-8.029266	39.228466	42.734678	5.988886	18.363473
	-5.630434	29.857261	100.996821	-4.904066	-32.355905	26.442125	2.036237	0.310865	29.358069
	13.257924	22.511341	38.307446	13.021571	-10.232786	65.087383	-11.915763	18.395559	50.224057
	20.131803	25.346664	-28.126855	1.549749	-9.833853	66.129203	17.675951	-47.029750	6.664293
	11.903733	34.871659	-31.814043	19.248786	-8.698032	-21.448181	5.436910	-33.776802	-35.293052
	-14.209102	61.747571	-40.580793	21.867908	63.828796	-42.564113	14.410360	-20.422767	-30.876439
	3.394045	70.958885	-71.820785	134.527709	74.252212	-75.428675	18.480178	159.403797	18.424270
	-2.690608	25.694917	-83.015333	141.610124	-3.978272	-50.610258	-19.033331	166.089669	-38.573835
	15.617115	41.523324	-59.491773	62.391669	32.544173	-54.330163	-11.952812	49.014527	51.725835
	-10.354321	40.816740	-62.573438	62.367038	24.017900	-3.531138	-13.229563	48.037949	47.841571
	31.186499	17.028177	-82.810445	75.029046	-9.406858	0.985131	-14.992461	77.708411	31.030837
	14.912988	34.709486	-125.729896	29.629159	-4.745302	-15.777423	-48.113155	71.828395	-8.888792
	25.809713	51.662332	-125.480038	-7.037840	40.485805	-26.626811	-8.273085	40.400748	14.590012
	1.278600	45.890413	-39.894149	57.032183	59.675431	-25.363060	-42.864083	146.777681	-34.947831
	-22.214424	43.195449	-8.623631	67.691519	43.570023	-76.682338	-24.539812	244.832347	-70.915254
	4.872717	40.127391	0.156437	52.668091	7.737553	-27.187253	10.086721	111.473184	-61.073621
	1.946811	17.186378	50.922127	47.017373	7.027164	-18.939957	25.347608	26.717252	-42.691693
	21.704333	-9.923512	100.275965	65.895992	-47.686429	35.705949	29.789405	4.091674	-27.655184
	54.452589	-30.921041	65.065163	50.822412	-25.880340	46.846077	35.511039	-64.677089	44.102745
	87.779738	-38.657666	48.373751	47.644473	26.597805	88.119333	92.964042	-97.780500	56.728505
	67.745462	-23.497371	-2.024216	58.003711	46.353660	93.085449	81.756424	-102.962414	33.780898
	48.870496	-6.891653	-17.306189	39.019529	72.982936	30.663292	98.628109	-131.066956	28.167647
	44.139045	-18.306824	-52.626615	70.197152	77.976762	-10.612047	96.230553	-122.216737	56.775602
	34.298927	-46.500715	-25.778203	60.936384	74.466220	-3.745509	108.041951	-125.339100	55.298519
	19.344927	-49.502373	-4.981666	-1.952864	111.911383	-39.474385	109.677178	-173.651002	41.310504
	43.560373	-22.847654	18.604521	-1.517399	125.651548	-37.914506	90.725677	-162.822682	52.075348
	37.591108	2.426311	25.054352	-19.346652	139.116628	-39.912346	110.811924	-172.247796	108.161581
	17.123458	19.348425	-9.343298	-37.335028	93.649738	-23.467032	57.396574	-99.787207	33.306780
	27.535534	-30.416533	14.492958	-18.690718	102.461358	20.763751	80.354008	-111.543856	71.953831
	-5.189896	-13.467522	6.269243	-47.993376	74.369177	8.274310	47.034062	-124.908278	45.717735
	5.506078	4.424980	49.264435	4.813010	133.763132	40.308750	42.298232	-121.107669	87.650857
	22.847090	-51.124935	41.340233	-23.821404	87.190520	48.184984	45.611250	-101.308474	111.750343
	28.836298	-44.708964	60.546214	-35.191387	54.716347	67.996910	17.145181	-75.708587	88.742166
	-5.853960	-43.394758	107.654664	-71.949611	31.971162	76.397625	23.879098	-88.123663	76.237654
	19.172292	-47.492304	79.300784	-16.208223	-7.668074	94.835288	17.390239	-64.407162	52.117117
	36.032641	-77.187779	68.171489	7.058222	-8.084937	93.503464	10.915396	-97.725909	71.204290
	66.359978	-74.959171	110.178818	-13.171643	12.115373	115.159611	47.730359	-114.935930	90.236848
	17.539145	-38.137452	57.559505	-17.721386	25.231605	114.817346	62.187252	-94.910436	87.804974
	32.747228	-28.411513	57.468763	11.485494	11.746587	102.985776	70.954318	-122.877255	71.272853
	9.055668	-8.881514	47.704933	-19.395512	40.813287	74.645824	57.311613	-123.631076	81.475852
	-9.804756	1.280381	17.172807	-82.843264	-20.843662	49.860950	-18.956171	-92.699055	22.862773
	-8.290684	6.731183	9.187363	-69.849158	21.781799	26.687730	11.558048	-97.892364	53.453264
	-21.301583	9.108127	5.104151	-129.542216	26.994785	21.845295	-10.954962	-160.844005	16.313040
	9.690047	-30.720661	-5.592402	-41.192178	-15.438855	-2.118604	-19.090527	-40.448044	18.940187
	12.100295	-1.725159	-33.017493	0.344409	33.906115	-16.017028	19.725452	-24.397747	-26.165157
	-20.392413	63.470117	-18.939437	62.426912	57.145911	-46.476598	32.336168	31.337105	-46.825235
	-43.073240	28.646315	-83.650417	29.026320	69.148103	-90.741896	23.501423	39.005263	-66.890055
	-0.111767	36.174039	-77.903618	27.204270	72.215082	-74.443270	58.348213	5.888548	-4.822058
	-35.625228	33.865405	-102.521903	-40.042886	66.710577	-74.232707	-2.489990	-8.647157	2.425828
	-16.106118	-28.484263	-106.178125	1.164232	51.893441	-89.645555	-15.814109	56.087566	43.956821
	-29.125155	-38.933051	-116.385790	-16.558057	67.676230	-68.239612	-19.965060	33.955202	44.091312
	-43.633092	-3.243218	-73.610086	-46.701111	137.798120	-73.826590	3.927931	-70.689253	76.280748
	-52.432441	11.725677	-78.154653	-52.544897	90.122711	-78.331016	5.694481	4.343150	43.866197
	-22.577343	-9.542369	-97.723284	7.895252	67.941187	-47.033624	4.041185	79.546697	1.816641
	-11.948166	-1.484326	-82.006810	40.802520	45.469865	4.033158	-21.945930	70.091467	43.071479
	-6.983283	27.813632	-51.101150	64.204005	73.254552	-7.477657	44.324237	6.009291	58.173857
	-6.290516	42.869511	-31.279329	118.176074	51.790052	40.587755	39.989941	62.223983	59.120019
	10.534812	29.071944	-58.426403	127.951995	30.006018	32.071291	2.088461	148.020367	37.161041
	4.151807	15.556050	-65.416545	61.329817	0.883552	38.519785	-25.066977	37.829053	18.803629
	13.563872	36.054607	-26.818729	-0.384740	20.363870	28.188194	-5.148614	-53.042213	34.206447
	-3.419018	71.894149	16.549014	-35.235691	1.021863	14.019977	-22.266302	29.576930	43.469580
	1.720677	52.168511	-13.127287	-77.358043	2.411723	30.020758	-50.712641	64.118401	-24.754728
	40.642878	76.434675	-1.162317	-35.261172	77.292888	-5.021535	32.313790	10.705921	19.209038
	-21.407720	116.541068	-10.410072	-65.647511	42.427866	-19.900787	6.576869	28.761443	-36.473794
	-26.751587	115.725865	-18.010150	31.677920	3.246733	-42.242806	-42.608901	134.320248	-74.367514
	-42.977729	111.139553	-48.095528	0.564347	34.688073	-85.686813	4.830668	93.276430	-57.022368
	-22.561272	91.610733	-17.587633	24.997663	60.179910	-86.646799	29.742131	53.594748	-22.800584
	-16.857705	47.907962	3.053006	77.327361	15.156898	-65.704420	20.214729	103.438535	29.026451
	5.905366	52.400914	5.582516	85.625208	30.167628	-50.725135	29.051933	42.515985	55.056291
	-10.131174	53.472302	-68.105073	84.857933	76.729461	-44.130650	49.740688	20.902213	60.971746
	4.766730	66.986207	-58.880475	35.122737	47.758500	-8.881956	-2.271899	66.185346	1.211737
	-21.954779	103.335823	-25.911684	26.149557	66.316544	-22.273325	-21.394214	76.714218	-53.624112
	-27.307708	84.815079	-36.426727	-2.340920	38.094331	-58.782541	-32.958311	92.388200	-56.191876
	-2.131125	119.413650	-28.185522	-19.221167	59.165468	-68.728439	-2.679278	3.036759	-9.930972
	-17.880046	117.207059	-20.210855	15.823603	76.473448	-65.087604	51.606834	17.439270	-33.929397
	-25.344650	108.520237	-20.884441	72.498908	22.773574	-39.350088	28.341662	96.764233	-18.383000
	-37.223802	103.261898	-98.253554	76.420915	22.061143	-63.793929	7.109001	126.655846	-75.672519
	-19.776805	106.665361	-125.142798	66.259712	28.207838	-44.007065	48.652134	34.748916	-107.498964
	-67.266694	108.605736	-106.966463	14.319346	28.570355	-113.287035	2.285868	-44.765988	-149.986632
	-56.978909	93.365114	-71.160954	-7.481602	-12.171305	-129.922445	-32.894564	15.815975	-96.334186
	-41.919183	54.943015	-55.340888	-26.162129	-66.810117	-68.000418	-69.683594	55.485708	-109.126342
	12.920168	38.728364	-34.153160	-11.888814	-5.445891	-4.755815	22.696309	-67.945592	-34.089602
	-54.145372	82.237320	3.139866	40.285536	31.510558	-34.016112	26.135256	-6.766817	-72.963708
	-20.659125	77.271680	13.806936	77.902998	12.671248	27.592829	31.662182	22.004347	-11.609976
	-6.617579	72.125794	38.905520	68.880730	-50.058508	47.576556	11.165704	-2.173125	-4.574550
	-18.536772	31.072735	8.743074	-25.244580	-60.767790	22.480077	30.287380	-60.479033	-18.232981
	-25.957149	25.076528	-7.389792	1.451913	-54.392968	18.185521	5.108980	19.422105	-13.617046
	-2.215250	9.036995	42.111160	16.472053	-67.423203	87.207287	-26.682026	44.218360	11.211438
	-39.943242	32.443335	-8.499094	11.723190	-53.701728	34.835417	-35.583966	4.343940	21.614500
	-2.386432	39.682961	27.979003	23.462869	10.173852	53.728551	26.304538	-36.887566	57.583774
	22.691832	21.733168	78.268147	34.018854	66.132877	93.364054	34.835331	4.023759	92.981261
	54.338495	13.846330	66.416910	74.984114	76.629367	93.466706	72.957501	-24.356927	112.721900
	68.896424	29.910393	72.888182	-26.027368	144.898491	62.694841	113.473167	-140.813632	126.367077
	88.831420	-25.414075	-4.055500	-66.206258	165.786660	15.323862	86.123627	-166.458402	84.790815
	94.333031	-76.530368	32.627477	-17.620563	84.830530	20.929967	40.433610	-52.869396	56.333768
	40.557194	-20.314718	22.683225	14.214419	-9.236058	-40.419525	-32.436217	60.315755	-56.986875
	15.365322	16.562510	3.429601	25.058756	58.795964	-108.574096	-11.472251	40.611470	-41.426575
	-16.266563	-11.009478	33.395520	20.141582	-12.071702	-50.837759	-12.028686	60.182794	-51.294363
	-11.861111	-56.874795	22.644893	62.057202	-112.740566	-33.383260	-63.038207	128.111749	-93.206853
	-38.068360	-71.671677	35.688502	33.716021	-83.142084	5.175832	-76.673869	132.233866	-26.420844
	8.944471	-26.150323	63.640975	31.960419	15.451521	23.395347	12.470933	60.498512	7.959394
	-16.212349	4.829442	51.246524	-6.638940	54.490232	27.345888	8.012481	8.541835	18.363391
	15.957050	-42.125625	-44.998618	-4.683241	-14.469004	22.944859	-37.831819	60.299268	22.079113
	-70.028535	-35.665118	-103.190227	-47.240804	-43.625846	-56.592705	-93.079258	61.061607	-88.514699
	-62.441542	-14.470626	-131.709574	-25.285035	44.407501	-86.546012	-49.587866	10.178151	-86.595544
	-78.796680	25.408897	-131.195067	-16.637650	36.857006	-116.366074	-57.896612	46.214456	-118.342999
	-78.285467	16.039646	-155.334848	33.740290	-67.417164	-121.405057	-91.022801	102.430819	-145.976617
	-114.410759	-15.453406	-96.710200	11.284336	-131.104940	-69.816506	-154.130709	140.121587	-175.056425
	-46.531735	-10.515395	-96.866326	-17.899003	-100.627048	-15.738165	-66.724905	46.602056	-104.987356
	-27.026228	-11.289498	-40.175648	-14.964665	-37.024182	-10.363099	-47.941343	24.578994	-36.553112
	-6.996316	9.524817	4.261007	-27.974804	-39.306189	-0.234553	-49.197677	37.816227	-36.048125
	-36.582761	-4.992768	-6.195908	-37.418652	-56.587225	-36.789731	-71.962758	44.784665	-1.969780
	-37.775753	6.337782	-20.413531	-55.381152	-50.891778	-11.966522	-40.056888	22.011297	13.853062
	-41.685303	30.333516	-23.338543	-45.085149	5.273944	-19.031405	3.649870	-22.305547	1.843747
	-50.073547	1.448340	6.137388	-39.544111	-40.600715	-14.276834	-59.005732	42.357419	-6.723541
	-67.298580	4.618829	3.212029	-37.242288	-52.458528	-16.044251	-68.782413	8.851947	-39.982099
	19.678778	41.000766	43.153299	-11.083061	51.636047	12.706475	44.667387	-23.470076	32.228209
	-23.539589	45.797534	74.778456	-9.557912	59.404503	-3.226434	44.814088	-11.580602	28.344228
	-14.480811	28.627804	48.580673	14.617829	10.397165	12.863019	19.055159	2.413942	78.623214
	19.263223	24.026030	67.643173	42.875769	-5.566061	28.922379	22.129595	-1.889478	59.384902
	44.159435	5.974384	56.090244	78.573778	27.410148	26.480745	105.770546	-0.181580	77.690822
	44.792354	10.811482	46.729706	53.597428	36.038792	33.515675	86.571983	-37.500150	68.056404
	47.146691	-4.710342	35.713296	41.040602	-30.588727	13.959327	44.254560	6.117475	61.070174
	23.563392	3.790352	-13.447698	70.617466	-28.728675	1.816746	52.873142	14.333386	44.234248
	64.901179	13.524422	-41.596055	93.728808	60.203412	11.939754	90.877614	-3.793897	76.745381
	82.096594	-43.645533	-17.272601	86.925355	91.695415	23.637280	76.301652	-15.634377	77.661013
	86.064767	-89.745592	11.982580	75.113885	62.439340	16.062298	25.059869	58.628698	69.768997
	73.981479	-75.040862	-18.993154	29.767687	-10.753680	45.286115	31.888976	-30.758617	58.758286
	53.640256	-75.666320	-39.295410	-16.583157	30.358137	56.247677	43.110391	-119.872544	57.854551
	69.357484	-116.518124	28.416931	-56.891917	-48.644546	91.402638	-20.989041	-75.790569	45.860043
	21.830662	-115.010676	-3.616350	-108.431219	-47.176254	67.743614	-58.530740	-43.862512	2.089098
	33.081755	-111.845433	36.069596	-108.174416	-31.220299	95.188751	-4.175644	-117.935697	42.601558
	18.955944	-110.998840	59.969820	-106.873280	-47.931016	86.814776	-54.980538	-77.696682	-5.481298
	19.693980	-89.712992	114.797399	-100.668323	-24.790368	77.071657	-33.421651	-42.974108	5.099355
	1.230300	-97.267439	69.978016	-174.826206	-50.583690	63.817403	-81.091941	-82.755061	-9.691976
	29.067689	-68.500751	102.115076	-122.769125	59.949909	109.550330	-1.378367	-179.186529	46.743674
	6.155505	-77.177535	132.282193	-138.301074	1.592546	96.226308	-39.993916	-136.579385	32.885661
	-12.366544	-57.344913	80.329765	-111.341174	24.508703	54.875239	-54.433008	-48.338326	3.473501
	-4.900062	-47.926192	73.385545	-140.788781	-0.870807	10.636219	-61.331871	-39.984535	-27.007551
	25.755291	-24.195853	106.769639	-126.208723	26.347527	38.446464	-7.849783	-116.145910	33.742419
	22.144897	-35.090974	149.551406	-114.072403	24.976477	45.044950	5.716914	-38.951743	70.164056
	34.218363	-32.549151	156.443288	-65.755253	-20.259664	25.827536	2.960939	-14.236087	80.116617
	29.904873	-21.839173	147.064923	-87.884832	-34.416170	45.826397	-19.342226	-78.301745	71.031026
	41.842581	-11.385870	162.268108	-48.536084	-91.330653	8.781390	-19.218828	-49.853494	52.304531
	13.461476	21.570567	142.498318	13.791321	-99.151795	-8.244113	-10.565602	15.166581	-20.203218
	13.004831	31.333166	148.264657	45.610046	-62.620447	-6.412586	-2.525386	28.054704	26.343842
	60.695493	46.365670	129.995558	39.317090	-4.758684	35.818007	48.407658	-79.222361	39.410840
	60.568958	-39.989890	139.385318	-35.555581	-34.293970	72.297255	29.122905	-114.893500	49.586753
	74.608923	-40.369119	56.478941	-69.143771	77.626621	38.582848	48.252474	-159.801112	93.111793
	65.920534	11.438938	-8.834467	115.800982	52.798177	-34.514810	61.269331	107.847087	7.818599
	84.306490	-15.370392	-60.012058	137.552917	58.375671	-26.721659	93.093974	79.940945	-6.206247
	114.693435	-38.350189	-40.498536	74.637484	44.538831	2.745974	82.128025	27.570412	9.483278
	86.875595	-80.502623	-34.727238	61.867477	44.066404	23.687166	78.938771	-8.953343	46.959117
	71.730905	-46.974977	31.965189	44.351545	58.038038	15.624621	78.623848	-14.009665	30.751709
	55.783378	5.969110	11.706954	57.635976	69.995519	-28.598480	109.534810	-33.308964	-17.320202
	48.303030	14.850223	-27.727519	23.012607	78.128253	-26.169066	80.761479	-13.392791	-11.240622
	23.912471	-22.417816	-64.073496	6.980295	32.458545	-12.587427	29.073137	-16.062360	-7.789499
	29.204772	-23.116658	-66.665760	-5.369208	3.121863	11.579935	34.774196	3.607376	-42.268338
	-24.550969	-1.783878	-29.003869	-20.134036	-11.654350	1.759173	22.893334	26.843885	-74.946344
	6.368546	-10.493057	-37.445936	9.258439	-42.445854	-18.186059	12.569327	33.349164	-75.479359
	27.233945	-49.304958	-68.851640	38.891822	-76.225536	-14.398800	6.563007	29.404989	-97.438625
	16.273674	-62.761182	-68.832881	12.031995	-42.828681	2.036844	7.520793	22.145732	-37.285413
	-24.184954	-72.304015	-57.325003	-7.961037	-74.688738	5.516307	-35.642372	46.976593	-27.854738
	9.997150	-68.249114	-63.689602	24.860177	-65.123487	9.230597	-37.898462	79.291113	-59.048357
	12.302612	-34.674436	-40.217385	5.360816	-1.571059	20.296687	31.321347	10.440219	-28.536932
	-17.712243	-62.316306	-22.256124	-78.842725	-75.844990	20.172507	-71.376559	-4.054582	-46.515010
	-25.265374	-69.794393	-19.852188	-28.194583	-62.162258	11.751381	-62.974549	29.427042	-21.840871
	-10.627036	-20.439989	41.951990	16.948368	34.255922	30.520763	2.436670	14.662020	67.109679
	-15.240122	-8.197151	28.076479	-1.289759	24.638482	24.519264	23.486428	-4.196878	54.621245
	-42.529204	-2.644786	-12.542345	-52.195024	12.117709	6.625077	-38.126777	3.336872	26.275393
	-22.663217	22.754839	14.307005	-23.091651	19.488596	-1.595653	-33.077915	7.770781	40.968905
	-21.291591	30.967671	-13.438484	-1.358174	14.525944	-3.599609	-14.152804	7.958162	17.995490
	-41.718302	40.834433	-25.982602	3.067354	-6.725049	-13.294718	-65.664532	29.950996	-12.639196
	-49.552315	34.355978	-39.938192	30.853402	-2.806189	-27.782266	-52.741476	46.061872	-16.664329
	10.362720	50.338747	-67.044770	25.692601	40.833036	-0.247614	1.090638	26.742430	58.417357
	-42.065727	66.950721	-113.287804	20.690603	42.157447	-23.848417	8.309836	-41.632310	-4.154775
	-78.541203	40.615269	-81.349510	6.041589	4.066004	-77.673172	-35.401385	63.554234	-88.498335
	-69.921547	77.047463	-42.446988	-26.372470	42.332946	-107.894714	-6.234913	4.497877	-50.764489
	-46.662750	73.575481	-1.436295	19.436695	63.984543	-68.956099	14.222854	11.589061	-36.402795
	-65.644913	62.077692	-19.462308	-2.980813	34.190912	-83.440366	-11.906202	53.154189	-59.948929
	-62.511802	85.304502	-14.022956	-33.735552	46.634295	-62.508707	-5.841929	24.337744	-98.411222
	-57.052724	98.962751	6.310292	-1.433991	34.767472	-69.832170	-10.792911	30.169910	-66.416696
	-57.098134	95.035463	65.693532	-36.912366	61.711561	-28.970628	-0.410475	-18.504077	-28.548687
	-58.120132	89.038472	72.717763	-7.822566	35.576441	-19.383383	-8.275554	30.571775	-64.277285
	-63.386249	120.063212	63.754995	-11.092021	43.631906	8.646740	-12.850309	43.652370	-27.982970
	-37.564611	84.582758	16.961997	4.926807	-18.990785	-11.981208	-19.519775	49.263785	-57.214717
	-48.231603	79.489051	3.363627	11.293180	-56.670193	15.400518	-46.952190	62.519232	-60.801081
	-16.956547	46.175817	-59.848858	47.102860	-4.595636	-21.400607	-16.323666	87.755940	-96.941640
	-5.431815	0.376777	-49.436828	32.999521	58.740286	-15.971350	-7.088223	50.202189	-27.850023
	-9.218071	-70.342754	-7.996804	83.741644	-42.480337	26.795473	-25.297809	111.297016	-18.162126
	-18.844448	-9.039108	4.139321	56.809831	15.473229	-23.651158	3.958132	131.417079	-22.605264
	-21.457120	-20.368047	5.100214	20.863544	11.365323	-16.470108	-28.068941	121.002068	-24.870453
	32.691340	-31.374951	-4.676833	39.373210	-34.644042	18.873568	1.865580	69.790878	-29.064929
	-21.137414	-59.311647	-45.418198	-46.114496	-58.741440	-10.107743	-74.541288	67.359252	-95.585634
	13.966564	-58.042739	-19.485202	-19.244520	21.403991	-14.730493	-6.176105	40.140320	13.016680
	-21.813981	-47.155583	-5.459518	-42.027757	13.331487	-6.112302	-49.149153	-8.418795	-14.337571
	-25.874611	-32.729400	10.746063	-82.664253	10.865101	-13.990441	-20.014266	-19.563407	-53.339359
	-42.019748	-42.221159	28.472232	-55.249527	74.252443	-6.027336	27.611651	-105.312661	-27.937015
	-1.567546	-36.232996	-23.072725	-68.453952	76.548811	9.669423	18.790589	-120.695452	-34.658511
	3.763268	-58.042390	-12.514902	-75.575172	-58.104114	-26.372937	-23.393981	-67.165073	-61.184319
	3.388267	-50.637472	-13.915619	-44.415665	-42.836241	10.604229	-29.521748	-9.406546	-31.590052
	33.458818	-5.099603	23.759740	17.463937	78.953243	-31.775407	88.822633	19.279086	37.186042
	31.103108	-7.955431	71.835641	20.682454	41.586616	44.650256	66.178283	9.475631	1.394056
	-14.064994	-14.850190	5.865636	-55.291967	-55.731145	8.179706	-8.616993	-48.712419	-37.463251
	33.298260	-12.014373	-28.015452	27.118240	8.134440	67.918896	44.681431	-47.336608	39.840592
	30.786126	8.827884	11.369878	27.083053	69.699540	57.574603	92.607681	-74.864979	84.457545
	58.488272	-1.402904	39.153292	37.094245	2.794776	72.933911	48.196981	-50.988856	89.210674
	11.834911	9.156884	47.803733	-0.951461	-18.020331	72.486384	10.919147	-24.282098	88.605656
	63.692414	39.077312	-5.810301	108.719584	16.465739	85.184932	83.000425	-31.201715	107.668079
	87.961573	39.549488	-5.143581	87.065690	-6.322319	101.638134	81.400709	-38.410349	42.330354
	37.653297	39.476036	64.276641	66.796714	-36.638202	83.468569	40.015058	-28.998552	37.084958
	49.414035	26.688504	48.381625	46.108080	-60.223855	98.962949	46.549845	-38.041460	21.057002
	26.594208	26.056192	64.513508	32.197690	-37.588233	41.024295	38.276344	-62.682444	-26.399743
	38.357408	27.345060	90.721747	48.490211	-86.309140	80.758224	19.423051	-10.545050	-7.741164
	54.504944	54.760153	122.593996	50.701038	-78.353903	79.643122	53.778955	-40.263171	6.663949
	86.690350	73.641486	139.806515	21.156635	-49.378084	97.695252	38.197977	-62.149519	11.542440
	64.627038	33.564652	173.875159	16.233937	-45.990693	95.194642	46.249993	-78.692393	61.366803
	101.611377	-9.531486	109.245083	3.380174	-11.196351	90.355180	40.208222	-40.296250	98.372726
	59.980831	8.855729	33.761156	-41.660030	38.239666	-13.163187	35.390569	-59.386764	53.438641
	41.206247	-7.857847	-27.020459	-57.895972	55.874268	-84.451711	10.421053	-81.100601	-1.955605
	54.871477	-32.873776	-0.495751	10.127663	-18.842546	-19.106035	-25.427016	30.641923	-5.959766
	-15.982961	-50.121551	-9.381137	2.033958	-102.027571	-40.839414	-57.443300	79.614318	-85.033313
	22.490027	-24.421851	-70.007944	98.928859	-3.040661	-59.434881	2.024506	80.642164	-3.813785
	0.347299	15.359422	-53.678012	80.585384	77.782017	-59.448084	24.349835	54.513500	1.246464
	-11.471493	9.253591	-26.403109	70.684360	-61.013362	-27.278270	-59.425398	94.093392	-10.744071
	-35.467358	17.938382	-99.131281	14.638724	-94.432714	7.477633	-70.690036	89.400582	-12.035248
	-32.545117	63.408595	-97.755629	4.798075	-3.077083	-19.350857	-40.427241	38.176777	-43.817762
	-40.842991	71.911663	-27.901886	-21.130543	-39.805632	-22.978875	-49.959847	74.803019	-75.432381
	-88.590768	50.486725	-84.185715	-37.539145	-41.662582	-115.524733	-114.610661	77.001907	-135.030894
	-76.857021	55.530974	-45.368003	-35.071975	-37.618252	-91.039141	-26.898424	38.452267	-59.361085
	-56.429367	54.552418	-10.213323	-5.786809	9.645720	-58.891127	-19.615369	45.885022	-17.322365
	-33.670440	33.118191	-29.920999	-23.309352	-60.601808	-18.869818	-71.610894	55.482322	-8.402912
	-17.073957	29.070669	-31.766519	-70.950034	-76.370533	16.496468	-68.403992	6.542875	-14.498487
	-20.780884	54.119530	14.130807	-70.649819	-9.666596	45.832547	-19.550460	-59.608117	34.707556
	-44.259582	54.585698	13.603406	-84.302087	6.109201	63.012681	-50.802069	19.181229	24.351250
	-19.972340	44.849924	5.478894	-81.139284	-13.512493	50.813930	-37.386223	37.663253	22.335532
	-36.115813	39.479940	11.850839	-134.134508	32.334172	-26.800879	-26.476114	-88.388343	70.399116
	4.541081	25.667467	-48.442741	-99.097600	22.949884	-64.168159	-6.335260	-80.545290	28.947356
	13.115914	1.087519	-74.946100	-57.658041	-57.671975	-73.314045	-37.671404	-57.631010	-57.093161
	-54.431253	20.123437	-101.110772	-72.353506	-27.821817	-116.248050	-52.076628	-72.643222	-94.265238
	-31.956916	23.851154	-116.041761	-44.926791	-46.694820	-131.388311	-68.745631	-33.775834	-119.332275
	-60.641598	-14.112058	-41.794381	-32.386548	-137.139698	-127.528435	-127.341360	37.326861	-151.696238
	-58.644168	-13.073421	-98.056293	-40.828155	-34.253581	-91.840483	-80.536932	31.143101	-126.815180
	-55.472787	2.712315	-37.002539	-24.423246	19.795044	-93.174319	-32.275152	23.126822	-94.563551
	-27.481911	-19.682867	-23.363599	26.128538	-71.031713	-39.577527	-33.212485	13.969071	-104.124194
	-94.584612	-31.520124	38.590305	-17.801849	-60.571484	-14.768471	-78.902701	45.641858	-74.386377
	-27.470220	-45.944014	-0.577485	12.547985	-79.462700	15.718279	-29.959141	-12.992094	-67.142311
	6.011200	17.280687	48.365926	56.597197	51.362677	58.530551	84.777603	-14.573716	48.273142
	2.838464	18.745204	51.414438	79.277885	21.998407	73.511594	66.357698	8.792141	19.657531
	-35.754254	14.295761	38.564203	44.935124	14.786390	24.096329	22.667900	8.126790	2.213261
	-61.423616	15.968869	28.379822	31.679992	29.245223	-22.521922	21.049250	-35.046780	-53.845312
	-88.043208	53.980996	-15.840881	3.719291	84.754401	-83.149118	42.641646	-37.844189	-67.388875
	-36.697459	17.725752	-45.021991	-1.282591	-23.709692	-60.306776	-7.687468	-7.808335	-56.508072
	-51.189028	-7.504078	-79.067243	-7.320033	-56.531418	-57.239614	-60.609394	-0.591150	-62.736033
	-31.675694	-5.130877	-13.848693	34.069894	34.698903	-34.424021	36.023704	-60.994692	53.964057
	-43.205833	6.510590	-0.669878	-13.370371	42.583179	-4.984334	15.273977	-17.704359	56.451062
	-15.421446	-14.915506	19.516479	0.559523	-0.336447	-14.107355	-12.084610	41.258312	45.548986
	16.254077	-53.687653	-44.778050	29.502320	-29.812746	28.395783	-11.148423	51.272211	30.122204
	35.894993	-57.794810	1.954610	65.421920	50.874639	95.688954	97.103315	-67.245508	156.068339
	29.478608	-91.103875	56.207169	83.533530	23.234614	126.905397	33.442292	0.616019	137.600768
	20.469137	-57.508711	14.186232	34.017330	-31.492527	108.398579	24.220282	-33.444828	127.271478
	45.564665	-46.245471	39.675275	29.986246	56.858571	121.777601	61.347855	-38.403407	166.472918
	55.450245	-70.711570	33.017308	1.530365	20.559882	90.899557	25.545099	-35.853711	149.750408
	37.149923	-25.391477	81.287254	-3.532705	2.062530	11.214346	-10.858852	7.872164	80.473137
	36.824719	5.069069	55.007317	-7.039078	-15.020647	6.298198	-17.973917	14.201614	10.019247
	43.774563	8.558640	150.420526	6.184662	62.006985	25.658343	34.436212	13.758526	75.039393
	3.128467	27.495603	124.469772	-48.923250	84.107554	21.963158	-0.516599	-4.974410	20.909694
	0.615971	2.569072	44.855805	5.326276	-7.473245	-7.504780	-61.203894	30.285027	-15.058253
	-43.593492	12.077512	-34.456455	-14.304874	-33.085178	-50.068519	-88.718483	49.110247	-109.937619
	7.099956	36.865707	-46.463447	55.154386	-19.009193	-34.059597	10.474536	4.824676	-81.327734
	-4.608333	9.713275	-51.470187	60.245673	-92.660272	-45.332519	-18.004318	62.650410	-73.382172
	5.512177	23.510068	-43.185293	51.871950	-55.845538	-21.110388	-22.165938	97.775434	-50.342496
	-2.752049	61.699089	-54.809106	68.132511	47.487664	-10.594703	34.782447	50.013522	17.134023
	-20.635669	33.470188	-58.440281	110.655345	14.395205	24.285861	38.601153	40.377931	-29.511865
	12.254642	4.711725	-55.741173	87.264807	-35.807657	8.859413	-5.949143	102.573379	-107.729145
	10.355885	11.410389	-74.447781	82.568243	-37.042768	6.670243	-11.780580	108.077059	-120.059933
	29.629328	22.755830	-69.282533	108.973991	-2.053148	46.823525	24.199671	77.219042	-63.079363
	50.507786	64.214493	-13.726205	110.440609	77.263597	65.406054	66.727331	48.492908	9.177699
	76.084901	35.164728	3.467663	129.556191	11.893705	125.312204	99.227052	33.906380	65.865089
	74.359512	-16.902161	53.069678	50.199782	-32.084265	116.181124	63.727055	-43.004590	81.954688
	70.031818	-47.274259	29.280521	-34.937877	27.387514	82.244916	41.113030	-90.801721	97.386820
	95.067015	-90.054045	16.461692	-17.390559	45.907753	53.241013	86.917002	-80.001163	85.872193
	74.972839	-104.691164	-44.917990	11.929795	-3.445903	-3.456694	49.710124	-52.703434	31.091742
	64.087663	-83.815710	-102.506791	-9.178992	-27.997434	2.700247	-25.319656	-31.520176	-38.895972
	53.504781	-36.484251	-82.992261	38.101612	8.705632	-35.955097	44.723780	-25.628721	-0.264363
	38.244462	-52.873308	-62.797895	41.914944	-13.807146	-37.089130	0.800636	53.049883	-14.739427
	0.882284	-90.780561	-56.242822	-26.605781	-82.975541	-33.192840	-78.813482	38.857892	-40.646552
	-23.119906	-64.307468	-75.027469	5.689213	-64.303250	-15.054749	-65.556282	61.280613	-49.989715
	-9.498185	-79.751637	-33.306880	-33.976371	-40.129660	5.298753	-34.017132	55.161977	-30.471386
	-15.440137	-99.405095	25.526004	8.694070	-47.824005	-1.055692	-39.706448	146.336538	8.142126
	-14.793666	-94.491652	-20.212197	24.275700	-82.192622	17.152269	-67.827375	110.612813	-0.403461
	13.569650	-49.391489	44.698610	39.078122	-14.106631	66.852787	11.744196	69.902590	66.580653
	5.364643	-48.181804	49.751122	28.930330	-31.865257	57.156959	9.637683	59.044308	105.013423
	-15.252023	-51.975642	17.493128	-15.871880	-57.531573	-20.202179	-15.153155	38.148882	24.629718
	-40.756302	-58.582680	-76.261652	-33.605273	-52.041455	-82.963901	-80.622197	24.326649	-28.843782
	-35.204880	-14.075518	-87.085505	-7.562331	24.779321	-124.130288	-45.687451	14.167479	-13.827693
	-58.866428	-31.457960	-60.646692	26.695959	-62.533192	-132.685804	-57.990970	63.553629	-60.217118
	-34.846967	-18.234489	-58.890361	50.943310	-76.054398	-105.533662	-41.925199	121.136717	-74.995753
	-46.216214	12.327925	-59.391790	69.577215	-12.539306	-62.631593	-16.921546	101.950935	-10.529175
	-25.857341	2.867065	-28.485138	52.209140	-6.265115	-16.110707	-10.847689	81.520458	-5.842895
