	39.446643	-43.202264	36.413343	-10.996970	5.154019	-5.482632	43.527499	-58.767443	38.662653
	18.888659	-60.438723	20.623383	-15.296155	8.928442	10.193432	22.574634	-46.653590	13.951086
	34.660754	-80.560759	-6.758919	-46.312307	-21.459677	9.710134	-2.698027	-61.722419	19.238872
	30.368263	-97.970953	-7.619372	-50.923454	1.683495	-4.025302	22.013580	-25.902759	14.469637
	40.908695	-90.295924	-31.238600	-27.050140	-15.850704	-7.113205	27.483027	-26.197090	11.694757
	5.747918	-94.546640	-25.061671	-50.434584	-34.854123	-27.333542	-2.406906	0.631852	-21.321397
	-11.678242	-95.475039	1.615888	-41.548328	-12.285454	-7.128593	18.371631	-12.582830	28.185245
	28.601206	-91.135395	21.795094	-46.937480	-1.631417	-2.946052	10.174168	-33.022644	17.569179
	-9.709214	-59.514689	-34.073946	-14.998643	21.557077	-16.735544	51.097941	-29.837719	-0.001016
	-17.046500	-54.931700	-82.591587	-12.693317	-10.539587	9.389167	-13.923057	-12.312667	-49.813834
	-13.508433	-41.812592	-45.927119	-39.605545	-27.777902	-10.739105	-5.482350	-8.596506	-42.664319
	-6.644906	1.799516	-27.197892	15.427370	-58.269715	-33.291454	9.823562	-13.683025	-1.392282
	-9.303416	28.369463	-28.809935	14.574284	-39.470977	-21.964464	-21.220693	0.643074	-10.710602
	-21.769748	32.221295	1.248652	-1.420882	-27.097625	7.006987	-27.735786	29.907686	16.007679
	-18.468785	39.935687	33.979572	-13.889885	-30.795058	12.781007	-2.489532	1.460948	25.132053
	8.088735	56.348587	92.562994	23.135440	-7.614765	5.880139	11.452278	-15.789779	53.237921
	13.269987	51.410759	64.866023	34.321486	-13.702013	34.163806	22.440218	12.125322	34.656630
	19.329648	8.682503	58.331537	-39.721437	-26.962747	50.001253	11.079047	-8.823086	24.977060
	38.711384	-19.013448	110.327765	-48.113792	-30.612068	66.632981	-8.796741	-14.609490	13.224597
	42.173931	-49.578412	43.987309	-22.827716	-6.417893	43.779063	20.522238	-9.405994	29.788741
	10.225827	-34.651972	27.194322	-11.176583	15.540710	53.228140	27.300555	-25.791418	12.769517
	-39.607772	-49.446438	25.470364	-23.131902	-1.742123	33.735393	-2.613111	0.057204	31.968086
	10.391792	-16.267791	2.509401	-45.730310	-8.034832	28.353484	-7.548180	-7.518245	40.187618
	-2.836679	0.914313	-27.735153	5.213117	14.823693	-5.843851	-1.038248	2.339478	12.244062
	-34.368440	40.764882	-28.514771	4.156920	28.178983	-2.527562	-26.641816	31.134306	-18.326331
	-7.670975	45.415215	-61.615496	-13.669813	4.880078	17.121715	-69.433617	46.269176	-25.591150
	-9.153675	37.605706	-6.650699	-38.386613	45.282461	34.872744	-61.872338	-13.633075	-69.350453
	-42.950293	28.479080	-17.678114	-48.548488	3.370373	33.885209	-104.980860	2.822922	-65.122464
	-43.526407	28.668947	41.086327	-28.444938	-0.858966	29.056270	-60.790763	25.788485	-53.944514
	-37.931611	39.119354	-5.405915	-35.655812	-17.465627	35.400748	-46.486015	-4.704460	-65.807048
	-18.016615	43.339607	4.172478	-44.399383	-49.083057	22.580913	-77.652993	28.871674	-27.668775
	-18.416182	34.939349	64.882549	-69.809033	-43.277876	30.319655	-68.357524	-5.623034	10.522196
	-43.745634	61.350023	45.815529	-37.013517	-66.194810	29.046938	-66.506089	0.077148	30.788062
	-48.402997	81.670161	37.359427	-16.221006	-36.621730	3.574022	-46.141784	-7.343769	26.943427
	-48.651152	59.395847	-25.655862	-22.678823	-37.520144	18.870915	-71.452158	29.742009	-52.748325
	-52.630034	62.484265	-33.657509	-60.724765	-19.343657	-9.323211	-63.603648	-1.104517	-15.914228
	-41.726438	70.207719	-6.832481	25.894698	-19.961520	-30.041267	-14.493949	25.338208	-39.929445
	-10.180165	80.545035	-33.016608	48.753542	21.794248	-17.629308	-14.158225	34.817532	-17.708866
	6.839513	57.961728	-33.871586	50.326562	29.180172	-34.216657	-13.454303	12.362442	-20.698032
	-0.406214	41.432942	-12.401089	25.107670	-2.943949	-15.476072	-26.365650	-3.171003	-29.637451
	-6.758828	43.921057	11.997774	39.647188	21.034195	-35.995506	36.496143	-15.472597	17.770231
	-5.772472	63.205917	-1.523138	23.986478	12.043898	-43.482694	-12.540901	-17.680266	23.326373
	-5.079420	42.865367	-13.800869	-41.354910	19.598292	-29.033617	-57.829775	-0.409123	-11.405748
	-39.655078	35.307443	-8.201494	-55.773217	-18.476514	-37.962600	-55.028676	17.285812	-34.915587
	-9.960861	37.499046	-34.820245	-50.238834	-55.224402	-15.335786	-50.810565	29.731459	-48.940048
	-27.423389	52.235549	-25.680746	-12.345944	-67.570905	-17.712661	-68.174661	11.427638	-67.053077
	-46.532799	27.494448	-45.377182	-13.159346	-80.962829	-21.939425	-53.176718	29.658783	-89.272801
	-27.157752	27.014637	-12.794309	5.885197	-102.431990	1.674038	-69.265051	45.983814	-76.264916
	-56.223811	30.812943	-21.073036	32.559275	-69.602778	-24.025786	-27.789690	35.573556	-40.698006
	-18.406964	60.321548	-22.102935	41.139289	-22.819744	-43.852730	-8.275598	37.440391	-19.839280
	3.062327	46.119506	-48.927308	1.967386	-5.808106	-45.297442	1.694238	28.841839	-44.477296
	-13.147252	30.859699	-47.688517	-8.550738	-2.145921	-18.079724	-8.426228	-9.928092	-25.750381
	31.168508	-13.527540	-46.628074	-43.021801	10.716429	-1.435450	4.958600	-0.255831	-12.971104
	34.528191	-48.428717	6.417813	-13.976333	31.472830	21.774397	38.735894	-28.620132	57.114138
	38.149249	-78.360669	27.593765	-52.723468	2.814363	28.642293	9.290215	-31.231315	-8.854340
	50.979265	-65.796224	69.235205	-23.217626	11.251872	21.867835	40.578908	-15.739744	37.427170
	45.492385	-33.403563	12.736173	10.319902	37.356824	-0.632924	67.333614	-4.399913	31.636574
	-0.120083	-17.371623	15.132534	20.754123	65.588616	-35.903663	67.230793	16.298695	32.045138
	-12.758203	-18.982139	-12.666169	54.549223	30.344590	-10.344359	51.078986	7.166848	6.767178
	-8.821813	-20.134931	-37.672964	0.950599	43.730195	6.456675	23.850626	1.867825	-26.945455
	-35.440573	-17.020588	-42.075970	26.474902	-18.673983	1.236799	9.891558	25.497590	-18.108813
	6.728521	1.366935	-37.874343	71.993690	-21.341097	-6.903194	2.255087	36.505773	-30.130581
	-13.009615	-12.421031	-4.492357	44.277669	-48.614908	-5.248199	-8.884283	19.631059	-1.617011
	6.244541	-12.963847	26.703757	3.108181	-37.096255	-3.149825	17.566344	29.092468	3.949928
	46.997814	-32.249141	19.053948	17.594989	-2.960197	-13.838741	20.199780	15.493328	64.583075
	27.966678	-26.061497	17.877939	-16.337054	17.808079	13.079391	2.957770	-33.523114	62.133198
	10.171585	-44.914597	16.881295	-37.327235	19.093065	16.402724	-34.466163	-15.011171	3.300096
	43.471986	-36.075077	21.585934	-68.918844	38.332469	-7.184219	-30.829074	-18.228936	46.185428
	11.706560	-22.561234	2.558853	-8.509228	46.834652	-11.228507	4.748788	-23.196502	19.480494
	38.744058	10.983210	44.775664	29.000085	38.578971	-0.579500	45.242186	-19.200284	22.441935
	49.759450	8.088414	66.216384	-0.165576	49.443095	25.377829	43.457687	-8.718197	36.660727
	74.333414	-17.548527	106.064341	20.120355	0.045515	33.863484	63.386756	-27.579998	38.817512
	53.966877	-51.767789	100.987758	31.996130	8.485315	41.337160	74.563417	-55.168423	81.344005
	18.821375	-81.037797	48.841529	-27.902598	-31.914867	44.935928	41.379272	-46.881375	42.233558
	-3.232880	-110.023771	22.137461	-45.354367	-6.364733	32.718354	30.221439	-63.363690	32.706960
	3.993951	-93.365872	5.568798	-48.796976	19.887260	-3.660486	15.679871	-54.945573	15.080236
	4.941551	-68.865066	-5.873968	-32.996759	30.252385	-15.730768	18.694918	-47.027774	35.904723
	-26.263352	-42.758567	-29.439520	-31.711436	14.503395	-8.916782	-15.242639	-15.215290	-19.596959
	-8.679703	-33.790775	-15.405419	-31.129405	17.310412	5.337867	-1.148758	-3.678639	-27.660870
	2.949231	-36.860192	-7.225477	11.033206	12.842979	-8.465200	3.925149	-5.758758	25.648073
	33.916006	-23.563298	2.715490	54.594995	15.794088	16.193501	56.832635	24.029968	12.519088
	39.157519	-6.109925	16.377920	60.503818	10.417338	5.152858	36.117947	31.921589	-11.397376
	28.029833	-11.626966	-3.084519	52.086215	-38.784177	20.539482	7.694176	-5.951866	-35.453821
	23.572601	-15.586906	3.396459	25.171616	-41.470762	39.210902	15.303608	14.637470	-14.603485
	44.796009	-28.467801	3.988946	46.165504	-6.780821	26.325044	43.148362	15.484632	-2.130777
	19.089987	-4.407561	-27.522052	8.825672	20.895044	3.767771	50.937063	-14.382020	-11.777728
	30.342738	13.586505	-21.873991	-28.900495	37.792150	5.927828	-9.291068	4.899661	-19.181129
	1.611962	14.428512	-17.542568	-28.929409	49.982045	-21.846779	-16.895126	-12.955685	-6.237377
	-14.934411	25.945294	-14.990540	-32.927715	56.182635	-13.688164	-29.487990	-2.606026	-1.472914
	-17.890489	37.035147	-35.795378	-25.057478	37.643539	-40.288200	-28.484018	18.841637	-25.664273
	-70.319362	43.678488	-44.604440	-24.859522	3.823378	-10.854387	-62.275479	11.060106	-50.507169
	-17.671736	47.212223	3.583927	-9.720333	11.073671	1.637024	-36.812028	-0.326474	-22.205078
	3.249671	47.919434	11.087180	13.406682	-2.297310	12.630616	1.685393	7.802802	16.857567
	-23.284762	43.554400	16.640315	20.451552	-23.808781	5.945321	-19.741723	17.899955	-10.338818
	3.936046	30.095873	40.166750	-2.904224	-25.039759	-2.042641	-11.659361	3.618406	-12.618524
	-19.150966	9.916691	50.692791	20.558814	11.274966	-4.996911	7.370448	22.317454	26.336348
	8.786300	-9.763919	50.918943	21.150413	8.919174	-2.025811	40.624870	0.709779	29.694683
	-4.491170	-9.246097	28.116117	-6.490693	29.039942	-14.909143	25.367046	-12.771842	18.587724
	-9.262286	-21.670043	28.037193	-30.412314	13.177162	3.891822	-26.779026	-10.426675	2.394211
	-32.290925	-13.359615	33.559456	2.571398	-9.650908	-23.349530	-51.998553	-6.633669	-10.017057
	-17.929484	2.129925	-0.075822	35.297628	-1.247017	-31.479290	8.523106	-4.812664	38.705857
	-0.205790	18.904108	-36.094858	59.934833	10.046614	-26.142330	20.763607	19.498116	46.223041
	-16.919319	0.173314	-35.271296	29.676775	2.098913	-34.512005	29.842719	11.393190	31.700865
	-1.556347	9.655671	-47.923288	39.092998	40.272746	-31.065039	27.912280	13.442048	37.411495
	12.246594	-2.680101	-27.991058	31.710653	43.202592	-30.652339	35.866282	10.592898	6.597718
	17.911534	-17.772186	-37.644661	-28.881698	37.234781	-19.881150	-6.667988	0.309997	19.045322
	21.377799	-14.621554	-24.921162	6.482558	20.943854	-9.203550	22.714269	4.517195	28.677258
	7.529561	-11.506321	-49.298920	7.684852	4.596576	-2.186009	19.306276	0.232639	8.967906
	9.718137	-2.035116	6.652693	16.938491	20.737789	9.879179	55.111977	17.333882	14.204917
	21.586066	22.690378	38.381189	69.899617	-1.479222	4.527661	53.945608	14.314014	12.356141
	33.214332	17.377464	28.570702	68.185514	0.286797	6.228685	50.619141	14.714842	27.079988
	17.714496	22.256885	36.115220	81.605755	-28.561769	24.778376	82.001020	-2.866605	22.264177
	43.124835	25.134061	54.314226	78.598011	3.444729	44.808211	53.167622	-16.657406	57.493379
	20.194021	33.413779	32.886870	28.298950	30.870465	36.783765	51.388480	-15.516130	39.381669
	-17.360057	14.782402	-12.237411	-31.519880	-9.230115	3.908262	-39.914079	-27.679045	20.342606
	5.318291	16.929284	-26.142595	-84.190977	21.667335	-6.267366	-69.603470	-9.832273	-10.346044
	-39.547037	10.242667	-22.305059	-50.098475	49.708382	2.408300	-45.578389	-16.233695	6.539590
	-18.270885	33.443012	11.571293	-0.747636	51.667384	-2.681473	-12.964311	10.043017	-7.429875
	-13.875711	34.103104	10.516684	-18.789804	53.252391	-3.704145	-14.652130	15.945909	-4.685560
	9.049075	45.984656	27.048227	5.077004	58.155161	0.771326	-11.331440	-6.775631	18.314954
	15.968031	53.722359	9.137823	72.791078	33.847566	3.650178	33.268818	18.242191	16.213713
	58.995641	51.203565	14.261974	57.993035	77.806894	25.509267	59.881617	24.422577	15.707604
	28.328812	66.785963	31.875505	88.730480	43.224886	32.868863	46.383881	15.092299	23.668693
	22.285446	50.935716	30.446911	78.347724	15.754020	37.239260	33.489568	16.024853	-2.568534
	2.783718	59.349520	11.680293	45.296403	19.977135	47.490390	-8.854955	27.229538	-10.437329
	-5.117368	49.353533	35.829461	31.885988	24.518202	31.109574	-12.339157	22.711313	-6.759804
	-21.948912	26.547783	-44.398461	-57.707709	19.897361	24.497115	-59.087500	-22.802047	-27.737373
	-51.137456	15.013654	-66.059260	-101.818462	13.544111	-9.200919	-95.977432	-8.591048	-46.405006
	-35.906211	11.423683	-50.785023	-143.430520	-2.143414	-11.624618	-120.106975	-24.709980	-69.206179
	-14.798949	-3.688444	-10.579151	-99.505415	18.929270	17.933140	-62.467353	-22.614828	-41.739698
	-7.136122	-19.499297	-6.362026	-52.093871	-5.741584	12.528436	-22.296945	-28.236213	-2.135751
	-1.788647	-43.845479	-25.937857	-51.346479	4.747923	23.118958	-10.824392	-22.358348	3.424655
	29.427708	-56.410521	20.704732	-21.376571	-7.335898	35.579732	-5.896431	-9.731110	-34.328907
	58.551446	-70.030711	22.961643	-20.555955	20.572838	31.910150	55.415573	-9.026601	-13.676587
	40.446791	-43.164603	7.878629	48.437064	29.072672	4.218680	99.632685	-2.927009	34.783187
	39.324618	-17.121008	-6.703644	54.155693	9.336899	-11.829981	85.511726	-2.181243	2.682529
	-7.511944	-4.265860	-10.219801	45.299023	18.036022	-2.738918	75.708625	-3.273476	7.642116
	5.123818	14.049721	-39.824947	46.590839	-31.012745	-13.996084	-6.290725	10.853116	-63.132849
	-26.061138	35.701625	-36.452493	60.666201	-18.909160	-17.900035	-8.446610	-1.947775	-64.627572
	-25.175740	47.595276	-16.579976	18.411237	-5.289348	-25.531959	-26.249711	0.860588	-57.997975
	-6.754578	55.903464	-42.903040	-17.975722	-27.526247	-32.420076	-67.058428	-4.356503	-31.890447
	-10.157789	30.102977	-30.803018	-24.116816	-18.499432	-59.389711	-53.873828	-3.862341	-32.305047
	2.104060	44.469669	-43.537585	-23.447927	-30.945702	-32.420990	11.441960	-15.571875	17.867027
	3.666570	37.600375	-32.170283	11.974097	12.748823	-28.855087	-22.978069	-27.388860	-4.144528
	-24.938479	46.752600	-39.910894	17.607627	12.446195	-9.265338	10.561937	9.026627	13.569948
	-29.755344	42.213059	-17.149189	64.680233	47.535795	-22.846228	21.079008	10.270932	19.719748
	-15.188012	35.327482	-33.334037	74.864027	16.967600	-45.011906	43.311365	5.273719	2.794584
	-48.203774	31.198335	-48.553072	41.616358	35.617453	-30.172753	54.671352	9.148528	-15.398291
	-45.543094	45.628355	-52.505657	25.264818	19.612677	-38.387936	-2.803544	29.846575	-57.443704
	-2.545534	24.910242	-33.383406	43.646650	33.111041	-35.746479	2.163537	-1.154079	-0.692789
	23.620440	-7.245267	3.719106	-19.564413	37.557777	-21.615094	4.138754	5.803697	11.733608
	21.050873	-53.670996	-16.131690	-67.968591	-26.232522	-5.207386	-42.849791	-9.338347	-7.788530
	-16.146989	-78.408774	19.800830	-118.794466	-53.031593	7.823580	-55.605293	-18.005070	4.978944
	4.254367	-83.732166	42.489146	-77.298290	-32.877732	32.132607	-25.600004	-28.690964	29.815344
	-34.833914	-74.808558	47.309869	-21.495366	-48.400273	32.011155	4.135200	-24.618989	7.052875
	-4.440375	-55.605952	32.041292	-30.119384	-35.100809	22.461060	6.085275	-17.762425	38.237883
	23.395444	-38.657516	66.163639	0.056652	-38.346962	13.118007	19.531425	-3.581818	30.938914
	6.040504	-12.278181	53.135858	40.191522	-15.273577	-9.155872	43.586339	-3.745562	46.248072
	21.774373	6.693648	46.052973	91.616991	-11.596249	-24.491676	38.326639	24.700429	7.826647
	13.488227	3.403524	-23.557888	74.698816	-13.258657	-35.722422	14.849799	23.830728	-15.828279
	-7.072890	-4.477148	-53.981109	18.821048	-34.791465	-29.126721	-32.431865	-6.155528	-38.149845
	-9.157324	-7.796577	-63.026140	-20.643722	-46.742088	-26.008909	-56.172892	9.896692	-48.468785
	-25.900740	-0.167667	-34.313323	-30.317513	-19.914904	-6.296478	-77.058334	15.192572	-59.679441
	-25.547590	-12.401456	-37.731586	-67.152851	-23.625975	-50.732080	-84.441357	-13.235676	-19.532162
	-15.247086	-30.427097	-24.438141	-88.119550	-26.885373	-21.691455	-76.217064	-61.260189	4.234645
	-22.670906	-40.600295	-29.762571	-78.886650	-20.121166	-43.529687	-97.676453	-27.488739	-7.827228
	2.592292	-44.143501	20.603513	-60.079059	18.763009	-9.877747	-25.768256	-25.920923	40.733611
	0.136322	-48.627643	7.697114	-68.493636	-12.424536	-13.053877	-28.965725	-29.531593	22.566084
	16.863299	-49.475417	-21.835647	-36.590669	-4.234079	-18.957893	1.584437	-0.294924	23.931961
	21.781266	-13.820252	0.778296	4.847166	25.498478	-12.954729	30.456109	-17.056052	26.010224
	35.961695	8.688552	11.332753	56.283288	22.063190	-10.027965	63.435752	1.837938	25.366460
	-26.561381	17.444360	-33.538372	7.299609	34.417461	-4.764176	5.560168	-13.944794	27.900692
	-14.903187	11.990172	-8.127134	-9.518703	30.648512	-7.544687	3.967687	-12.700641	30.073353
	-44.609356	6.315703	-2.469194	-55.467015	3.254943	3.428658	-20.618235	-25.363561	-0.422436
	-15.229138	-5.377363	-1.470338	-62.117571	-15.740910	15.492214	-47.406290	-42.747660	25.201975
	-67.957955	-7.361404	23.034002	-82.258668	-15.357037	17.276276	-101.146858	-17.840094	2.467959
	-62.020824	-21.533383	25.563406	-72.639989	-10.444716	30.260984	-50.126872	-24.504365	20.436654
	-42.317193	-35.538039	48.168265	-36.763967	-0.867094	20.555713	-43.604389	-7.917290	16.156528
	15.283449	-38.841071	69.535338	2.214502	-14.771197	50.078450	1.382204	0.734077	36.101195
	40.434093	-32.839201	68.811537	15.373987	-15.667175	66.586200	51.776162	1.899121	19.908932
	53.416065	-38.071552	60.383251	18.963679	-17.356630	63.721607	66.674732	7.060858	-4.240652
	24.695080	-28.397989	8.804725	47.923052	9.731328	20.957789	68.010984	-9.714698	1.914201
	66.452187	-28.289702	-26.974476	71.754670	16.198501	6.935182	112.319665	-0.284576	37.742489
	16.351609	-15.801537	-82.514590	103.043717	-41.507140	-4.684030	37.551499	37.558802	-22.919404
	19.772910	1.778070	-61.410139	63.579546	-56.433142	-13.628355	31.864510	60.315118	-45.039678
	-4.465181	12.464386	-71.170023	58.689103	-14.473427	-4.899308	-7.388926	70.843233	-57.521710
	-31.191869	27.641973	-82.741968	62.288930	-23.344525	-0.598776	14.731392	53.364267	-49.178174
	-30.975564	48.116153	-47.949092	26.526318	-38.559504	-14.016966	-32.017666	41.502790	-59.966499
	-32.183928	49.818155	-59.268077	40.437524	-10.737342	-7.540700	-60.872620	51.675611	-31.850175
	16.410691	40.296610	-42.983348	1.051871	19.026615	5.955482	-55.171197	32.268125	-58.837609
	-22.190446	50.494479	-33.171474	21.499864	25.112869	17.849025	-22.806238	11.805322	-17.823077
	-11.473730	49.809654	-17.348175	22.632387	15.263547	6.941704	-27.011541	46.617145	-50.718847
	-39.410891	67.095450	-45.376900	35.484661	20.310819	12.707369	-9.718806	31.995173	-28.178295
	-14.321311	65.568461	-77.922242	51.711590	12.142185	-0.526447	42.060888	35.432977	-43.839230
	-13.107040	57.141892	-49.022102	91.338249	13.293786	0.694189	28.700830	45.995459	-31.525835
	-41.062609	44.905657	-44.429390	102.215145	29.377481	-5.890464	16.648793	41.777843	-44.945769
	-29.325049	11.200342	-8.292156	78.111224	33.323053	5.615589	23.916004	69.254402	-23.387413
	-18.224346	-36.061292	-7.200750	40.229467	23.851469	11.050101	18.278807	27.080929	-20.123825
	-2.827309	-66.638352	-0.872234	23.021725	-30.179989	-16.385882	33.487181	43.612210	-24.281486
	-4.325038	-93.653512	7.222405	10.442863	-41.196433	14.981756	10.189884	26.184605	-19.319679
	56.128437	-82.079674	45.204875	-2.890239	-36.903960	17.843816	27.672287	15.779524	7.628893
	25.842798	-61.626134	-2.053343	-32.000608	-35.052856	-12.420040	34.821881	-2.895832	-6.834436
	11.813660	-35.809107	9.399030	8.471299	-17.847949	-2.756105	45.990210	-17.335271	-8.829371
	-24.021619	-23.128067	2.957477	-111.751539	-46.368963	32.150270	-86.225492	-25.536465	-37.758503
	1.842858	8.211229	35.232332	-35.785022	-12.657858	47.750289	-35.827657	-10.088632	17.767897
	22.974231	27.419579	10.853022	18.726120	1.117197	41.026608	17.318692	-30.915359	16.564761
	21.702374	-22.913438	-3.233394	6.467306	-5.673275	90.708607	16.029862	-45.755545	21.376272
	51.048332	-64.277509	68.132955	-43.871302	4.098252	147.863383	23.010088	-13.074225	31.300170
	74.457268	-80.537650	43.535852	-30.816418	23.984251	83.800219	57.410629	-35.445220	62.417206
	100.578601	-83.572455	54.472088	-66.687850	-5.483055	114.969627	25.275542	-45.933237	76.120735
	75.346349	-81.592220	71.465200	-24.154318	-4.286985	31.036528	79.173698	-46.703450	58.048893
	8.910364	-37.360433	-12.996457	-34.321043	12.768678	-39.487490	30.771026	9.357524	10.376151
	-21.263266	-12.257383	-57.860111	-33.037439	-21.710656	-73.256877	-23.440668	8.689518	-39.612072
	-11.979519	-13.219836	-113.931896	-14.278243	21.269828	-79.635921	-36.749869	-5.330208	-53.353434
	-36.949664	43.692780	-105.264227	88.832921	16.654198	-97.570318	-19.673107	36.589820	-59.343407
	-10.629373	48.413471	-16.923961	78.424784	-43.787441	-67.015021	22.999782	17.366793	-41.238266
	-14.465660	43.599380	-0.840679	112.937758	-72.903533	-33.784608	19.796972	34.168264	-18.274100
	-0.579469	20.352350	19.463669	85.460387	-51.135695	-19.672560	-3.275251	30.493208	-5.801603
	12.524223	39.165093	33.486176	101.608928	-44.441509	-9.694684	54.690634	35.408930	-3.331421
	1.199695	45.018827	40.997196	102.814097	26.195052	-11.541749	51.638401	43.966232	20.038213
	-1.616242	30.935643	41.104466	47.294546	40.741657	-1.773772	36.250752	6.035177	65.729825
	17.172880	20.734508	21.537131	20.596772	58.766838	1.084873	28.113900	7.261812	76.769362
	-18.592739	18.657281	18.921000	11.165859	63.225023	-2.417529	39.467977	7.168869	60.964816
	-21.572458	6.402149	16.439497	28.697049	78.693539	-5.682428	38.251592	-18.208855	66.644514
	-11.040187	-22.707225	11.724233	-12.028571	43.338550	-5.626656	17.720045	-11.323500	48.377789
	13.231735	-67.521869	-5.685468	-74.238980	33.482138	-3.334277	-12.603851	-31.788218	16.562193
	5.325010	-50.456344	-14.204062	-24.051702	-19.112771	-34.689023	0.974420	-18.146553	10.351748
	5.705933	-53.289651	3.509166	-12.980709	-21.943718	-46.993163	2.406585	-30.646317	-24.451999
	-11.991345	-34.676400	-33.400727	-35.190334	-80.749756	-32.678775	-11.687612	-30.475487	-70.704130
	-62.850364	5.376415	-15.365917	-31.611941	-57.387996	-48.717481	-50.305760	-9.354902	-65.801081
	-53.363331	21.017537	-50.796283	8.047256	-72.692901	-69.509409	-51.518507	21.594636	-71.810767
	-19.976664	19.593725	10.997880	-11.192307	-44.283409	-46.015275	-40.437634	14.061903	-41.951810
	-4.393786	-2.831002	40.346449	-19.177328	-20.550350	-31.832297	-48.845872	39.284073	-40.018297
	16.619311	-17.488831	66.073915	1.196168	25.891820	-5.478730	31.569696	21.786837	5.666532
	21.987487	-3.680339	25.879014	41.628978	35.226248	-3.513804	51.020224	17.196619	35.654164
	31.455834	26.763763	44.488019	79.687443	53.846590	15.467692	93.380803	31.643398	27.447853
	-0.879811	32.504278	13.026659	58.851993	46.916503	0.323835	65.887495	7.813844	26.323649
	-34.562772	55.182207	19.232050	9.830563	47.853896	-10.479644	29.015262	-21.139984	15.733074
	-40.650993	87.105667	76.097186	51.138663	3.398562	-29.703996	26.061114	10.188584	49.424127
	-13.666772	91.702772	73.783720	51.467051	-9.483462	-27.083558	-6.546765	15.812598	31.036123
	-34.322118	82.276165	81.205432	44.853594	-8.299372	-36.170409	-3.581913	16.481114	41.203977
	-22.017247	58.313922	27.889419	50.773543	-1.688940	-45.803501	33.682369	10.311558	61.706079
	-21.335702	53.345236	13.432371	78.055042	7.621179	-61.250887	54.053030	14.267602	52.278455
	-30.588388	63.392881	-29.664518	82.985839	9.916013	-48.267611	45.911777	18.134076	23.619042
	-45.038018	58.379468	0.815555	113.873528	36.089451	-35.816351	53.446381	17.295500	10.603807
	17.513749	42.049296	6.325470	49.037182	26.437332	-5.491891	33.559958	13.899223	18.008493
	24.912220	24.519948	24.279849	28.257129	14.161624	-8.808817	68.348150	2.980428	52.274774
	34.508009	0.132666	82.506179	14.027822	2.484149	10.668749	48.414976	-44.930945	25.690251
	34.298387	-42.647853	64.722513	-14.766368	-26.346679	20.006289	12.652445	-21.073806	41.333387
	60.681781	-92.670653	63.892483	-71.183216	1.369569	5.145990	51.389218	-45.059832	54.107425
	32.965648	-106.297173	17.492913	-36.949433	-33.882295	-8.759153	31.880567	-56.218432	10.416831
	-12.381187	-104.327014	3.859035	-34.234763	-29.962755	-25.322193	-16.395437	-36.856245	23.247669
	-49.599964	-28.396291	-69.858498	-1.854430	-38.016166	-49.472482	-38.929477	17.457624	-19.951745
	-29.024655	-51.390270	-33.725938	-53.066387	-29.229952	-21.353838	-29.811731	-10.510610	-8.626853
	-6.616705	-24.640897	-18.936637	-22.153209	-54.688272	18.279797	-69.127617	18.651908	-23.099334
	10.493499	-28.977577	-8.685649	-51.922833	-83.451483	74.395038	-63.210329	20.738197	-50.337483
	28.079013	-59.989810	30.520630	-80.061463	-76.592265	124.799216	-58.560081	-19.084301	-34.177960
	47.361342	-65.087794	25.335239	-81.997758	-61.481545	134.934600	-18.074833	-15.019296	-2.673434
	77.626056	-48.875336	51.534512	-56.496726	-34.711330	108.573440	41.326424	-26.225781	2.963349
	52.300976	-35.083858	34.274941	-33.100147	-6.281793	74.080132	20.813358	-37.836692	11.505437
	61.181983	-17.223672	40.443163	-3.793645	12.503682	42.261452	68.965510	-27.976548	9.063943
	40.781378	3.045073	6.649520	31.452756	10.734331	13.247668	49.358468	-23.224858	14.038530
	2.655511	19.961106	15.100145	13.552371	42.632078	1.219333	24.537463	-18.497405	36.022322
	-0.024267	17.843643	9.334003	-2.142045	27.589710	11.628344	5.726169	-18.434235	25.269997
	22.690301	5.193869	-5.280036	-30.025265	38.932212	1.884630	-19.905192	-5.338541	43.480960
	-16.607232	-5.882114	-3.800030	-38.614371	35.780549	8.847100	-28.802989	5.862208	12.949715
	4.471212	-34.657543	14.313601	-100.261473	-2.494120	5.110687	-62.817883	-2.511094	12.729633
	-13.736201	-52.804661	-8.949682	-121.251270	-10.729335	3.102271	-88.770567	-18.677132	-11.961001
	-9.484932	-35.435601	23.095694	-98.511760	18.102606	17.561356	-93.967174	-23.256237	16.697264
	3.449848	-27.239454	19.283592	-50.704063	14.740914	-4.550912	-43.796733	-28.234884	7.737197
	-16.539452	-24.218797	29.667256	-67.926524	11.485856	-2.268505	-34.955472	4.833262	-4.359444
	-19.004114	-16.605952	6.574501	-31.780796	6.446390	-11.212752	-28.774418	-17.770723	27.533727
	-36.931754	-22.947317	-13.075663	-38.525020	45.326499	-8.182460	-40.358063	-2.718378	-1.380857
	-11.787207	-18.123151	-16.683744	-59.474265	29.510280	-1.219454	-6.355103	-38.704928	37.183549
	-12.193776	-12.180981	15.769385	-100.133304	18.867212	11.609738	-36.743246	-47.446742	17.499583
	-35.068358	-1.492822	9.006062	-151.130972	18.034637	14.804149	-73.246295	-31.923456	26.685463
	-69.685851	30.192637	-25.467407	-107.283878	-1.551995	-11.093210	-75.650904	-19.774624	15.792249
	-42.332808	27.180184	-31.436690	-97.801486	-0.799246	-5.515309	-69.836061	-45.081199	-5.610687
	-50.751455	19.754800	-42.330020	-68.924979	-5.534556	-9.160047	-71.315184	-18.395804	-2.575287
	-39.024064	5.446213	-52.148684	-53.264250	-4.211896	-2.860942	-55.747859	-8.189957	6.588747
	14.905410	-1.521811	-43.778672	-13.255553	14.483731	13.253922	-33.131191	30.866127	-14.170741
	0.504590	-10.191048	-51.472655	2.874742	-11.644489	11.855174	-34.395159	11.995847	-60.160051
	2.127889	-16.903538	-19.308778	4.454995	-17.542095	25.283065	-34.450276	-1.374789	-45.685369
	19.588757	-6.875024	-43.736554	-25.298810	-2.825859	19.685393	-46.927105	19.863499	-28.685960
	-14.673431	12.971576	-53.390610	-10.199108	5.481100	11.535457	-26.171240	19.166204	-40.506279
	-7.774221	14.812192	-23.046273	-9.408682	9.785113	0.019399	-22.328448	11.818348	-52.014331
	-3.761698	26.160694	-3.052126	-13.423967	-0.070795	24.428222	-4.269107	24.006051	-19.882054
	-5.818160	24.386021	12.313693	8.950130	10.876667	10.345120	6.040240	10.407893	-30.958464
	-22.112791	32.379382	-13.191980	39.556712	9.682157	-0.030749	7.593274	23.081982	-30.416657
	-7.721701	58.607172	-22.467563	57.980807	10.316107	6.321594	-12.727539	6.509365	-3.469343
	-21.472435	69.143446	-24.593686	51.735031	-0.707751	-3.255664	-25.894313	47.536387	-46.498342
	20.735974	58.553554	-7.098402	16.423580	15.664040	-3.455428	-45.231859	20.073247	-26.471957
	17.101382	51.099709	7.549858	31.211767	-33.967916	5.491624	-30.301578	42.808564	-44.484308
	21.685703	54.319714	30.200564	32.231665	-15.461273	11.657562	-21.545900	19.206984	-29.185003
	40.692834	8.132717	17.262539	-13.513238	-31.885740	27.208249	-22.188747	0.407932	-19.087906
	19.966610	-29.276420	1.183024	4.054731	21.010577	26.113689	41.328062	-38.811341	41.865330
	40.777675	-34.322314	-15.907477	32.859294	10.761814	2.989085	45.032029	-21.154672	-25.123621
	36.556549	-29.486660	-41.138774	61.708355	34.094596	-14.806344	74.816733	-15.681807	41.446521
	23.748946	-8.649155	-24.218262	74.738660	10.931930	-53.377809	83.137881	30.459208	1.405122
	18.968995	21.549087	-22.627014	137.754083	27.777881	-69.754053	89.260361	47.216987	-1.256454
	-28.552785	40.852430	-49.006715	148.793538	13.115319	-72.077231	84.237174	76.419473	-26.858212
	-7.921288	40.755325	-32.240407	154.273789	11.888486	-50.823229	65.894417	67.186066	-77.869306
	-45.848001	45.335879	-36.740589	139.700300	22.150698	-58.253668	50.297197	79.737499	-39.598330
	-35.849789	61.706445	-35.027359	109.978285	48.499057	-42.842124	59.778330	42.587172	-47.174967
	-8.646927	62.645431	-25.409559	95.118964	36.153355	-34.496564	20.632238	27.087467	-39.358819
	-0.544028	59.044074	-50.778961	59.731600	20.837205	-26.493147	10.531066	0.364853	-16.701079
	-15.419139	72.277288	-35.521702	53.147543	43.614101	16.962614	0.163271	-28.947504	38.594702
	-1.053780	71.191224	-17.240629	49.551516	52.747272	-4.603839	19.525810	1.230824	30.035199
	-3.887970	77.678960	-27.256817	28.176270	72.653026	-0.696189	13.364452	-26.874210	53.811533
	-13.148844	73.986369	-48.092028	36.437006	30.431086	-15.405204	0.778297	-6.868815	11.665471
	-17.219658	86.963974	-82.610005	54.248863	40.406892	-45.490309	5.618648	-4.253818	8.096141
	6.911998	72.560518	-71.140859	53.837886	33.133877	-38.783217	-3.942939	-6.071413	3.792900
	12.667734	59.873211	-39.752430	69.680251	28.308989	-45.531135	2.397547	5.559458	-8.954888
	-23.404325	29.277797	-43.522691	48.233213	20.286804	-71.022576	-1.583203	-2.386706	-8.156657
	-0.849643	-4.842121	10.081010	34.672700	5.441402	-73.236794	27.525536	1.724269	-23.922063
	0.247959	-16.462058	-5.058048	26.527114	8.430741	-56.208972	18.553549	-15.361157	-2.308374
	4.640003	-5.209651	8.644631	-5.574442	-1.172038	-65.037385	-17.314658	32.271514	-8.313959
	-3.471029	12.386224	11.162281	-1.734808	-13.608724	-45.939816	-11.209162	9.301223	-11.454996
	20.622670	21.177872	73.844862	17.153096	-15.685027	-17.067741	5.522594	18.175808	13.758663
	-4.731994	34.545695	62.421869	-5.536430	7.058361	-5.681734	0.631905	-3.072781	7.452669
	-3.566728	51.837205	64.262703	5.805021	38.035537	7.077818	-11.203508	-10.175425	32.867022
	-15.294709	62.209700	75.699801	25.758225	36.582845	26.483476	0.993413	2.259042	23.422625
	8.389132	67.034689	93.072064	19.070035	20.984200	28.185618	6.561834	21.423002	29.902763
	-2.489161	65.304386	58.651883	26.920766	-13.823944	4.445188	26.697629	8.327365	43.099671
	-12.112583	71.527948	101.932718	41.479186	-16.216635	0.877141	19.956940	7.635225	28.136272
	-32.547070	53.164801	54.701222	20.234837	-44.007937	-0.866542	16.177520	10.348396	34.925490
	-20.949529	32.780962	71.721164	4.260288	-20.851096	11.199764	10.702458	9.038800	29.415362
	-15.253372	30.230889	47.040339	34.092877	-1.301782	5.573856	29.675497	-0.865975	46.417583
	5.291016	40.693359	-0.810531	38.758541	15.726009	9.065023	27.267656	38.740150	86.511386
	1.055173	49.210436	-4.451130	77.335405	40.606839	-18.782771	48.063345	27.652959	59.497358
	-17.993927	57.341828	1.641086	63.010366	52.065060	3.125376	21.532807	35.263107	46.501924
	-6.077588	59.718410	-13.440245	87.574826	45.980275	-0.799023	45.928141	45.799306	46.072050
	21.323844	62.094639	24.460164	113.465179	41.328689	6.556472	55.329985	49.422471	13.142998
	11.345886	41.727915	31.925194	74.777062	60.400654	-14.040056	62.050166	34.473309	27.725842
	21.409693	22.623627	41.054269	47.285244	43.755685	3.818689	63.407140	8.002404	-25.613044
	-8.388578	-12.107179	59.756097	11.155881	-4.291698	9.291881	20.182354	-11.530019	-17.508878
	23.841142	-46.768314	23.656950	-68.394127	-36.924311	45.495691	15.676304	-33.427496	-12.213386
	-1.147875	-57.019743	25.733664	-60.863818	-62.896924	45.650948	-48.969026	-27.338357	-12.162780
	-10.934377	-46.243023	4.126134	-73.772689	-83.930260	37.479610	-83.611761	12.713922	-2.951690
	-18.651383	-24.051871	4.830654	-47.589230	-48.042755	7.625100	-93.192840	4.559554	-38.258617
	-22.195884	-30.446598	-7.719496	-43.775210	-66.198495	15.327445	-70.635544	47.519773	-14.042811
	-12.787209	-35.919530	-13.054813	-1.742415	-22.599554	38.088494	-3.579261	57.875491	-43.702697
	1.918392	-28.114895	-48.051094	37.185903	-9.342993	9.007756	33.092076	66.751866	-2.285097
	-4.823495	-37.980832	-44.468556	51.567091	26.239656	-12.005246	92.218884	57.984285	30.302263
	37.028648	-46.453687	-63.826999	62.950489	16.391468	2.343585	80.217703	45.733121	40.226291
	41.607357	-38.661228	-34.648285	79.351007	16.910731	19.106714	80.034904	65.527937	33.389663
	16.521884	-31.301032	-17.090132	94.499009	10.115541	14.741676	93.897263	54.797566	5.182962
	0.419992	-0.175754	-6.700317	121.241356	-18.197753	7.980054	97.843038	41.710071	10.377631
	1.191968	13.243096	-20.189839	83.866237	-6.817839	8.776837	31.915712	69.456314	-36.141851
	7.712025	22.373537	-23.569727	78.313712	-34.511852	3.220418	56.695253	64.504655	-8.363870
	-3.368696	17.397603	-38.605009	41.805485	-43.408153	-10.355035	9.783198	37.234123	-52.154698
	-21.818321	27.803430	-72.371382	54.561260	-55.183533	-29.597373	-21.286679	39.213182	-29.192324
	-11.174947	40.265763	-57.995068	30.028934	-21.554949	-31.102045	-20.661663	57.467008	-10.790323
	-32.716853	50.540532	-53.653172	58.843473	-7.150032	-51.175903	-0.306006	53.900211	-10.557813
	-42.027883	57.336787	-35.123864	26.342443	0.122975	-40.319732	-25.785639	22.077067	-32.060449
	-37.094826	53.631649	-33.932958	32.310125	25.356605	-30.611996	-28.507984	40.307212	-32.558661
	-27.953063	27.065199	3.784375	23.342632	22.855555	7.336634	-18.567048	18.409294	-24.804540
	-8.448163	-7.199183	39.005071	9.523673	2.666966	10.314636	8.393237	21.482393	-23.120365
	1.040863	-35.210394	13.106830	23.277617	34.233079	3.845584	26.766347	11.745391	-8.276515
	26.199386	-63.247373	21.952056	-3.484077	57.901993	27.048447	57.296752	-23.400739	23.953891
	13.445576	-92.591963	2.834187	-59.352852	36.778722	4.283147	41.977026	-32.499397	29.231012
	-1.573006	-73.626961	15.727409	-23.441841	79.413295	-34.125591	62.577205	-16.347331	32.771132
	-0.302697	-49.505710	27.401225	-7.891489	86.181017	-18.865526	26.500808	-29.550232	46.141765
	-18.123302	-44.730341	14.445092	10.083198	60.222441	-35.161688	48.112476	3.418406	35.083747
	12.154703	-40.810599	7.836586	-11.809888	65.964899	-13.104967	20.401854	7.849931	31.803845
	20.357473	-46.137721	-11.648077	4.467110	1.990735	1.187069	17.154472	-8.339598	14.470505
	16.926132	-27.294768	-23.333738	35.143888	-5.259565	-9.585253	17.984343	-8.463564	-24.326934
	-12.486215	-15.927320	-48.577157	-11.415760	-40.138298	-10.286893	19.828833	2.578512	-33.894383
	-1.213852	-25.796478	-34.105053	-17.655510	-11.933873	21.914858	-23.042774	-0.778801	-36.966324
	-12.173902	-12.380692	-14.660228	-20.481884	-7.385043	15.146230	-30.825572	11.168023	-43.815926
	-3.340089	-6.109359	8.217190	-38.089457	-32.188979	-8.407113	-62.289649	-19.613796	-33.487503
	-27.977341	6.092741	4.454916	-27.638343	-35.710107	-3.181720	-66.683455	-9.322333	-30.070503
	-10.229260	10.163301	13.990864	-25.896212	-15.945902	7.508823	-46.481719	3.769494	-0.609259
	-33.254882	16.270571	-5.779349	17.908958	-35.175312	2.565145	-17.679190	47.539485	-9.097365
	-26.561793	12.320860	-33.610353	28.812122	-0.906678	-3.941535	2.942402	35.116871	-21.743417
	-36.741173	12.561737	-35.014320	25.022045	7.666470	-30.914231	-26.465104	42.538460	-28.356752
	-33.683147	36.334558	-49.283216	43.376569	38.881136	-65.968913	-14.071003	53.394923	-4.964792
	-11.434204	43.897445	-25.832471	15.194012	-4.192592	-50.997619	-24.530995	58.635862	-52.658362
	-7.140024	44.205059	-47.438392	-4.083416	-8.130727	-49.642669	-55.971022	16.341892	-27.110580
	-2.283019	40.439060	-33.165071	5.405821	-3.374931	-54.548129	-49.695574	33.307753	-31.591246
	-31.910070	45.396927	-12.925612	-11.665467	0.813165	-34.357255	-42.288818	9.847778	-47.069018
	-37.977683	55.436290	-37.231160	-4.240244	-35.128481	-13.752978	-63.697187	11.146545	-80.602503
	-51.896380	63.322706	-16.703617	6.270742	-11.120170	-3.518904	-55.060543	18.722486	-82.684515
	-10.077286	60.951110	-39.150037	7.990779	-30.587552	0.091809	-30.786673	2.449768	-85.683470
	-37.440190	50.086227	-49.521650	-4.257013	-45.097333	16.242580	-44.925880	9.147947	-83.000869
	-40.447327	45.410331	-30.361288	-11.349857	-44.315756	-11.657336	-45.817677	24.893530	-80.171257
	-38.110657	40.370260	-24.995197	-63.094164	-71.880315	19.859682	-79.448915	0.428454	-78.259185
	-46.939788	43.668603	-27.461600	-99.693690	-46.060635	18.003479	-96.198850	10.042200	-80.043658
	-28.360672	34.854555	-11.409983	-101.695328	-42.680032	-11.705399	-76.929852	4.741168	-64.743098
	10.257986	20.423430	-15.577402	-72.533227	-25.152325	-12.439673	-43.132501	-20.770425	-55.924799
	44.519687	8.512692	7.187658	-38.831377	-25.343072	22.114363	-17.951674	-17.267587	6.944812
	46.198609	-32.952485	22.547290	-27.379974	3.091906	12.003367	1.446828	-37.109802	16.175106
	61.021248	-56.931327	33.831099	-32.930104	39.746827	33.395566	39.186662	-34.131141	49.017646
	38.194439	-83.668289	36.975273	-25.742492	42.365476	35.790183	40.685890	-66.582334	96.734192
	73.722555	-100.695746	50.602227	-84.022054	41.591790	70.794853	59.429722	-64.159997	70.550703
	16.089597	-100.059287	76.721285	-79.728604	44.047161	51.854976	37.877434	-58.866999	79.966909
	35.080560	-78.845308	54.550871	-53.196571	57.170172	57.432606	24.959276	-56.089392	73.921080
	39.751208	-51.648730	55.637108	-54.217810	25.251015	37.995401	38.042519	-42.004745	56.155876
	39.995216	-34.383771	59.617003	-54.207532	17.094364	22.281966	9.588465	-45.934338	24.476660
	30.704148	-21.474684	56.663711	-13.569190	-18.304744	19.584055	3.617976	-50.502279	15.359442
	13.546580	-29.124962	33.590182	9.901499	-54.144370	16.776916	11.886713	-38.024811	15.109722
	8.288025	-64.084838	-4.103306	-10.837960	-16.714710	47.970240	14.555112	-53.850986	-7.473553
	-26.168943	-87.216211	-2.283511	-72.594799	-50.701981	63.417019	-22.417774	-55.295370	-20.586207
	3.744646	-93.218131	6.167739	-99.264558	-72.655040	74.296102	-65.162569	-77.073539	-60.827045
	-19.902834	-95.774674	-14.609953	-142.113758	-48.534783	62.405451	-93.777201	-56.956123	-32.794496
	39.697108	-82.381285	-19.360695	-130.626788	-46.772322	36.103005	-75.707366	-46.941534	-39.887380
	11.308189	-76.516593	4.774488	-104.745724	-30.071503	34.608644	-47.537556	-17.824657	14.008460
	56.365043	-63.608157	76.353661	-75.949541	4.757044	20.537671	-18.502078	-52.829344	54.768267
	19.388505	-26.728413	35.153498	-32.250237	0.315911	-0.366308	25.931714	-35.732534	19.846896
	23.833737	-30.259352	51.546717	-22.607256	24.815309	-21.498454	37.441670	-27.646060	52.591525
	8.992814	11.959927	25.130224	2.585321	39.634674	-20.538412	14.753796	-25.986141	80.781412
	12.924845	0.109492	43.330819	12.899250	59.450257	-19.436449	40.066944	-41.393436	97.868506
	2.070062	8.928323	-18.789214	11.082155	22.196722	-25.843086	10.617090	-24.024585	71.040868
	-5.475981	21.043987	-3.345471	-27.705580	54.769823	-12.651932	4.688078	-52.138899	72.363893
	21.740397	3.291883	42.396821	-85.821925	37.365676	-10.016593	-35.424386	-63.309560	43.385856
	10.525613	-21.687249	1.276937	-60.655978	3.959735	-6.918881	-28.878609	-46.620745	56.039109
	30.147854	-17.634566	30.563012	-43.332512	2.360375	0.913156	4.260950	-69.875348	16.434595
	43.121336	0.583931	19.360425	-23.605979	51.156011	-17.192158	3.581164	-33.835795	40.426732
	-1.724644	33.352436	-8.054689	48.610422	-15.303801	-18.557373	8.993846	-4.335590	-16.503144
	6.297465	35.986027	-6.896625	37.022679	31.203020	-22.811256	9.841909	-3.832005	-2.860213
	-18.833126	47.532502	-32.735725	44.858644	-4.483114	-36.345200	15.287230	10.278000	-43.477578
	5.463491	13.432573	-1.700887	56.518865	4.194685	4.990501	42.316762	11.651864	-18.154229
	35.767887	6.491012	-29.474061	67.079519	6.551157	33.662524	94.645655	-8.325580	-33.573355
	-9.216395	-7.944877	-14.072099	-21.046699	-41.008989	66.941825	-27.237143	-5.343257	-33.339434
	-30.475469	82.125795	-6.752053	13.143643	12.959115	9.643208	-37.294127	37.076206	-30.767958
	25.611619	15.784921	57.713802	-21.647625	64.332736	12.720100	-0.006196	13.571649	53.636471
	36.520885	-13.690350	82.240634	-87.357965	34.882959	31.215193	-29.393615	-5.308823	73.343588
	25.327172	-0.736005	32.865701	-85.371547	22.003672	62.251334	-64.832639	13.018157	31.236621
	-0.477579	-3.056118	-5.563444	-68.269941	-32.837304	-6.860926	-46.646462	-27.182630	-7.141911
	-56.297370	-49.704484	-51.696981	-86.648188	-44.707099	-15.010722	-68.639109	-4.552708	-38.658066
	30.472463	-70.715303	18.839266	-26.652315	-21.713200	11.091329	-1.186703	-39.695075	-2.415070
	30.711011	-30.382664	-34.333599	-18.047905	9.758984	-3.368980	28.409570	-37.482616	-4.842589
	43.410312	-66.813630	33.363584	-42.368041	14.104650	-16.672996	29.938491	-54.707174	28.149837
	-1.254080	-64.997623	19.491602	-45.619882	-18.126458	-38.973467	9.453904	-17.929118	4.219519
	25.553194	-41.563337	12.562848	-33.723110	6.623564	-5.103789	24.763439	3.020505	20.482369
	4.168255	-42.050232	35.751743	-0.740265	-23.362213	-9.005407	27.464668	-3.195204	52.548922
	12.096316	-51.340582	9.386573	-51.494360	-29.379538	19.657363	-10.177644	-2.692357	20.299438
	12.692039	-55.017951	37.867038	-66.460229	-38.407584	33.575515	-35.659730	-25.843604	-3.611852
	41.304931	-62.082187	35.516049	-73.965502	-30.136970	21.342883	-3.868404	-36.484599	-9.753944
	62.084870	-54.355262	52.516588	-77.482164	-33.428250	23.241197	-13.519336	-68.154762	-7.977846
	9.450515	-29.016604	23.845845	-54.467667	-4.824284	-11.862879	5.111312	-43.955556	23.994583
	36.308694	-7.063226	-13.609097	-53.546952	-9.721340	-20.205074	40.523259	-35.934839	3.941878
	-23.017241	20.873949	-19.633088	-40.026640	-1.638537	-15.660108	-6.445923	-32.244174	3.625092
	-48.506342	31.302860	-67.914882	8.399158	14.620223	-17.833367	20.709571	-7.415031	-8.864788
	-13.814595	52.578888	-68.971050	6.731460	-6.290903	3.614220	6.485538	3.948204	-38.291219
	-15.035376	49.460914	-37.573880	19.513807	-10.779504	5.606769	-2.732252	5.844696	-49.814351
	-35.769696	57.047997	-20.761227	2.565396	-20.878343	37.458374	-3.263490	27.094980	-27.296752
	-18.537683	78.454051	-10.508877	26.503933	-53.709848	26.863388	-39.072130	17.226851	-32.727789
	-15.167881	66.738797	5.117829	11.588540	-40.209778	39.272440	-42.016255	9.684685	-56.560156
	-14.761323	60.653760	13.843805	34.599952	-58.800376	41.002327	1.535332	45.662591	-35.405578
	30.626022	35.957674	28.441591	15.880372	-32.156408	39.570083	-16.488684	17.898158	-57.273954
	33.588186	0.121481	51.704054	-37.680361	4.010196	15.775287	2.596729	17.055857	1.645846
	26.801128	-26.044658	92.819705	-18.762052	1.011994	14.728048	34.756813	-16.733186	44.094284
	53.550129	-47.434934	52.105438	-10.922371	18.574780	7.417030	81.925769	-30.318107	52.156740
	57.237151	-49.887782	21.152442	-16.201920	26.021006	-4.914629	39.543361	-36.839672	30.696543
	20.118583	-34.734763	-23.988352	-22.103440	17.873433	-19.281239	7.552414	-14.103075	42.793476
	-10.834984	4.562302	-57.506686	-9.421328	6.035888	-36.224491	-30.800896	-3.836208	19.947622
	-40.701800	29.399225	-39.520361	26.477557	-16.545010	-47.734339	8.095970	6.012149	-21.338020
	-10.261110	22.716046	-4.655897	23.467811	-59.434671	-20.477194	-6.165441	7.674628	-16.849203
	-20.950433	8.031124	-4.560284	2.117943	-44.929178	5.563717	-18.369961	-14.269305	-26.245561
	6.065141	-32.976725	27.375597	-40.057789	-53.085207	20.689804	-28.823346	-20.195303	-46.978356
	51.816636	-85.548239	41.337706	-64.331698	-58.401951	31.483429	-34.889394	-42.416687	4.211457
	50.098207	-99.354376	90.878374	-111.684022	-44.599541	53.445162	-31.747562	-70.901989	41.848604
	62.383752	-98.203271	114.547234	-99.625487	-17.030042	71.419048	-0.387750	-68.123152	44.980171
	43.316492	-87.143953	125.488530	-114.248756	-19.443351	58.165436	-19.492970	-54.996000	66.914962
	54.393856	-58.080712	108.187982	-64.964716	-12.920928	36.303609	10.597200	-61.780405	67.654741
	36.611726	-28.316399	71.142291	-50.534930	-3.709158	-3.623265	19.792582	-40.843997	54.128351
	15.083583	-4.718674	18.715741	-18.076536	2.093635	-28.664329	12.022446	-31.375650	48.141607
	19.880046	-1.759444	-32.351564	10.884982	-3.187578	-21.592795	34.147787	-32.016306	28.892496
	15.839825	-0.124166	-70.016024	0.955356	20.022176	-20.828675	5.859470	-12.976046	-14.355161
	-33.027701	-1.492190	-76.831581	0.892042	30.648633	-28.122089	-37.967347	1.311624	-5.572872
	6.877164	-4.100750	-14.018394	0.184778	22.611264	-27.111755	1.639352	-20.606253	6.991945
	17.730155	-16.530564	-9.410018	-16.726191	14.548485	-20.703937	-7.000057	-0.221209	26.622670
	15.879780	-23.511793	18.631564	-8.403759	-6.888011	3.553900	-2.099320	-16.464779	40.709219
	44.686771	-32.188989	44.238092	-29.414767	27.202705	5.324167	27.283339	-37.940005	54.423059
	42.675629	-22.168106	48.619551	22.310056	12.908202	41.806535	58.440167	-31.325416	49.664566
	34.198366	-27.487916	18.148252	-4.219669	7.600504	23.912905	50.628712	-19.489355	45.792729
	37.573390	-31.787292	5.695864	15.090316	38.980179	14.428390	74.958946	-29.092255	57.986163
	-4.223300	-23.565517	23.240834	-10.878056	15.462842	34.885159	44.073112	-30.647164	47.921078
	10.913513	-8.697661	7.424576	26.270877	26.640256	14.506995	41.424086	-9.809652	16.616589
	-21.083387	5.869129	7.482835	6.515700	51.232523	14.622356	23.607813	-40.208079	46.449958
	26.886468	-7.337493	-7.139835	-47.663604	33.065664	24.165169	6.106007	-32.522671	5.050798
	-3.916929	-13.551680	1.870975	-55.912166	12.372722	31.538671	-21.939024	-25.423209	15.039954
	10.848578	-45.721082	30.118853	-91.656879	20.382665	44.491589	-35.034658	-20.709391	-22.746416
	33.087956	-29.651691	10.086994	-55.112371	-7.038151	17.653419	-58.627727	2.482427	-33.321915
	27.787162	-34.849468	23.550363	-37.966097	-33.576075	-6.142857	-16.724726	2.376130	-62.372911
	21.785706	-16.727202	49.811780	-22.485146	-28.616356	7.546935	9.694181	-0.745220	-37.231776
	29.250791	0.234807	43.980816	-1.331260	-36.196861	16.012121	31.655137	-33.811191	2.153759
	54.988517	16.228322	21.938954	31.502885	2.261698	15.004007	62.605637	-8.217752	14.732650
	31.680634	29.875521	40.451146	73.358346	26.750818	-24.504315	79.392874	9.583477	14.602392
	0.181880	31.529236	11.265386	81.222112	10.715265	-20.420624	74.501230	12.177592	22.783598
	-21.015365	47.166822	13.534486	109.301695	3.975758	-42.739500	36.499000	6.654630	-29.266453
	-45.365646	60.865891	-19.325333	125.163981	10.923869	-46.075790	32.254530	55.125781	-23.720573
	-51.344264	65.180620	-35.971424	89.151217	-3.021240	-66.916104	0.519390	51.929061	-36.566017
	-40.356057	75.884033	-42.267385	63.226251	0.108356	-28.645808	-9.103214	45.654074	-54.084091
	-47.115254	60.358483	-49.997933	45.253553	28.117722	-33.810088	-23.969792	50.748317	-33.430271
	-37.864915	66.988939	-69.080854	58.399184	21.543163	-29.813634	-21.773449	59.930935	-60.536755
	-61.324996	65.491271	-60.126005	54.646896	47.150182	-15.151236	-44.545660	54.105896	-28.379296
	-39.018427	45.609040	-43.055798	28.705996	15.306772	-27.645428	-15.547784	54.441724	-34.636023
	-20.640524	-5.658334	-37.588422	26.658336	30.896452	-35.899169	-5.826424	13.333267	-16.952116
	-2.721035	-28.062887	-50.546421	18.402340	46.804584	-21.894434	-12.268873	42.542418	3.138841
	-5.806090	-13.752847	-30.601855	62.666023	12.613129	-34.810714	20.372450	42.647721	17.871509
	-24.167714	-18.387619	-13.470985	48.526921	1.974528	-33.687924	-0.457017	37.658361	-8.226875
	28.375034	-2.992136	-50.214590	25.739714	-14.765226	-30.041580	-22.266027	30.073676	-37.143000
	-20.534582	24.789330	-58.210572	53.047325	-33.057311	-25.378055	-56.761412	29.558911	-30.822873
	-43.940859	36.278245	-48.054793	16.641040	-75.487648	-8.570053	-67.018609	37.334509	-45.205620
	-49.409925	49.427783	-52.333987	-20.692031	-76.584569	27.197676	-94.832410	22.505891	-55.963181
	-79.336790	51.988171	-17.679927	-20.290074	-72.960679	35.039720	-117.152070	1.168970	-60.797219
	-60.242218	59.893002	-9.581941	-62.182357	-77.313383	76.907955	-117.883835	13.208658	-40.218771
	-55.225789	41.458032	2.585972	-51.060677	-31.843834	74.088773	-57.435450	20.342905	-24.510515
	-12.266401	14.797788	31.131046	-40.805208	-32.578249	72.533064	-28.731720	3.766150	-31.260664
	38.824711	-28.929411	70.960921	-28.097210	-5.066261	64.569353	-4.879428	-0.280029	2.689890
	14.339170	-51.795499	51.013348	-4.237216	-1.231018	9.749240	14.973898	-8.149081	-0.871078
	23.768032	-43.987814	13.364358	0.910518	-27.407167	28.809684	21.192530	-0.471098	35.492610
	-3.358376	-27.145179	53.670832	8.826759	-20.383773	-7.357773	-6.534318	-22.930859	44.448515
	9.965816	-20.360998	45.109125	-52.116216	-2.903161	-2.258516	-15.025326	-27.579335	83.744490
	-26.338979	-34.470897	44.937314	-63.789796	-4.941723	-0.868290	-67.103692	-34.456842	45.971958
	-6.816032	-41.872457	70.021380	-123.572453	42.726551	4.825398	-32.468036	-60.521501	89.180801
	22.258459	-51.724117	87.924608	-134.715819	32.279024	14.715039	-29.328227	-65.521765	120.995238
	15.091288	-47.106146	83.917155	-82.079874	13.690690	18.048191	-7.742883	-47.366687	68.303703
	23.260807	-59.048429	67.313498	-66.442260	-4.308777	7.649882	9.654492	-42.343582	60.195595
	24.222482	-52.702054	55.523887	-28.977448	-13.150748	-5.444392	32.153927	-29.708807	25.926743
	62.227925	-81.928715	86.422965	-24.414305	18.787493	34.204921	69.472006	-27.517266	63.520391
	47.707295	-31.619200	59.195691	53.416789	10.337147	0.767002	66.554943	-11.510555	56.123739
	47.055853	-33.565229	88.327682	62.945413	28.837155	7.334002	68.012601	33.919705	58.849581
	42.301793	-41.034959	88.346268	49.415818	27.736526	47.342420	64.563337	-3.792136	80.472645
	68.249000	-24.310664	74.625582	49.258096	29.532781	23.400747	43.474437	-5.781206	71.492114
	46.809479	4.370178	62.694689	51.661475	39.984129	31.255779	59.399102	-4.442447	45.830249
	41.399038	10.018151	35.611219	42.614929	41.664961	-10.733450	77.971988	-18.600841	76.395484
	17.376825	10.772235	4.075047	20.000891	52.186727	-16.986266	50.371288	-13.527761	46.651965
	-22.209011	-3.053796	-0.107503	21.613479	37.963760	-26.738346	49.121168	-40.076455	23.990729
	-10.119785	-29.810935	-15.183224	10.147947	65.425504	-34.110860	23.445300	-22.693761	3.240624
	-21.836907	-52.273610	-15.481804	11.467176	5.898713	-16.060259	42.137739	-8.406119	3.997488
	-5.654203	-74.475015	-20.386638	-30.247645	19.165566	-12.663508	6.213976	-8.049092	-1.452642
	7.681808	-69.945696	-33.892837	-44.675885	14.496139	-3.331139	11.445582	3.213295	-18.908761
	3.475194	-14.176250	-51.040009	16.535648	7.639750	-3.326533	-15.818140	36.226506	-44.447856
	-39.036407	20.369726	-65.721924	28.328103	15.313557	-2.304593	-51.211510	45.944864	-48.881961
	-7.491916	28.101343	-44.488248	22.194891	23.959024	9.326542	-47.808729	46.070487	-37.961161
	-52.375775	58.659919	-65.705685	16.683152	32.067155	13.272114	-24.336824	23.313870	-31.741368
	-32.423484	87.888666	-32.565711	69.516100	32.804372	27.555423	-13.307715	26.249598	-38.522161
	-17.507436	86.008985	-50.654969	65.132308	2.210510	13.009827	-15.374297	30.731707	-49.065031
	-24.504275	69.358629	-51.127606	18.457622	8.781726	17.211648	-19.398501	3.537078	-109.241760
	-31.258925	50.427628	-39.292403	10.286324	-5.547112	27.271719	-42.982724	35.449627	-40.602133
	-30.363587	39.064348	-79.643754	-3.228439	2.735598	1.488795	-33.213849	36.111835	-54.094216
	-12.630117	19.965422	-78.896397	-1.975325	-15.602973	-15.901995	-63.041335	34.714206	-42.247693
	-15.561880	1.570599	-79.073698	22.503779	-21.143360	-22.502929	-33.175857	32.458766	-73.736382
	0.479158	-8.960700	-111.307981	27.001085	-37.686392	-18.251164	-21.644662	47.106447	-74.546824
	-17.275838	2.889301	-112.811717	39.038422	-11.090426	-33.182053	-15.313579	55.446584	-97.945719
	-58.663971	17.772661	-81.390701	46.602667	-39.857458	-22.290500	17.557159	48.962424	-73.791949
	-61.514294	15.871866	-55.637970	54.624699	-25.080419	-19.906715	-15.215711	49.343243	-62.804289
	-60.105206	27.871609	-34.135963	31.046634	-29.276391	22.281614	-36.242285	43.022465	-55.420973
	-51.741415	29.743903	-2.834566	-30.986301	-59.503537	34.770093	-65.695303	32.897821	-70.082916
	-28.569562	28.887538	14.171824	-54.592100	-83.331197	27.575671	-83.959266	27.148739	-58.699707
	-14.475706	18.520109	-10.516044	-53.873698	-91.722217	41.482878	-58.244342	37.888257	-29.544783
	-13.253881	-6.506077	26.087973	-33.858821	-72.205058	41.333514	-33.217596	37.585334	-21.056264
	45.189996	-32.251301	40.317922	-51.255279	-66.770702	29.563955	-12.799537	0.147193	-2.026536
	46.937600	-43.952900	78.590749	-67.339993	-26.760014	21.359078	-11.739485	-12.848475	5.653153
	24.645642	-32.743012	69.134281	29.231139	-36.204545	3.402321	24.030973	-26.681389	61.363561
	45.480909	-36.273425	50.479901	11.816246	-9.205869	-36.888580	43.926260	-14.865164	16.975051
	19.590045	-6.750315	12.086358	23.481744	7.688528	-40.870683	28.357961	-27.150262	-2.350813
	10.289938	9.205172	-1.817553	18.892790	-13.525610	-38.932114	4.168894	-17.412483	29.953045
	-13.489762	27.614785	-11.759807	37.512478	15.402102	-65.523162	13.719727	-11.028269	41.881100
	-21.053508	19.959951	-29.277016	19.567803	-5.175764	-21.628912	-6.080999	0.008063	5.441889
	-35.288796	16.073016	-36.026799	24.492490	-5.220948	-35.335051	8.853513	7.919950	27.450657
	-26.730180	19.449700	-14.441774	57.384153	-0.522225	-16.395029	19.759652	9.245160	-0.996918
	-67.786376	14.763844	-12.109246	44.269095	22.097335	-25.042667	2.060805	30.757933	16.127803
	-72.316361	12.912102	-9.923617	48.088261	-14.762061	-38.556015	-22.566415	23.696116	-33.307317
	-26.957634	-3.443323	9.377030	17.595605	-13.035388	1.229120	-24.898549	11.608655	-0.498506
	-14.276100	-3.505764	-21.595897	-10.238374	-25.774375	15.969764	-5.088839	20.092630	14.058653
	-31.102393	-12.989313	-5.171985	-59.001814	-27.440812	15.006067	-50.390285	-16.944174	36.674221
	11.490803	-16.569792	8.831860	-63.763641	-11.633275	-11.249768	-24.530449	-27.706490	34.979275
	-9.555644	-12.387887	28.494246	-111.610616	-28.549169	-7.471012	-29.521815	-22.837686	7.760646
	46.505863	-38.663091	19.593794	-132.790823	-21.608845	-11.155007	-6.417940	-54.082859	-1.605640
	-8.703476	-63.854649	11.173031	-91.856185	-23.466373	-3.369521	-44.773593	-31.336860	3.234996
	-0.754382	-67.510978	-30.232460	-63.036853	-0.801176	-11.834798	-18.155748	-12.004852	-31.229158
	9.360461	-65.529740	-57.576765	-39.896411	-8.658671	-18.334439	26.838761	-7.958656	-35.571858
	7.359684	-83.314104	-68.365676	-10.808553	-13.868763	-31.689285	44.225654	-15.241703	-70.411475
	5.895049	-62.658125	-37.053179	7.702727	-30.567625	-23.889632	-6.915822	5.963154	-49.737318
	-9.582589	-36.929026	-54.157919	-7.773871	-28.950623	-15.944928	-20.669910	7.730215	-30.134418
	23.122962	-25.260583	-37.280053	-4.094980	43.663706	0.589747	37.146389	-8.281681	-1.930141
	-37.842123	-19.832982	-36.972665	-37.162845	49.036371	-1.700828	23.894102	-17.339731	8.602823
	-15.256137	-3.408333	-19.023985	-41.896315	36.313695	25.979050	7.002874	-39.237528	0.021864
	19.164344	0.655909	0.202801	-29.736243	25.657278	46.850000	20.669364	-36.932226	27.014511
	0.094208	-12.564990	-7.147519	-57.302790	5.355246	38.654877	-9.489679	-42.908764	-33.724071
	0.713756	-2.672698	10.187618	-24.371629	-25.969245	30.138688	-1.012690	-12.641654	-64.190126
	-4.591683	-12.352432	-41.517758	-47.570637	-53.209545	1.706662	-3.084584	-3.683520	-72.518007
	13.757752	-16.653449	-14.907847	-23.802907	-50.548003	1.888036	2.244187	-12.562550	-33.484906
	21.722424	-37.975772	2.014132	0.995116	-38.196218	-18.948721	24.168300	-0.664569	-14.062816
	37.273190	-30.880067	35.663172	0.327997	13.244589	-14.780657	36.030162	-22.473740	42.444066
	31.124747	-57.312336	13.431217	15.140042	10.721989	-24.666586	44.800336	-23.947582	51.745497
	4.764506	-39.819496	-23.741444	49.464230	12.828460	-40.538570	56.655730	-10.010989	18.738120
	6.735195	-20.647148	-61.826328	68.621434	39.827168	-36.536961	80.305544	6.177824	27.642545
	-44.635917	-0.988016	-92.886796	90.038012	67.955648	-46.516697	38.659955	24.704432	6.253333
	-28.138575	-3.207199	-73.798244	99.997786	80.260028	-59.575924	45.802576	20.581974	-10.494247
	-34.618555	12.435714	-84.253782	113.065027	83.605187	-50.609244	28.390686	64.298603	-19.636506
	-23.590670	45.165780	-49.324106	127.718616	66.070733	-52.501250	45.752854	70.112693	-9.773333
	-30.111633	55.364674	-44.249690	167.637920	15.632419	-55.689464	51.746095	88.221332	-32.172248
	3.143426	55.731620	-33.866952	163.203519	-1.778747	-41.052143	58.074473	62.065088	-11.918584
	-10.328194	69.650456	4.496867	135.441023	-1.611026	-37.892296	50.234378	44.463407	-17.973926
	-1.813846	51.180922	-3.546485	145.817916	7.814895	-11.191657	55.638170	62.035981	18.582509
	-34.585544	57.148271	25.057779	78.662205	-39.029415	11.409261	37.959612	37.298460	8.852641
	21.452037	47.186559	16.433657	41.166983	-25.003068	1.406288	52.736896	-6.489045	10.422641
	22.104630	29.957211	35.887470	15.916496	-41.522847	15.145020	34.367518	-35.986646	36.621742
	2.846001	42.089994	40.576612	40.765861	2.300803	17.252538	34.190941	11.876826	11.119959
	5.551824	24.477622	31.923402	13.051004	23.364341	-7.621317	25.501414	-20.755888	29.101326
	-25.833716	21.955842	19.576939	36.133357	19.765436	-2.681907	18.762017	22.194660	-9.624545
	13.453242	-2.205484	30.806980	19.637298	18.051261	14.449955	54.749854	54.556216	4.827030
	15.502605	-22.475480	34.015720	-4.003032	9.947559	37.108698	-0.506087	47.974776	-25.163626
	15.838273	-41.727321	22.862279	-0.995820	-68.880109	69.230978	-20.692728	72.839319	-30.734509
	-0.115126	-35.682298	20.703272	3.094680	-65.085473	77.923897	-11.582568	36.139458	-22.511114
	7.746222	-8.258953	-5.639761	4.803642	-47.373789	48.512092	21.143864	20.013555	21.593058
	0.585223	17.547173	-4.631094	36.338347	-15.444603	22.134591	32.032737	26.199215	21.379105
	-15.571788	48.865193	-12.869919	62.395374	15.573221	-33.515144	46.123391	-13.196491	36.514980
	-8.050917	66.860106	-40.587768	32.793182	34.183241	-53.912797	37.890960	10.124764	3.755678
	-25.990615	88.943784	-32.684964	41.817588	35.203295	-46.977068	23.719262	4.639260	3.299671
	-8.330603	87.520462	22.798465	84.430916	50.006454	-41.656905	15.183996	23.973631	45.203578
	-10.232776	90.487767	11.354289	60.478497	54.853365	-24.179491	-3.947312	26.293535	10.066714
	-23.236349	70.626272	8.533679	20.793851	37.971432	-18.947477	-48.198894	25.104514	9.699166
	0.735878	61.360789	26.343221	-6.935913	46.793119	2.515041	-46.093388	-7.594636	18.548295
	-25.282753	61.311455	39.329339	-40.107112	45.019863	18.263464	-51.336669	-6.982609	10.681996
	-5.526072	47.313798	15.345716	-38.402716	33.474623	-3.665756	-41.191581	-38.947672	13.459054
	-6.809155	11.721802	-16.541017	-88.088965	6.317850	-0.119765	-74.866533	-39.404101	1.282671
	-9.581857	-5.522816	-4.063692	-81.822929	-5.547427	-9.118476	-30.260971	-35.262723	0.610590
	-4.559095	-1.826023	-29.423543	-54.850948	-10.226177	-21.253040	-8.059832	-4.003661	5.976451
	-13.856958	-15.328606	4.916397	-1.009607	25.010155	-5.645359	-28.250224	-36.397283	14.484855
	-26.477120	-35.074750	8.999283	-14.878931	-10.328085	2.301723	-25.790906	-11.971076	4.524272
	-8.407987	-13.457679	-1.521848	-19.315723	6.030631	15.551564	-32.496862	-9.137508	42.560363
	7.905613	-5.841894	9.545005	-25.182532	24.719930	45.014728	-44.667090	-15.414790	-14.504427
	-20.743748	5.492597	26.230128	-10.551520	11.578874	32.984043	-13.853744	-8.875267	-33.176517
	-12.918162	5.592232	-15.698452	-54.497163	-11.900612	47.621112	-27.191482	-17.063723	-36.891047
	51.919548	-12.512939	-14.390152	-45.244950	-33.820696	23.387902	-25.969706	-20.489214	-18.840447
	34.895095	-0.412664	-27.985657	-1.787413	-21.071995	-10.086913	-5.310655	-0.719441	-23.471823
	34.563544	19.832663	-29.352619	25.221245	45.520841	-51.586359	25.315937	-24.027130	14.500505
	14.819141	22.910860	-47.277025	33.968851	13.867863	-58.768659	58.842709	-22.592281	22.362913
	42.503344	24.177788	-44.907357	60.343307	32.400116	-57.907812	63.483975	8.691289	32.323518
	-15.483218	57.489512	-35.483681	47.503102	94.181849	-34.560231	25.455256	18.121299	-10.520579
	-38.273657	73.477240	-54.166293	79.579110	39.266189	-30.125073	21.819181	12.664477	-23.376501
	-81.354934	64.438717	-80.035021	77.394244	0.204541	-17.383385	-36.199583	26.377700	-73.908346
	-42.096148	71.045821	-61.949667	10.908619	-76.041586	-1.858772	-83.369382	23.226772	-100.725961
	-72.849768	53.562873	-48.760712	-5.453676	-78.631121	15.776886	-105.406538	23.115924	-82.184308
	-16.599915	14.920033	23.442074	-40.719173	-98.279188	33.608233	-45.528723	-3.641366	-15.343418
	-6.238713	-4.183781	23.643007	-66.393543	-91.068197	37.104514	-58.661767	-9.234974	-40.498111
	16.768954	-21.902824	30.641897	-60.751048	-94.407432	57.258906	-40.828849	14.927758	-24.654608
	17.153693	-34.322230	41.104682	-28.582714	-67.965967	76.290176	-34.100784	12.380422	-13.042073
	56.451403	-38.880220	42.522626	-20.581879	-60.497242	51.944522	-22.682184	24.359808	-10.197958
	58.110149	-28.430838	6.321862	7.567894	4.697367	15.908164	23.735399	4.524569	12.746638
	14.284110	-40.786357	-10.605461	-11.277860	-3.046241	-15.847425	10.818102	-21.064516	26.821109
	10.327163	-31.280753	-12.297299	7.965606	18.769406	-35.488544	36.196110	-9.233714	16.868445
	10.768985	-7.100993	-7.008522	-13.278784	41.335998	-21.491128	40.674547	-15.592546	32.828490
	-15.243888	3.620006	11.293151	-35.237193	24.288904	-14.669630	-13.811929	-13.304580	-1.515135
	-49.806836	5.430670	-7.606696	-44.882637	-12.451905	-8.970194	-31.141028	-30.614981	0.910952
	-29.397257	-7.361452	11.207630	-62.389886	-4.647974	-6.176195	-50.462772	-19.696587	8.326724
	-14.741555	-10.096253	23.928451	-59.107770	-13.883900	13.843091	-30.590979	-5.827806	27.429670
	16.064747	4.982435	31.974242	-9.901254	22.025689	-19.142978	-1.929486	-3.064506	1.200455
	22.299992	-6.624744	26.213023	-2.891415	20.644960	-39.235735	22.005124	7.850278	39.068886
	15.546535	-37.619330	37.098878	21.158141	21.603315	-40.532827	35.821335	-9.436140	38.422366
	33.334327	-19.528185	22.541409	35.692146	18.852146	-35.228483	48.845735	-15.909616	30.243143
	-8.510649	-12.710716	45.503546	12.582089	31.121031	-36.094882	58.850175	9.662128	3.823526
	42.981019	-5.470875	39.682083	51.214314	23.431518	-28.766454	65.404740	-5.898883	37.462337
	23.344684	-33.136277	13.568922	-8.792446	6.154149	-14.298368	24.174769	-31.722688	44.319016
	21.071260	-25.171922	38.873953	-41.491219	18.309481	-3.830220	26.901459	-48.450858	26.635398
	11.210851	-27.415414	33.598648	-44.904467	4.506084	4.871940	-13.565026	-21.543191	23.726834
	16.706103	-6.598902	3.405326	-17.044527	41.036154	-11.941320	4.697903	-21.946919	40.968510
	-1.527552	-9.580783	13.390647	-3.509426	34.211389	1.308705	-8.595150	-23.911472	31.231793
	5.113789	17.228165	8.856467	11.019414	24.665695	-9.807356	-1.083574	-31.747293	17.074073
	2.546343	40.659150	5.926304	45.015090	30.585258	-15.312263	29.710341	-10.110805	-2.148119
	3.046288	44.010405	-35.177189	27.686106	17.073726	15.113593	-1.816948	-3.923324	-34.324104
	-21.927366	42.508399	-21.109696	21.138309	-33.583313	10.050602	-38.808101	11.626806	-61.906888
	-21.065585	32.235566	-37.033173	16.807625	-24.398816	15.937773	-40.567453	22.264003	-57.925122
	-27.006486	42.802444	-28.484807	19.442693	-63.498702	3.575853	-57.983524	14.404123	-80.890908
	11.737658	56.331888	3.946996	49.335344	-45.264818	7.029463	-20.188762	20.733616	-12.526050
	-23.477848	45.826322	-55.854601	17.912606	-69.546309	1.395308	-41.781058	32.185348	-47.723506
	-7.151655	62.008582	-73.425389	27.029070	-29.271108	-16.673052	-12.491503	18.027047	-40.020655
	-54.219534	78.161488	-94.272632	42.406838	-27.720268	-26.698099	-0.322265	38.568630	-65.173562
	-44.355947	115.486888	-71.008683	123.983498	-0.028257	6.656077	17.767211	51.629481	-46.252244
	-70.338082	106.364109	-41.294939	91.951727	-5.929125	7.808831	-35.018492	87.766688	-64.149890
	-27.526742	70.971454	-14.743125	26.833791	-28.107371	21.263200	-67.133865	67.528575	-38.781432
	0.495436	44.587394	-4.407403	-3.338100	-24.077533	2.623377	-59.498147	29.994130	-55.870364
	15.957483	30.193335	7.293114	-35.874524	-39.154565	34.310743	-25.857221	38.828349	-2.220272
	10.761959	4.350992	64.796586	-46.426759	-16.652095	21.383751	-16.993353	1.398269	-12.428220
	37.123051	-24.919759	46.540541	-25.824234	-22.232456	15.101722	-1.565959	-8.103917	29.223406
	-18.224018	-48.811516	21.285940	-42.782245	2.853587	1.586775	-11.871891	4.210495	20.980941
	1.075618	-66.241366	16.005774	-34.231000	15.837355	1.665589	25.302515	-10.835384	47.475592
	24.751533	-65.533501	36.065323	-5.006551	20.058869	4.517140	35.728095	-36.163436	32.705781
	39.203916	-84.500803	25.072621	-14.061587	1.657677	-7.679988	49.331535	-10.067381	11.053762
	-4.040960	-73.531520	-18.111014	-14.819895	-31.331336	-19.014393	1.170861	2.033635	-34.952482
	-26.544809	-33.573175	-43.836939	-9.744746	-19.907966	-53.465685	-14.695920	14.323922	-54.114811
	-10.779750	-28.923639	-67.156398	-13.330838	-30.710150	-43.122991	-27.284202	13.571861	-47.573992
	-23.137547	-13.360328	-62.841712	-36.411658	-23.534583	-25.022959	-43.069268	1.281545	-26.759345
	-10.759454	11.124454	-57.598223	9.060411	-24.847835	-10.444751	-60.224864	-10.614085	-43.438768
	-14.075604	3.554897	-42.637487	27.458822	10.618806	-6.566738	-23.631804	22.521977	-25.904892
	4.228191	-27.586484	-52.720138	18.189450	5.170710	-19.389503	15.383011	4.544055	-40.779150
	26.216363	-53.282520	2.572326	28.254421	23.961518	23.908886	9.069148	0.831253	-22.377149
	8.894117	-65.448743	32.248813	-2.234222	7.040725	39.890458	-29.066729	12.092720	-25.562126
	29.092360	-47.463322	6.013817	-10.183245	-42.192737	58.590680	-30.507699	14.832286	-32.847875
	13.398138	-44.233633	49.724971	-38.768931	-40.515421	67.012719	-43.905525	3.880516	-18.418588
	-16.466254	-29.213566	15.403385	-43.806701	-60.150847	72.951322	-54.438889	8.029432	-19.464952
	-15.853401	-15.928375	60.542797	-24.700435	-65.839449	127.943454	-31.784083	24.138303	-20.738893
	-19.782711	-4.772609	27.191264	-55.451524	-91.183141	80.847280	-38.307913	-1.271245	-25.934319
	27.712964	-14.191012	16.362115	-31.659089	-83.282275	22.349435	-4.024397	-27.909639	-16.856334
	-8.076627	1.854430	-45.433837	-15.267103	-54.710875	-42.770772	-7.645594	-32.609200	4.062703
	-32.321295	22.717690	-67.311460	34.583881	14.640710	-93.947876	39.469054	-7.461844	1.779871
	-37.715137	21.363891	-114.173629	14.753786	18.429118	-151.454896	30.838065	-7.479984	-25.580106
	-13.270389	-1.843568	-91.709269	28.712812	32.753198	-97.823132	16.949615	7.596127	-52.861270
	-97.239984	-18.696245	-52.989859	53.702267	-32.750597	-52.532066	-39.978377	22.680941	-120.004046
	-36.658142	-25.222844	-73.822027	24.004315	-44.721358	-13.346709	-42.397313	51.757263	-116.546939
	-21.376190	-14.907563	-47.901246	10.863530	-43.397451	-10.590058	-37.359782	24.005154	-56.489570
	-15.426907	-3.176664	-21.486351	-27.691801	-43.042599	-3.097506	-41.982125	25.975445	-57.427623
	10.044002	4.075967	0.883217	-21.368078	-21.597952	22.799671	-16.408797	38.184612	3.051764
	37.350313	2.536131	55.708911	-28.369488	-17.602296	14.155871	-0.948723	12.160801	8.628752
	57.804851	9.850346	40.257679	48.745842	10.996081	4.891866	52.996199	-8.531530	42.472517
	63.552884	3.212151	21.450092	40.363580	29.181584	-23.971399	67.011886	-9.867763	45.849537
	57.264264	18.090017	31.276746	28.480501	90.014573	-30.137724	85.086272	-45.785785	83.975844
	17.521686	35.071724	-4.927643	46.933193	96.789369	-43.202204	84.323185	-38.715987	69.140162
	1.387719	19.182441	-6.849973	16.698020	73.730515	-42.519188	54.085605	-22.548346	63.284947
	1.806079	8.798781	11.524477	-15.088880	81.757230	-46.542007	20.626768	-13.562545	31.792416
	11.375682	-15.211032	51.899042	-55.484838	59.922714	-18.985419	-12.965425	-76.419513	62.718688
	31.133927	-32.151557	59.492249	-68.598617	29.335327	0.462402	5.797126	-65.576772	29.222981
	31.962157	-49.808451	56.366862	-97.619537	34.113756	11.169132	-0.400097	-81.238879	48.142975
	26.595924	-55.077545	87.173917	-93.741372	46.305340	12.254865	-19.938573	-71.584425	94.324536
	59.097897	-62.089465	78.504849	-83.118326	58.199631	47.394790	-6.606762	-93.293191	86.052766
	60.118697	-42.191876	94.350534	-58.848489	46.610304	31.166578	14.689942	-47.115565	102.631489
	43.224184	-32.185291	47.236388	-43.646247	57.415902	-1.869094	19.148901	-51.086735	81.107002
	14.862277	-0.776676	42.076437	9.203713	80.025842	-31.595571	94.901209	-28.508718	53.722194
	21.283914	5.040732	-41.923217	-0.366630	67.828566	-45.789210	79.004128	-34.346163	66.172431
	21.814191	19.404536	-15.024036	-12.564730	47.089012	-33.289925	31.320670	-11.782978	44.376427
	6.186883	8.246277	-19.060613	-44.736894	61.029623	-4.535608	10.181092	-39.812495	28.446992
	-1.933613	-3.920398	-6.114029	-83.601120	25.718530	13.924745	-39.859398	-68.185294	17.088931
	-51.350990	-0.824539	-2.240148	-89.671626	-0.617519	36.298381	-87.152580	-40.732110	3.292924
	-4.728932	-27.775889	-0.532254	-97.461588	-24.343880	24.882753	-89.387066	-35.044957	-5.433963
	-9.534592	-37.441140	3.347075	-89.135524	-45.361258	51.917365	-76.318536	3.550349	-1.551416
	6.759862	-32.623510	24.724064	-49.191999	-47.621380	31.920994	-60.454813	20.129714	-18.112882
	28.878454	-30.767531	44.935766	-19.682458	-19.298751	20.564409	-28.655615	21.216755	14.459511
	31.595964	-33.489073	-21.264698	-12.348055	-17.053957	3.396666	14.144945	-8.097532	-23.026179
	-1.151654	-20.406185	-28.298219	23.937935	-18.616063	-37.199289	1.732127	-1.783810	-7.531007
	-10.850454	-2.193616	-29.141213	-35.397510	-17.275498	-4.665104	-11.126562	-15.848188	-55.993866
	-9.572480	4.635522	-25.629021	12.619951	-28.293911	14.175493	-24.524647	-9.016462	-26.395927
	-8.706485	-15.852232	-9.867252	-33.261551	-23.790871	16.232642	-25.706898	-33.815624	-15.078997
	-18.977423	-27.210545	-16.892293	-37.194219	-24.878937	17.572339	-16.714185	-28.203838	-18.548588
	0.295928	-25.524433	-1.954995	10.674440	-4.581608	-4.662958	-10.660917	-6.186815	-32.614576
	0.401228	-38.815645	48.815278	-0.350175	-9.357449	12.029555	22.996984	-15.633454	14.239520
	22.759184	-28.604252	73.060653	18.598895	8.540903	1.821301	32.194982	-22.732732	34.046299
	43.547799	-37.811926	64.933192	22.394379	19.441362	0.927009	51.276589	-12.091377	89.676980
	30.594420	-9.010194	66.459516	34.426115	14.274934	10.062867	46.074340	20.290028	20.093554
	-15.817906	-20.665171	43.153584	10.685740	14.667715	2.741093	22.953595	15.475008	28.155904
	2.120413	-7.588942	39.394380	44.661383	31.036434	1.852870	59.583594	39.767938	21.228725
	14.547659	-7.859062	30.563039	4.535092	5.583171	16.873098	12.019729	23.315108	31.232283
	57.828291	6.382753	6.878582	37.675144	34.157978	0.013061	43.512037	17.706334	5.503261
	24.033601	12.483559	-17.175114	4.453416	32.198913	3.068916	20.979288	4.611410	36.816071
	35.103002	17.271548	-18.431049	53.070830	26.742222	-26.645589	69.880006	-6.168489	24.728629
	62.875485	28.259068	4.498014	90.999239	50.962201	-23.477217	88.303744	-1.370351	42.453903
	30.185145	34.812054	35.099719	89.188052	56.548661	-16.084890	116.053169	-12.694056	68.274268
	18.907865	37.148741	-1.711894	84.482899	47.087802	-25.765135	85.102321	-4.416314	42.953996
	0.511918	34.176539	37.669558	65.588115	41.286311	5.215167	66.653629	-15.345823	61.584082
	-5.571110	28.836510	50.824850	33.283740	51.997574	16.418825	11.871865	15.996820	71.730358
	-27.270465	34.041218	41.720367	20.769615	31.246667	24.025538	5.692119	8.886026	36.018030
	-38.536117	21.920158	37.260591	21.117815	3.711964	34.870095	-3.035266	29.685846	1.811223
	-51.782523	15.149834	21.538894	10.545254	-0.694555	9.145614	-12.274836	22.135507	-26.111171
	-6.807321	-4.084924	9.495186	1.427697	-33.658396	44.790314	-20.936681	21.508855	-15.833585
	-43.959388	7.686462	2.263987	-4.942473	-68.679501	35.840030	-38.199765	61.527965	-40.615775
	-36.762060	11.956189	-26.413704	-14.714142	-57.382492	34.171294	-44.309989	51.857093	-51.933347
	-3.244886	36.835074	-16.633612	-13.653932	-23.655482	56.337902	-59.676092	38.348442	-28.860820
	-22.508632	40.850543	-47.654370	-51.988498	1.861114	34.606477	-24.260950	42.454835	-70.995179
	-18.096374	64.287452	-28.509930	-29.765539	3.199322	25.226168	-39.760547	38.062390	-48.191251
	-27.167192	55.083573	-24.902061	24.292165	1.527070	37.002556	-48.155778	106.151287	-27.521584
	-56.455932	76.648097	-41.086634	90.070558	-11.573889	-6.186477	-26.851793	70.229693	-45.205950
	-15.897917	35.633115	-25.120780	41.911681	-6.464162	-12.841997	-0.918496	46.149994	-46.713716
	-50.421230	42.256991	-76.542225	-7.506450	-14.378008	3.624766	-75.336717	46.921425	-86.413608
	-39.322539	34.175857	9.097263	1.102738	-27.988764	37.041185	-43.570154	35.528337	-47.968776
	-19.668358	41.743329	7.710083	9.668807	8.011217	29.112721	-25.515767	24.395217	26.180288
	-67.816129	40.164105	7.182967	42.760225	-31.327704	31.938997	-67.925376	54.704010	-28.432221
	-42.637635	24.560277	3.499104	45.787287	-12.349700	43.113175	-33.034025	41.352821	-7.560526
	-8.955482	23.270791	-21.212587	-10.200345	-54.278845	52.224976	-63.706187	41.352263	-25.127278
	16.875055	14.781523	2.647521	48.288547	-9.400751	59.892964	33.234279	8.444340	18.234395
	31.889023	31.822909	53.590019	89.604425	-9.168535	13.833233	91.577454	-2.242985	49.493416
	58.053863	7.656813	58.293569	80.281702	47.098961	-10.872770	77.731798	12.935528	57.956410
	54.084341	24.863929	27.490671	68.109795	72.330551	-12.443620	121.900550	-12.937218	57.799034
	52.673324	-24.515107	11.180706	2.562926	67.935185	-24.821887	66.030877	-47.256288	35.081299
	23.832195	-24.618952	13.393113	21.226237	63.133853	-36.209500	77.533585	-60.070788	29.157077
	13.641521	-54.540506	1.813683	-35.404975	37.038824	-2.035299	21.692520	-19.432091	17.150127
	29.266916	-60.179434	12.323062	-85.165295	36.574228	25.160929	2.504782	-81.665310	51.311238
	-10.784381	-66.310881	-26.370767	-125.924346	-25.677455	-12.253918	-65.408909	-39.647144	-7.874096
	-31.089799	-51.182410	-57.684835	-90.194619	-32.022613	-46.087586	-61.130270	-36.205586	-70.496831
	-42.040919	-18.618479	-95.059270	-60.397545	-32.623016	-70.999436	-35.906840	-41.004040	-56.509967
	-35.281597	5.608415	-92.014718	12.922946	-15.058432	-107.965349	16.752660	-33.762512	-32.224844
	-23.491774	44.023456	-70.601582	33.958056	-20.316871	-150.874536	41.099656	-16.512495	-51.537252
	-28.213722	63.051385	-11.031017	78.995165	-25.543176	-77.443243	17.213022	0.001539	23.249913
	16.058168	68.311380	3.963664	73.371126	-8.255339	-31.632312	21.135031	9.387933	-3.316080
	-6.053641	40.007670	28.658686	56.644956	-6.383365	6.856020	-6.452326	-17.222529	37.921684
	37.984578	14.256345	17.284845	39.253158	-22.184721	48.700258	24.800492	-29.188696	66.067907
	48.914235	-16.565427	13.341785	21.068619	52.062620	22.450124	51.002354	-24.794720	55.669357
	70.155031	-42.725742	-25.729174	-5.781767	71.507845	41.493156	81.127256	-37.714111	65.325392
	43.660356	-49.900652	-17.730014	1.312840	36.486168	-16.292562	59.514857	-22.471045	28.919521
	17.474783	-37.262633	-41.272938	-15.996844	73.826352	-27.680687	51.811845	-26.146039	48.486828
	24.730848	-14.665737	-5.788556	-43.589789	69.579988	-31.689358	5.988482	-41.624762	61.303049
	4.954597	1.981874	19.864903	-59.417099	67.510528	-34.377476	-16.159265	-32.658131	67.226208
	-10.523052	2.546871	40.191895	-69.177392	58.669330	-20.181255	-42.851001	-20.810637	47.009213
	-33.802731	-11.917492	43.919967	-70.391151	14.433749	-32.588206	-49.748431	-53.132638	-15.644672
	-25.298259	-17.663481	36.811286	-61.182540	-20.396836	-38.926788	14.967772	-42.782808	21.633786
	-40.895503	-24.717219	39.107574	-67.814980	-8.767175	-5.845455	-35.528149	-14.359361	17.265471
	-46.649818	-34.755143	14.510460	-74.769480	-31.762300	2.977627	-36.249992	0.027854	17.538846
	-24.720781	-30.328097	7.289948	-59.653628	-59.716064	9.183434	-60.555245	4.848416	-25.407998
	-43.209230	3.492692	20.002268	-55.539141	-84.419020	24.729533	-91.020030	23.931671	-44.989696
	-28.372621	-8.308007	8.106099	-81.663772	-74.953772	26.132017	-94.826348	4.627483	-44.944761
	-5.427243	-14.078742	17.688860	-91.036913	-83.721532	51.818179	-84.538994	-7.145210	-33.491896
	4.354769	-25.600436	-6.044950	-63.766922	-118.428491	52.901961	-106.164187	-1.137063	-49.723066
	27.361160	-43.186587	-32.347333	-62.413842	-82.209649	28.611990	-44.910564	-7.898392	-42.463572
	14.256258	-76.830118	5.494179	-16.543741	-37.502171	11.755943	-29.291641	-10.981170	-23.005296
	31.560098	-65.175254	61.996042	-11.527666	-11.367955	-11.640379	38.713634	-13.120026	39.014940
	61.071324	-43.981263	65.503502	0.121621	32.443507	3.934467	61.272496	-6.077039	52.753854
	10.280494	-23.212920	57.942674	45.542317	37.908906	-5.218097	53.663126	-9.415874	46.151021
	-28.484818	1.822625	26.049172	9.609775	1.725192	12.793490	9.188915	7.573390	22.410129
	-25.518456	2.113383	45.255088	-35.737266	-17.417835	15.864293	-23.512807	9.645507	21.413396
	-32.018677	23.140542	10.391695	-30.624085	-29.658362	30.718136	-62.626393	25.123347	-1.997213
	19.773723	20.765455	50.296569	-18.361832	-47.379427	53.493101	-28.348404	34.074856	-23.055026
	3.898439	-11.489206	38.949351	-21.482805	-15.924400	32.465896	-34.300338	31.401564	6.947813
	31.433752	-30.088982	22.833665	-18.434024	-47.231461	20.316168	-21.530166	-10.141840	31.370523
	28.444565	-14.874295	-9.352552	-10.851270	17.383158	5.154743	26.519513	-29.203323	37.844711
	8.514816	-12.254207	-5.781456	-3.024143	34.261509	-29.935881	35.559962	-32.336936	-0.205820
	3.213873	-4.924612	-31.326105	13.569958	59.468049	-10.936555	53.820946	-45.449776	8.168563
	-62.273573	11.700656	-43.395840	-12.614280	19.660660	-34.365071	-35.115305	-30.575873	0.658489
	-66.216420	17.121434	-37.641047	-47.208197	-17.479165	-22.858822	-57.023810	-12.396023	-19.878876
	-29.715602	22.035076	9.661559	-49.834771	-32.337411	-18.159645	-110.600736	-22.698654	-15.804495
	-22.261100	-3.193143	-6.168865	-88.828528	-57.739633	0.707971	-85.116807	-26.708096	-22.010614
	-26.461577	-13.378826	1.321223	-60.660351	-28.927277	4.260383	-62.968933	-17.615576	-16.945030
	17.367079	-10.203639	2.428901	-23.757934	-27.509997	-5.674981	-9.750590	16.085317	-4.504692
	43.109820	-30.032891	41.712797	-13.939968	-0.344125	9.387104	19.133119	-0.853831	17.619017
	63.651132	-27.291098	-6.235407	34.027633	37.332924	-40.607674	61.539452	6.994013	50.878145
	39.337777	-32.318282	-17.370944	66.931281	31.219355	-26.003057	84.091548	-27.172785	48.899810
	19.008424	-9.215575	-11.983178	33.098330	29.181855	-17.311764	50.142211	0.010080	0.606848
	-7.151671	-19.015705	-29.067719	7.412262	7.052225	-17.394535	32.299489	-27.033633	22.401923
	-3.509214	-42.675676	-61.655815	-1.365191	-10.219099	-16.866433	28.851393	9.620074	-35.473909
	-3.030887	-38.571909	-94.768527	-14.826456	-5.674450	-32.005574	30.406564	-12.130504	-42.650442
	-5.326509	-61.375396	-80.042327	-20.132877	-15.195466	-31.348556	7.671063	31.508556	-71.152033
	5.211565	-46.411127	-50.309264	12.167589	8.975872	-22.454824	17.228647	47.273195	-79.511315
	-10.461120	-47.693465	-39.975682	10.105355	0.900653	-17.155218	-5.398029	51.952758	-70.607706
	0.428529	-33.808127	-20.861559	42.874508	-12.579843	-3.334926	2.316418	54.964831	-84.411707
	9.914249	-39.187593	-9.543772	36.656122	-39.363238	46.294386	-6.374344	24.465152	-70.362927
	-11.323709	-29.987364	1.077738	21.268504	-55.951454	44.379611	-25.042949	15.405272	-80.912646
	15.674742	-12.559078	-21.033458	-1.221321	-85.115725	29.742640	-24.422678	2.061162	-87.067470
	5.555213	-3.535806	-9.545243	-14.520568	-69.296973	28.200602	-26.301904	8.676952	-67.937204
	8.899217	17.371006	18.068797	-28.454502	-44.440053	33.809523	-46.761030	9.294673	-30.595515
	21.711734	20.602657	-28.109576	-39.766765	14.828397	-4.810588	-30.679048	-14.538792	-3.881130
	4.027946	28.208296	-30.342196	-45.176503	15.049634	-31.384867	-49.813416	-2.352575	-17.512994
	-41.857683	29.907444	-45.821325	-47.127864	9.436237	11.776645	-73.681814	2.895051	-39.697650
	-39.149366	12.503675	-8.748807	-46.494259	36.048486	-12.987574	-56.208070	2.131244	-8.873588
	-39.252416	-0.783019	9.596290	-63.441139	15.280931	11.003144	-78.801435	13.339499	-17.789823
	-27.350958	3.223227	-5.595562	-64.729965	56.023264	32.138871	-29.809963	-13.509057	9.925885
	-2.102040	9.196286	44.789036	-64.012173	38.866235	23.589779	-22.344388	16.833918	-9.080602
	-4.748500	-3.299062	32.073557	19.495413	33.490370	50.168341	1.100216	25.109235	50.134088
	-11.833714	-11.297157	28.604644	21.655786	29.575981	28.130091	17.275683	-1.294682	30.692223
	40.916121	7.271829	57.406601	40.550817	23.318766	60.494996	30.235866	36.617643	21.987627
	31.946761	6.268634	45.950849	20.033092	-7.587075	69.444009	28.618724	-3.129234	13.427555
	57.788728	22.910712	67.277331	36.406178	0.538257	67.667198	8.955070	-1.040806	41.517930
	37.821052	35.753200	60.822899	64.839825	11.339667	30.107160	45.641085	5.358847	28.449364
	22.074357	39.819082	25.910843	72.577775	29.728552	-18.903602	76.068191	2.792173	27.936649
	-2.705015	33.082298	18.390172	71.846641	72.961647	-41.213872	74.429319	-26.328011	55.555669
	11.211762	15.463413	-24.347726	56.488273	76.232925	-80.063626	39.788790	21.588658	41.438892
	-29.479625	8.390711	-24.638760	31.976934	123.861210	-96.536523	29.884688	-15.218468	55.530432
	-40.696224	-0.293185	-53.310096	34.326781	93.837220	-93.768445	54.179633	-22.844696	43.791752
	-22.263690	-0.597986	-62.749494	9.962914	79.722367	-59.574554	30.666017	-10.954099	-1.384918
	-20.506945	7.140847	-38.819742	13.435351	51.163203	-101.903434	34.354567	-1.320401	-19.368647
	-6.185655	21.529488	15.830657	-0.186465	37.985406	-27.953568	9.733548	-2.221419	-10.529331
	2.119135	27.940237	3.949918	47.561227	36.006952	-40.295686	44.271342	0.359399	25.363345
	-2.267571	30.656844	-7.332390	69.968005	-2.633099	-51.123222	35.633453	-9.322363	9.618414
	5.589745	-1.508244	-27.753841	42.248039	-1.203828	-49.732389	53.235476	-44.270552	33.376440
	-15.717641	22.475493	-28.212257	10.305783	-0.736190	-24.663442	20.939327	-19.473343	17.368460
	-1.060558	24.654452	-20.985383	38.191946	7.295413	-16.539253	29.136294	-25.862776	-10.784889
	-5.066952	31.942955	17.399042	19.866133	9.299182	11.019681	9.027746	-8.229036	0.420171
	-6.511591	23.607026	4.580635	25.073686	26.255942	13.943160	5.371933	0.701307	-13.775103
	-13.317671	41.412980	-23.873193	36.516406	10.126263	9.024789	-18.917347	-5.424699	-31.057763
	16.706714	24.262517	-20.686968	12.964588	29.705343	24.631124	-44.819540	13.657687	-52.600895
	6.191877	2.787671	-36.162591	2.045495	-23.032088	26.245255	-25.858328	3.739838	-41.050961
	31.870286	-25.573124	-40.603455	-28.876977	-72.119803	37.433026	-47.968192	-18.767736	-74.462530
	16.925091	-55.362995	-1.643459	-73.191347	-98.735545	41.495481	-50.075283	-2.138458	-36.417696
	-0.721167	-51.311799	14.462591	-59.713239	-95.101026	52.557480	-23.178777	-12.565522	-23.334583
	-19.375189	-41.428182	29.468800	-64.436275	-99.713000	53.364943	-44.352466	4.767989	-8.985663
	-39.924940	-36.954834	-2.052291	-63.343286	-79.245896	25.714480	-42.069920	2.491845	-34.418218
	-27.772524	-7.765487	0.876595	-49.120010	-71.453391	8.103151	-41.015631	14.036292	-25.068487
	-44.805459	-13.186086	3.227066	-28.321414	-66.863657	31.402438	-55.180201	18.493545	-13.785232
	-25.554320	33.283149	10.577428	20.839923	-29.944469	36.871720	-39.694209	56.402201	-20.778515
	-30.373298	5.046675	30.256562	5.567919	-9.473695	77.504150	-13.591603	18.724287	-8.493811
	-10.988892	22.645044	48.186947	17.026907	7.032321	104.715854	19.666774	41.036708	18.644882
	9.647227	35.364876	63.080011	63.261090	-24.477895	101.008036	5.538141	55.816549	11.021325
	6.954050	5.432328	71.172529	72.495582	2.643602	95.404066	26.207948	53.959077	21.572621
	14.464443	-0.807884	51.299110	30.299983	4.397630	115.255811	29.286508	42.131886	50.509770
	25.266145	-14.041676	59.158581	11.271020	-12.852441	56.516043	39.551735	45.025069	26.391885
	57.512362	18.069343	66.900531	47.189852	27.673926	-8.291547	67.986509	5.420066	53.613639
	6.931228	23.207888	-24.498016	45.679332	32.043600	-81.700796	54.141198	-23.075765	40.879651
	-25.712176	58.956229	-35.157501	45.081687	35.179569	-81.773366	33.030422	-2.910537	14.255115
	-1.419625	35.111159	-28.280235	1.487428	29.818331	-65.668004	-8.370235	-5.797318	4.577733
	-5.230721	20.714775	-1.014369	-19.121044	-10.695400	-57.707191	-9.433652	6.728494	6.559528
	-13.046324	26.232501	1.946111	21.496869	-32.508987	-21.742880	-27.496358	27.091483	-10.772890
	9.659825	0.460871	9.542655	12.069879	-34.194330	-11.071424	-11.651059	17.136855	24.958289
	11.818202	-0.906042	-20.715841	16.092009	12.192186	-37.458015	47.213809	5.424558	30.860766
	40.466054	-7.852931	-30.375933	-6.254263	8.975745	-29.637458	29.681122	-34.910637	21.474830
	-13.810772	14.251643	-28.217337	7.814383	33.023949	-10.568704	19.472064	9.165346	-17.746632
	16.930805	35.053447	-13.869655	44.898089	60.999507	-19.193577	29.240706	2.488656	23.763798
	32.007471	50.921520	19.754788	52.798080	48.858711	15.252260	25.029082	-3.072594	19.459541
	15.000783	22.558808	-18.986998	39.455790	-7.778379	-11.435462	9.940351	-16.685354	-17.058133
