	-6.774625	34.876774	-12.447266	-37.647779	2.917033	-21.940937	-41.021666	23.629665	-51.033974
	1.391369	84.450971	37.227739	19.380235	-7.660877	5.009808	20.446780	39.272580	11.159689
	-30.642024	95.164196	40.271640	42.305865	-33.570416	-7.597185	-4.346957	35.920883	-18.967233
	-20.604584	82.976630	3.228829	62.638531	-53.172367	-9.091535	-5.867958	41.253518	-49.289044
	21.681245	55.317150	17.971831	42.764157	-27.016123	-0.324664	40.619975	19.813921	35.230393
	24.911573	-39.593549	24.632852	27.592081	-44.261390	10.854438	16.291482	5.300777	17.014896
	5.292386	-79.062504	-25.982844	-18.215573	-43.772486	-8.513520	-16.678017	-6.777273	5.748613
	20.824343	-27.001693	1.428866	-19.305934	41.988314	15.636861	-9.780146	-40.541668	39.889399
	16.643660	-44.783282	10.824266	-27.251044	39.311967	11.721826	2.730832	-36.029426	3.784329
	-2.708642	-65.821583	-3.541124	-41.807134	76.610228	15.124309	0.947138	-28.516927	18.204791
	39.049401	-49.200843	22.129776	-66.359195	93.260153	0.224978	20.152451	1.070397	74.353997
	12.449351	-69.257848	3.593332	-68.413462	65.248458	11.825147	-27.822837	-3.583716	58.881193
	16.943119	-47.176147	-26.836784	-54.937482	57.856481	-7.087351	-4.607726	-36.845473	-12.481144
	24.960452	-22.812969	15.787337	-51.076736	102.917989	4.691087	-3.536487	-41.921722	12.403528
	36.874464	-59.814459	-7.228750	-80.563444	85.589141	12.131317	-6.689176	-29.934975	22.261545
	30.984797	-105.728949	-7.979791	-75.335723	17.285359	12.329092	-10.306358	-37.085794	0.177360
	27.411955	-58.469698	18.946848	10.198675	0.147807	29.148370	20.816866	-0.943253	27.538709
	34.923687	-41.294924	17.459216	27.918431	0.742841	16.246643	23.223122	-8.972863	4.534857
	9.220539	58.154453	4.222749	34.585172	-4.232664	-19.611424	14.196898	25.265099	-23.415249
	3.753302	-2.169170	13.625095	-37.575301	-12.111627	22.396283	-32.985381	-13.740264	0.826466
	22.242983	-83.220009	19.051097	-62.926136	-0.880402	33.225712	-20.220734	-63.161914	41.553761
	20.495298	-107.351496	23.860922	-61.636069	-25.177344	62.946163	-36.797383	-51.875419	1.776959
	-3.432838	-74.173399	-1.709098	-2.304499	19.308521	34.548109	26.717040	-7.365910	46.204497
	16.628372	-29.623879	11.185845	3.672393	3.883831	24.347049	9.736627	-21.470222	25.250606
	5.096808	-33.853999	0.457232	-1.266136	81.776881	14.301544	5.855576	-11.665171	15.398080
	0.105234	72.862647	-24.125525	17.800659	-3.600020	-9.074712	-37.488997	25.649541	-66.570207
	-20.452324	40.409066	-39.157262	-16.021013	-16.746329	-19.666224	-7.912410	53.193860	-75.174583
	-10.153028	-15.975003	-69.466087	-26.616213	-79.307361	-43.656063	-32.496978	9.636429	-44.230998
	-37.509979	0.455766	-7.580782	10.049863	-69.488585	-59.157518	-18.499873	-4.564252	10.223659
	0.604598	-1.368443	-6.259876	42.740120	-36.226321	-27.957988	32.391470	-18.909137	26.023346
	40.702746	-97.051551	21.201086	-26.837015	10.495349	29.178914	3.295266	-16.013410	65.202378
	28.660731	-65.697531	83.602519	-57.499652	5.743193	22.648679	1.561815	-34.831834	124.502123
	30.837200	-32.350118	49.459978	-29.499953	39.712171	-3.887372	-3.575655	-28.858106	89.533488
	9.586885	-37.246084	88.462283	-23.554935	68.865241	-5.182471	20.213134	-48.498650	131.744683
	16.916686	-65.070082	44.054746	-18.054322	44.244081	-39.154065	33.800503	-33.459841	115.518908
	5.196793	-65.660532	87.527977	-26.969618	34.531850	14.976956	-1.633423	-29.949901	143.791354
	-12.892493	28.238252	27.463104	18.439974	7.743317	19.323758	38.402041	-1.877456	5.878827
	40.568099	-69.114595	24.852399	-29.383054	22.826608	19.319062	3.039247	-16.689489	28.155183
	36.969089	-66.804834	45.864988	-29.069655	-9.564674	-0.683379	5.634353	-44.623970	42.555995
	20.507746	-56.230901	32.827820	-78.457861	-4.001279	14.640087	-11.515006	-33.007892	56.143651
	23.050461	7.890990	16.548135	8.206816	12.285774	-9.058327	10.263408	-15.655761	2.442306
	17.890148	-23.068251	14.836025	-16.484532	11.123889	-9.946526	2.077103	-3.693730	-23.696381
	23.732882	-36.667576	17.445249	-45.865525	-2.371445	-4.683124	-18.390733	-5.323309	21.182993
	-23.179979	-25.863348	6.046460	-16.098768	-9.315609	4.744812	-11.658057	6.662656	38.369301
	0.535331	-45.898792	17.230904	-9.705044	-7.078373	-5.320977	-11.628506	-15.053346	1.592699
	1.878746	-49.700676	18.164510	-38.141576	10.542468	-0.051619	-8.446593	-1.848209	12.595423
	-31.662332	-59.533655	11.290868	-64.945064	-9.748967	13.980848	-64.006329	-9.178096	-45.536766
	-32.419810	-20.486862	-43.516102	-21.741661	-5.433239	-41.343045	-21.443361	6.792953	-62.401166
	-35.530667	-23.033008	-53.002765	-26.576205	6.605131	-22.337198	-10.563040	-19.735517	-70.824054
	3.203392	-19.266002	-17.909534	-1.984854	2.047873	-22.243545	15.795883	0.827770	-25.111884
	8.721703	-2.068516	17.231042	15.445530	-17.242197	10.775668	31.242975	-9.271295	39.985124
	17.503874	13.344712	48.859874	86.520445	-37.876811	19.822069	36.790577	51.559904	42.535543
	-0.672249	-28.088751	12.652424	82.395904	-45.565875	-17.319717	46.410499	34.686864	26.547503
	-31.481451	-36.037336	-30.832070	104.955899	-6.611672	-9.860057	48.801205	35.067123	-2.528980
	-57.252706	-6.700499	-17.004402	76.245934	-15.371271	-26.608103	8.076974	44.883912	-14.085385
	-28.134855	-10.185325	-58.632101	23.980509	-14.213268	-37.353938	-14.146607	3.079629	-22.866363
	29.372534	-15.840898	-10.798753	-3.887184	4.798906	-24.398954	30.698373	-31.113896	2.019121
	10.903304	41.125083	4.319609	43.373811	23.310428	-15.690010	28.506264	-5.352790	26.095267
	10.185160	16.339522	23.579153	-15.269449	-19.436444	4.483323	-21.711819	-27.360762	-24.491755
	13.334017	16.583538	2.579514	10.812145	-26.566320	-5.883524	-15.313658	3.823764	12.773305
	35.547128	-7.141425	33.870812	1.506473	-50.816061	18.678963	-2.633787	11.541737	52.142173
	3.329545	23.851832	44.799152	82.938605	-61.845930	9.682479	19.981968	29.021776	79.287661
	16.287560	17.925081	31.638467	33.703885	-18.663572	5.522632	11.675593	-6.774515	77.168348
	1.261996	53.772821	26.363676	107.043602	-26.468250	-3.534804	17.512600	17.067056	74.717771
	1.525364	93.231784	4.940351	122.931078	-5.334378	-35.184877	36.977347	50.524640	34.625899
	3.654996	65.432184	30.252642	42.967525	-4.546404	-9.005879	-1.384799	17.832019	39.433069
	-10.016456	114.024896	39.609472	73.374950	-15.504548	-1.205212	26.064901	47.107047	34.980479
	-13.656880	79.218997	11.485119	65.656442	19.122462	-34.620723	30.238466	45.751049	-6.876110
	-24.446121	85.587791	-21.982259	73.867111	23.608919	-37.237297	3.855020	48.617266	-14.881778
	-8.100061	82.851974	10.710220	34.945298	19.412844	-14.656244	3.456286	30.786621	36.244725
	6.198302	84.939258	35.347087	26.663793	27.266812	16.892155	16.950527	-8.539184	31.330145
	-55.545417	27.222276	12.265661	6.250888	31.895785	25.585510	14.001624	-9.362073	-4.142959
	-44.506885	19.145213	-23.438070	38.269953	10.947043	-25.125292	-4.851269	57.565800	-6.139418
	-14.743515	6.281733	-27.352344	38.444221	-6.127883	-8.827636	2.891413	38.424597	-17.684173
	18.499721	11.364490	-13.374969	23.117456	-11.898001	-19.382346	20.175920	29.350012	37.241706
	10.700307	0.649298	-13.918468	32.209466	-7.733465	7.340225	29.060242	46.489259	30.628109
	1.093059	-18.376417	-15.116717	72.129524	13.137192	-7.810800	57.615854	46.775300	59.147352
	-19.119703	-86.706343	-25.374671	19.909387	28.028559	-3.029581	22.619523	11.113417	38.082840
	7.085491	-63.263863	-25.903952	-26.551464	43.069050	-13.498137	3.063111	-7.288577	11.464989
	-22.458211	-72.700219	-51.855227	-11.657725	66.022915	-4.599246	3.157983	-2.502384	-20.713151
	-10.341046	-78.824276	-48.024090	-62.137163	37.840821	-25.761006	-0.706827	-38.429897	-22.320149
	-28.620160	-76.243733	-44.196133	-31.206474	70.762968	-20.393685	-0.809791	-26.077510	-31.012598
	-29.823078	-92.777408	-63.508363	-81.949162	77.594469	-15.074473	-5.665213	-49.197345	-33.885021
	-11.678105	-88.095978	-63.250838	-92.427516	36.992195	-22.592589	-30.075722	-38.437435	-53.040852
	-18.157251	-115.354335	-61.141208	-117.225602	105.518476	-29.050405	-21.402938	-41.495613	-39.838418
	-27.945293	-101.868753	-24.948073	-110.094941	81.555296	17.581369	-22.230133	-62.362932	-25.945048
	2.824969	-93.238219	-36.665796	-92.459031	105.260896	67.487586	-25.455364	-30.699643	-24.112687
	43.094002	14.274679	1.480220	-65.007846	66.216417	69.864432	-30.879616	-7.630816	-33.921505
	23.701962	-10.110528	-5.271353	-58.611056	88.965579	143.775565	5.945007	-16.336175	-31.785815
	76.367603	-14.554248	39.422715	-36.167422	27.852886	146.088582	0.088185	-41.573385	-6.490661
	45.460354	-11.427861	48.531915	-11.186347	-78.347894	113.560990	-5.897124	-41.137898	-6.340909
	43.378514	54.065891	43.093872	25.618315	-86.068583	66.666491	-0.948704	20.596899	-18.671434
	-4.168791	75.220460	11.243367	43.211932	-46.119324	23.223123	4.869892	28.402864	-47.141333
	-18.438157	117.549962	-40.412921	66.969982	-70.880846	-27.664494	-19.194983	23.802505	-85.268401
	17.868661	69.692441	-53.052286	25.313279	-90.919299	-20.638737	-62.265387	16.686640	-113.180616
	12.502011	82.384289	-1.553071	41.002749	-146.327225	-10.111072	-48.258162	40.684776	-93.043277
	3.037558	68.967991	-9.417184	39.185258	-111.031310	-2.405006	-14.418123	19.436420	-78.860183
	-19.803975	80.762226	-33.568432	44.018676	-55.646921	-22.938330	-7.026064	5.308737	-77.104511
	-1.983841	69.884221	-31.340690	62.735886	-10.990807	13.884226	-10.080783	25.280645	-56.563881
	-3.905293	134.605234	-31.486769	89.558216	-71.605897	-33.524172	-10.540637	33.120978	-63.085761
	-20.606575	120.649777	-16.040406	35.930957	-46.320904	-17.646739	16.872496	33.701789	-35.037987
	-41.234510	88.907236	1.238344	24.168705	10.004858	-38.683646	12.699676	28.159723	-30.141497
	-31.866013	116.893709	-21.593670	60.386309	26.291929	-19.177009	6.322791	52.315654	-21.040011
	-43.466269	103.337107	-3.083084	56.542866	36.607983	-45.495298	25.347954	57.281822	13.247250
	-14.198539	129.990907	0.033193	82.304541	-12.590406	-13.116933	27.654788	27.440534	-13.565049
	-3.015009	103.506478	5.386469	74.427698	-9.848546	-41.680813	43.015142	32.781541	0.128697
	-12.048376	76.212344	-0.322218	36.815754	-3.886640	-16.304617	12.252243	9.968528	-35.911320
	-19.986303	62.056749	6.421465	27.824056	-9.975596	-19.834863	-12.839687	-3.608226	-10.992551
	-31.914445	68.307322	0.927614	37.243017	-2.232390	-12.475393	2.595385	17.494211	-50.640853
	-33.251569	40.618319	-23.543107	54.071028	30.326892	-2.724015	39.725180	8.134358	-56.182776
	-36.526084	66.600709	-25.961640	79.837821	2.881122	-16.089577	25.830768	36.324998	-84.101191
	-47.121462	36.383902	-23.955848	17.236772	-15.111505	-21.135752	-10.740338	0.231346	-86.027859
	-20.869917	16.800721	-0.654363	-17.808337	-50.258404	-14.029400	-33.122665	31.542896	-26.384711
	-26.907800	23.470996	-11.729210	-39.542791	-44.292535	-8.070023	-30.993737	17.230591	-43.431010
	-43.184398	12.388961	-38.059176	-40.725899	-43.765893	-37.594802	-26.804122	32.823725	-61.176941
	-36.508562	28.996834	-17.925994	16.086341	-42.778837	-14.221141	-13.567923	33.048826	-79.117560
	-46.899117	24.531824	-42.709223	12.821828	-44.971845	-19.116303	-30.533472	35.613837	-69.193191
	-8.540742	28.805407	-31.895529	18.985988	-30.303040	12.043108	8.598959	8.976461	-41.323839
	-18.764358	41.273400	-18.674393	13.889002	-13.809099	0.750994	-20.310162	20.776690	7.088225
	-11.999767	31.221845	-6.657422	4.586238	20.461830	-2.609437	-7.458848	5.256018	-23.326860
	-7.693639	39.985177	-21.183045	55.112232	-26.015849	-26.528468	22.349595	17.852698	-30.965539
	-0.977086	55.580838	-11.484076	46.025986	-85.372943	-12.626027	8.839274	34.240898	-68.578731
	-33.613484	43.518827	-16.975183	37.175907	-76.784049	-13.607351	-15.394541	22.405046	-62.854847
	-14.516779	50.383588	-3.659365	28.208521	-62.104977	2.587902	-10.072439	44.417516	-25.821780
	-18.314554	83.573140	9.357753	39.264865	-72.982563	-13.821222	-5.806890	9.163823	0.550390
	-19.337439	65.935152	14.774042	-4.754006	-79.132473	-16.380475	-17.452318	7.231398	-21.918731
	-33.775219	78.985686	1.690414	-2.233989	-45.777140	-8.397466	-36.253981	-4.984725	-50.242581
	-32.749199	53.779256	35.167100	12.629075	-1.785878	-8.946524	-21.912341	14.783691	4.246666
	-6.334539	72.559149	19.905456	43.251922	-3.935458	-18.462580	-10.078962	31.156754	10.388983
	5.002000	54.709164	-0.042684	17.601586	22.426234	-7.372180	17.935838	3.485911	-0.002584
	-4.528178	36.875260	-0.429433	3.031712	30.119627	-6.298638	20.485574	18.835989	-18.515132
	-30.289759	48.138914	-38.520886	-13.057098	-39.862278	-5.903647	-19.839384	2.835200	-56.853633
	-5.524466	59.043492	-8.551920	22.579128	-45.690387	9.606477	-3.985419	5.014352	-30.904932
	7.603090	54.728865	10.450923	14.366453	-29.402313	2.363709	-13.459613	21.272747	-24.908608
	-12.501274	69.598431	-0.665941	54.187789	-59.871342	24.539320	-8.863062	30.971014	-46.021977
	-0.436775	46.620599	16.244817	61.269842	-84.801079	12.991370	-15.414127	26.360680	-32.702180
	-27.536794	24.707172	-24.037255	32.907464	-42.492249	6.279199	-11.798861	36.486936	-31.468962
	-25.724626	28.079132	0.672360	-13.216430	-35.923903	12.875418	-42.817417	12.687115	-64.761649
	-10.310806	7.489851	-0.094344	-51.986869	-41.272194	1.583037	-48.715946	41.782672	-40.578469
	-20.742841	-0.407011	-4.908233	-36.289830	-48.259741	10.711878	-15.422145	4.857884	0.948779
	3.607786	-14.481786	12.724183	-32.409045	-31.455836	18.915534	-19.466636	-38.713051	8.419615
	-3.816145	0.206891	27.376026	-29.461565	-23.079243	20.513892	-1.382131	-25.219011	16.935722
	-18.240599	17.771951	3.837114	-14.949581	-50.944928	-7.210392	-3.485229	-20.225184	7.075336
	0.297427	32.149378	26.593918	-16.265041	-37.310965	4.943859	-10.039850	-39.382465	-24.484002
	2.296315	55.614356	37.090132	16.334755	-17.716837	14.664335	14.300585	-20.861201	36.162788
	9.043919	39.477731	18.093058	39.686282	66.209387	9.199784	54.896164	-13.921109	55.602945
	-2.767408	0.059794	-14.878664	11.508320	90.729688	-3.164386	47.313564	-29.191412	45.438920
	6.052588	49.662647	-4.683716	17.919386	82.782817	11.325978	37.480973	17.729146	25.853907
	-11.903837	57.646778	-5.512328	37.055272	77.789125	9.939793	61.584804	-14.188773	9.746803
	-3.914954	66.880301	21.438719	40.095470	60.223273	23.540136	28.374158	-3.327333	-4.904648
	6.609101	41.437132	23.707902	29.212000	1.218948	15.104707	24.437074	1.219904	26.656465
	-19.530781	-7.267143	29.495646	7.760823	-49.948131	-14.241946	1.939064	-22.659887	-12.719206
	2.342338	2.954228	1.619988	-0.463184	-4.333414	-26.119854	-10.737604	-10.477638	22.779464
	2.342010	63.372068	30.673872	16.464428	-10.222828	3.511814	9.215372	-12.669626	4.377131
	-23.362291	68.083794	18.493321	-9.811703	-15.866233	6.483992	-19.244162	-23.824955	1.971196
	33.640850	46.219512	28.679771	-59.544692	9.967733	-7.562274	-40.871304	1.965779	17.016951
	-18.796478	18.417446	-2.340385	-14.530280	19.651917	-19.087952	-1.831569	-17.096417	14.439066
	-20.921091	11.853648	5.717391	-9.129723	0.638256	10.730840	-27.162154	-0.581437	-15.138228
	13.121060	27.398644	27.977532	1.230875	-11.999025	28.221915	-9.369687	23.007866	-1.503862
	-16.456740	33.526629	7.405731	-21.504130	-27.905888	0.389807	-29.232935	21.123535	-30.600241
	-7.449465	19.057521	-14.785094	-22.381326	-5.260644	5.742607	-37.783278	34.067606	-22.841612
	-10.192750	-5.647887	-18.631297	-35.452139	-10.407528	-3.781675	-55.931613	32.094223	-47.203464
	-10.876822	-38.901969	-61.723319	-8.527828	-7.998695	-29.371338	-34.386006	52.705104	-19.131805
	-35.371227	-31.933707	-45.870411	-5.575850	11.385055	-24.587597	-25.270820	46.028088	-31.265655
	-2.311908	-34.727813	-30.716087	3.343054	-30.848191	6.048317	3.751438	53.211784	-41.698401
	11.308235	-66.338246	-4.505185	-55.163955	-55.629491	24.609959	-14.145691	34.780790	-11.048017
	23.032159	-108.072248	3.048161	-36.646966	-38.705263	31.091545	3.501846	-25.385261	30.521880
	38.936541	-121.454092	19.572851	-77.443633	-16.062532	17.717184	0.062899	-41.989196	70.405840
	37.632384	-62.904817	-5.833615	-56.786174	-47.783875	13.894125	-0.539343	-57.925746	12.455904
	23.509060	-50.987457	-20.861360	-70.519074	-4.955956	21.171566	1.215630	-66.434873	-19.081014
	39.411548	-108.193251	-46.791504	-101.112982	43.571428	45.033423	-19.785247	-55.871914	-12.007128
	32.227812	-139.960534	-60.110281	-143.105612	54.205280	12.461121	-12.092336	-83.368807	7.071612
	27.044100	-77.154244	-22.706219	-84.734464	57.694290	35.391933	9.816674	-87.119261	28.667568
	41.031728	-19.817072	-25.288752	-69.886255	50.224229	17.797899	-18.830665	-36.982622	2.647135
	17.853595	-8.602703	-30.319414	-44.469761	51.013544	31.225959	11.946293	-37.915552	-25.020836
	25.418518	-3.978117	-39.122808	-33.933085	63.324132	24.166632	9.322255	-35.004851	-37.585246
	3.623666	-70.050599	-57.012221	-88.564803	73.380695	-0.773578	8.397083	-41.951396	-34.744938
	8.095526	-91.509454	-27.197034	-96.394872	84.583313	17.274979	-48.302212	-39.400700	10.378102
	15.035815	-93.589769	-49.822349	-82.929494	79.131429	19.923342	-19.203937	-32.929969	-15.206973
	-7.443306	-57.774685	-52.602366	-45.997256	12.477210	2.740026	-37.812318	-12.913807	-46.595045
	-3.366489	-75.686271	-76.106799	-72.522200	0.965468	-0.220890	-45.463592	-19.914889	-100.372837
	-32.517317	-68.588819	-67.149108	-69.790796	-12.612986	-29.744621	-55.748012	-11.742545	-70.742437
	-39.553599	-24.565357	-57.546190	-49.755693	-9.915161	-0.300917	-29.990765	-30.588964	-45.374235
	-5.107907	-17.473511	-12.471561	-47.074605	-8.074721	7.092528	-32.538841	-15.786443	-14.624198
	-8.354814	-39.576136	-26.253671	-44.068291	-26.257183	-9.661687	-31.119367	-19.632305	-46.244282
	-1.368695	-31.304247	-37.565539	-12.573190	-25.016048	3.228722	-33.161963	2.252703	-1.591470
	-12.058516	-51.941264	-20.521111	-25.686552	-1.085859	15.798331	-16.692757	-25.108057	-23.012740
	25.885025	-35.256091	-9.604287	8.372290	-38.018259	7.749445	-1.993673	-12.684581	-13.904373
	14.572906	-27.724905	22.411110	-33.869559	-58.061671	8.337430	-37.241994	-34.687109	21.852347
	-11.352596	-47.904347	22.692803	-51.412044	-66.244745	-6.466037	-25.796056	-31.851207	14.604533
	3.142726	-24.977204	38.625287	-30.657403	-20.838496	-0.041606	-1.438813	-7.290204	33.864797
	14.997175	19.486987	22.403726	-14.746240	-48.499193	4.432055	-18.660320	21.688978	-27.114907
	18.445160	64.046351	16.320796	38.631788	-74.444428	22.986776	4.485026	24.913111	0.578067
	29.014347	53.783963	68.249934	38.940990	-68.926143	13.135697	1.155168	51.052978	36.151331
	34.542132	-4.673204	57.118690	-9.807265	-16.163026	-0.757396	15.878030	-24.258567	75.720313
	23.554838	8.689597	55.321666	3.929362	52.155983	-19.256656	20.587098	-24.253520	99.640457
	37.964766	10.059754	34.737613	21.450191	28.339167	0.892857	50.512022	-16.491505	63.535829
	44.089972	19.238336	22.175123	40.759588	33.220780	13.401908	19.675053	-17.061055	44.099484
	21.327876	-22.865926	12.192877	-11.569689	15.273589	-0.264146	-29.380320	-50.677169	9.938118
	28.856999	-36.161577	-13.763308	-38.232819	13.684356	-1.452306	-7.952217	-49.919705	16.959678
	16.310369	-77.856646	-9.375324	-56.608433	27.642427	9.501723	-20.514340	-68.447632	29.290880
	17.898882	-86.103487	-11.050862	-62.784580	43.360228	-22.521730	-21.185105	-49.074609	12.471733
	6.626905	-14.258138	-43.012686	-17.545834	43.663204	-22.396302	1.499841	-7.743936	-12.155366
	-4.430230	23.993633	-63.206974	21.966104	30.466661	-25.192345	16.269787	-19.955334	-38.201901
	5.083026	-21.824150	0.834756	3.273428	23.219731	-38.565508	4.908108	-5.783115	14.458726
	0.452567	-113.221889	3.829135	-62.301526	35.759674	-7.870583	-25.663644	-48.780380	50.171204
	-2.067473	-164.325297	8.447179	-94.167946	-11.769511	-5.009681	-60.235571	-81.610435	86.787283
	-13.452748	-107.774839	34.150657	-109.893972	-51.587486	8.081806	-69.244958	-44.395787	73.011530
	42.911004	-54.437080	34.926374	-35.463205	-42.900465	1.346384	-36.782885	-7.818975	45.501827
	3.736466	-88.920773	17.778851	-14.081968	-26.027391	24.240933	-11.944508	-9.039298	17.499306
	-10.598918	-25.673274	33.340863	-45.018134	1.094587	29.493794	-20.013623	1.348120	44.140810
	-6.838938	-13.349171	44.449379	-53.514220	-7.870915	-4.678818	-14.352052	-1.788652	64.385377
	-9.948845	-30.609287	46.857642	-52.513033	4.461022	-22.969185	-11.489096	-3.791131	76.385038
	15.956029	-31.000282	59.663586	-28.550305	36.841304	-27.832484	7.836844	-0.748653	97.726907
	31.756184	-24.870378	59.663662	-32.728323	-26.048104	0.536771	-11.011679	10.975526	77.088190
	1.372935	-43.868083	63.162634	-82.894828	-41.539365	-16.267895	-50.915580	0.632252	40.948452
	-12.931391	20.771311	67.681653	-6.808102	-52.241511	13.666290	19.508356	19.154096	58.092211
	39.095512	0.608961	61.939858	13.160550	7.381153	12.148349	26.457465	-1.899032	65.439842
	16.621215	12.956078	4.291392	64.281738	1.764345	19.856149	23.812049	33.976213	28.725990
	2.897867	-2.491432	-22.165588	32.077979	52.676388	-0.540810	32.989656	28.194411	-26.387634
	1.217118	69.870502	-1.942913	83.537549	14.090002	-4.975510	23.480048	51.299497	-73.789013
	13.109339	73.356737	-2.205060	56.352257	22.795858	-16.818007	29.703236	13.917064	-35.160929
	5.987114	61.760974	-17.838577	60.404446	17.975834	-0.250077	64.131322	16.652202	-49.247075
	0.940902	35.748675	-31.708345	70.359679	-7.149944	-3.233979	50.028238	11.042875	-7.622492
	-49.961543	41.662601	-28.502823	83.243512	-41.843195	-9.399973	22.658815	39.875736	-31.773220
	-32.394656	12.756788	-41.187965	19.904720	-5.024800	-2.418532	-3.881230	6.272832	-34.853144
	3.597247	-5.201508	-48.654453	63.187515	43.375698	4.777281	56.908023	18.906345	14.988888
	-14.442149	32.534467	-60.344837	115.863160	11.576570	-31.263014	60.387656	38.243121	-17.631551
	-10.752890	45.737190	-60.914410	132.898941	30.692930	-34.098711	65.415782	43.253517	-17.150881
	-1.622537	-3.493015	-30.383525	60.716925	42.798111	-9.797936	54.887684	1.407935	6.582575
	6.594770	-53.960146	-23.725452	65.886114	60.426165	-31.226295	74.328330	4.050065	24.734523
	-32.764899	-53.386528	-37.093726	50.994962	48.174428	-9.637195	47.444817	-21.053834	39.226526
	-45.615991	-14.517771	-19.333288	48.852807	53.033895	-22.404319	29.540829	2.014054	36.157312
	6.379148	-26.433397	-23.648305	32.789131	22.828828	-30.855525	21.744706	-17.433535	4.729999
	-6.187315	-11.526993	-3.779506	39.117049	13.948035	-26.182903	8.890140	7.673580	-1.609376
	1.093965	-19.431907	-28.676122	27.279751	7.021342	0.628930	6.103428	-22.676302	42.852628
	-43.927785	-2.564147	-7.634064	2.084679	17.430828	-50.244896	22.734329	0.339136	1.031238
	-23.100123	-57.798066	-34.869383	12.285342	83.617878	-35.589773	19.144079	-5.497201	-1.066290
	-18.913898	-21.545658	-56.149160	-0.580976	54.281394	-28.018443	18.054919	11.682410	-29.868427
	-2.849871	11.483340	-30.793867	49.248907	7.729527	-27.223315	8.876397	18.327296	-33.080348
	30.242943	-7.291765	-28.699346	33.120919	19.427204	-2.437104	47.624279	13.834475	31.567762
	-2.499385	-5.963710	-60.002922	51.727606	1.953294	3.092573	25.728167	23.110812	8.568161
	-9.176753	-23.658242	-17.695053	24.169763	12.076916	20.456989	40.137802	-2.752393	15.948304
	-10.930157	-38.337479	-9.833139	30.634247	28.417204	4.494943	11.806672	-3.535980	59.630153
	-11.676976	-23.943203	-18.242105	6.193911	38.559645	-0.749683	2.074312	-11.034939	7.657143
	-9.922364	-16.433185	-23.609196	9.481463	63.100699	3.897298	-8.394566	-10.964195	24.593243
	10.926552	4.736016	-14.341971	22.919401	63.779963	10.877555	21.622152	27.106816	19.670659
	-21.348924	26.535020	-43.491588	-4.203525	54.162269	-9.755076	10.980215	14.773777	-17.362148
	-12.553913	32.213647	-23.754537	-49.365476	44.857564	-31.720736	13.305406	4.035078	-27.848521
	9.795317	21.965307	-9.748659	11.920806	60.390576	-7.908470	4.089192	-17.594941	20.044302
	-8.026073	-30.747085	-38.126617	19.500891	71.690818	-35.032308	26.561051	-0.815686	8.995505
	-36.795050	-24.818308	-33.723917	-0.041303	48.758603	-32.320161	24.507040	3.512317	-32.304757
	-7.223560	-30.240350	-44.358098	16.737955	20.411347	-36.682228	2.810324	2.134004	8.069786
	-23.762913	-20.157009	-10.560724	9.270517	-17.428584	-19.350552	-14.262720	-13.029979	21.186818
	-12.129361	-7.320250	-15.924014	30.899288	-7.485191	1.204993	-11.254445	19.463774	1.337549
	-14.000631	-3.691983	-42.380437	69.316832	10.179778	-17.657061	15.869499	47.925558	-37.527312
	-5.109612	-11.089183	-11.158502	51.287226	-2.059547	-4.847196	23.082676	26.785478	-44.540566
	23.088399	13.773991	12.008156	56.618486	-16.057441	5.279488	40.734356	17.345105	4.201013
	37.424456	-40.715342	-13.159712	16.522158	-19.395406	7.277853	19.284681	20.716378	24.298764
	25.316983	-63.594293	-22.846413	-13.053553	-24.725950	42.301406	4.086564	4.666687	-24.081563
	35.284753	-58.300729	1.323164	-32.322859	-21.758713	38.553379	-10.111050	-16.424417	24.025652
	38.812274	-66.554892	18.910955	-54.932925	-0.986521	33.434052	-35.275004	-7.761555	-33.129420
	13.885592	-85.883834	-8.587074	-76.844432	16.406394	41.182860	-27.902805	-8.708285	-9.696533
	23.301032	-67.143013	-22.971284	-30.903689	-8.343788	15.492237	-1.272776	1.302510	-32.087592
	49.967336	-82.682770	0.688012	-38.708158	-14.497945	31.654891	-39.105168	-7.897037	19.968092
	50.301894	-96.332927	33.509019	-86.331660	-15.663984	20.796234	-21.397847	-23.950148	69.059562
	35.618973	-78.288081	5.863935	-71.394663	-38.226806	29.599882	-30.789646	-41.284277	46.659485
	47.404430	-69.368835	6.795765	-37.949140	-17.115170	13.890063	-0.641223	-63.680303	40.181537
	18.256126	-70.217261	18.114659	17.529447	-40.337271	7.924089	38.896921	-20.561047	27.938161
	42.605896	-101.061864	1.204071	-70.291435	-49.133688	21.639159	-10.584293	-61.362310	40.341165
	52.591035	-126.552040	33.196165	-83.809168	-40.600402	36.110396	-43.959147	-70.573456	54.776121
	40.771001	-117.664470	28.652235	-100.845010	-51.754018	48.877513	-33.228108	-68.225512	44.371847
	30.906983	-98.099417	40.517837	-56.370491	-41.791792	49.718870	-41.149921	-55.417363	16.564399
	18.615002	-112.255297	19.167980	-70.225098	-14.864994	40.451461	-40.768324	-31.616950	-3.352797
	-26.035738	-129.340292	-0.193571	-88.711448	2.851888	2.224040	-51.147527	-51.835772	-62.942945
	-9.848038	-120.398553	19.846028	-74.680653	19.298910	19.333349	-31.121103	-44.842873	-17.115861
	23.437685	-90.167113	37.983504	-82.507677	24.499293	23.492846	-26.371216	-45.917477	-32.414881
	-1.811346	-57.353448	28.151693	-47.854197	40.111142	24.402680	-22.404948	-22.291251	-56.863205
	0.296847	-10.354967	44.205868	-27.588041	1.580487	10.597035	1.557545	-43.325848	-17.029905
	-1.614999	27.065932	9.717734	-7.961113	-22.165613	-4.168891	-12.319843	-11.899048	-4.038165
	-9.763354	61.287494	12.313081	25.618441	-35.793756	-11.351640	12.697473	-18.980801	-37.657018
	-9.478819	71.982288	21.997778	-1.113830	-75.716945	15.632140	-23.176436	-1.816618	-43.649773
	13.836562	94.980168	36.921826	27.008686	-55.983669	10.666383	-12.925609	39.890976	-51.763892
	-18.289650	70.410053	-1.113164	42.412208	-48.756965	8.964868	-0.979513	29.121189	-59.051979
	-24.134758	74.297096	-27.420536	61.137214	1.260103	-0.947140	15.857506	13.042411	-35.986563
	-11.305059	90.329494	-49.700485	96.164503	-52.298491	22.520183	23.818556	54.331550	-95.564213
	-21.139652	93.686762	-44.614512	119.185068	-52.340611	2.057888	16.120857	83.672154	-68.409312
	-24.114758	84.382202	-26.616817	87.558362	3.125332	26.601462	29.269518	66.401583	-55.008758
	-17.074938	65.315735	-31.785177	55.054864	17.230677	15.054117	10.963174	45.021887	-58.837736
	-11.490436	89.877046	-54.578409	68.878859	9.766940	1.276105	15.072359	52.884582	-97.315398
	6.315018	101.804381	-41.672217	82.803358	37.104171	8.793238	31.423607	56.530257	-67.374933
	-6.638766	83.340262	-46.267955	41.081789	23.532479	11.940902	6.671694	61.232763	-42.817219
	-32.079264	44.777422	-30.203473	-14.733495	12.000484	-21.517004	-1.217078	23.818379	-58.789359
	-8.394542	14.071311	-13.372494	20.818526	41.475713	-24.253716	15.287133	41.937639	-16.137747
	27.524880	-60.101433	-15.774780	-25.401558	40.329054	-34.044537	8.944198	-18.773064	-2.884144
	-3.466742	-92.244717	21.718051	-65.175972	47.845453	-5.043963	5.074403	-42.316793	55.638126
	-2.203180	-101.914194	25.146831	-116.470372	-21.684722	-0.529868	-57.925419	-57.723288	24.186459
	17.413162	-46.262497	33.156598	-89.873618	54.842666	12.610530	-41.273468	-49.802391	22.434481
	19.408414	-14.890763	-10.623925	-25.480383	92.198729	-12.939231	19.437785	-8.158102	21.197013
	14.466372	-14.490204	-50.640196	-4.543927	101.855274	16.491855	25.366737	-7.185857	-13.855214
	4.557922	-58.367583	-4.528779	-35.280295	83.962045	13.341510	4.940766	-20.388458	-18.969627
	0.808138	-50.179896	-30.041689	-17.194012	71.513254	10.700725	-0.890597	-22.566942	-12.262562
	-2.345793	-2.619166	-53.385010	49.166901	51.701176	-22.219928	30.499766	38.371449	-56.810288
	-24.103019	10.728523	-92.269222	97.234280	59.188962	-19.778275	72.500930	48.758589	-39.457205
	-14.076976	-20.101216	-83.653370	102.255420	54.244566	-13.084448	73.246560	35.085118	-38.291663
	-3.863234	-15.373753	-64.131874	81.753412	33.152590	37.107277	57.017148	22.468302	-13.156417
	17.174875	-11.843831	-8.588880	70.548783	10.558855	33.765576	54.743722	23.319010	50.784517
	55.686812	-24.585146	24.798362	73.257336	-7.969535	23.358087	43.584891	4.949199	39.767563
	19.703183	-22.673940	47.072564	25.331974	-37.759232	30.465454	1.941457	4.145195	68.657180
	35.499049	-0.810501	42.951756	22.896646	-14.345034	39.582773	25.420952	27.149519	66.321628
	-3.394184	57.285417	36.175603	24.200072	-11.810490	-2.554687	24.414454	37.244804	84.962714
	12.443962	94.911488	19.436960	62.105956	16.708274	-3.175179	18.562501	11.025485	45.128976
	6.981354	91.139173	21.584063	71.797227	25.865166	-11.925127	49.332036	11.195123	58.641796
	-14.838374	119.591693	16.611750	98.111679	29.859802	-27.703732	53.870041	54.731660	16.857609
	12.805795	94.037236	29.299092	90.490795	55.945181	-2.406961	68.246445	34.349402	52.377394
	-17.544950	82.791280	31.272384	52.258921	19.424584	-10.872305	48.989539	36.805697	11.055322
	-18.589672	111.295549	16.332983	35.173586	1.586068	-13.207137	1.822867	48.244336	-27.094385
	-18.633953	109.532269	3.268646	44.479606	0.133777	-18.250262	14.614619	40.359875	2.738958
	-31.651159	95.004209	-19.333689	59.369263	-21.513178	-11.774586	34.320658	51.408077	-77.168506
	-0.132801	81.906093	-17.987187	82.068320	-20.229678	-23.415448	26.969881	21.860007	-73.502422
	-29.710508	35.182389	17.575397	61.022088	-30.672426	-33.191820	-6.391394	17.538893	-23.047915
	-22.063855	12.240349	2.653343	67.130669	-8.818617	-15.630654	29.214040	14.981310	-33.013896
	-26.205548	32.653053	-14.266434	56.619480	-4.285120	-14.038023	13.173710	32.457198	-52.629211
	-14.159928	38.688586	14.825013	-7.438916	-43.430210	13.573599	-2.961310	-9.730549	-52.395986
	-15.210269	41.376651	6.176344	-20.206054	-23.190342	13.618997	-27.777530	-27.911727	-55.795417
	-15.625114	52.926264	-4.246417	65.802647	-25.190937	-0.033665	13.217163	0.213480	-46.432934
	-27.565928	86.867807	-16.016614	119.587245	-28.569252	-25.649179	30.020083	27.578846	-26.354229
	-18.415118	67.595069	18.013025	54.356950	-17.277908	-15.495854	-0.799519	35.413750	-6.563163
	-3.181348	44.660071	10.660243	16.554462	-6.703709	16.624904	33.351144	8.556598	-6.477987
	-0.937130	37.163245	41.845855	-9.826460	-28.717293	-13.792985	-36.828121	-24.062064	-13.282032
	-43.277166	29.284662	18.109682	-52.502202	-27.507129	-16.508029	-21.660410	0.821178	-36.954403
	-2.729274	69.611058	24.670384	-3.345759	-42.531722	-5.901887	-26.367471	19.213301	-4.551105
	-10.090849	41.219407	13.464199	-38.669026	8.462715	-21.756555	-34.750628	6.509790	-27.883971
	-24.631576	45.240398	0.165130	-23.451450	-15.609796	-10.763278	-45.513989	15.590752	-28.288482
	-21.165336	30.467180	-7.101728	-31.948269	-0.323222	-18.496924	-44.537671	-2.549006	-47.362766
	-42.349242	63.311661	16.885333	-28.147576	-29.049898	-21.901239	-50.985579	4.623764	-64.561736
	-20.401134	57.294126	13.635692	-33.775776	-22.428992	-29.718754	-44.513748	7.583982	-21.422503
	4.445896	-6.300103	14.653994	-76.331760	-70.003344	13.678215	-66.527410	-7.949921	-37.907330
	4.730906	-8.447505	28.397012	-83.646695	-29.364426	24.331365	-50.340377	-4.165991	-11.968230
	-21.321422	-2.706260	1.463343	-56.252630	-17.071414	7.127365	-45.674817	2.376546	-6.121349
	-21.747307	51.007625	1.153907	-47.100097	-39.168479	-5.175996	-47.444758	23.164063	-62.679209
	-11.354027	74.965021	11.549156	0.824067	-57.068936	-13.188260	-33.625577	42.699407	-51.116006
	-28.267332	36.293668	6.426364	-39.323764	-23.233066	5.189896	-51.528437	-1.131218	-60.905534
	-26.387925	63.029240	3.547578	-22.802132	-7.538314	-12.821150	-40.978439	-4.835484	-19.815437
	-20.817000	64.628986	-16.841444	-57.858444	5.559442	-18.555446	-18.296154	-1.354646	-40.817671
	2.142904	72.772264	13.160120	-49.227480	-11.496945	-22.207607	-43.821691	-4.567512	-22.117536
	-10.563169	60.127000	9.822274	-20.956828	-12.374874	-10.898513	-18.476915	4.686796	-22.366923
	-10.021425	28.082278	43.854747	-35.688069	-11.676205	-6.437089	-18.645191	-12.771386	18.720863
	16.519762	29.928937	28.667147	-35.234681	-14.922466	-28.617368	-24.502072	9.264485	-1.076747
	-10.404388	22.235012	38.474913	-49.344381	-16.092926	-16.442701	-31.741945	-1.659382	11.983787
	5.044410	54.442252	51.693120	-26.833620	-16.520145	-16.173090	-2.412140	17.897165	19.381221
	11.367197	-4.293393	37.715949	-80.260747	30.402810	-12.294207	-11.299864	-39.283150	48.735446
	17.164464	40.856997	29.729877	13.967087	4.891524	-27.393663	12.590726	-6.782691	20.856719
	29.201994	54.560287	22.772243	37.292261	-28.729792	9.816568	24.048269	-11.360988	15.490054
	8.521927	60.176898	24.146655	45.123825	-4.623985	18.935973	27.729779	-9.017945	4.283078
	9.165524	37.242765	28.116540	16.301451	-12.376919	2.528247	20.191731	17.488385	-7.290507
	1.768694	46.977784	35.882515	-12.439944	-25.810324	15.897424	-6.505088	32.848233	10.435492
	-26.106658	26.683388	6.534048	-11.763784	-13.775357	-8.416742	-9.356780	33.127280	5.350193
	13.703738	6.560464	14.934075	-14.150348	26.212359	5.195579	-23.802531	-3.303600	19.153417
	-20.638203	14.572648	23.629534	-31.050195	2.125574	-12.756295	-5.373535	6.042141	3.853798
	1.488112	-11.860318	19.519760	-37.275452	-13.155501	-15.355670	-31.990106	-32.174319	13.091173
	2.071570	-3.808425	19.942352	-55.803491	-45.240447	-7.035105	-24.549328	-0.216379	-1.219849
	23.435094	11.644446	43.223122	-40.894263	0.975947	1.176587	-27.014648	11.251853	11.702941
	5.501567	19.840106	53.542221	-21.978727	-7.755111	10.768427	7.182176	-7.488700	25.584700
	12.831855	29.807659	23.412910	-6.021956	22.890765	-14.555340	13.279891	-21.539899	37.436447
	20.942574	44.305404	12.272721	26.015145	43.023633	-4.487750	34.316785	4.863172	21.957435
	14.714310	12.998528	20.590015	33.913118	48.228754	-5.794818	38.951235	-15.668710	64.139440
	17.318436	8.905722	6.634776	38.346793	52.646151	-22.374417	42.601653	18.257971	54.008651
	-3.139224	-44.788679	46.668257	7.584130	78.036532	1.836546	25.619397	-2.836754	91.855498
	-5.889484	-49.907049	57.212552	-44.884829	89.188233	-4.231955	16.918650	-49.855426	111.210495
	13.149360	-105.245563	51.267580	-100.261411	95.029820	-2.784955	-1.778188	-86.677936	97.027494
	-6.082744	-74.845529	47.110789	-62.577096	61.717179	-12.808519	-1.922763	-66.499470	83.117842
	-20.047156	-42.589621	2.407668	-33.685177	49.009902	-27.551523	12.147183	-30.892978	32.415641
	-19.826921	-8.038419	1.236269	-20.452156	53.298547	-19.250911	37.598734	-18.317864	57.380655
	-24.515991	-12.230588	19.164113	-28.198088	37.175151	-23.514242	16.357542	-4.246252	29.956280
	-7.251308	-88.840541	54.549553	-73.961699	51.020616	-18.267160	-3.562043	-71.648165	61.167207
	6.543860	-69.183924	63.051982	-9.529488	30.199603	-1.427432	-1.810492	-55.023698	85.447453
	24.223638	-93.174231	68.787589	-42.527947	35.492282	19.757104	-12.265899	-28.468872	117.810090
	-0.320372	-129.498977	53.332033	-104.217229	39.403677	-7.896497	-18.705621	-43.811166	127.066676
	11.975186	-104.508076	49.179627	-73.036185	31.639008	-18.450958	-34.010259	-61.177513	84.769600
	-18.551123	-76.475358	21.137625	-36.029517	36.100154	-23.848192	11.314104	-25.837868	98.698096
	0.093324	-69.193666	27.894982	-46.879805	33.677511	-25.865074	1.662488	-29.892960	78.925076
	2.381530	-77.079871	39.591947	-56.960934	36.407690	2.064855	1.838509	-29.100383	64.916287
	-23.096823	-68.913425	32.397032	-68.987219	45.801017	-3.386644	-26.542514	-30.080165	60.514530
	3.967330	-97.888150	40.067108	-83.533817	60.938165	-11.594751	-6.776747	-17.354789	62.682199
	1.537216	-144.988667	42.274384	-128.116012	43.525027	-16.972605	-14.391529	-44.073792	76.997997
	-13.649209	-155.762196	70.661838	-130.636715	50.562712	-10.304790	-27.049297	-50.697401	115.930914
	-3.955026	-88.286697	10.243111	-81.656946	69.094880	-29.438949	-0.823437	11.996563	81.841992
	16.563317	-68.040012	44.983350	-65.210487	78.754180	-28.103509	-9.483612	-22.418636	42.621764
	2.268605	-108.216707	4.913438	-92.220082	72.111749	-9.162066	-5.720472	-30.406799	38.396267
	3.150300	-95.656442	-22.202541	-76.216949	63.556387	-22.288704	2.127608	-15.328108	34.830061
	-28.151642	-70.106212	-33.195702	-73.709871	65.359469	-29.703254	-6.837703	-10.785751	0.812806
	16.758503	-51.417079	-31.930957	-11.370758	-2.533779	-10.048814	13.629078	-9.090673	2.832265
	40.375664	-26.525290	35.377028	29.392140	-32.534704	32.851737	26.106346	25.311935	20.500520
	39.394448	-24.489103	25.302789	21.661176	-18.150917	35.206543	16.698324	3.849221	42.015716
	47.522146	3.806634	25.967294	43.124417	-28.198150	12.679531	24.061539	10.869882	12.469447
	36.059730	17.110161	-10.076561	49.112373	3.458629	22.963926	30.936539	7.307106	-10.468235
	10.658162	13.434903	-1.631970	38.494717	-5.132389	7.239097	19.922817	17.530910	-5.283337
	23.884627	14.662780	-2.691037	53.184290	-31.768666	11.436775	-3.372776	15.503171	-27.216425
	26.877501	-15.469401	-26.029030	-4.990259	-7.624271	5.350521	8.880631	18.598180	-34.358872
	42.737461	-17.887061	23.250814	5.599611	-37.224710	-0.870261	2.414370	-5.942723	17.200659
	50.877049	-55.260397	34.166381	22.109649	-49.337548	32.034825	-16.044072	-2.108096	48.220419
	55.677794	-40.383992	60.464159	8.016941	-61.551875	52.194139	10.013559	-10.015496	56.103829
	73.576590	-77.700919	63.416763	-29.482553	-20.110360	55.206519	-6.770297	-33.031131	81.723280
	72.719746	-79.093775	48.607211	-28.174711	-23.922194	56.092760	4.842289	-66.244731	71.485657
	32.460546	-42.397049	36.043160	22.381162	-51.164934	32.647505	22.874075	-34.998545	47.566779
	-3.932463	-3.852846	9.322219	25.335956	-58.706173	24.123111	11.928962	6.420043	13.683565
	-25.882280	-37.275474	-21.998832	6.268549	15.095426	10.306342	27.365154	7.605204	-11.489750
	-51.718743	0.867750	-78.235793	-1.598301	27.891555	-6.701436	-4.191080	-12.811088	-66.898888
	-60.295513	9.864357	-97.953076	21.720654	46.936877	-40.490167	-8.119043	-13.238510	-73.234197
	-28.791879	-22.080225	-71.662226	-19.859639	29.392360	-13.177989	-42.469315	-1.091271	-51.749154
	-14.726571	-18.319516	-93.763958	-2.317874	6.451194	-26.147316	-21.132168	5.684787	-65.290976
	-21.393009	44.549072	-91.235174	73.963827	-59.713267	-17.684983	-1.429134	78.381975	-114.666311
	-35.708792	64.224155	-48.814262	129.130395	-90.590629	-5.618780	30.247894	58.915919	-97.736187
	-7.027709	23.302741	-16.121360	106.886276	-83.390665	14.364413	23.397777	58.811968	-21.944685
	-10.939503	38.990102	-22.131163	89.134787	-68.109619	7.991877	19.478953	66.101347	-27.576307
	-6.571969	96.691425	8.642881	124.089365	-76.741028	7.061642	19.653981	73.264998	4.410407
	4.651139	105.116140	-13.418824	106.957256	-76.093597	-5.813432	22.636374	84.986557	-18.108047
	6.047125	150.060937	7.109262	137.355000	-87.446894	-10.718693	44.616215	86.770827	-25.277206
	11.809337	152.026471	22.477375	108.737389	-50.790263	0.882502	30.890921	52.114026	-9.406882
	-20.913184	106.989019	-0.202807	21.554775	7.052159	-20.757082	-12.541307	23.539819	-18.448136
	-26.853840	99.763393	10.272794	-27.243162	12.036711	-21.672162	-17.490727	12.068727	-44.413660
	-40.734611	66.705592	-5.069950	31.505236	-12.449021	-35.669176	5.204597	10.509083	-29.378579
	-28.601580	23.894795	-14.379789	10.007554	0.500419	8.287221	-2.699849	23.986180	-11.153904
	-38.083295	21.917724	6.779291	-27.431054	4.068559	6.133125	-2.584317	26.897661	34.832370
	3.433233	47.656662	30.976495	-13.759431	-28.191290	13.927010	-6.664778	-3.413112	11.893121
	-30.166282	70.615303	23.607768	8.593528	-69.911425	-20.680786	-33.255461	-2.965488	-27.855572
	-12.326572	71.611706	17.796260	8.241866	-71.386387	-27.721252	-33.226449	-3.787616	-36.643803
	-41.136428	56.566646	3.181611	9.367194	-51.172821	-2.751890	-13.849354	10.224020	-30.250220
	-11.696533	48.394059	-16.528141	-12.899217	13.643739	-13.254400	-29.120605	8.457880	-11.252419
	-18.829112	64.308414	5.730402	-19.571475	-16.596612	-10.249117	-24.304060	20.327514	-15.986645
	-1.710661	73.671790	43.164378	-11.867551	-25.095534	-7.798661	-35.345471	-26.152003	-12.190379
	8.092426	65.868561	9.052286	-15.929888	-6.935630	-3.075130	7.836759	-12.852707	27.310987
	-36.181469	85.670615	0.815559	-2.097211	-48.897643	-1.349366	-30.266423	-3.935881	-22.579974
	-35.821227	71.971234	7.388388	2.915124	-20.290515	-18.857460	-26.858323	-9.231421	-32.085117
	-41.419525	73.061841	-7.047617	16.644050	-16.203487	-37.474648	-28.322341	0.387262	-47.705645
	-24.635724	65.557411	25.122434	-34.812594	-15.483586	-24.286971	-51.188009	9.972501	-33.678439
	-57.148232	41.573774	23.887717	-55.900174	-26.474826	-10.270171	-47.334317	-14.952553	-51.289989
	-50.895577	92.804235	15.222833	-22.440457	-72.209352	-30.704742	-55.383303	31.718569	-44.351217
	-43.600078	53.958346	8.831817	-26.773475	-78.576920	-18.531429	-70.503135	28.668273	-55.396019
	-58.690351	20.526004	20.423029	-52.704241	-41.979044	-11.222240	-62.471713	17.495473	-25.572498
	-31.859329	20.974159	18.718032	-51.316196	-25.648789	-2.092604	-55.189017	6.147342	-5.582985
	-28.280696	38.407209	3.126389	-39.885186	-27.884445	-10.278580	-34.507728	6.446912	-39.187304
	-26.463087	45.784355	-8.009310	13.702809	-36.823289	-19.183337	-14.097932	43.878735	-61.117286
	-7.980064	40.555977	-15.265987	7.958532	-36.788243	-2.886124	-33.991118	33.739010	-61.421940
	6.884333	37.728237	4.057819	48.459098	-31.526548	11.940258	-4.620700	10.613483	-53.628087
	0.157320	42.682349	-31.940086	104.264681	-18.160821	41.212474	27.103858	51.352599	-46.514806
	7.561517	38.926971	-10.590626	113.243294	-10.977789	55.588006	58.235370	44.349320	-3.953061
	22.260467	24.591073	-5.996973	92.352005	-35.422497	49.795080	58.722715	49.423555	-8.567875
	22.288253	-5.995447	22.811128	95.749314	4.836772	56.670643	73.784824	31.204083	29.875087
	9.437777	-12.580627	-32.788551	102.013307	57.700480	-8.220091	96.387036	-3.539195	34.058671
	-11.014859	-24.192868	-47.695416	84.706594	28.285131	5.505548	42.556383	21.575509	16.283245
	5.163034	-33.782177	-32.996384	47.025271	41.039977	0.025848	37.606688	21.009159	50.494020
	21.042155	-23.614436	-41.845508	31.611339	7.911912	-19.189696	32.964944	5.432319	31.763619
	16.010764	12.261937	-26.775747	53.545443	-33.046988	-26.308090	6.350531	12.392556	25.235661
	54.254611	8.108450	0.582564	49.323877	-33.729676	17.869506	8.275858	48.817602	72.971435
	15.068920	52.951711	1.600783	80.136921	-36.654788	-11.585915	12.270793	5.843399	18.735070
	-12.545026	53.863741	-26.792867	44.613536	-38.900514	-22.990439	17.612150	11.518474	-13.275527
	14.019851	21.500704	-32.482898	28.363769	5.079560	-16.077022	30.752389	-1.300606	-0.197647
	-4.392622	35.954646	-31.361603	44.301875	13.012398	-7.168971	12.615240	7.793900	-20.948993
	1.025889	64.556351	-1.731550	39.222974	25.229607	13.819479	8.435520	5.286624	-12.557205
	4.792594	20.824408	12.333466	-4.415574	-22.248774	5.260833	-9.509695	3.116867	15.566387
	7.442076	17.384148	3.699605	18.801979	-5.345196	8.684236	-14.209634	38.393414	-7.481663
	-7.654016	32.295682	-31.679069	52.248729	-8.272347	6.239725	-4.850665	31.950045	-41.353208
	14.306522	16.361749	-26.117404	61.369602	-17.360344	-7.751322	-4.287255	32.937295	-17.572901
	-20.331523	-9.715513	-37.251585	46.973038	-2.900419	-0.714162	30.457358	11.673955	-4.908712
	4.974018	-16.507844	-7.286375	29.083235	-4.682720	3.909622	22.946163	35.700179	-2.300950
	-5.526927	20.468431	-9.431335	107.419510	-4.509069	23.248926	60.054581	12.395115	30.226891
	5.331641	4.815855	5.549568	56.882898	10.702684	-2.998021	43.232126	-3.294708	45.579710
	12.627856	-27.778560	8.198850	22.116940	2.898026	13.344578	16.706879	-14.582789	31.625137
	2.192954	-52.032979	-1.469026	-8.575326	-82.071949	18.437119	-22.086943	-8.131655	-46.594020
	3.912091	-42.745830	12.517100	-13.756045	-94.059523	11.124120	-32.021716	-6.696233	-23.837798
	7.985411	-50.581906	29.345713	-28.914058	-57.382416	30.144524	-45.421020	-21.019377	-13.430312
	-7.313881	-28.430315	6.903155	-39.249749	-54.497346	24.778160	-40.558387	-44.956951	-24.513442
	-7.154920	-2.459147	4.519112	15.513612	-61.538309	8.136476	8.501197	18.348130	-8.075157
	-20.811519	-34.818289	25.036196	-6.965323	-49.386966	2.313242	-13.689361	-14.711180	-15.395865
	-11.477848	-26.902658	-30.387422	-8.575342	-104.266953	-0.261809	-37.432562	5.805658	-24.077861
	16.367174	0.345344	23.087178	4.580250	-27.607102	10.375454	0.595560	9.375025	16.422753
	5.342581	66.608661	0.801441	137.956296	-22.163640	-0.187252	50.366399	39.724126	8.306763
	-4.503176	18.612620	-1.179446	34.015269	27.851979	-8.039851	44.932459	-4.068984	23.800120
	15.511253	20.815304	14.986567	42.716079	4.695331	1.421731	46.999683	-10.219995	32.899770
	-12.881671	-45.463188	8.728850	-19.119184	20.193007	11.432354	10.034104	6.511608	27.101230
	-0.820835	-13.461350	13.429868	-34.195938	-1.640021	19.125338	-28.495259	-3.436685	6.325943
	-40.155532	-34.211010	-15.723834	-61.934246	8.164502	14.308263	-33.090927	-5.180242	-31.293747
	-29.339829	-79.439154	-26.881611	-43.236932	9.423520	-4.418300	-17.919833	-9.882078	7.641243
	-23.639756	-68.229085	-19.561143	-18.402852	-9.579109	-6.783536	-1.033794	-18.737234	13.786777
	-18.557822	-61.958291	-32.097356	-3.403831	31.246593	-20.448854	34.855667	-11.863956	1.797751
	-30.830693	13.589896	-59.310151	58.054489	13.292465	-10.350561	21.753813	29.045725	-44.806479
	-30.246770	94.027672	-48.664188	96.020923	-46.187429	-9.619461	39.364447	75.968300	-79.476445
	-10.583956	72.819248	-30.797927	83.124123	-72.519482	-26.467973	5.509911	64.357622	-44.895584
	-10.288342	11.312623	-28.604531	40.793510	-40.577319	-28.948555	4.352048	-7.968527	-9.694099
	-3.832560	-3.829229	-31.164518	59.029952	-34.356709	-18.477630	-2.499593	4.752518	-18.690224
	2.529002	-9.469405	-42.130594	25.564695	-14.237899	-23.728926	-7.348593	-9.766943	-46.821747
	-15.529126	7.862136	-27.435978	-16.673818	1.488295	0.974589	-17.419914	-28.471824	-50.236523
	0.845589	5.018962	-32.797275	-51.353427	24.123085	-7.971508	-19.651150	-47.196240	-47.043555
	-1.062055	-29.051198	-14.296815	-73.315741	32.856490	-27.936151	-12.621974	-52.667166	-1.450681
	-24.500187	11.077855	27.952007	-14.365431	-13.119239	-12.536222	-4.023510	-24.347991	34.275837
	32.209278	-50.037971	27.939773	-91.777067	7.900986	-5.460987	-43.890272	-46.327907	34.872493
	25.097739	-51.621225	12.260379	-103.396735	43.043515	2.468322	-37.016468	-56.295177	25.604496
	20.683537	-79.216196	9.213254	-108.625969	26.570047	-9.266346	-45.137803	-52.285575	-4.440122
	0.759010	-26.607029	4.689113	-85.436071	9.915748	-5.957649	-41.538728	-24.712301	-38.760682
	-17.025699	22.194392	-26.562675	-23.906715	-0.716570	-14.344526	-44.981951	-21.365252	-36.435300
	15.604276	-32.784966	-15.779720	-75.310231	-13.822080	-21.178161	-41.369190	-31.262271	-40.799180
	5.952183	-67.943863	-17.445260	-51.951381	-75.153052	7.446869	-30.609001	-26.137035	-45.382454
	-7.173549	-57.043517	-43.733292	-16.133521	-87.858321	-7.738452	-38.122498	-16.475437	-31.039895
	7.141852	-54.239259	-16.593009	17.749209	-61.737227	27.019060	0.260374	6.889415	0.359536
	12.760772	-76.774222	6.760997	-15.322740	-70.407383	8.284275	-33.048146	2.836665	-19.902612
	-5.819232	-78.609957	-10.861179	30.940797	-76.251318	36.081993	13.540761	10.636726	0.808929
	29.663605	-43.860632	13.528403	24.190568	-60.854336	30.752110	17.883957	-9.196399	5.694408
	29.351358	-41.238845	52.780348	-5.827185	-44.232431	39.609526	7.224238	-22.521088	61.693204
	40.343083	-88.486283	71.399239	-101.596106	-55.252095	53.748791	-35.593395	-67.770436	85.905792
	58.297746	-117.643928	47.640756	-102.504188	-43.941639	62.072347	-52.072288	-74.809709	66.483685
	-0.953356	-76.963679	14.410681	-74.017936	-10.306455	33.337761	-32.304802	-31.120273	6.344115
	17.396436	-36.303819	-23.033608	-41.007510	8.626393	15.280832	-9.067093	-53.076211	12.741733
	2.724076	-17.505407	-17.721712	-46.619881	26.360105	29.705338	-13.031065	-57.123522	0.156073
	-11.317845	-6.364501	-10.837888	-53.328778	37.367304	-2.949227	-10.529664	-36.904500	-13.571937
	14.854376	28.767357	20.445198	-8.591959	68.150876	13.482961	-3.005816	-13.845230	-21.738692
	9.467401	27.417594	-16.089439	20.586499	73.281715	16.456310	35.551962	0.944537	-47.032310
	2.644240	10.095253	4.579888	43.943151	25.747854	21.137537	17.095130	23.364002	-25.322121
	1.961834	18.160544	13.390168	35.125708	17.446422	1.022643	18.953616	18.539685	-1.227598
	21.261113	7.715386	18.060915	23.575302	24.778896	-16.613707	-6.907067	3.877991	51.553783
	4.677090	19.282799	17.171097	22.981061	25.656459	-11.550622	5.719850	18.464133	69.812608
	8.004148	30.305635	28.708710	-16.576879	46.671635	4.618936	14.364836	-5.016653	42.295867
	-25.113973	27.810012	39.667680	-16.469277	-7.279805	-14.534734	-47.417811	20.996529	18.679921
	-45.171217	74.284759	20.357208	-25.868628	-5.997176	-30.606167	-34.590006	29.945004	-50.973875
	-26.017655	106.740252	-11.483235	57.181048	-32.942735	-22.844052	-10.399182	58.682551	-72.255463
	33.874116	84.442739	19.318079	42.898799	-3.830661	-2.179042	1.213164	44.910560	-18.847781
	13.426987	69.671424	20.798003	12.397490	-27.834230	1.370390	-7.991637	70.130847	-2.530574
	8.082663	68.910605	40.452938	39.709482	-25.541739	35.033172	0.267946	40.921894	-19.238246
	35.704793	29.249461	36.245366	30.766546	-13.633178	37.303981	16.930580	28.429892	-11.323808
	3.796192	23.796572	30.714762	59.952474	8.591384	29.331840	33.431329	9.584843	18.868828
	34.593601	-12.638449	21.229026	-9.261066	32.703935	24.796958	30.032881	-24.010689	11.742932
	13.798861	-47.678378	23.729380	-28.190490	27.507702	33.384447	13.947770	-21.382531	7.096391
	38.976714	-48.947966	51.297792	-39.622600	12.395585	28.633308	22.813678	-53.564348	1.755264
	6.626709	-14.268295	48.916512	-33.782482	11.293286	27.382636	-2.786984	-28.790179	10.124764
	22.292385	-2.946536	44.079260	-33.674087	31.480510	25.519523	-3.654408	-24.757214	36.396557
	17.572790	16.534417	42.894229	-17.439171	37.568664	10.871351	17.860377	-17.514426	22.512278
	34.327562	3.594052	42.864105	-0.529214	59.282577	5.122391	46.183956	-3.173376	40.736638
	48.790834	-38.215179	45.148316	-62.582464	81.119046	14.901564	13.663966	-46.764867	71.979393
	45.663612	-7.808885	23.343534	-16.926932	74.058933	-2.751112	21.754618	-29.775206	36.020569
	62.839257	-22.765356	29.115448	7.190108	90.252632	12.994112	51.571789	-24.799295	61.671850
	42.040739	-22.596831	6.202388	-25.459544	53.859226	33.668743	31.580174	-34.322059	1.762985
	51.979947	-11.904449	4.917087	-21.124488	81.601754	34.157224	36.010361	-27.414099	-14.777144
	50.128473	-20.314163	16.178326	-9.294067	83.097076	24.440759	27.713066	-27.391890	15.305775
	46.095875	-19.867385	-7.501271	-28.612411	90.904593	20.573453	27.296235	-24.004884	9.464724
	59.090053	-21.162501	3.534561	-41.862434	91.068117	23.494024	22.107107	-18.199304	39.247935
	63.102647	-2.746183	18.941517	-47.897476	101.468703	19.198049	31.430596	-5.689929	74.903495
	57.505190	21.092554	38.345602	-58.562883	91.782491	10.957734	12.948532	-25.188039	47.840442
	76.402795	9.185887	39.479131	-83.746945	90.019468	6.114830	-18.952407	-67.837618	48.932667
	59.873118	23.799886	-4.092352	-53.959549	100.338461	-9.533728	-7.554345	-52.036035	-1.869150
	28.776203	28.751418	-5.036340	-30.216118	69.494329	-8.294681	-0.306865	-20.963781	-36.780002
	27.501873	27.468086	-16.863445	-49.480286	54.066179	33.347293	-17.158668	-20.145985	12.132684
	36.099754	63.175438	3.880784	-0.876595	49.332048	14.229880	12.050733	-12.328575	24.705917
	31.396579	11.857397	-13.519882	-48.864561	59.252367	46.754066	-4.375758	-27.698101	62.821193
	31.174754	8.046852	-18.725251	-55.964510	55.337035	14.618362	-13.447840	-19.265920	-16.838850
	21.216739	-65.868639	-28.763351	-102.589091	62.707615	25.339360	-24.975257	-13.181912	-80.582185
	2.120118	-70.802241	-55.911855	-70.534278	42.919110	35.269068	-28.130963	-21.767930	-62.454062
	-10.903184	-70.897956	-45.105904	-75.211960	-5.569477	25.040800	-48.833774	-23.625599	-57.744942
	13.042410	-59.924687	-27.389554	-97.126356	7.273912	28.714573	-42.216372	-21.045370	-8.930704
	9.636095	-40.224275	-33.333927	-32.862329	60.609319	-4.762925	3.628069	-8.886678	-25.544571
	-0.972108	-67.955549	-79.435816	-22.728379	69.711237	-1.215255	-22.740725	7.002416	-53.070132
	-22.536354	-16.364818	-29.336610	-11.639236	62.766509	10.672352	-1.991015	9.723265	-46.422391
	-19.649801	-68.638235	-22.120151	-43.260492	45.263407	6.431019	-13.728686	12.751069	-26.684818
	-5.727533	-80.070389	-8.792316	-58.649411	28.530930	7.219770	-0.624868	17.426739	-12.745291
	6.480696	-25.362682	13.105586	-34.666882	42.062361	2.282156	-10.201225	-3.316991	19.297733
	-6.455464	-42.404179	-7.178168	-26.484855	73.673787	2.694391	2.763224	8.522927	-8.798745
	-6.855185	-23.240813	-27.238934	11.100229	71.606906	-6.722407	4.504876	9.368375	-14.165694
	-14.777984	-47.154107	-24.188926	-45.060581	67.940525	-8.771181	-6.239110	-4.707812	-3.310141
	-0.648866	-30.643878	-10.287769	-6.292772	36.615360	-1.621521	19.799891	24.622289	20.624477
	3.324772	-102.471676	4.692084	-32.548827	-21.209480	4.583874	-26.282723	-2.125649	9.485995
	10.951327	-132.844645	17.058352	-38.752478	-27.773772	2.573891	-23.011031	-20.181028	22.677486
	-5.933569	-151.223617	-15.803542	-20.150469	-13.173551	7.114954	4.756060	-51.879367	26.601916
	3.289167	-56.032170	-21.437833	21.546419	-43.266435	-12.510779	5.839898	-16.597739	6.091735
	8.022448	-43.986960	8.589799	8.193498	-77.363743	16.098520	-17.822663	-8.961203	-10.717521
	4.930734	-3.561258	-10.117111	27.488950	-85.089983	-1.077293	-15.306231	23.033706	-18.231376
	28.942611	6.315251	-22.121482	45.492113	-89.230116	-5.295667	1.514860	11.705354	-30.483093
	5.720411	25.331984	1.111216	53.338002	-78.862044	11.901628	5.605555	11.640584	21.284434
	-14.886939	48.805253	31.229700	66.779295	-57.789901	18.805266	36.526409	28.524822	9.240002
	-13.762609	50.778090	34.207170	52.696206	-31.831183	-8.416139	7.792007	21.558163	3.806218
	-12.922527	89.591596	28.334892	33.776011	-71.674704	-24.485012	1.844846	33.291525	17.630352
	-26.851467	57.628968	37.238652	34.479013	-29.428267	-34.871691	-0.111512	26.222557	13.671758
	13.989698	-5.212079	43.917471	-12.640590	0.571689	-10.080937	-15.860712	-18.380505	74.335050
	-7.707652	-7.833599	52.488280	-30.450403	-1.436152	-14.983439	1.373041	-28.419258	41.015042
	-42.736147	28.929111	25.096770	16.483174	3.286006	-42.546987	33.139048	-15.131833	50.608054
	-26.985684	-37.603708	23.857285	-29.801794	28.958385	-12.060313	6.392100	-24.657954	81.423770
	-41.286809	0.130165	44.187422	-56.239804	-19.636075	-49.608661	-21.785829	-39.677005	47.023386
	-24.225660	-4.150033	62.717078	-57.792950	3.371931	-44.293219	-12.245613	-46.758473	63.783618
	-25.977387	-25.924399	45.392482	-68.475138	36.587084	-47.171104	2.212021	-55.072832	85.110222
	-25.106461	-51.096848	52.105375	-83.251418	42.541615	-25.171458	-20.706870	-78.145047	33.101683
	-59.365652	9.311012	17.058959	-28.788399	-13.921109	-53.299588	-5.032459	-6.689917	31.096992
	-42.723780	13.308686	-7.809378	33.985796	-11.355383	-43.175583	-13.229082	14.292435	-6.309375
	-42.775278	8.930437	1.159512	37.346789	-3.620735	-26.615572	-0.407300	4.085117	-13.290846
	-33.083253	-45.669068	-48.069546	-6.151483	1.297940	-26.590964	-17.436808	-30.502474	-19.629327
	-47.823019	-20.118993	-24.582606	29.965604	14.673124	-29.271744	-5.665838	7.815398	-32.509366
	-29.831625	15.169364	-19.674699	32.389290	-2.509750	-37.594116	-9.134078	-1.373843	-45.342221
	-35.557677	8.477504	-16.263320	-21.855897	-17.997802	-12.481511	-8.209528	-14.795649	-34.632544
	-19.878883	20.102628	-4.320644	52.928292	-45.894514	-17.681852	11.250212	40.265836	-10.288153
	-33.338214	53.533929	-9.702039	83.906470	-55.333041	-13.091108	10.718283	40.487090	-18.755053
	-5.040190	31.898993	-0.390480	45.233067	-59.157753	15.167487	-10.957545	18.187539	-21.510995
	5.978193	69.482540	-15.580403	109.027079	-96.860869	-7.853033	8.575437	73.905383	-46.353316
	12.314120	75.231420	-10.783060	99.677389	-76.140936	4.044552	18.258898	52.150764	-20.336713
	-14.525380	95.201965	21.836312	82.067583	-79.794349	-3.447864	-21.043450	58.229004	-22.356252
	-7.071384	98.600731	6.110946	45.305215	-86.273027	-6.158058	-47.294730	35.373155	-36.891355
	-25.092900	88.191696	29.228208	62.696614	-98.905169	-21.930748	-19.978441	55.583005	-39.270379
	-26.971809	62.291572	3.256314	52.920541	-79.201699	-28.602609	11.972769	15.676157	-26.038149
	-30.249214	69.040123	16.246991	105.116374	-74.739990	-13.789742	33.668351	38.129797	-47.557601
	-38.307334	39.021517	-9.234391	50.258859	-105.416836	-13.863541	-9.994210	20.157994	-38.411766
	-13.936828	15.484309	-25.189874	42.983642	-109.216214	-7.290259	-31.549693	33.235844	-57.663242
	-19.216464	-20.126355	-5.326223	14.009154	-99.803034	-10.744561	-22.924421	37.275683	-31.495618
	-23.920072	-3.812736	-9.756025	13.959597	-47.498164	-11.427908	17.855003	15.936714	17.692815
	-23.659325	35.466173	-8.292635	78.591139	-41.366808	-23.274137	43.605872	22.531883	8.405029
	-0.649228	62.070570	10.528597	107.926100	-10.668670	-21.422373	52.009970	43.965005	23.825171
	-7.809927	75.402425	24.928266	103.633053	-6.025254	-20.662305	56.124907	38.259408	38.514036
	-23.671976	104.459446	-15.144322	104.860772	-29.280882	-35.607517	28.285347	48.959542	21.674829
	-20.033680	97.677415	37.723287	72.599539	-25.020947	-15.363957	17.646698	35.820443	17.150690
	2.031712	99.955895	25.586941	67.811039	-44.588622	-24.365434	-0.146981	50.779734	14.387267
	4.821732	41.507498	-15.816015	33.332061	-29.898516	-25.582109	-4.426053	10.468564	-25.738969
	-14.613509	21.979384	-39.909488	66.911692	-20.540897	10.424092	15.295551	21.817965	-35.548479
	22.451131	22.530160	-44.597427	83.295129	-35.843260	-16.498558	43.882028	48.249574	-39.858354
	4.765500	41.698878	-43.796390	110.688516	-16.566165	-21.993316	55.804263	40.965275	-30.398231
	-6.735282	80.626499	-87.233784	133.535952	-15.996918	-39.775196	47.019793	86.314071	-63.641460
	-9.528434	72.218913	-24.836496	133.776503	-12.566716	-14.952162	53.927414	48.272695	-35.286833
	-2.354223	112.285121	5.550297	138.729458	8.472456	-0.831333	72.272432	40.485366	8.969901
	-21.014275	105.958122	33.391547	68.964001	-35.301423	27.041985	8.349878	14.374754	5.321307
	-10.755610	63.739711	51.698378	60.735051	-80.834220	38.940446	6.378563	5.567592	21.434605
	-17.048871	39.767582	21.395684	49.972860	-41.115373	33.520222	-7.018848	9.861885	4.680148
	-31.569211	58.280689	-26.203980	40.824336	3.548196	6.384822	22.295727	15.128264	-34.125517
	-15.185103	48.921415	-0.505481	45.146038	4.404343	2.410769	26.645102	14.257677	-4.682258
	4.610527	46.012171	-23.974596	47.113071	-25.803776	7.654816	1.867334	15.832404	23.860317
	-17.795274	2.531846	7.883161	-24.439546	-28.207550	25.996450	-10.739907	-25.586446	30.331632
	19.609644	-23.582321	-0.142877	-45.830919	-47.012949	12.327550	-10.399041	-28.760705	4.260758
	5.597892	13.282263	-25.908016	-15.685107	-34.558565	-19.933677	-8.173247	-32.238375	0.748977
	-8.407734	20.677820	-22.442395	-9.280074	5.474411	-24.318744	-9.411554	-0.557450	-26.363141
	3.205019	26.654426	-35.216164	-10.885957	18.524514	-8.960360	-3.189012	-42.091050	-27.704407
	-1.633808	25.791499	-13.261847	-44.336176	43.834229	-6.144554	-13.401632	-63.688842	-0.565466
	-3.474828	77.401957	-2.746769	21.631677	15.904857	0.880741	5.607866	8.148808	-3.466982
	25.235234	51.124988	11.160365	-12.576605	65.359316	-2.724515	8.105058	-15.683331	31.708181
	56.858258	47.497928	44.158397	-2.540641	48.499617	7.190942	20.918541	-7.233057	30.163410
	38.271145	64.887626	42.935026	-3.057414	-6.351254	13.480026	24.109856	-25.798741	28.060934
	9.281668	16.479349	-10.466192	-1.752491	-16.005376	21.612513	15.338740	-28.265134	-32.340448
	13.231146	6.482019	-7.459572	17.094548	8.190050	28.859927	13.977531	-8.362690	-4.199275
	9.753295	-49.013453	-16.148695	-20.492669	15.588458	45.161532	-11.578961	-18.752439	9.745904
	4.904344	-4.112141	5.675850	22.123883	4.673436	22.545171	9.370700	20.217604	-1.893110
	-5.398730	-37.032006	-20.993790	-37.898414	16.339217	-4.393932	-31.208928	7.999542	-33.736796
	-15.529860	-59.091335	-32.991046	-45.635623	38.868110	-9.375617	-31.276157	16.960775	-33.986811
	-12.560067	-75.308254	-31.113005	-15.811885	14.232386	-24.248635	4.931046	6.940178	-16.515108
	5.665028	-111.579311	-34.861190	-12.613092	-7.882713	3.727075	4.655030	-5.793395	52.078272
	24.747606	-106.680887	17.182025	-30.420751	3.827020	-9.161116	-2.176877	-20.908215	76.066280
	16.396800	-69.035232	18.142133	-83.018029	20.387418	0.314211	-7.244612	-38.941573	53.775733
	4.232250	-45.122700	27.855412	-117.553934	4.791802	11.512438	-30.652090	-26.757438	19.413550
	-14.428200	-41.008707	6.512524	-83.731176	15.992199	-40.335900	-15.815411	-25.260547	-2.910295
	-12.367929	-46.380666	1.565760	-61.274310	67.311049	-19.066982	-4.324480	0.732565	12.912129
	-20.730105	-19.864126	-19.348395	-70.773507	81.830156	-15.248662	-6.306245	-9.658051	19.924183
	3.472731	-42.954328	18.318931	-85.593240	68.448782	1.434747	-7.413543	-25.396869	36.591457
	-11.503155	-46.097588	-16.193555	-68.078757	78.848934	-17.266467	14.094318	-14.141409	42.445100
	-13.286904	-52.149719	4.176502	-62.145390	93.190608	-26.180659	1.947317	-32.366839	58.111040
	-19.853911	-30.381725	30.322812	-53.547875	69.328651	-14.327511	-18.849792	-16.593016	6.325250
	-17.460164	-56.938306	14.735123	-98.140992	73.954101	-12.675445	-28.070854	-37.801026	-3.544586
	-27.985265	-60.349030	7.128963	-100.525104	71.310070	-19.794166	-35.772352	-25.827729	4.102472
	7.313094	-69.659356	25.178442	-87.612285	45.924825	-6.053585	-41.781061	-2.087538	4.197797
	-1.834235	-61.297507	9.972888	-110.121624	29.391716	-10.740732	-25.794894	-4.310815	5.866013
	0.482224	-65.301588	-27.192096	-116.215057	49.507145	-7.206595	-39.323123	-46.560189	-59.256131
	12.727602	-48.332064	-28.200764	-83.722623	76.881203	-8.458456	-25.863387	-39.809870	-68.914183
	1.883180	-68.250659	-17.277668	-102.654034	77.025502	-4.875627	-33.679206	-39.499249	-49.089172
	27.442602	-51.099213	-34.342229	-50.738640	60.301722	-22.268664	-1.786614	-61.429590	-25.372780
	14.255083	-52.835691	-31.023777	-72.419523	66.860068	-47.369206	-21.594583	-23.651540	-15.794316
	22.698896	-38.721182	-16.539999	-46.442416	48.406753	-6.843380	7.102889	-29.434241	-18.269763
	8.831223	-44.935784	-19.405286	-25.565296	13.730332	-0.990988	-36.895279	-24.053518	-23.903270
	15.053910	-17.150387	-16.404327	5.290001	-2.153883	11.955645	-6.916456	-9.306068	-39.813354
	32.396766	-10.800697	-23.274974	21.577752	-14.607206	39.385737	-8.915522	1.978263	-9.882221
	9.045495	24.935840	-48.195738	52.660987	-20.006097	0.024576	16.438322	17.303284	-68.304805
	15.264777	7.957974	-64.463662	12.122336	-38.934353	-8.048025	-7.979444	38.337294	-54.410530
	-0.744520	0.812819	-41.662793	-3.575971	-21.103365	3.855371	-19.554321	-1.616535	-53.174212
	20.855192	2.090289	-33.951636	-15.745560	-11.480711	11.032014	-18.087931	6.228720	-41.461818
	4.597474	-9.696772	-55.672376	-16.885622	-14.546268	8.890206	-9.526047	6.724206	-49.911196
	18.303895	-8.987260	-64.654419	0.155041	22.366433	-4.530140	10.714047	-14.720636	-61.890004
	28.632431	-24.945591	-38.725487	-16.303312	8.716179	25.926317	-2.679995	11.356711	-31.603574
	34.163896	-16.283373	-15.112191	33.965986	4.935814	15.601659	27.924062	31.316862	-2.979284
	33.141061	-18.799259	-37.449810	39.118966	13.629855	9.556871	34.436661	37.025320	-13.880252
	-2.429650	21.657951	-0.196929	85.347138	-35.747232	40.255188	12.461959	42.082172	-25.401133
	14.073180	22.758988	15.423859	86.396098	-3.201964	6.466722	16.291593	45.541535	-22.077797
	-1.817773	24.488682	10.448560	49.228264	-39.563716	19.212376	-11.296587	47.545741	-45.706353
	17.062711	17.271605	9.049641	24.410234	-28.101065	54.445088	-0.189042	10.520973	3.551529
	28.829939	-9.388225	33.216451	-19.671255	-26.924824	68.189386	-28.942081	-0.407843	18.093986
	23.072368	-36.769075	19.897975	-26.292681	10.729114	56.668729	-22.101787	-52.360015	57.389541
	4.943950	-41.720992	11.327005	-51.323418	15.994487	45.718594	-26.502643	-36.461995	30.026192
	-0.688412	-29.138613	23.974842	-63.182352	9.626320	24.734226	-37.360897	-31.574666	31.939396
	-5.748931	-23.201411	-9.779975	-41.790454	39.029323	15.571954	-16.785979	-31.427807	33.831551
	-21.349548	-8.579802	1.898465	-9.209806	73.511522	20.638341	-7.455662	-4.494677	10.598656
	-16.395945	-41.293874	-15.242149	-36.430155	63.128214	20.351672	0.974128	21.744731	46.587723
	-5.971086	-40.810547	23.928280	-33.959145	27.447568	-7.840810	1.704288	8.323613	36.779837
	12.049812	-38.759246	32.013595	-30.162315	-2.028927	-1.615448	-0.032865	-4.202253	53.946251
	18.012109	-13.421799	27.531719	-14.075966	-0.659207	-13.654888	13.470362	22.341492	55.263636
	-12.122812	81.708398	47.268924	33.888449	-28.853559	4.855483	24.898232	-5.943491	35.084547
	-24.192502	69.205798	26.874626	79.014961	-56.153019	-10.098725	32.741601	28.988874	-13.770572
	-30.601050	91.499982	6.523579	61.721216	-94.819613	-4.036864	19.906602	25.116690	-18.651056
	3.796200	27.774765	30.455820	22.904496	-61.769842	3.639728	13.689643	4.940505	43.249816
	-1.928458	9.172923	38.163771	44.647197	-74.550656	-9.148284	-0.643016	46.710916	36.388760
	5.224242	-26.415005	-4.543171	65.350650	-33.542527	14.448112	25.075001	25.596866	40.026194
	-1.261365	-1.353404	-15.426725	-16.894244	-2.040828	31.318296	-20.113518	13.836129	-45.543581
	27.163737	40.359639	9.250325	25.129243	-6.520946	37.577407	18.541384	20.623370	32.146638
	7.507655	-12.601689	12.485789	-51.069185	8.031558	22.797527	-19.569574	-10.231089	15.140857
	8.009342	27.544545	3.524161	19.614852	-8.373613	-3.528724	24.814727	-3.774832	35.073940
	-4.610717	-14.544549	-20.721055	22.524024	23.620987	13.809186	31.159857	15.745972	24.928555
	14.262301	-22.141945	-34.025567	-0.991708	43.395684	-10.432991	10.844211	24.241364	10.402480
	-6.804570	-15.682665	-61.648028	51.997432	31.543189	-25.902780	43.921458	11.823200	-22.278290
	4.458689	-4.806884	-47.473345	34.082383	30.606043	-26.678302	20.353714	19.432051	-33.060888
	20.521519	-13.020039	-14.787617	-15.671967	27.591710	-20.158968	-0.964183	10.030429	-1.219944
	-4.209247	-5.796441	-41.743835	35.454115	8.450138	-32.439341	53.395053	18.928784	39.540559
	27.981964	12.225648	-49.293167	64.025024	13.031928	-25.200620	21.471032	6.266222	33.252041
	5.782140	5.623155	-20.011297	29.831515	49.732547	-32.740892	54.457807	-4.599513	40.314708
	23.032401	-20.990480	-32.114084	50.477810	41.281225	-22.415367	50.990205	12.565744	43.764397
	-20.513139	-54.819735	-87.720621	50.076497	42.116013	-21.873668	32.215040	15.039349	-49.451934
	-43.183186	-67.649701	-66.101522	12.357198	18.673117	10.888116	1.104198	26.511580	-24.638575
	-29.632410	-121.715921	-43.173399	-63.296716	19.179309	1.254355	-13.888411	-29.137364	-21.697957
	-28.583975	-145.999976	-41.278321	-35.301774	11.994490	-4.724282	-4.549257	-10.535156	-2.758030
	-44.999682	-144.001290	-49.809665	-6.518072	45.771570	7.099166	-0.962500	-15.720733	-6.508820
	-16.398103	-118.064176	-49.253128	14.622187	42.612436	-20.082180	23.213822	10.834198	-0.714935
	-20.661995	-137.647230	-46.580882	31.802883	14.264417	4.623560	14.968740	8.992754	-19.434169
	-34.074549	-96.229083	-57.328915	44.129552	16.366208	-9.169821	21.703077	10.609064	-19.972882
	-19.157229	-70.574654	-18.319979	14.700296	-5.417153	-4.940385	2.480679	-25.361660	-10.554907
	-33.021726	-54.094035	-24.557938	15.463911	-54.569700	-9.463031	-15.163363	-15.195853	-43.529715
	-7.055906	-36.950771	-43.209911	13.834325	2.182742	-14.217584	13.005592	-22.533873	-58.235400
	-9.199948	-23.998725	-7.706800	3.238458	-37.681916	-16.580140	5.554943	-16.848886	-24.663435
	-5.859968	31.831218	46.654482	-0.212006	-47.231826	33.767209	-8.652889	19.678184	12.983887
	21.189622	34.392510	-3.169254	13.373207	-12.441315	-4.866381	19.635317	-8.726359	-19.502107
	14.327800	13.736303	30.823776	-6.876843	35.806764	15.742411	4.557838	-9.556740	30.214482
	22.193605	59.120846	15.362675	-21.145537	2.424460	12.560436	-24.623141	-15.240448	37.766027
	-2.938131	64.660813	26.534883	-47.409322	18.089892	-14.102898	-30.064288	-9.115848	22.302186
	-14.000926	90.502352	71.979949	-25.513154	-38.293142	-5.416460	-50.281020	-17.367137	29.580653
	4.343641	84.128682	45.729271	-2.867870	-49.369910	-23.792089	-28.562147	9.791347	-8.035058
	-16.431589	86.440194	32.821892	19.018775	-48.155356	-8.641690	-5.766750	14.941380	11.890153
	23.148997	53.414582	47.236750	7.089851	-35.942409	-15.317974	-10.355121	19.819864	22.982473
	9.086437	75.572904	28.855846	19.498310	-35.699911	-19.094291	10.735896	-6.792286	-1.536446
	0.451032	50.494399	28.266874	-26.318773	-29.971009	1.079848	-26.633051	-19.516096	-11.738759
	9.092598	44.862915	32.164614	-10.323810	-31.112776	-22.493483	-0.213963	1.497581	26.730318
	-10.448212	43.675214	26.799885	11.994008	-62.338030	-16.029517	-7.878965	13.733793	20.888747
	-1.316770	27.584473	20.394568	11.397567	-66.245684	-10.852246	-16.387785	14.457526	14.091641
	19.834944	43.076117	1.645358	70.782826	-33.901117	-29.508697	10.860556	30.745418	-7.999309
	-17.511966	48.011358	-11.846711	52.056442	-12.139180	-25.480356	16.481293	32.901439	39.906193
	26.804316	34.967587	-2.891327	60.688673	-7.303183	-0.377013	4.261610	21.212337	52.632077
	16.349645	72.569450	5.453533	43.907321	-12.404147	-5.549157	14.357548	18.760765	0.728424
	3.112901	40.900249	3.452323	40.465831	-33.337699	-10.232714	-5.270123	17.857047	-35.992890
	-14.127049	-4.974000	14.868200	8.290576	-14.095147	-6.475855	5.491133	-4.087147	6.647806
	-14.995904	14.872627	34.851428	38.599924	-45.330865	15.657028	19.851667	-0.445413	33.985866
	-22.071610	-16.635306	3.243608	29.687706	-2.015226	-16.373402	17.051828	2.098990	21.756791
	-10.558184	16.382437	33.651697	35.913031	12.836817	-12.638618	14.349007	18.556898	25.822077
	2.863208	-30.698352	0.609911	-2.719659	27.308022	-15.221510	8.938939	6.563560	19.397668
	11.386204	-38.464613	29.583387	-24.128892	25.640839	-14.424404	2.127641	-14.272030	54.849375
	34.817072	-17.895316	32.919336	-12.775475	-0.497116	-1.124970	-18.080542	-22.166337	53.260378
	-0.117289	-50.883216	1.584241	-66.028747	33.949099	0.200102	-23.734642	-23.881875	3.511929
	-1.435552	-44.039018	0.585477	-59.846407	8.730634	-6.497091	-14.733523	-4.424155	-25.926515
	-28.070863	-53.283520	2.073760	-61.753008	-19.056336	10.501437	-33.083484	11.818751	-10.461540
	-18.706867	-35.969003	-16.713439	-33.254149	4.261192	7.972214	-2.390442	2.762728	-19.284561
	-4.855591	-45.232796	-0.174004	-14.433709	15.532494	-13.518012	-14.216888	8.526897	-14.815647
	23.110477	-29.702012	4.727219	-9.009615	-24.949934	-10.506928	2.049879	-13.847520	11.986169
	-1.530049	20.823920	-3.289290	28.418528	-45.599978	-5.502499	-7.297644	-4.383986	-11.662680
	16.117631	10.159523	4.947435	-26.135957	-23.512753	-31.964113	-2.542077	-26.123515	5.787071
	-18.853701	18.269946	16.012332	-33.739903	-9.129980	-27.150125	-5.014125	-3.964616	20.953005
	34.677872	51.082496	19.345041	23.602193	9.242207	-11.725124	48.566261	18.239870	24.558230
	15.099557	63.763183	-15.069673	49.547818	-29.245240	-11.119822	17.024005	23.032847	-31.843609
	22.804770	24.650744	-23.879806	36.752082	19.449782	-1.756970	29.241232	2.711818	-15.995364
	44.801549	35.949963	-11.841206	86.965685	1.318945	-5.126385	34.463327	24.607558	-1.097200
	33.199168	45.473997	-8.263062	70.574136	-12.173121	-2.353457	38.806500	18.499109	-11.048490
	50.183395	29.666936	7.722000	73.484342	-0.264192	23.034852	48.751366	8.439265	10.521894
	26.533259	55.001503	-34.524715	111.049525	-14.278469	1.584679	34.726021	54.390839	5.255524
	14.272005	10.314350	-8.193501	28.929172	16.594562	8.582242	20.706632	24.939387	-11.247322
	13.937346	-1.735556	15.487079	19.481332	53.876875	10.427386	38.565213	-13.059789	4.117651
	30.822118	89.882850	29.994586	116.775170	63.818725	-29.907194	92.202879	8.506392	42.247984
	11.953810	89.929043	10.547816	119.664029	73.567935	-10.874270	60.857244	-0.015030	58.494902
	17.152185	26.636658	-3.604569	55.035237	106.692936	-6.943546	58.847565	1.894888	74.742536
	35.048572	19.931752	-5.961805	69.234939	114.636675	-15.435090	59.578086	3.624827	66.106844
	26.213611	10.355846	2.818721	52.775043	82.573260	2.643657	46.086407	-10.406527	60.968098
	15.795046	18.856734	14.689138	71.754379	59.477391	-0.425517	71.047924	17.491755	21.686550
	27.594403	28.175433	8.733645	75.183448	29.443183	-0.462085	39.247686	26.310608	25.642158
	50.350152	-28.084883	16.919779	40.477385	-1.334934	1.818098	36.024474	23.526134	52.320826
	30.184757	-40.901632	39.295510	12.691371	2.800250	26.855044	11.978668	-12.034416	53.234019
	28.843706	-23.599578	28.774720	53.451992	11.729614	29.966615	46.367145	-10.021578	83.349536
	57.542815	-52.056983	26.017390	13.815143	25.397467	30.665192	49.295605	-15.050819	67.057890
	52.475138	-64.068750	7.332770	-11.623466	10.283757	30.318939	4.269324	-11.879575	32.367492
	25.858536	-72.649439	7.564062	-73.390272	22.270333	44.566060	-9.625281	-47.114652	9.568704
	15.081115	-59.702923	-6.760416	-68.414352	66.045966	7.771037	-9.187875	-57.241516	0.000887
	14.734005	-66.824543	-26.701845	-57.613811	88.457989	14.861995	-9.908366	-41.782274	-11.833148
	-1.460663	-61.222792	-27.238042	-97.033009	56.406596	-5.610105	-19.892396	-40.824005	-18.547443
	0.893879	-19.213842	-13.758840	-84.368933	63.831689	25.431478	-14.201428	-40.955976	-38.794138
	-0.861739	-41.292953	-40.163436	-112.244834	41.896166	24.133422	-38.465423	-24.329212	-50.850629
	-9.894314	-44.594653	-39.936857	-92.137754	44.290936	23.270753	-25.578356	-64.488401	-51.859042
	5.858724	2.239006	-17.985102	4.371594	21.223074	36.596935	8.107514	-15.811528	-35.015308
	-11.639963	-11.192670	-19.281530	-6.805163	31.306628	23.728645	-5.911291	6.433898	-31.545471
	-6.981553	-48.870123	-18.220064	-45.049268	40.982984	29.562824	-2.453682	-16.605760	-44.455106
	-9.410741	-70.297764	-6.648863	-65.804642	42.811835	47.225815	-32.541281	0.286177	-34.832362
	4.321637	-34.782450	-16.843485	-29.849589	19.928184	27.577108	7.818518	15.894391	-20.030446
	-1.458840	-41.730705	-18.847086	-40.073968	14.951024	25.538494	2.655066	-6.149768	-13.672456
	-13.364777	-54.039574	-18.093902	-102.122114	26.955408	16.947074	-42.800124	-8.843319	-51.307599
	-14.545845	-30.106353	-21.317190	-78.377925	20.326036	35.226212	-13.928309	5.954738	-50.995710
	-5.058958	-29.888437	-5.179414	-47.458527	46.149885	30.435670	1.331768	1.471100	-34.596436
	6.274985	-2.720177	-13.161448	-29.352579	29.725322	32.614375	-10.972771	40.116098	-4.872601
	-1.233492	-11.573521	-1.484670	-68.164411	24.862801	22.165891	-2.909576	4.548498	-11.793452
	4.992966	38.632090	6.526124	20.690096	-6.872249	11.763498	12.075244	25.882080	-18.726092
	-21.424007	45.710405	8.535119	-7.379060	-18.514694	24.840070	-25.992824	11.185541	-68.343587
	-3.824127	-11.686770	-12.399157	-109.475679	-5.455514	35.970185	-46.724380	-17.234131	-35.892553
	17.787187	33.915889	12.942565	-32.218383	-13.882169	6.307875	-15.866223	38.518441	-14.480705
	-5.073634	28.335644	-12.670759	31.728537	-13.507754	2.364859	14.735862	22.157325	8.545451
	-15.237375	-52.739193	-5.810280	-54.626404	-7.246655	15.423977	-30.874594	-17.884950	4.095837
	3.033702	4.836719	-9.080362	-0.654393	23.725761	-5.783187	8.793209	-1.829591	0.787332
	-23.354638	-28.639246	-3.513552	-39.291645	16.091209	-5.694349	-11.941370	-7.126347	8.900453
	0.202910	-20.523320	-2.203316	-77.727239	6.537015	6.785031	-41.206074	1.184254	-0.010620
	-38.874998	-6.877127	26.323288	-31.674096	41.523455	-22.683140	-1.846788	-1.682073	23.060965
	-7.515893	-59.273630	-16.781450	-14.978125	33.361658	-1.021521	-11.235230	5.339861	1.768772
	-16.767102	-77.245527	-0.241525	-71.703502	38.354890	-16.392960	-21.318951	-38.301950	28.133514
	-14.307024	-85.529734	15.059150	-86.733017	-22.744063	9.092564	-57.903093	11.170793	13.100139
	-12.753750	-107.040756	16.023141	-102.581354	7.096739	-28.832730	-60.284958	-16.496974	41.876430
	-26.720394	-91.020063	9.753557	-110.287767	-20.955943	-45.615423	-75.431501	-23.741973	-9.139542
	-29.953651	-98.750638	-16.334171	-82.354687	-31.303489	-40.524951	-44.061469	-56.555432	-3.444916
	-13.089853	-53.659833	9.556322	-26.106348	-53.368083	-29.666739	-31.007490	-49.918786	19.548942
	-6.952833	-35.136495	23.331662	-48.602094	-48.185019	-12.028546	-29.366057	-64.987455	23.574138
	7.462464	-13.763753	20.607607	-26.515903	-45.689267	-6.337614	-0.714856	-56.041850	41.623203
	32.443989	5.959960	26.157519	19.067623	-20.717621	-2.026707	3.325897	-25.694784	56.064295
	13.632946	32.961215	28.070960	59.161248	-29.596490	-15.425560	30.147200	-5.296937	5.575498
	12.077954	-23.790846	44.770527	-21.085677	-0.503459	-13.635795	-15.551314	-50.715590	52.643141
	9.436040	-63.694536	35.443611	-62.713020	-9.283992	10.029829	-34.160915	-33.189190	74.511509
	29.042429	-53.644168	21.444706	-45.405161	-17.617161	-3.048878	-34.889611	-55.360690	24.915284
	14.431056	-14.075015	21.503643	-30.443785	-4.335519	-35.247663	-9.201660	-29.617215	33.543139
	7.224765	-32.328648	8.917953	-58.061194	-18.807925	-20.559003	-24.121669	-52.206704	0.324293
	24.031626	-59.370296	-3.670627	17.164739	-27.922125	-3.634002	-7.138393	-43.639197	-5.202141
	16.003220	-74.454872	0.126949	-9.986581	-72.128351	-11.886377	13.328971	-23.468221	24.939218
	56.422136	-85.385083	45.959199	-20.102292	-33.872301	0.703174	-15.679760	-53.579263	45.440136
	61.246806	-60.316135	14.823526	4.200050	-25.910994	19.966085	12.759503	-35.270180	63.520430
	45.107894	-32.659809	20.986126	-15.018045	-3.679722	11.582132	21.231721	-48.105235	6.425193
	66.028809	-15.937005	9.933899	-62.274477	7.688266	12.552311	-17.128873	-36.352984	34.122070
	3.573300	-11.060367	16.068923	-3.624157	-19.390650	-3.981943	-15.035894	-34.402266	17.599462
	-12.527006	40.997018	-26.920980	62.911508	-26.705240	-19.335166	26.918599	-6.563507	-32.325886
	0.188205	7.856319	-23.324870	3.603910	5.867384	-2.326041	-1.130573	-21.870980	-17.562468
	4.670031	-58.415614	-35.653497	-23.713310	3.684546	36.012279	-15.649277	-44.853980	-4.776692
	-0.174278	-48.815682	-23.460039	6.906944	-33.532263	23.911097	-18.761445	-31.295090	-2.144938
	18.312214	-71.130186	-23.635618	-28.891148	-0.996858	0.477810	-30.941258	-56.396167	-15.999810
	-2.532897	-73.581087	-16.544699	-62.747853	2.386035	10.642871	-32.324721	-44.804592	-0.968747
	-1.904599	-34.302092	-11.934677	18.893187	-8.114772	25.192725	-9.299780	11.013406	-9.769866
	-25.223378	-26.653040	-29.016897	12.849701	-19.333188	-8.113717	-5.841309	1.563275	-40.177653
	-40.163863	-49.809238	10.961499	-10.475927	-20.857988	14.522631	4.620131	16.531887	-4.397364
	-13.152576	-28.401037	4.890243	-8.004136	-22.337891	12.406384	8.461158	27.990313	-29.953205
	-19.761121	-10.257000	-19.379541	7.864671	-37.406456	42.968241	-22.964965	28.395555	-43.707572
	-19.269671	-13.824558	7.933937	2.051415	2.214083	33.970895	3.268448	42.936505	-22.893718
	-33.011485	54.687443	-4.879646	54.713061	24.332481	12.009135	28.184212	66.574613	-18.167468
	-53.843695	81.211341	-29.662202	46.501006	-5.998727	17.666118	-12.348253	40.264679	-102.501245
	-37.240737	69.162336	-8.664404	43.100090	42.398582	28.942850	23.057966	31.278279	-36.920003
	-36.301308	49.231427	-34.289752	52.329804	27.465908	-11.158679	19.771063	18.065584	-54.944104
	-33.538940	73.333687	-40.307292	37.275858	26.069273	10.960794	13.684740	29.673876	-51.143116
	-15.189049	14.884789	-28.854782	11.801754	-7.889644	-6.771429	-10.460729	9.345471	-38.785496
	-21.662563	65.733609	2.209856	75.431655	-33.048213	-12.901844	25.620327	50.296418	-44.538259
	2.908639	23.966944	20.472583	7.870514	-17.836808	15.068629	19.502568	24.883794	17.449967
	-23.495445	33.905189	19.832691	4.351171	-20.575741	10.298051	-8.000901	41.486703	-6.302503
	-17.377716	73.900769	18.025318	62.944866	-17.735247	13.225379	4.141001	7.138363	5.790125
	-25.292747	69.944795	-3.665835	59.344784	-55.676625	-12.007147	18.619336	3.873739	-18.092462
	-25.820123	72.672888	24.671085	9.944650	-55.437058	-5.244789	-13.114653	8.783144	-22.130608
	-19.866850	56.979911	41.127965	-28.148341	-50.989521	19.565606	-26.579597	9.671757	-19.233180
	-27.696224	70.113530	32.171581	-28.914089	-38.139640	-21.768698	-25.528521	-14.397870	-4.600851
	-7.206723	98.407248	24.526460	29.731409	-16.639978	-31.234494	-3.453098	9.169136	25.370469
	-29.908247	49.776162	19.017970	2.714547	35.260313	-16.832202	-26.210269	8.422529	4.477362
	-41.609712	42.751352	23.185360	-0.868194	23.827699	-21.656028	-34.138026	2.503204	12.554759
	-34.552342	35.008870	29.325047	-1.612310	31.096709	-14.513263	-13.216458	-10.472993	33.072223
	-29.326524	26.686334	16.191498	-45.567056	13.831581	-17.484995	-15.096986	-8.759837	-8.106239
	-17.098252	19.562204	31.999041	-39.516332	24.319819	-12.028075	-29.454695	-3.552413	18.332641
	-11.435609	25.727013	-6.116778	12.202855	-14.194620	-19.327622	-12.863033	-11.593563	0.906284
	-47.616395	37.946702	-8.484709	33.160457	-29.817285	-14.562275	-5.045322	23.927423	-29.551713
	-12.835152	23.118896	0.753218	31.444494	-33.981024	-2.660406	-14.653647	12.182085	31.117677
	-15.101516	6.060352	-22.694792	56.856381	-49.144416	-9.083690	9.516011	22.237270	27.754865
	-13.870948	17.707976	-24.822519	54.260636	-27.447582	6.938347	4.733495	31.410564	-44.747290
	-11.206244	23.809208	-26.710676	90.025683	-25.876398	13.702129	35.745218	7.857713	-12.494086
	-22.628639	36.043848	-8.691622	85.804091	-17.290700	2.785413	23.788439	31.776828	-24.534698
	6.726697	62.306172	4.612783	47.575334	-13.501388	19.913425	24.631133	13.623740	-12.664718
	-9.422427	19.443143	17.890180	27.742875	-9.352849	2.894572	0.867822	39.345995	29.103664
	20.419334	50.180365	9.111929	23.377357	-44.911483	-5.184551	-0.498126	3.684441	2.233805
	26.285877	57.602125	11.179675	-22.703530	-83.661461	18.199212	-23.164493	14.556721	-37.552850
	1.726276	32.142219	16.044255	-8.897850	-60.089199	24.589540	-5.486699	-0.607210	-8.390355
	-9.623292	70.894467	16.729733	18.407589	-44.324835	8.756768	-24.838225	35.158795	-35.759115
	-14.483909	111.527735	26.886610	-13.524853	-26.023646	17.542401	-30.668286	16.835617	-37.624515
	-0.932102	93.796426	35.940936	-22.176627	-35.185407	20.793439	-44.595151	22.599753	-43.200519
	-16.342525	116.489945	40.781444	9.190454	-18.489407	-13.135245	-17.658139	-8.680063	-46.750209
	-30.457684	98.194433	35.836305	-14.541474	-31.630514	-5.243529	-15.211829	22.854607	-72.820777
	-2.846572	10.104123	-14.154184	-31.778578	-16.621060	-7.718862	-27.466238	16.967494	-53.558297
	-14.526086	-4.013176	-44.050156	-33.492118	-16.657335	-34.051519	-26.614757	18.041631	-69.980898
	-9.397553	26.123866	-37.674064	-28.011654	9.356624	-46.804142	-23.405429	2.357712	-68.039836
	10.061349	18.779081	-3.568509	-33.329964	1.688491	-4.310296	-27.120268	30.023907	-7.947097
	13.273411	48.359663	-1.320906	11.040536	32.188891	-20.906328	26.356055	34.950682	7.005567
	-3.830843	26.405257	-8.321335	-14.676531	56.639531	-26.590957	-13.758327	19.358919	32.709450
	-9.728293	68.036513	-11.067071	21.906385	39.939426	-12.528521	13.037521	22.593758	-34.611764
	-12.541346	39.739056	-31.048365	-19.624072	37.355360	-4.774407	-14.514653	28.440814	15.916352
	-12.994165	40.037741	-6.484944	-10.014637	4.509647	-21.687073	-18.581859	4.244113	23.947004
	3.956020	0.701963	-11.720901	-44.359897	2.373635	-4.147299	-18.430744	-23.919393	-15.983804
	6.776772	1.928366	7.090224	11.498247	-2.021060	-16.978030	-1.877362	-20.363784	-47.226230
	-23.110119	18.082715	-5.981223	24.428034	-8.650881	-10.512562	15.173249	4.653959	-32.390425
	10.460823	-33.629782	7.175943	26.307054	-4.132834	13.582791	43.375326	0.003006	28.531141
	14.229905	-57.616258	-17.648272	54.364249	15.898196	1.602713	48.041517	14.822345	70.321328
	8.107166	-87.515309	-30.282763	33.718853	4.936898	-20.434501	23.624053	5.892517	52.818848
	-7.244787	-62.680939	-13.309520	20.702679	0.992239	10.516943	54.033652	-1.024039	13.735700
	17.178943	-19.804031	0.639578	56.745398	17.850791	8.239099	37.443459	28.955716	16.882458
	-5.926366	-0.405327	-3.967375	25.187086	-1.326685	4.145904	18.193549	28.743378	5.793685
	34.092776	-66.782028	31.720913	-31.464845	25.144872	16.108728	-0.510590	-35.315531	47.627301
	33.219815	-68.209033	-31.964995	-27.025177	15.287479	-25.168555	-2.107725	-23.246381	8.851664
