	20.334867	-43.939455	-53.252941	-82.583886	11.894362	24.092009	-32.764529	-29.488780	40.194988
	40.843870	-46.074570	-52.571544	1.187494	20.597043	18.396270	-14.409493	-7.795250	21.698263
	35.800022	-51.201249	-21.938540	-11.327559	46.683691	1.833445	29.044249	3.246677	20.608637
	14.031075	-56.388014	14.575184	-67.310481	-6.331662	-3.001033	6.412470	-59.692870	39.793289
	30.318217	-53.259122	-18.963473	-12.448327	11.579408	9.962476	14.277540	-33.289413	35.960995
	59.843925	-29.292517	34.404361	40.898014	27.854409	5.767056	55.464250	12.017141	59.276768
	53.856679	-39.281752	70.589044	17.078503	36.918246	34.210812	79.991657	-30.964390	70.119305
	68.309009	-21.314787	49.457749	56.638911	11.275184	10.961202	66.537351	-2.080957	72.836682
	61.963136	-22.718904	42.198906	71.237646	35.278373	13.433116	56.682195	15.737111	52.161402
	39.548132	-5.757614	42.730606	58.327603	57.333562	15.338288	43.567726	-4.440661	36.406393
	-4.461007	-54.130463	-19.743575	-64.575125	28.636640	-9.087050	-26.740773	-34.276022	30.413181
	-51.386598	-29.983182	-90.634331	-26.149645	23.537335	-53.637676	-47.426446	21.337263	-46.208955
	-68.571992	-23.460817	-77.389830	-29.249274	-6.287976	-53.259267	-84.235696	24.552609	-47.063797
	-60.726494	-45.469274	-35.248605	-68.331314	3.288595	-72.180908	-73.944804	-22.542561	-31.713591
	-74.439518	-37.561380	-68.326146	-37.955833	16.071856	-56.640749	-61.237828	-21.054168	2.255811
	-63.668769	-22.331151	-64.073543	-37.120954	18.953186	-56.423537	-46.963046	-4.959851	-42.520146
	-83.790570	-58.730958	-25.390647	-104.813096	10.484431	-39.079099	-85.340745	-39.027758	-38.599345
	-77.805179	-57.081249	-33.228683	-99.250968	-8.760314	-25.688494	-91.530673	-29.409201	-5.251415
	-87.271732	-33.125228	-51.224948	-85.774261	-16.875995	-43.906285	-101.413009	-34.378768	-20.534489
	-48.252790	-21.214068	-58.179763	-88.811496	-38.511177	-11.424439	-101.282453	-6.124070	-54.931077
	-70.041468	-24.872722	-67.779260	-146.759347	-12.939918	-39.770707	-122.097850	-35.951313	-47.679550
	-35.542665	13.716040	-64.077386	-79.663605	-21.315060	-18.171937	-89.358690	5.529150	-52.083940
	-26.474238	43.108137	-62.918422	19.752444	12.539715	-22.300503	-48.908170	43.961032	-68.575134
	-12.092050	33.944028	-28.728337	-15.053264	-11.752185	10.577269	-59.445928	-0.454139	-40.657250
	-12.579688	59.702402	-54.269845	-13.748469	-12.581519	4.921037	-70.091479	29.568929	-67.759245
	7.351618	86.790002	-51.010300	20.481139	-2.837029	27.822051	-21.487060	62.577630	-71.740007
	37.429002	99.598864	-29.715358	70.781467	5.206971	40.043098	-24.514427	89.922783	-25.143385
	28.891280	49.336708	1.703605	-18.110533	-6.608243	21.291124	-53.491645	34.085642	-5.892303
	-7.010623	43.022471	-21.833400	25.824304	-42.271288	10.479593	-52.001655	58.200359	-56.681316
	-6.645428	55.960925	-41.691886	81.954615	-64.222869	-3.469564	-38.683838	109.132778	-52.288276
	-25.672248	47.648346	-8.591426	54.128368	-68.019303	-23.408137	-43.233043	72.790764	-65.546690
	-24.569566	47.536866	-22.968294	85.736952	-62.204226	6.412772	8.632320	60.418486	-73.811912
	2.999050	52.473061	-53.638222	122.628202	-70.283518	-11.412028	9.385254	89.387416	-53.678497
	-12.224194	46.127807	-46.907980	111.762584	-101.857596	-13.355356	-8.963510	116.651327	-38.678550
	-2.837038	42.052632	-28.576435	115.274620	-42.373279	3.156197	16.708958	62.655731	-3.016240
	-14.222053	27.023732	-10.662906	151.025216	-59.628380	0.906674	47.947357	109.931041	1.283844
	9.864928	69.980803	-31.608616	186.469741	-50.204131	-18.717038	45.425899	84.954005	-18.292954
	44.165457	55.857841	-10.493799	169.636586	2.854330	11.785024	86.965356	57.172257	12.515088
	21.236607	13.831970	-1.678429	112.476299	28.629987	28.683295	25.888287	55.999844	47.820236
	17.398923	-0.905409	33.519665	88.201983	40.613285	36.711619	35.349429	21.109332	16.604430
	19.285576	-41.859784	68.352710	66.070668	62.556921	30.440238	29.056698	32.835033	49.338969
	39.457277	-78.643935	64.475594	6.351541	63.120626	25.165800	7.648414	-14.000265	57.005191
	34.679562	-57.115135	111.472966	-8.837665	103.407744	43.552101	13.626503	-14.544382	131.551678
	-3.754427	-67.757127	117.462276	0.630869	96.794301	29.189913	16.617388	-15.993286	92.912381
	-1.727154	-52.096381	119.794667	-14.002786	110.201578	12.234917	17.723416	-24.480874	98.063076
	-20.856132	-24.189855	48.607612	32.455412	108.536281	13.038446	11.692262	-1.370774	45.859049
	-20.984237	-5.586634	41.332459	56.801818	77.633935	-30.829810	34.507438	11.678111	37.246980
	-46.116219	-27.290375	4.914629	6.843964	70.408999	-20.882050	-1.098098	26.747874	24.668061
	-21.868543	-19.646260	-32.259996	23.847825	43.416670	-30.593449	18.626504	3.162425	32.812589
	-40.564721	4.034586	-27.418272	11.038064	46.363703	-37.593136	25.343112	-12.164341	-3.421210
	-7.998541	9.491827	-62.119302	26.360804	69.281414	-21.238992	25.804631	15.567500	-8.615493
	-35.793348	0.782023	-52.775408	18.966426	44.926053	-23.031148	40.604256	17.490368	-20.977922
	18.632201	10.040064	-12.745419	-3.897983	16.953756	11.061011	34.194448	-2.135610	10.253016
	10.957084	15.269361	-5.219886	-15.892960	21.431400	-6.224195	38.493297	-21.006521	26.443214
	33.728664	-33.724271	16.636996	-26.615099	-6.796773	-3.691831	43.246275	-18.707889	6.625988
	50.617780	-23.548963	43.545754	-28.427183	-38.448073	25.374678	67.631117	-42.441530	71.274681
	49.368037	-7.671178	65.132138	-8.807881	-30.732838	6.026672	67.363145	-13.151318	29.075303
	70.419860	-27.642969	42.649727	-8.194904	-75.329368	30.084375	73.043936	-49.080978	6.873154
	72.668424	-4.044255	61.762972	36.842638	-56.648423	26.550847	112.876609	-34.260272	73.395302
	76.294031	-0.966607	62.470951	18.263338	-66.694116	16.094432	95.094408	-20.427050	50.798688
	42.719600	8.622301	20.173396	31.883416	-50.602172	23.354272	88.902229	-21.863381	3.748372
	46.746820	27.044155	30.555476	2.003647	-2.416770	16.135383	72.506076	-45.557206	26.581319
	68.249352	33.336564	104.118046	-20.430880	-13.551409	42.033991	74.568223	-61.408194	34.738657
	70.010766	14.462767	84.075642	-26.788295	-5.700922	15.847323	62.900987	-41.528006	49.066309
	29.830145	-3.969840	92.415758	-72.442790	5.862453	39.679358	14.197009	-51.708485	57.807684
	24.875712	-0.358499	127.557650	-71.890121	8.219941	66.457981	30.791029	-60.788093	72.878741
	51.775769	0.069949	139.481631	-82.113718	15.714384	65.368363	33.308548	-48.877446	54.032142
	49.050755	0.029446	147.949788	-43.733161	-3.465994	72.703193	24.303771	-49.595391	58.448126
	11.547349	4.762115	138.833299	-58.186501	10.041171	37.660489	24.050465	-54.112411	33.671400
	44.480351	8.486404	125.695236	-84.645158	-5.640086	36.354273	2.566742	-69.751326	33.588234
	4.598629	30.022193	76.976121	-35.170163	-2.033930	-1.005431	60.813549	-45.175909	-21.975107
	13.100647	19.084745	38.060363	-17.774204	9.441171	5.881248	60.196122	-29.110053	-25.543606
	37.298689	26.169509	36.304268	12.254043	-25.664123	-5.401255	63.742910	1.811774	-29.263136
	-0.760090	60.018785	22.975504	73.156835	3.435403	-12.846491	97.767529	18.447593	-50.402635
	44.098584	42.471711	1.794278	55.771764	5.141449	-6.802373	57.857147	-32.022594	-47.448755
	46.478799	30.314455	72.730206	60.986934	-19.582530	37.641137	81.815138	-8.105966	-4.799771
	33.371826	37.466560	60.719643	40.893566	-28.596060	39.555902	47.063139	-4.338320	3.744011
	12.237141	11.274185	32.544200	-13.176400	-61.118259	53.203949	14.122115	-13.926220	2.600183
	27.970152	14.907646	35.637506	-24.949286	-36.297420	24.566609	11.758593	-10.229246	4.973178
	11.222257	30.971748	14.645748	1.857751	-38.880572	22.307765	18.369092	-15.101657	22.751926
	18.754730	15.417017	15.201460	29.481496	-45.377686	6.683953	16.271493	-23.891883	5.540534
	4.745478	26.648197	20.692719	-4.652157	-7.526493	0.752714	19.796911	-7.575448	19.146833
	10.311364	28.600028	-20.693705	48.917386	-37.059371	-4.495284	31.927424	7.315974	-19.768815
	14.885000	26.514886	-12.133965	17.825721	0.299814	6.618627	22.826674	42.942018	-1.608387
	2.808322	52.684855	30.238626	4.511947	-1.628973	-12.317162	26.755598	-4.412823	21.245815
	-19.356015	7.753135	16.623152	-32.417827	-9.932354	-8.871302	-5.863133	18.201177	36.120302
	-21.487263	0.294538	-2.568036	-53.086267	-2.025614	-7.124454	-45.234226	53.118415	26.421291
	-25.501101	-11.229187	44.330425	-87.204909	2.822711	41.793577	-56.055607	15.339551	22.324289
	-8.251935	-10.853543	46.107896	-110.673189	16.111193	36.330099	-62.819961	-13.340837	32.339121
	-41.972544	0.181350	48.925656	-71.296887	19.576717	15.421507	-76.068942	-4.246622	21.119918
	-67.422700	-11.432468	-32.738215	-71.162250	-5.350343	-18.710788	-84.702772	-20.899613	-34.088992
	-79.445206	5.109352	-43.640388	-68.756145	12.147870	-21.617220	-63.838511	17.179912	-50.741201
	-61.110295	36.185054	-8.258795	-32.804081	49.205021	-10.893710	-52.350358	15.144114	-18.278148
	-59.352796	26.321517	-26.472396	-44.231264	-4.107925	-29.943581	-68.861568	39.970105	-61.057781
	-64.767494	30.310420	-22.819343	-26.946811	5.818955	-44.207653	-73.221541	14.280505	-91.250305
	-73.972721	32.560113	2.042868	-33.831557	-41.924561	-32.688913	-72.340694	22.263611	-63.672246
	-45.555758	38.465099	14.508337	-39.895359	-58.532110	-42.708287	-45.286985	-30.079549	-60.210819
	-48.708506	-12.744006	-6.891188	-70.439138	-91.611691	3.831175	-45.912576	-12.329941	-25.567338
	-30.040614	-48.583069	3.230835	-74.968594	-30.379799	2.842068	-27.981909	-21.327029	-0.795961
	6.923538	-59.998008	-5.065846	-84.965699	-29.590886	7.147971	-30.911423	-52.900258	16.503118
	-7.130316	-51.269299	14.614146	-39.720751	-27.946674	-19.262631	1.892774	-45.549066	-9.709515
	-5.822956	-49.095855	-12.233116	-18.816517	-23.577900	-51.121077	2.329163	-34.853622	-25.813069
	5.186623	-35.927917	-33.709975	16.657453	18.533590	-30.670865	16.436610	-34.090215	-28.737286
	26.896877	-17.717598	-5.017574	39.651542	-27.154733	-3.547745	23.039780	-4.674555	-33.513284
	59.628687	-22.207648	-7.190171	20.045992	11.276306	-12.851152	21.853663	5.055820	48.609420
	1.699505	-14.119203	-4.447871	4.695168	25.376455	-9.100478	-3.747961	-27.366611	4.737350
	14.349233	-6.005924	4.067194	-10.745682	43.559862	8.823942	12.339161	-40.357145	-25.037160
	-2.253409	20.898220	-27.471037	10.087691	9.951536	1.533067	-6.919163	-29.530663	-44.875370
	-23.416087	4.198032	-59.814101	-4.923142	13.003941	-50.091255	6.086372	-7.222020	-38.445419
	-14.666245	1.197675	-97.718309	-0.752809	7.209311	-50.093669	-0.806244	-18.866262	-89.269194
	-9.182103	41.255994	-76.945981	-6.024411	-26.712330	-52.926315	-9.870026	16.481301	-69.285392
	-1.736880	49.196542	-62.195137	36.983061	-22.233262	-42.831638	0.600447	23.764528	-60.032595
	2.651512	38.459444	-42.112172	38.865471	-35.478393	-14.541352	-17.626792	13.066733	-60.312084
	-9.660447	15.037459	-43.169506	-15.948410	11.026101	-24.651118	-17.928455	-1.323881	-41.596639
	-19.329164	2.745630	-61.219606	3.516909	-17.446665	-13.149746	-29.759177	20.037325	-33.770681
	-16.759209	-22.407928	-62.112342	16.937026	-59.521440	-16.694433	-53.589543	0.935231	-46.762991
	-12.381201	-49.549922	-75.384779	9.665040	-45.462189	-4.260746	-31.705026	24.729676	-57.992446
	-36.675194	-46.373353	-118.242314	21.994459	-60.434039	-34.697520	-66.827664	26.009399	-65.510344
	-14.968310	-23.053059	-87.123515	59.458074	-23.620772	-5.242612	4.367164	31.203129	-15.784657
	9.539463	-19.485277	-57.659485	33.809562	-22.524699	-14.409680	7.381446	35.089926	-12.367181
	-44.997461	-10.333588	-46.917207	17.304314	-10.687792	-16.575045	1.529809	22.589250	-49.252513
	-25.940601	-2.572032	4.346142	-13.841842	7.588408	-13.040235	-29.318105	3.704736	-6.893938
	-17.930569	2.341682	21.844194	-23.374018	22.653952	1.473095	-26.730368	1.678714	3.362862
	-13.169751	-3.414470	-3.433643	3.181185	28.143264	-7.773172	-13.154823	25.157384	-11.742206
	-17.057579	-14.862002	51.587037	-29.943934	40.322967	-4.521832	21.387048	5.463164	-5.128694
	-11.380951	-1.417007	9.152243	-29.110162	16.179272	-8.323245	16.188587	-17.014213	-6.035273
	28.176474	21.451672	-5.929961	7.328073	4.900249	6.589851	16.101471	-9.531431	-2.882008
	18.465503	22.131951	-6.757797	23.690359	9.758370	-15.574217	-2.930868	0.267238	-35.418861
	-8.400997	3.014561	-47.344569	-22.002387	-5.819132	-0.610762	-24.687960	-17.104365	-5.387085
	9.450082	27.573979	-34.812347	21.248309	-21.249939	-18.393659	4.470739	21.598081	10.649305
	-12.389893	39.652178	-14.457251	7.324660	-10.064087	-4.430441	45.593474	-8.619697	-14.305547
	7.164279	-2.892764	-25.256181	1.927059	-13.064560	-17.142728	-17.462480	-3.171498	12.458032
	8.289798	17.194437	-5.030986	6.616967	5.616370	2.239995	15.965777	-1.339550	-24.677910
	27.331035	24.595162	-20.217896	51.830537	-20.737476	-15.104370	25.400318	-1.680441	-40.425702
	26.719367	5.988479	13.177559	32.356895	-13.231672	21.632671	42.126367	-7.972510	23.275056
	14.282036	-8.540044	-8.355973	5.731596	-16.019917	22.024269	-1.135462	-12.910278	-4.596677
	-12.362381	7.488312	17.275369	-0.722030	17.894142	15.554828	22.069188	13.490076	17.248942
	0.780681	24.457925	17.462728	36.338700	11.829886	-7.219558	37.459052	13.329268	21.160331
	13.714884	-8.481035	5.170800	38.004841	12.317707	-20.773817	14.332680	-1.033450	8.168427
	-11.374157	20.823555	15.244444	50.231672	26.186061	-40.459835	45.365497	10.078410	13.776289
	16.619866	24.547519	23.372481	70.626292	-9.479681	-16.678339	54.503725	17.944759	1.819920
	33.555470	-0.125266	24.024617	35.812431	19.276964	6.374675	20.480815	3.930267	32.799998
	54.718828	0.453930	60.181682	9.225913	8.915980	40.720825	3.347107	-26.184397	64.152395
	35.422075	7.498815	68.067782	22.288124	-22.165229	24.771856	27.448645	-18.040300	38.169639
	14.288929	3.378777	19.723860	5.054594	-19.701343	21.366577	-10.174248	-23.774659	-26.361315
	8.207025	-9.729954	8.129764	3.609680	-22.152259	30.399332	-0.862004	-47.193554	2.096019
	43.663100	11.508952	16.987985	10.114517	-1.891522	29.291627	44.980409	-34.929117	23.163188
	21.414440	52.337037	-12.062577	49.104935	4.009903	-8.487731	39.112251	17.252222	-2.765561
	21.024846	37.339828	-3.087436	41.741119	2.075167	3.920443	68.186623	8.723010	16.482510
	15.037284	38.608123	32.300361	-4.383843	11.088745	14.739332	16.748572	-35.931748	27.740964
	44.432761	23.398885	56.329358	2.327519	-5.636563	48.817219	20.928261	-13.569595	34.716480
	16.927383	2.347945	18.639609	-12.806451	4.320847	60.572093	21.227126	-27.008325	10.127867
	23.151890	-10.852467	36.333227	-18.848407	-27.199002	66.518138	-19.396158	2.916339	32.311236
	-15.383546	-5.153473	51.651693	-28.716541	-9.269326	93.633364	2.505492	-4.630577	36.814506
	2.481230	-21.194206	58.373191	-17.089842	17.939215	124.143420	24.952296	3.524957	76.631515
	34.467895	-16.965820	83.429555	-42.582815	18.984953	134.367766	2.821057	-14.712090	62.855328
	8.154981	-11.491728	81.329630	-60.677481	31.063173	97.882885	9.858952	-12.498420	114.933833
	7.887250	-16.191859	56.752850	-78.618132	4.722527	80.437551	-35.846125	-13.822121	70.654817
	-20.321898	-25.649457	-29.653154	-56.639689	27.101713	-2.779212	-37.807575	-14.399714	10.993146
	-29.384851	-12.005324	-116.251337	-46.269335	-1.227066	-36.947318	-94.796482	-5.176920	-39.087287
	-40.471408	-4.100413	-115.378827	-41.407453	12.317332	-70.958589	-101.240116	-10.923929	-104.394360
	-66.090965	9.692249	-147.673374	-28.876455	-2.012071	-69.180027	-76.874772	28.745262	-39.174514
	-53.553498	-14.478292	-117.194441	-28.692871	32.207216	-97.546235	-84.616458	-15.991979	-96.136132
	-67.681468	-22.967937	-126.258549	-61.675198	3.230559	-88.461420	-65.308108	-0.239862	-64.623273
	-32.161222	-23.222455	-91.332604	-50.805432	2.614010	-81.121683	-75.069907	11.868983	-74.609405
	-57.717175	-14.917953	-67.055197	-50.396661	-21.389994	-57.836042	-81.369956	4.491564	-39.396833
	-47.936741	-52.991115	-22.870912	-84.557920	3.758292	-25.319016	-87.887419	-26.790973	-60.463125
	-71.101479	-41.173032	-50.121010	-61.211258	-35.389332	-31.688860	-132.320080	25.905193	-32.274152
	-55.818599	-20.767900	-27.470228	-43.512036	19.922662	-26.589991	-73.028723	-0.555272	-42.330126
	-46.229389	-37.028798	-45.650936	-58.038649	-4.843814	-18.473541	-86.704075	-27.407190	-66.594933
	-63.498771	-31.863581	-78.237118	-15.897935	10.158351	-39.416761	-48.675609	-0.279236	-41.258338
	-14.305138	-5.702753	-81.705851	18.515460	21.719986	-24.635291	-15.320237	0.690404	-44.693717
	-4.603331	-3.032813	-100.958451	26.120146	0.579299	-21.567034	-28.924488	-8.762882	-71.431636
	-15.922153	1.298527	-64.965346	10.986092	-10.460474	1.275175	-19.455767	21.056584	-33.647276
	-34.167797	6.545641	-67.299077	-10.785927	27.403438	-6.895258	-30.972048	32.561473	-43.139819
	-18.997517	-4.818391	-93.018945	-14.819816	29.333487	-33.425599	-30.313906	8.182118	-64.337964
	-20.830462	-44.880738	-35.462372	-38.236245	14.226254	-1.136607	-82.318559	33.007773	-23.933894
	-18.723727	-27.125995	-36.344547	-25.242204	16.243436	-21.765563	-61.076832	23.114123	-63.155514
	-10.362783	-15.410734	-21.833547	-5.979869	30.844423	-27.134300	-47.747247	4.560779	-35.468833
	10.547837	-28.514878	26.772564	11.046208	-4.551161	-12.503096	9.103052	2.912892	-4.475158
	37.142184	-32.433297	12.021574	50.163006	-39.170492	-14.557620	20.447310	30.808273	-24.495380
	26.732176	-46.460112	26.971073	11.376657	-25.491148	8.754090	38.538293	-11.103647	45.014529
	18.064618	-54.290704	33.903765	10.015439	-16.609319	13.347824	28.019779	-23.272933	14.958997
	12.113516	-8.767945	33.142930	19.680590	-11.018541	0.575707	84.386614	-2.076713	16.684546
	-0.109913	4.817386	-4.652611	54.961155	-3.902464	-28.531607	87.938985	-7.260057	-20.794570
	5.408036	-1.487124	-29.834663	103.156960	19.759741	-18.823676	95.387330	6.135205	-47.384624
	18.209995	-0.279348	0.818988	106.741907	22.748701	-43.768002	127.823077	51.756721	0.893723
	16.398929	35.379664	11.052869	118.922902	8.977804	0.132210	119.784881	24.186004	13.697743
	29.521828	49.800485	53.439483	125.086736	23.608942	6.872916	101.179071	34.529144	33.887588
	38.509654	28.534023	47.609096	86.832358	11.587535	50.976400	93.497121	19.209063	57.423447
	65.611547	48.672666	83.112292	95.929981	-0.124968	41.506465	95.432750	17.991127	50.441565
	40.189331	60.978437	90.096633	92.741596	18.268804	55.984795	67.098436	29.872782	108.154837
	25.204105	53.420484	58.422272	80.692356	36.352736	29.571956	67.410702	42.046299	29.050692
	-0.027559	22.163376	23.332385	83.640001	19.361160	26.450406	41.936980	42.510002	10.447047
	4.576748	23.295469	-6.777801	97.209845	40.296631	-20.824675	10.992025	58.536554	-22.427063
	-14.427893	26.751838	0.268129	52.823565	55.563195	-20.073097	23.257533	52.160937	-37.612181
	5.869988	16.480725	19.268697	75.177061	13.611230	-20.643367	-7.526272	40.277190	-16.444644
	-11.893450	28.611427	26.344867	58.567526	9.929122	-15.043169	-2.584309	58.618306	12.673094
	-3.881403	50.501810	44.096364	64.590916	11.740464	3.383639	-1.397670	42.669565	30.650601
	-19.193337	14.653258	70.762550	19.665057	-41.827638	31.544874	-26.218401	42.318252	16.695069
	16.971931	41.814256	87.903656	-17.351945	-47.394455	42.577095	-35.144403	40.035926	37.466654
	16.313889	50.361483	92.451010	3.742758	-33.369623	69.592580	-9.415513	74.890595	80.732379
	-6.803025	41.350711	39.237279	12.017620	-30.093051	51.373049	-34.839849	67.826937	72.562719
	-1.601779	30.429233	15.220195	19.429459	2.617261	63.767264	-18.772021	25.501492	31.814761
	24.277988	36.756860	5.616922	20.442959	15.154254	60.568274	-33.177999	22.799009	57.879995
	-0.430534	47.552152	-41.521057	30.604102	-36.820152	46.496652	-41.581222	46.916834	-9.494830
	1.654354	47.165133	-27.743672	-0.518697	-14.564721	16.652732	-27.439831	38.759812	-55.166598
	-1.358643	48.538540	-2.748633	7.578959	-27.242829	50.280277	-55.019518	22.773796	-49.069300
	23.773815	28.430241	7.695398	9.350352	-0.623025	11.327212	-59.962604	40.500313	-42.528644
	-4.238477	28.060886	-2.143550	6.197264	-21.695516	19.431134	-31.207454	37.456113	-22.015200
	25.780512	23.294430	33.868022	15.251077	-30.656656	33.975674	-38.039080	18.790348	0.280290
	43.014551	-8.054875	66.870253	9.874714	-18.652136	-17.786195	-7.509088	14.475344	30.337418
	36.925896	-30.243953	44.926085	8.051507	-30.497178	0.153092	24.526118	-21.979791	41.628514
	23.325520	-71.243341	52.795401	-72.905407	-14.209997	-8.716754	5.911672	-46.461422	53.332075
	19.870295	-85.161264	36.513415	-52.817725	24.854463	-24.631968	-4.698747	-40.124341	33.496176
	18.821364	-66.548672	18.167018	-51.117070	24.003718	-34.190729	2.124606	-58.404949	41.121014
	-7.753229	-39.123866	12.871943	-53.822828	58.808906	-37.459419	3.654756	-36.854886	71.959909
	-1.818469	-37.734298	36.233411	-7.361492	15.694767	-35.682921	12.319751	-19.999884	80.108453
	6.378581	-12.779045	26.527404	46.484575	50.699993	-60.918438	29.079328	13.630588	39.066771
	17.617266	23.907876	11.790185	33.793509	37.687472	-40.125105	9.477684	45.628526	3.788993
	-8.711290	4.995607	-31.138928	80.770670	26.053265	-42.975694	50.020224	34.887134	2.455860
	17.783111	0.999694	1.113527	43.193435	-22.429995	-24.026188	8.237808	25.602180	10.671344
	-2.927115	-5.872117	-40.549342	20.343476	-15.187264	-30.063715	15.135868	-14.531912	-26.365645
	-0.371614	4.307351	-7.231481	-19.332197	-10.349961	-23.638915	-4.392592	17.467532	4.015858
	4.602164	3.182843	8.077696	-42.504664	-35.742023	8.838465	-29.082428	-7.421863	-0.793409
	42.009949	-29.225492	22.989284	-101.776284	-46.653954	23.474059	-57.514227	-27.423037	44.407190
	21.290804	-34.093449	15.905010	-46.362295	-38.218866	50.383021	-25.950453	-18.222594	27.740855
	13.702832	-34.578408	34.789378	-68.138137	-83.492161	35.261916	-33.491292	-11.262622	4.934950
	-11.891754	-45.128020	6.571584	-20.718987	-29.906259	30.073669	-22.963741	-14.763840	24.555400
	0.325834	-25.460703	22.255566	14.703612	-25.020294	56.637474	-4.764430	6.712803	52.774382
	29.549952	-18.695790	-18.911448	44.414248	-1.263948	27.321591	3.475473	64.421473	48.687045
	-32.407878	15.269127	-44.364888	45.045984	-2.074680	17.419767	16.894385	25.159074	44.337647
	-8.106008	16.085376	-47.254375	59.602837	44.408182	8.941137	19.807622	29.894794	20.383880
	-35.015544	19.210541	-70.124143	97.635103	31.370758	-5.474374	60.732408	48.343471	-10.160584
	-23.745515	64.109034	-100.660857	126.673339	78.317874	-10.747522	34.211239	53.045152	-0.415074
	-11.237838	82.547430	-74.305430	113.337248	53.707668	-55.008671	63.340191	20.971253	-18.804981
	-40.132685	47.504221	-105.746663	89.988167	37.090105	-22.371797	32.419177	20.478080	-55.424017
	-19.171414	23.873156	-113.920462	62.426395	30.582279	-33.635135	22.559612	11.738849	-17.665666
	-21.012989	33.642840	-116.718439	68.060750	14.244981	-28.916455	24.184447	25.690016	-20.485109
	-27.978899	21.052446	-78.885803	51.378289	15.431514	-12.216207	20.560405	-10.330801	-45.850486
	6.997354	-21.344949	-62.527452	49.641513	-4.032637	-0.968061	27.364054	15.567577	-29.874546
	22.599183	-4.313984	-23.924322	71.076155	27.492405	-0.357717	50.187742	9.523871	-15.535180
	23.579770	-15.120448	1.871326	48.119103	33.196958	12.831745	45.250059	-12.777212	12.055778
	25.046975	-79.022132	19.615723	-29.035173	-27.924014	2.536077	-2.687110	-23.371295	8.574537
	36.945260	-51.733412	38.106484	-37.023829	10.958134	-2.820536	18.699281	-27.462959	3.150756
	3.412453	-65.816860	23.478342	-97.588192	1.313946	-0.126938	-3.987427	-67.911493	14.293104
	-16.602514	-65.514935	-4.190799	-101.521342	4.716930	-22.666118	-22.381237	-68.483446	9.246915
	23.751251	-25.929503	3.613371	-55.467490	10.710067	-42.620979	-7.794000	-32.289315	4.099793
	30.172993	-59.567411	36.526988	-91.708202	7.212785	-19.053106	5.050632	-50.281579	25.887733
	7.306716	-27.887832	51.360534	-103.782615	10.617320	-37.234611	-34.253957	-60.773527	5.643217
	-15.071781	-38.860863	59.208790	-109.900050	-15.187524	-12.842039	-56.937092	-40.311010	0.285337
	-5.724478	-12.227200	59.135772	-87.356570	-45.222395	-5.895137	-47.602020	-4.654027	-45.696600
	-25.215123	-10.146797	45.406414	-71.706714	-21.660044	-10.752899	-53.804477	-37.592582	-40.294175
	-29.011437	-10.121400	44.915526	-77.004595	-26.366347	2.325779	-39.515215	-52.825683	-6.150418
	-5.722100	-22.194327	67.513787	-81.064432	-23.266735	9.085380	-34.362844	-41.763680	3.818068
	-3.566355	-22.077103	78.189918	-82.571635	0.989936	-9.725667	-2.829787	-50.880209	20.366984
	-25.409330	-17.148156	46.273866	-94.828020	-4.808652	-30.806258	-18.378756	-35.459827	33.877224
	-33.327347	-20.624596	32.855711	-108.590940	-2.925836	-23.537143	-27.931178	-74.343408	27.825273
	-10.340119	-22.981124	58.234691	-129.810919	7.388549	8.515306	-21.392113	-48.098083	66.577544
	3.504998	-30.410978	88.916272	-124.917790	-5.393934	-14.732795	-17.200392	-55.981249	83.053339
	-4.494924	-24.015978	32.414182	-81.245718	8.787748	-4.959704	-42.905144	-45.739720	39.504203
	-9.160967	-27.185086	73.039698	-91.524733	15.558896	-23.727644	-37.715492	-40.514493	8.300082
	-6.469434	-6.902451	54.405397	-60.248233	43.616005	-18.195705	-4.572185	-50.945121	52.103911
	-5.306448	7.660869	38.153297	-40.406503	12.686955	18.030961	-0.250291	-11.303709	74.973963
	0.503756	37.653078	47.609220	-27.255669	11.760855	-47.128572	-14.751359	-26.355837	26.549526
	18.802640	47.009271	37.334282	-21.914241	-8.697362	-14.216294	3.775130	-5.717937	20.094443
	2.255219	47.120084	5.903100	24.157541	0.275818	-1.450051	-25.695210	-0.737851	8.651559
	-9.118936	35.284575	-18.027965	20.654117	-36.815265	-23.609553	2.768710	9.552500	-8.968485
	-13.997164	23.888447	-8.437969	10.782920	-18.942344	-32.938912	47.124121	-7.736904	11.001161
	1.691593	32.152316	-32.965064	72.026968	-31.653743	-35.700737	32.536345	24.574739	-3.851419
	-21.317711	14.369265	-59.729184	49.046884	-18.891064	-32.286613	19.121729	25.395317	-26.326182
	-12.064087	52.065810	-46.667581	50.667208	-17.534202	-22.762213	48.876567	17.249719	-20.108684
	-16.100778	60.212883	-67.533426	72.743593	14.984199	-11.619762	73.762575	20.946046	-47.371204
	-37.429352	58.456440	-82.187948	91.178855	-15.579312	-43.534086	70.498414	9.293715	-63.692687
	-26.521305	69.818995	-72.874623	85.465349	10.930396	-55.410436	84.971816	38.158080	-59.446117
	-2.183443	65.107587	-53.163411	129.357541	59.252425	-22.439625	103.950631	33.063804	-44.177808
	-7.880793	38.659622	-30.396151	115.890937	36.562691	-32.855817	67.198105	34.214011	-7.350530
	-29.196860	22.198856	-62.276563	99.378761	50.727823	-6.451004	65.333152	24.228395	-15.781711
	-33.926666	31.776466	-71.581815	72.599038	62.565182	-14.878085	37.734463	7.051993	9.647247
	-27.082571	17.074342	-39.689505	52.642966	42.320760	1.645618	29.738014	13.256658	-10.123306
	-19.390493	-22.857727	-55.646460	9.441894	12.847499	18.409790	-26.267843	-18.878078	-35.936193
	11.525904	-66.546819	-25.218933	-22.563204	3.743509	14.085386	-9.131564	-37.856825	-0.350084
	4.996778	-65.599479	-1.475642	-24.761552	4.882383	33.129493	-16.346087	-39.518007	-16.819870
	23.630047	-44.683364	38.478531	-23.048274	16.750420	36.961830	-38.439324	-29.315262	22.451020
	-11.187307	-26.605844	25.719024	-38.736559	-30.514912	10.621522	-15.463708	-23.948898	-26.772271
	25.292279	4.775386	39.580053	-19.895920	-9.503361	-9.387699	-18.766793	-8.169087	-25.972015
	2.723401	1.248207	54.022034	-11.990134	-46.557107	33.899302	-7.112960	-2.688911	30.458531
	-12.523726	-3.052068	19.934033	-30.341653	-22.969083	13.885390	-4.062776	-32.160909	8.486754
	-2.230051	-12.324626	-33.446807	-75.167333	-38.027080	-40.440424	-30.392360	-34.505207	0.448391
	2.855752	-1.662760	7.807440	-52.388646	-48.212303	2.456485	-43.451750	-26.019499	8.296827
	-24.377769	6.341570	-4.436154	-18.867575	-40.067271	2.514652	-33.272655	2.145892	32.275542
	-3.087444	-7.143596	-20.057889	-14.539151	-59.867519	-34.657438	-33.201202	-9.326379	-7.725837
	-26.957266	-22.917220	-61.313124	-6.612489	-54.566383	8.371826	-8.268816	-8.299198	-9.355757
	-0.456317	-24.351684	-27.549167	-2.814174	-61.396219	21.409955	-15.511161	-15.255601	-2.919157
	-34.368598	-48.380936	-48.780581	14.265305	-44.112347	37.444037	-11.590453	-16.437701	-12.928984
	-25.181006	-42.375809	-49.013628	16.872157	-71.331081	16.373420	-27.178949	-1.129248	-38.901976
	-8.588329	-26.445183	-18.887696	8.569567	-56.142089	18.771998	-20.826185	-17.713778	-21.742992
	-40.860455	-52.363281	-17.530124	-18.559656	-57.800082	15.843532	-9.270921	-25.785559	-15.873187
	-15.352046	-50.516748	-17.344034	-18.275692	-32.304787	20.620888	5.742761	-52.198511	9.511499
	1.285444	-33.680995	10.761601	-47.278346	2.135773	-0.452183	-17.275801	-59.514922	34.691858
	16.006225	-6.153908	-6.817645	-37.829018	26.571777	-28.151194	22.855222	-63.025758	9.612036
	-13.520733	7.323493	9.908651	-24.046387	31.099317	-1.279565	41.092961	-34.293725	17.004879
	7.375359	-7.804080	15.877392	-17.556121	45.336366	-5.524259	13.959544	-46.941246	10.487511
	-14.192170	15.313619	-37.171715	4.862554	39.483705	-17.388281	-1.271975	-32.928425	-19.365120
	-45.426965	21.413290	-65.251794	47.703842	45.744027	-28.558902	10.368826	-21.924453	-23.307250
	13.867096	49.267210	-92.209059	73.004504	16.389093	-35.271276	27.719146	36.697720	-56.984095
	-21.695079	42.188264	-91.443663	100.676084	19.458905	-49.370464	47.070484	35.563701	-91.605142
	-15.339616	56.892338	-87.173678	90.628183	27.857812	-35.219594	33.134081	26.471194	-96.708147
	-22.868286	55.081240	-98.761547	84.104102	17.656693	-55.580559	30.413862	40.008894	-75.138641
	-41.399284	14.202327	-42.022162	17.099214	14.795120	-13.661231	11.492152	-0.326532	-37.596560
	-4.880319	19.625155	-15.077162	-20.347900	19.408674	1.955640	0.757985	-16.024046	-0.581626
	17.962926	-5.289629	31.084104	-95.483764	-2.367369	38.695829	5.955834	-32.696974	53.354006
	18.764599	-16.643987	26.693623	-139.308446	20.180342	32.364944	-35.793937	-28.200637	71.232969
	40.014702	-34.778160	13.461008	-157.001563	-11.064060	51.874367	-47.891217	-61.672909	53.672911
	26.522475	-39.903121	-10.488445	-187.655889	-52.403556	1.413541	-71.998224	-67.142481	35.634082
	-17.444207	-42.261936	-28.292123	-171.685584	-9.587971	-10.097130	-88.019901	-39.745782	-1.962738
	-4.489502	-23.482710	-27.296767	-171.471169	-15.304532	-9.214354	-98.768214	-53.423652	6.503390
	-10.006843	0.623115	-34.356795	-139.010256	-8.065425	-26.599322	-94.973744	-62.577873	-30.705559
	-36.928137	2.576242	-22.975004	-112.454275	3.365964	-18.545823	-73.852640	-28.016472	-43.498427
	11.894984	4.614698	-1.375214	-123.171201	21.372195	-12.224073	-63.865951	-46.573016	-9.018762
	23.009617	3.645318	6.520003	-114.957570	30.466066	39.364958	-37.112176	-70.729469	18.106357
	22.384536	-0.642777	2.763179	-63.860313	11.492530	52.135129	-12.454542	-48.763580	15.661671
	13.107814	-44.898653	10.341310	-68.437155	-19.350069	73.149518	-19.944553	-34.224733	29.750992
	32.136829	-67.105628	57.402288	-60.494751	-36.158450	76.809886	-11.162227	-14.030535	44.179303
	60.186831	-44.540200	81.579273	-11.912063	9.277886	90.217844	7.277945	-40.585313	51.224951
	61.633710	-39.583437	58.803284	-41.251943	13.506619	89.221187	30.068506	-25.569710	25.019578
	41.409103	-46.536866	13.816016	15.336117	-9.539812	47.799541	-6.272363	-7.855255	32.673217
	-2.368608	-68.724988	10.572536	12.893144	-58.873337	49.637588	-32.578927	6.371838	2.495339
	3.922253	-46.881399	-2.817531	-9.312855	-15.807737	22.098724	-19.988350	-25.114285	-13.928381
	21.327140	-42.626663	7.533271	27.707534	15.889633	34.965333	-1.593512	-4.981914	-20.069476
	4.321084	-20.807233	30.815735	7.396061	5.017206	25.973665	56.812916	-9.256611	8.175590
	4.889262	-16.839624	22.291725	23.633690	31.231343	15.805372	46.606408	26.561603	25.418808
	28.244036	-2.830868	35.899535	15.569625	60.630653	41.034524	17.425979	0.846561	9.749430
	11.095731	-13.677731	36.720803	-0.954939	4.132548	6.706164	22.571124	-14.159429	52.384254
	38.488997	-7.668696	62.203312	-18.548950	27.885237	21.465699	11.017147	-21.380868	20.480590
	23.305782	-0.126104	51.505853	-29.736798	26.375534	12.615245	14.552874	-27.598787	40.792740
	26.490015	9.205802	27.522355	-30.977190	6.865459	6.573286	-12.131389	9.150098	34.587958
	-12.779819	9.298064	57.189203	-42.435293	1.057638	-5.887131	-0.444220	-11.565147	29.884430
	-21.964060	15.480019	21.972348	-50.136477	-7.186622	-26.371548	-42.509114	1.336591	-15.002791
	13.019552	-1.386419	-1.487808	-33.148864	-4.975609	-4.722317	-18.776424	-16.430169	-0.686450
	10.460699	8.583669	4.906583	-18.900986	4.377291	11.506723	6.890772	8.388843	-38.246784
	-16.581802	6.196692	-7.301932	-15.300063	12.523234	6.132432	2.097771	-4.798382	-19.091272
	4.495642	-0.917418	-26.991904	7.507083	-2.209546	-21.537320	-10.231242	5.341086	-33.089343
	-19.428791	12.391437	-23.718092	-0.097695	-15.313231	-16.816660	-23.312839	1.120675	-1.952311
	-14.850672	4.893787	-13.121953	-29.112063	-30.880007	-5.731079	-39.384521	-12.608921	-14.121910
	-40.596641	-25.621857	-16.082526	-48.936723	-30.908037	-14.563965	-49.380555	10.858237	-40.111271
	-14.228062	-53.304693	-0.759899	-42.535117	-26.204009	6.296906	-55.822231	-8.402063	-29.831248
	22.562251	-59.966174	-19.040378	-29.649896	13.962524	10.454074	-15.570055	9.291956	8.714174
	30.654634	-44.824919	-7.053087	-13.585115	15.976533	14.314546	-25.279728	0.590718	-16.115263
	-4.143013	-22.627472	-3.300659	-5.700312	51.718338	5.958915	-2.943168	5.783473	0.047548
	23.677916	12.137867	-15.628662	42.809452	41.392591	-10.468125	33.409493	-14.198056	-20.349098
	-4.331201	22.291832	-19.175134	52.103387	7.325488	-5.762903	18.672960	32.939018	-24.861662
	-10.589986	52.195715	-40.350680	64.822432	28.842583	-62.654957	44.794413	3.446151	-6.359660
	-9.272665	48.572588	-27.686964	43.576302	22.539547	-36.792904	42.709665	10.427233	7.272509
	-12.956965	40.153475	-30.286688	23.502721	-21.514462	-12.697530	15.999259	27.485799	-14.780434
	-32.314798	48.558382	-32.056124	17.319769	-5.213033	-31.010352	19.628815	13.368124	-5.219726
	7.685716	29.386525	17.600364	6.221981	-22.218041	-8.092897	33.599640	2.630920	-13.790995
	20.506088	32.730660	9.716451	-2.534428	-35.404781	25.584689	33.284434	-19.687960	36.623547
	-8.913006	10.217300	16.692265	-29.666058	-60.539523	4.937761	35.310642	-39.062058	23.220433
	-11.622546	-0.837796	7.174165	-18.629248	-30.108816	-21.068209	3.647125	-26.714249	7.342666
	-18.277030	-6.840815	-37.668236	-49.156231	-14.798053	-11.186851	-4.587661	-28.507388	11.844946
	-13.457141	-12.128873	22.633535	-37.759270	-13.502822	17.558349	3.099451	-55.261940	-16.489544
	-17.293010	-26.652506	20.151258	-28.524354	9.053612	-14.356336	-3.784529	-64.127548	12.324224
	22.927746	-44.264174	28.157471	-69.692127	38.978285	12.448986	-8.205549	-83.814654	35.158841
	14.006426	-43.961764	72.265399	-49.495759	34.689680	25.254891	-8.193455	-62.872757	35.178681
	19.576113	-41.276383	87.342221	-43.574922	64.920682	21.127307	18.205562	-70.724185	47.318394
	3.640980	-24.189412	66.593044	-34.555851	36.124895	2.653223	7.626265	-59.571772	-0.606262
	9.768870	-33.043000	53.094403	-44.377239	-9.493122	1.312230	-0.777267	-52.043289	-3.040412
	-0.914525	-42.424076	86.996557	-15.285509	13.849875	1.180820	-23.225934	-38.947286	29.414950
	-1.152269	-32.392715	90.356192	-73.448639	17.567900	31.956575	-6.398733	-56.300982	38.785060
	4.289764	-31.389682	92.156699	-54.792252	-14.794351	44.091131	-1.798968	-70.319786	47.042145
	0.440603	-6.689874	96.287442	-13.585693	-29.132902	18.806914	7.481349	-37.846225	43.870559
	-0.760646	41.070749	84.166268	13.186284	-8.996204	12.931825	23.711603	13.719400	48.522271
	-18.119159	52.053712	79.244747	51.421660	-40.198694	22.887927	33.640265	34.818264	45.611270
	0.091105	64.603756	69.678833	64.734722	-16.639516	15.178512	56.556291	28.738356	53.150935
	56.966319	71.720956	76.868143	57.107722	13.927120	28.733570	35.204224	42.601747	38.349400
	27.806913	44.260410	123.816758	56.955772	5.413781	63.078036	66.844968	9.224711	68.861810
	45.183161	37.418680	95.532912	7.199320	41.387842	58.451146	73.666799	21.376999	31.252294
	31.014218	40.064723	114.028197	-2.703712	25.385805	37.822546	42.052570	20.260631	54.971479
	46.159016	25.823602	82.478536	-10.856545	51.885457	38.201433	23.615975	3.245714	39.320322
	7.895136	8.144151	67.156613	-42.245800	37.135392	17.925486	-3.614458	9.070356	4.107348
	16.311373	-18.285656	50.141520	-92.078590	52.611958	-0.793464	-23.871924	-44.888332	18.179730
	29.062537	-37.892503	49.675482	-106.371732	36.627569	25.858171	-42.923421	-32.022916	32.372257
	2.950915	-21.984641	57.308488	-81.019544	32.310534	18.694876	-44.147293	-19.845102	38.803885
	5.993550	-4.826011	32.591483	-73.863152	6.404810	40.480747	-29.777834	-33.453812	62.752371
	-32.929321	-12.319969	21.884865	-51.121946	10.088863	0.190401	-23.736357	-9.465351	37.219806
	6.032481	-28.770105	45.214539	-58.690379	-9.783579	4.423038	-49.177885	-9.630372	63.603125
	-26.054815	-22.009019	-13.226202	-32.361904	-24.128300	-33.247520	-36.999973	9.641615	-13.550897
	-49.554310	13.242262	-13.977856	-19.028354	19.327931	-42.102882	-9.670313	-5.446729	6.917747
	-11.166719	22.987937	-3.474733	-4.213096	23.746492	-30.247823	-25.832313	13.913494	-35.364971
	1.474597	32.897324	-3.985217	1.819615	13.274912	-6.231166	-35.737943	2.957729	-16.308094
	14.299348	15.892793	25.178515	-7.635738	12.584713	5.992894	0.615550	-9.689514	-0.842929
	-4.406098	-13.971897	25.443335	-31.880758	2.970166	36.390832	-23.078011	-12.389432	16.642478
	32.564623	-28.115222	59.782497	-46.688718	-35.707488	70.462043	-1.311504	-5.654128	-37.632213
	7.944963	-14.704211	6.481436	-32.205893	-11.669327	55.157808	-0.850101	-9.169413	-7.959119
	-13.991854	-16.564180	-45.808677	-45.313181	-24.937825	32.141952	1.848280	-3.515014	-19.557908
	23.887617	-15.916829	-50.678194	-28.568188	1.882844	4.056026	-6.511194	-11.838732	-3.953696
	11.442342	-15.688190	-59.867488	-3.172893	-30.488259	-17.145644	-13.871854	-3.785138	-22.461304
	20.262789	-9.688635	-94.456178	42.554285	-21.882736	-47.480130	-0.224621	6.597464	-35.424646
	-7.768434	-27.991068	-84.379636	17.009978	-38.460358	-53.161486	-3.300639	12.141738	-53.971724
	-15.524205	0.918278	-108.255922	36.682749	-43.259312	-50.569091	19.581698	38.419373	-66.679120
	2.263069	17.536509	-96.723405	67.661132	-42.477363	-33.864867	8.391401	25.727926	-50.111360
	6.922338	22.251161	-77.766113	43.428835	-14.355214	-58.798222	-22.741917	50.772907	-62.918809
	-6.899039	29.502245	-71.327643	65.363297	-21.862362	-46.498875	5.016095	53.499430	-82.185594
	7.722877	42.435645	-91.003139	36.649946	-33.797247	-43.497158	-28.050728	44.577430	-56.623035
	14.797489	64.982474	-85.127102	36.681010	-24.030780	-42.346876	-55.289300	62.926978	-58.599149
	-0.194742	61.688163	-45.000078	33.367750	-29.202276	-55.226078	-52.584369	78.285212	-31.132836
	-20.258602	49.366278	7.550531	-29.073349	-17.124962	-24.052454	-80.423926	47.624520	-22.008904
	-29.686909	54.233470	-1.646740	10.240669	9.374102	-9.835792	-57.626259	35.634988	-6.171288
	-42.964219	40.906149	-13.521788	31.540736	27.064889	-44.252231	-51.430518	41.303279	-39.044817
	-38.640675	3.058213	-33.658852	0.969364	58.583163	-27.502564	-56.123165	40.772594	-7.991433
	-46.806858	-4.824231	-74.396420	13.906692	29.044101	-50.140136	-53.934187	31.553287	-24.683325
	-30.468867	-6.849105	-108.133826	17.672323	37.742444	-19.597330	-46.986705	35.504780	-62.452838
	-11.330510	-6.645272	-82.866932	-14.404105	40.939690	-9.261289	-61.124362	17.515417	-50.374238
	-24.211590	-10.339507	-90.807853	3.242653	27.058925	-36.855401	-45.274165	53.339148	-49.946976
	8.474326	-9.273575	-34.732292	5.910011	-3.700091	-11.422104	-51.808410	33.034464	-27.669388
	17.213647	-40.760714	-2.233231	-12.201335	27.648575	8.705389	-18.192689	6.427016	30.265660
	-1.026724	-56.422688	-2.457542	-33.630062	-17.501169	8.294969	-8.492761	0.827157	33.237894
	13.798501	-66.336444	-23.136004	13.463385	-59.944554	8.628299	23.149336	6.672379	13.113023
	21.091265	-68.143951	-55.535643	50.728311	-35.164954	23.788124	17.199484	29.437850	18.920981
	1.933692	-57.103035	-41.057482	65.700433	-0.747876	3.876074	24.855786	28.585570	11.654115
	9.867606	-21.363868	-44.909792	88.497341	7.372601	-3.211782	45.079169	35.061491	3.157502
	-18.085988	2.312990	-81.386628	81.973531	6.527843	-44.191093	45.874453	25.523961	-13.281320
	-24.513588	21.767490	-57.792774	103.806870	48.418011	-33.721967	52.640044	22.789068	-39.697318
	-1.349054	27.726015	-53.892863	84.235180	47.833655	-27.115630	62.924561	13.426697	-61.904749
	13.818662	31.419589	-55.880411	90.090552	25.064330	-37.602923	57.917970	32.322529	-20.712271
	10.793102	14.814069	-46.340770	64.985820	64.464863	-14.616228	78.248102	21.958878	3.784930
	13.066392	22.411396	-24.845179	87.414387	63.762989	-25.951973	78.971408	51.111626	1.091296
	44.585032	24.489226	-62.916131	115.121421	36.537549	-3.077875	86.018267	22.008781	-24.604204
	35.806683	34.385323	-75.186805	109.372774	32.047180	-32.071902	77.249995	39.757802	-1.450977
	68.103768	38.318864	-97.401709	98.530193	28.983827	-43.017872	64.800596	57.686831	-44.550550
	51.739927	44.463285	-75.462844	73.930492	47.141116	-8.619891	38.712167	60.523262	-23.027469
	47.832774	61.890184	-52.677168	57.787041	24.031681	-44.626277	32.787512	55.454980	-3.059055
	33.008283	54.204897	-16.942346	60.417888	31.834929	-19.745451	34.868799	49.258991	-11.648694
	-4.098961	51.607495	-29.652253	53.129256	19.005489	-26.511283	40.768240	35.905263	-12.325791
	-21.933575	40.003340	-26.811383	57.497441	41.761439	-5.497971	37.772571	51.554209	-21.438719
	-19.815322	21.450015	-32.343109	68.191997	42.887083	-19.010710	39.956963	23.832054	-4.147650
	-5.535268	22.892239	-8.442737	80.634467	66.799530	11.050759	65.473919	21.052007	27.270298
	-13.596129	48.942303	44.048667	129.521559	45.711592	-6.541715	92.012418	43.598839	54.215330
	-1.060186	42.067758	23.724817	106.126936	73.264886	-14.702847	63.164494	39.723510	15.287414
	17.198510	44.394989	33.082104	78.968075	18.715903	15.939502	53.771361	59.266731	-8.100061
	-7.168558	42.908840	26.139753	48.484330	51.637676	7.609194	49.493929	68.554079	13.644337
	-18.495096	31.873216	31.345702	17.176192	50.826102	6.879405	30.462474	49.576710	34.766483
	-44.989001	12.455204	37.237221	23.645684	17.498181	-11.898230	27.025591	39.002438	27.525072
	-31.228055	7.764554	60.799379	1.045301	39.633492	-9.966135	16.147219	38.445846	-2.854594
	2.488801	0.068433	53.173792	16.007329	15.054040	0.104825	11.835209	32.085185	1.822625
	-0.168288	-15.271513	63.225368	-3.819489	5.009608	4.289174	10.512664	25.413206	44.020882
	-2.870329	-10.001107	67.881490	16.588392	14.752350	-2.385051	8.296942	58.032812	31.660478
	31.168286	-8.782177	86.675754	15.669300	2.645443	34.507545	38.418278	34.624661	51.711424
	26.907342	-36.496871	63.385240	31.818877	2.861418	45.292866	27.992628	1.844300	51.045987
	17.424374	-26.862952	46.982804	-0.340476	17.558589	20.291629	27.733264	-19.986515	47.505614
	10.194986	-10.039627	13.110690	-1.442801	16.585459	20.980436	23.318039	-18.895690	30.416954
	21.441092	2.709129	56.123205	4.824093	18.450181	23.499938	13.721587	-16.746203	22.036568
	33.332354	-17.182058	46.264721	4.706902	40.648554	28.642659	40.018823	-38.378604	23.004812
	-2.174171	-9.787324	47.642821	-20.068447	22.954374	5.316978	5.387684	-45.237924	13.029895
	33.053527	-9.789353	43.876558	-5.970044	18.566433	-11.262418	32.561296	-58.631674	13.720283
	0.965021	-23.247057	44.148892	-28.195090	-45.433734	1.751782	-17.552451	-44.594396	21.106729
	11.657245	-41.921164	49.018439	-61.820662	-37.243442	9.123823	-11.802192	-77.186657	2.548512
	-18.078126	-35.743450	40.174116	-69.562336	-32.987355	-9.854408	-39.477678	-53.262688	-25.629682
	-21.699088	-28.006365	37.016306	-47.244577	-22.730836	-16.355519	-37.258882	-36.159474	5.916091
	-13.975631	-56.701321	22.125589	-31.008714	-11.086185	-17.304159	-46.943034	-9.034675	21.295387
	6.204866	-106.721638	46.472169	-142.584820	-3.760402	20.767229	-98.526989	-54.077042	73.979259
	60.893620	-84.520636	101.894825	-94.975251	-18.037796	24.548027	-12.484198	-48.113396	75.007758
	55.422187	-54.185421	86.143920	-80.889547	32.687751	58.547650	11.276880	-61.372452	98.454143
	67.491045	-57.931659	110.616325	-99.537055	-5.711466	72.321600	20.583639	-52.849760	95.572285
	51.177249	-62.525286	135.039410	-98.495282	-29.519718	105.910098	-8.986412	-74.718010	114.255050
	35.806350	-66.859836	84.384463	-81.539679	-55.845462	79.041969	2.067597	-31.776042	102.125925
	6.989807	-60.692263	24.496973	-48.013590	-77.163854	25.203316	-17.354278	-42.520032	39.168624
	37.768611	-29.826735	3.701624	-19.270443	-45.737949	43.331858	-7.606756	0.415426	61.551384
	9.803657	7.372163	-13.980613	33.294704	-2.663864	23.355751	15.221987	37.138745	29.778259
	15.577330	20.979449	-3.652134	43.136099	-1.332947	20.688739	3.366410	33.654513	25.980014
	54.789570	10.638628	-25.915978	65.226625	22.712491	30.696095	29.495861	32.644989	58.445181
	19.611754	-27.872483	-13.298754	53.908910	44.594817	52.576563	28.778940	31.460586	78.897643
	46.131374	-24.578615	44.249118	25.501410	34.382597	58.343732	37.697232	28.091386	104.531092
	57.441712	-14.874365	35.207608	27.574001	27.622860	66.053687	20.843293	-5.970366	51.828209
	59.986121	-2.615220	56.270311	37.345115	38.171862	67.558246	64.126849	-10.362309	85.340290
	33.938126	-1.612935	51.665210	24.362547	10.101533	66.481752	4.401963	-6.347833	38.547596
	11.519775	28.697735	9.347787	12.218852	9.266002	32.308110	-20.791422	25.809310	-7.484315
	-36.683287	30.578928	-42.915368	-18.251794	-9.101770	18.812517	-61.645594	17.755139	-2.676122
	-75.957497	36.192678	-50.685351	-12.588829	-21.970754	21.866853	-75.481874	8.707005	-1.063544
	-48.512970	48.784824	-88.264397	-9.827571	-8.699730	-9.909796	-111.275322	40.618622	-19.284937
	-38.656919	33.760320	-43.444258	-20.395519	-10.352678	-13.204247	-105.287484	31.794968	-47.383438
	-56.546509	3.824675	-59.917934	-30.369387	-9.288887	-52.942281	-96.199721	40.669585	-51.654001
	-53.460849	-7.289565	-39.557398	-17.340761	9.524331	-55.782369	-53.330826	23.558567	-57.138507
	-55.855482	5.994703	-49.579561	13.680790	13.380128	-38.620711	-78.717852	58.703239	-46.299214
	-24.305836	-14.053935	-28.748189	23.484881	0.373827	-4.494325	-77.911942	59.684105	-87.118234
	-56.935758	0.692677	-68.441799	37.985121	15.521906	-2.798279	-33.313161	49.872682	-84.615139
	-31.142367	-24.623587	-53.143072	53.953776	-0.978909	-17.443351	-50.005241	74.156647	-40.387266
	-5.022299	-37.725359	-54.832980	71.987762	-30.898556	0.392523	-64.049486	92.388152	-27.888922
	4.062830	-6.345863	-69.824805	36.144149	-25.112173	8.811208	-57.806834	62.561539	-60.357584
	-51.878069	-7.636626	-75.839672	97.338000	-43.216340	-4.630017	-29.627055	65.293952	-28.103136
	-26.411839	7.593031	-39.354905	99.808328	-34.451282	2.844251	-23.863017	49.388917	-48.631322
	-1.315552	-2.877383	-17.312514	97.983524	-30.793750	-25.779277	20.924281	38.814306	-27.818791
	13.524563	0.256538	4.307138	89.800632	-30.320262	-0.634170	12.368819	34.883515	35.589699
	22.734799	-5.737948	27.986309	52.106123	-27.037700	-15.340643	37.361408	0.130748	5.332531
	43.997355	-9.635014	-45.977368	28.745388	12.526900	-3.246187	28.134294	-13.189826	-2.096379
	49.619246	-38.481188	-20.190722	-49.631143	-1.973541	10.063648	25.335814	-53.251338	34.319978
	41.922979	-54.937794	15.589232	-89.858190	-25.951278	53.133025	20.920242	-49.150053	46.599603
	7.298069	-58.673969	44.106427	-72.713768	-50.187430	57.105509	-7.021194	-42.299092	57.420323
	43.566304	-41.924399	53.911209	-72.690396	-52.337122	45.243503	20.279846	-74.733204	27.831210
	5.175271	-23.113002	16.583525	-22.735202	-43.353171	37.328541	-3.338450	-7.038118	6.499178
	-35.295926	-11.477000	15.221449	-20.282289	-35.103608	11.423183	31.326041	-10.615370	-28.477288
	-43.483750	19.248441	-27.109647	50.414923	-36.284928	-29.801596	15.635274	1.241261	-26.121297
	-44.156804	47.247873	-38.454226	86.039788	6.123903	-14.735285	46.480803	17.587792	-66.133652
	-37.544289	48.196921	-38.111347	54.875157	-3.736192	-10.763102	31.502257	4.806079	-57.072825
	-40.109419	49.830677	-32.670571	38.167446	-36.293037	-28.826156	38.293156	22.292524	-56.623020
	10.354821	46.135367	-22.717737	56.072120	-37.797255	-25.108637	27.601597	9.381276	-38.646057
	3.290391	68.849392	4.456262	38.889764	-63.959201	-8.436681	25.506010	9.021463	-34.796074
	-9.010959	44.634676	15.536193	26.267648	-61.412285	0.557524	6.601236	32.404105	-8.739123
	6.278614	36.530988	-4.321360	14.972556	-42.385339	-4.775107	51.446116	7.201612	-36.654795
	-32.990990	48.534086	-9.391287	11.420330	-51.566267	-24.483398	17.387357	12.915838	-48.954246
	-4.749974	34.679291	-7.600658	6.629573	-47.280864	-29.155474	-4.775839	5.688794	-61.609255
	-20.558185	-4.687868	-29.562187	19.876433	-54.473374	-40.260525	-48.054279	17.243660	-28.002126
	-11.370062	20.523437	-43.475417	22.808751	-55.188882	-18.265062	-28.122754	8.814220	-77.003901
	-10.310259	29.956375	-27.868018	33.324823	-29.379125	12.471893	-39.413160	16.126777	-58.412363
	-24.027227	17.898499	-44.740607	5.681899	-1.462772	6.000017	-46.193637	5.074061	-58.404298
	-24.068229	16.793416	-37.410844	46.145748	-30.977505	6.882489	-5.472200	13.767309	-9.724372
	-26.599870	29.523748	-28.676845	72.022315	-4.404189	14.308306	24.463482	30.514102	6.001569
	8.815899	20.983854	4.755034	72.510905	-4.853450	28.648386	-4.773379	43.150155	15.061580
	-16.470375	26.148895	12.456959	80.171526	2.333897	6.829629	-3.831834	40.123136	-1.808397
	-13.276566	30.535884	2.865230	48.403978	-1.792610	-6.947413	18.487696	30.495682	15.270211
	-25.770060	4.677452	33.812680	33.135982	14.557170	-14.893621	-15.836308	11.295524	74.892444
	2.517661	-20.212736	46.615996	-11.615066	-28.998515	1.229511	-26.338389	-4.439854	67.980741
	7.240716	4.177839	17.923284	-1.360589	-22.964321	-6.785959	45.270851	13.355218	33.472749
	6.535200	5.187160	4.004052	2.895958	-29.183734	5.040457	18.962698	1.345618	22.071013
	21.268929	20.071358	26.694684	-24.334629	-21.698658	23.916101	37.239838	-12.953704	30.402226
	9.298050	46.541322	-33.863035	36.305118	-16.172889	-9.280666	19.656432	-3.333371	-4.479541
	28.797335	44.353067	-29.073395	18.725698	-5.798452	16.059032	30.037275	-27.166949	-40.132117
	32.765169	53.041419	-5.971661	13.468440	-7.668584	14.874793	34.936880	28.506380	-26.659855
	21.751142	29.535845	23.058655	-9.091002	-37.935204	18.490588	41.527300	-7.069167	-27.687727
	-2.170576	43.454667	42.775088	-46.631065	-29.939495	-0.952275	28.451455	-25.128959	-3.982068
	-23.371438	45.270084	12.071299	-39.297010	-31.409807	-15.349829	-20.691968	-9.942749	-24.701276
	-4.974850	37.450186	57.397774	-37.641852	10.790901	-26.688567	5.888824	-31.537800	-12.420980
	-20.954433	24.445676	34.482076	-49.784651	27.804659	-36.207069	1.391566	-22.958482	-37.172371
	-19.524167	24.594490	40.102745	-38.599199	42.630148	-50.724926	8.341840	-26.996822	-15.773879
	-25.337624	40.351735	53.296843	-3.775887	55.168639	-28.825468	23.990720	-16.619031	3.909140
	-37.695730	32.590967	14.380185	-17.563562	72.665091	-27.393641	-7.666236	-27.821391	-7.033520
	-36.687271	21.122813	-23.156731	-29.439216	33.750497	-15.262800	-23.114260	-1.009212	-53.987104
	-46.487428	57.881403	-56.258285	-20.556921	56.313270	20.766351	-22.248070	-2.244136	-86.303648
	-49.724492	41.551790	-73.494179	2.930466	20.774240	-23.434034	-25.620872	-1.749525	-46.217451
	-22.281435	36.858202	-57.711714	-16.037916	-8.495521	-24.511349	-39.543708	-32.468852	-60.064275
	5.616959	49.830133	-40.714769	0.805305	5.813742	7.150919	0.604554	-16.763660	-79.240503
	-7.042846	31.400058	-50.094374	-69.025198	-27.338957	17.330550	-18.729909	-53.095226	-46.206848
	-24.461030	-0.008778	-39.728994	-64.661820	-63.454631	15.436260	-50.666543	-49.213251	-35.284081
	10.698264	-31.620314	-21.963113	-70.219626	-70.012654	6.845594	-19.676481	-28.348345	4.995242
	16.780212	-24.958028	-13.898139	-55.278651	-64.415902	36.597894	-3.778830	-41.144065	25.090821
	19.794460	-40.123920	-6.260743	-24.961322	-98.614842	58.780649	-37.694644	-29.911933	27.801379
	12.515337	-22.823751	8.584993	-18.797820	-30.023114	29.552735	6.295696	-36.122455	43.239280
	19.892278	-15.721555	34.086751	6.662202	4.858725	57.735147	48.117173	-22.057541	70.138986
	12.711736	3.316188	50.918193	16.526998	-6.364640	17.253920	34.684677	-2.438967	23.624329
	33.186735	17.034170	25.011782	49.847112	8.294895	-15.386454	17.556500	22.339803	11.789959
	15.474006	50.358401	34.641264	74.320064	0.364345	8.412894	49.728502	33.332720	-8.430299
	-9.592567	19.332858	64.007843	64.028341	3.630689	-19.619701	30.440673	22.182872	-34.841673
	7.072186	4.092329	34.533655	48.477605	-7.667153	20.314973	53.782864	3.319729	-11.602543
	34.816761	3.967506	9.048966	74.341410	21.284359	24.708957	52.322686	-5.255514	1.743238
	1.929179	-32.412308	-1.361423	68.022603	3.031005	29.989989	49.511785	-1.093421	17.200165
	-17.221795	-55.993347	-20.564213	47.049542	-11.043718	9.960590	22.617260	7.717276	2.350227
	-26.232475	-61.457488	-27.634268	36.692511	-1.743487	16.004779	-3.309870	-1.446973	-61.906655
	-43.120353	-84.701830	-6.725287	54.462055	22.123019	-22.398619	23.871193	-4.344896	-13.536362
	-13.904749	-59.459244	-37.496051	80.776348	61.965648	-77.659350	39.158698	21.152571	-31.881959
	23.781342	-59.768043	-31.635174	90.581028	69.404644	-32.740537	79.274851	2.118739	3.514988
	22.777011	-61.515860	32.411993	31.120385	48.902980	-15.570169	47.961733	-23.695746	9.016188
	12.076145	-61.815071	52.221856	-18.920970	8.280680	14.978426	28.425053	-58.190001	33.088384
	61.271972	-24.729546	69.041445	-26.326439	61.246837	37.724176	33.743018	-28.689843	35.985135
	25.362372	-27.480924	51.632971	-35.186421	15.529821	20.921760	-18.490948	-35.735916	30.425607
	-2.624912	-33.005107	84.266397	-63.661214	13.276199	39.764477	-29.633697	-66.653784	2.304010
	-20.465297	-43.186884	31.734996	-68.859532	0.743704	-28.825280	-39.454855	-49.606148	-42.876445
	-25.496805	-27.687944	39.030811	-32.409112	-0.303435	-24.257106	-27.362495	-5.603711	-16.311187
	3.432321	-29.832410	-3.270482	-53.741753	-3.340078	-47.565771	-38.953646	-50.866067	-15.976243
	-26.126391	-14.812895	13.201002	-58.126513	25.641834	-60.154466	-5.083880	-46.921583	-10.434550
	0.356657	-21.707927	0.190472	-84.754592	17.733052	-49.676004	-11.305312	-41.302527	-18.431185
	-17.448210	-47.877508	30.380363	-121.115309	16.245347	-22.688763	-38.608378	-83.841946	-21.642724
	-8.002257	-63.774751	29.908265	-111.915592	21.239518	-39.857983	-58.091031	-78.520195	-2.120952
	-14.288556	-51.398521	4.991598	-116.069328	-9.670697	-65.163820	-21.932059	-75.553301	-27.791839
	5.659192	-71.232011	1.205548	-105.764162	-1.308171	-44.419491	-52.404111	-38.975040	1.706267
	10.905751	-50.722404	42.160716	-120.312862	23.276153	-3.405906	-11.236901	-57.969223	45.505938
	-5.178370	-24.369042	78.993283	-83.746335	10.292379	15.212487	-2.049880	-42.843734	34.632356
	28.163281	-17.836686	125.001276	-108.990215	-9.388321	27.930486	-32.988321	-46.024563	65.312796
	8.536892	-37.024531	147.861356	-92.980658	-13.214401	39.739526	-17.602638	-71.839171	77.493550
	-25.016118	-38.085815	80.887800	-130.727397	-7.145558	7.549181	-8.686415	-68.578029	67.716401
	-54.868543	-39.277575	25.738764	-112.676478	5.887420	-4.031381	-46.281867	-89.245011	30.898824
	-33.776021	-37.429255	4.612262	-69.242147	6.606918	-23.552099	-14.834014	-37.229605	21.808854
	-44.490193	-8.266956	-51.613466	-32.977554	38.646159	-30.326459	-47.379406	-22.471211	5.454023
	-31.893623	15.567547	-54.086054	-20.816627	57.084247	-47.670387	-22.926185	-6.291663	-67.762178
	-18.294772	57.963948	-46.940307	-14.833406	59.313468	-28.424856	8.378609	-3.226177	-39.601608
	-12.140047	58.235546	-39.279723	21.763360	38.470861	-10.756628	-5.447869	14.676430	-45.641365
	3.823307	40.289802	12.751165	31.058092	21.245289	10.462720	-9.221973	3.488225	-24.064537
	-4.533651	16.237732	16.982357	56.413852	11.377854	17.163843	-6.402975	-4.693866	-28.936105
	22.655807	5.350977	5.331392	31.870546	-20.491725	40.981374	43.189536	-4.524747	43.662719
	2.931498	3.963521	17.793507	49.928070	-24.481430	16.699182	26.300996	17.375662	-9.239601
	1.758993	11.432010	9.416484	29.059798	-36.750567	22.676433	9.916409	10.063233	11.252304
	18.999861	18.244245	23.867326	36.510430	-15.469783	21.817866	10.289249	0.010060	27.852750
	14.999713	-1.104123	-10.767834	5.665943	-26.475933	2.335204	-14.766904	13.463290	-14.007717
	4.152729	4.087491	1.717369	-4.774498	-18.317869	20.901865	12.280090	11.096004	14.825356
	3.014645	-4.761135	35.996370	-3.836763	-6.251864	13.916683	-14.577783	-5.399534	20.352049
	-20.415721	-19.100985	20.945264	-33.765318	-21.522609	36.265344	-19.686927	-15.136681	38.246890
	24.035280	-15.146262	13.776785	-28.207055	-8.431879	1.131559	2.230376	-26.311246	35.270429
	-11.956963	-3.500430	24.305872	2.031249	0.179895	17.399194	22.398470	-10.731998	25.931874
	20.900190	15.404106	7.268213	7.058639	5.763189	-7.093358	16.201975	-9.010680	10.852442
	-23.064993	51.552916	-14.035429	44.430792	12.837060	-1.111878	21.137840	-3.726110	-20.611565
	13.372705	54.232968	-34.846236	36.142486	41.071213	-25.108192	3.135462	-5.258708	-56.065270
	12.648626	62.274033	-48.962879	53.166760	48.166860	-29.815153	28.534426	-1.901050	-58.672246
	-23.686892	85.834058	-31.368974	43.030838	41.127784	-25.771865	23.762318	30.722672	-75.510064
	-18.695745	68.629758	-38.831518	58.592164	35.021932	-39.499307	4.835197	8.511363	-57.585851
	-14.918403	54.513995	-17.138841	75.125725	37.579610	-30.702584	21.588634	26.170400	-61.798036
	-21.274800	21.415571	-7.222135	44.472923	4.040588	-10.992827	13.653064	7.998968	-36.315152
	4.767272	-2.617087	-17.294969	64.678016	17.331644	-6.379430	6.315448	8.392208	-40.885359
	-23.945185	-33.779854	-18.444710	29.433889	-15.620427	-20.187920	17.155252	-7.887649	-52.513115
	-17.608751	-31.679702	-42.750888	51.098896	-26.468696	3.035624	6.112699	22.007684	-70.763482
	-26.377377	-23.279229	-79.361281	70.198181	-48.472441	-12.994207	-0.224523	39.841516	-84.542523
	-18.210253	24.674643	-95.254161	85.068173	-15.179778	12.142748	16.752345	35.860006	-63.699641
	-25.350215	20.109704	-56.426285	69.229544	-38.909017	-0.962921	0.458523	34.495155	-53.105851
	-14.110430	39.118470	-48.014804	63.009750	-18.496659	-16.709854	9.909932	77.073715	-83.636875
	-27.928941	59.626899	-64.565216	73.520776	-11.447577	-7.267497	-21.796777	77.966318	-55.743202
	-26.660058	56.397685	-38.389567	46.371813	-23.821798	-20.916490	-11.334932	76.731702	-28.125779
	-15.399914	56.564247	-17.192843	90.552972	-19.489981	-13.709314	0.614300	78.527858	-36.424492
	-14.361848	77.393988	-42.928027	111.075001	-48.068440	-20.697749	-17.093398	93.569937	-79.601350
	-11.409956	67.074704	-33.204460	102.468377	-71.793801	-26.154915	-43.848170	97.316970	-43.229640
	13.067769	66.767367	-3.232002	71.404570	-45.998757	-27.474732	-39.365034	99.622374	-44.830388
	8.700958	22.256225	21.616201	42.586777	-69.469255	-13.529602	-57.503754	59.172406	-65.719823
	-7.098457	2.490174	30.710931	14.385417	-16.692914	-23.524441	-31.573269	45.598032	-25.769011
	9.035576	-32.056061	-48.383683	-34.413537	-48.568027	-31.561651	-20.380834	4.450436	-40.011062
	-29.998899	-57.149200	-97.684259	-58.528393	-57.298257	-65.968134	-68.368217	8.037627	-50.784806
	-22.409300	-39.205128	-106.562879	-36.542307	-2.553634	-46.987336	-62.465570	24.896151	-31.473592
	-9.389381	-45.267706	-80.456480	-34.923889	17.342854	-31.053811	-36.231290	1.906225	-50.665159
	-20.759205	-41.296699	-54.920117	-22.017660	-19.382685	-25.412175	-36.421421	-14.610717	-19.827577
	-19.113959	-36.600025	-41.586680	-24.355360	-2.826308	-27.788244	11.253408	-9.158571	-4.778880
	-8.906849	9.579729	-38.708973	9.167236	27.874591	-45.405619	-2.191253	-5.449141	-27.177305
	-13.819501	2.861776	-34.249990	22.322829	-0.277120	-34.983337	16.097076	-9.102135	-25.495286
	11.075790	2.750743	-45.726401	14.275532	-31.312846	-11.829371	19.627915	-0.539133	6.975489
	5.489678	6.616983	-93.015698	20.309032	-34.005294	-51.292957	11.698147	10.620305	1.370295
	-21.234543	18.438459	-78.909789	-3.473079	-43.314783	-51.576574	8.671946	30.690784	20.157207
	-8.493106	3.747718	-24.448807	-12.924876	-38.760603	-13.329639	-7.191241	21.714549	15.095870
	-10.301224	2.872344	-12.899444	-38.497149	-29.625456	-20.736313	-4.341547	-14.134681	29.331504
	16.966421	-4.874048	-30.189185	-18.382661	-31.749227	-28.646768	-0.911121	20.257153	-4.316030
	-8.183104	-12.897177	-46.226526	-11.469264	-43.583454	-28.884938	-6.466048	-1.411268	-22.817501
	11.843306	0.838593	-19.095555	-1.095017	26.650493	-28.482612	-14.330452	45.893468	8.447772
	29.124331	-3.384028	-13.564902	17.496403	19.423909	-12.952369	-2.896049	45.903724	15.176673
	13.322645	-30.714618	26.094861	37.338755	57.398362	20.514845	15.504917	30.222980	34.825607
	48.019401	-52.506419	31.450123	22.117569	60.593200	41.643913	-16.996298	21.070767	80.391828
	36.887473	-54.864490	22.108540	-18.882066	32.774835	58.613890	-33.662215	28.368749	78.015617
	-14.055558	-16.158278	9.806219	-9.409281	33.774666	43.731212	-30.753733	20.468613	29.475561
	-0.049047	-9.832565	-5.526186	7.871776	48.105638	17.883698	-37.283743	51.934403	4.822067
	-29.933470	-14.781076	-20.625876	27.499929	50.986819	-23.730863	-16.197157	14.951275	-28.756285
	-28.929569	-15.578833	-42.594969	42.685833	45.760966	-26.725223	-26.619726	52.164695	-54.959157
	-11.243722	-26.755275	-31.934599	2.751908	19.275210	-30.680363	-8.869560	12.115503	-2.574368
	15.914329	-29.136342	-35.859639	4.952070	-24.871317	-13.017400	-23.760584	36.643010	-30.760585
	32.570276	-21.992091	-13.882853	-18.405319	-28.304880	14.294601	-16.472675	27.904103	32.147755
	15.170227	-18.500925	2.651103	-23.844706	-40.582959	17.556471	9.764651	13.138557	32.206933
	17.772500	-10.054027	-14.430220	19.395535	-33.298738	61.562146	3.551278	11.872294	25.731034
	20.828485	10.812899	-62.620674	53.653587	-15.278393	26.637931	63.154663	24.532689	7.021433
	8.187613	44.863591	-51.542795	63.441877	2.498298	13.999970	36.595399	42.641757	-23.583704
	0.554835	52.154054	-69.706893	83.855002	-2.198872	23.528383	53.004364	47.051237	15.551971
	11.574321	78.322246	-67.735876	91.212278	21.339604	6.056910	71.012058	74.691635	-25.987147
	-13.038176	87.215962	-77.893647	92.403819	-9.909804	25.340092	30.222741	63.395334	-45.805412
	23.030223	86.651812	-63.876425	85.552477	0.876689	17.270006	55.596720	66.670459	-38.943500
	15.994191	62.338724	-37.801837	72.446515	-40.053308	36.877997	31.394300	87.045975	14.761628
	43.939728	75.928851	-26.698507	71.700326	-50.378609	37.193812	29.274062	82.498687	5.050506
	15.706176	71.206267	-18.100924	70.920914	-54.722552	52.137234	11.867968	77.619453	9.412336
	16.919031	62.818075	-64.391747	83.522143	-48.898058	18.292285	7.666934	61.752267	-1.455144
	-11.993072	24.200687	-102.464478	56.397769	-26.101062	6.927850	-17.501385	79.436990	-39.188368
	-32.041630	71.729958	-74.413489	100.773028	-37.273930	3.786488	-27.128223	75.308750	-44.076317
	-38.240960	90.984051	-122.795595	115.648161	-4.606473	-17.636902	-25.795322	74.544582	-50.021528
	-43.218443	53.597317	-133.212617	108.997263	-30.738945	-46.117230	-20.035391	92.099806	-57.521891
	-39.945990	74.291337	-108.212293	70.119003	2.173239	-29.720783	-27.111608	72.967164	-15.853663
	-22.693292	76.252803	-68.611419	59.033237	-74.044019	-15.448054	-20.903823	84.743512	-11.068666
	-31.619867	49.427757	-47.489026	44.617670	-48.560959	13.650315	-29.676152	53.582624	-18.766586
	25.098870	37.443652	-1.001795	-11.501898	-35.607797	34.881675	-17.948885	24.619979	-16.415324
	39.368154	50.859769	25.176327	-25.817007	-13.821241	38.985885	-2.808911	10.388300	36.387109
	45.449120	46.681478	9.049832	1.980741	-32.496022	22.893364	-22.495371	6.535652	18.655167
	7.098044	52.689254	-18.490540	-19.940621	-30.410358	-8.605384	-14.295332	21.039937	-40.455713
	-19.861246	53.777263	-8.808121	14.560450	-10.785413	-12.925759	-15.910916	8.057745	-55.713861
	-2.657767	88.747499	12.650874	4.544187	-6.400013	-6.530809	-17.413711	23.395075	-47.177495
	-3.210729	69.337586	-9.633552	-27.688556	5.271279	-16.109393	-23.903317	8.023867	-41.263422
	16.168480	55.101409	30.193528	-57.107177	10.009999	21.906649	-25.453578	-28.661833	6.769778
	4.440336	80.236954	14.100571	-25.250680	13.579691	-9.918648	-0.602158	-10.238522	3.913853
	3.719763	55.427565	2.228625	-30.616928	34.671517	-6.182885	-6.633883	-7.754280	-52.301808
	8.318698	45.923637	-13.916583	3.691172	29.584960	-4.621865	19.587692	-0.202997	-40.348862
	0.600378	48.428853	-31.845987	17.443357	6.018745	-12.842252	17.415127	-28.779299	-52.591084
	-11.008131	75.212742	-17.696506	39.421061	20.685888	-30.878546	58.201932	4.623662	-65.146903
	5.905901	38.861431	-10.277422	32.806753	7.053096	-5.527781	25.370831	0.160341	-73.665142
	36.706722	7.662048	-13.294857	11.798807	51.246181	8.019724	67.000073	-25.632788	-21.610772
	38.268440	-22.351041	59.240869	-45.632301	26.237174	25.517999	59.562274	-59.162848	35.588090
	39.671114	-48.462823	92.379090	-83.370144	33.484321	28.597724	6.145651	-60.778122	71.431884
	27.368377	-67.319817	56.302645	-104.458739	18.420871	26.149592	-9.472401	-56.318844	61.388667
	3.877927	-64.204489	46.626490	-113.154981	11.941872	18.897922	-24.104606	-72.189331	23.253390
	19.299152	-23.665623	83.659036	-78.149268	-0.249154	8.039474	-26.495338	-51.323631	29.485312
	27.423943	-14.995148	35.418950	-54.742368	8.027613	5.745505	-10.113168	-21.562227	20.983837
	23.157528	-28.759852	57.693694	-71.186848	-1.016248	10.370418	1.297296	-59.546445	26.940910
	24.440626	-63.928470	82.787609	-52.609274	10.569736	30.878210	-7.999459	-60.678077	53.797081
	23.304538	-72.604501	118.424968	-57.646917	-6.015785	16.697227	19.953436	-53.106316	47.478629
	23.694471	-113.333841	94.696892	-62.884948	17.288293	24.905302	-39.616522	-43.807243	59.364941
	45.963599	-118.117827	136.013835	-61.953248	3.537563	27.484875	-13.988632	-27.489461	58.119608
	-1.005062	-68.846853	128.251960	-40.478081	-29.556266	34.947119	-26.468230	-37.633914	70.721705
	20.954235	-38.422637	134.504507	32.504607	-55.518032	2.730252	4.231685	29.742290	53.133620
	45.435764	-49.255746	111.083845	23.865513	-46.992355	38.380617	18.945232	48.222385	70.407124
	55.662885	-44.491673	162.555587	30.435221	-11.118118	50.862106	50.228972	4.061615	85.095393
	23.654025	-33.441463	153.139010	9.349886	36.918537	38.190441	44.603893	9.984893	120.526415
	41.807018	-77.301527	138.926126	-44.811126	58.370081	19.274732	-14.208027	-25.417046	145.164461
	55.547559	-67.270820	163.696511	-68.251197	28.984410	29.976119	-29.915484	-39.369648	126.158758
	40.336083	-77.740287	135.361198	-117.922739	21.212011	37.170143	-28.170221	-40.954346	136.148198
	65.288402	-84.469659	74.214332	-110.911001	38.308470	2.568259	-16.918622	-47.949091	60.788335
	32.054138	-31.428485	70.706979	-116.259049	23.631258	5.754290	0.116532	-45.674330	54.108158
	15.004539	-47.455042	30.933021	-78.180939	8.705503	-3.634230	4.194987	-41.901196	-18.507538
	14.896097	-41.626329	1.031692	-48.268645	-2.178366	3.788142	17.215116	-40.511135	-0.727282
	14.068251	-39.197734	-14.791941	-60.633311	-13.946746	0.256038	-10.522002	-39.008992	-5.552374
	34.949198	-17.486712	3.037899	-25.753406	1.438404	1.260043	22.581032	-13.656529	-14.343968
	17.846914	-18.610184	-19.360804	-39.846948	38.857927	-27.083448	21.146494	-4.179318	-9.125872
	-15.150608	-26.096420	4.885352	-37.548977	0.616155	-11.346614	22.801777	-23.919058	15.671756
	40.161363	-47.006062	40.218270	-19.194715	20.150509	-16.907266	16.278612	-27.034917	16.771434
	18.865361	-35.321247	66.892146	-9.159538	-28.969288	2.653257	47.067024	-10.706764	-20.893954
	9.714377	-66.002774	38.809150	26.401734	9.370051	23.569715	34.711044	-14.150640	41.577495
	18.463847	-45.998489	60.139914	27.325198	-10.460280	9.413715	4.704367	5.171398	26.771500
	-6.157534	-27.572287	45.274977	55.043042	17.116525	-7.296235	17.538662	7.905164	3.668974
	-23.573419	-35.090673	23.545573	44.767643	61.771256	-20.164518	38.609461	-6.030162	12.522940
	-22.763316	-23.457838	17.028336	41.759471	20.734197	3.796245	35.911032	-15.799034	-8.335573
	6.890116	-4.460164	7.807405	72.250170	33.573277	3.519710	71.795219	1.790685	-15.981408
	-14.951499	-10.912451	-17.029256	6.745758	55.592061	-4.835281	56.511870	-14.830512	-48.228573
	-2.101511	-8.420942	-21.352888	32.282592	24.362120	-15.373803	53.901937	-0.668574	3.985821
	7.588521	3.371165	-33.185798	59.315089	15.938364	-24.015722	24.079312	13.480264	11.523714
	-39.496189	23.511947	-42.665437	41.089701	11.565040	-26.130078	29.224295	16.994818	-36.897351
	15.888448	59.245133	20.692836	43.033994	-17.141260	-7.637742	51.892442	8.490498	-30.036828
	4.161473	47.402536	16.257036	9.866137	-57.534686	-14.742153	39.917678	-2.386835	-3.953114
	0.594404	41.733793	1.670549	-57.833342	-66.790949	16.738022	16.803589	-7.620165	42.895426
	33.798188	39.438056	35.431176	-70.895720	-97.076955	23.380279	10.492252	-28.503543	33.433805
	12.836815	38.400877	-3.558503	-60.377589	-96.266191	-6.682302	-30.142790	-25.395661	39.511317
	12.355107	28.707926	-9.976792	-56.903294	-58.190662	-2.394422	-3.799437	-22.049209	41.856692
	33.082261	16.422658	14.372038	-64.520645	-21.470876	20.338292	9.589859	-50.254621	37.958868
	33.933301	25.486735	-5.892862	-42.610903	34.573281	-20.254471	24.341059	-61.116451	8.170439
	8.386559	-18.551490	1.789261	-70.461731	32.196605	-5.657999	19.182960	-61.282592	-0.208159
	3.867294	-18.342781	8.836026	-73.601235	15.223732	-8.930966	-17.044308	-49.814956	-18.012152
	7.430834	-53.264373	24.267854	-33.180531	33.858233	21.054021	-35.120494	-42.567171	32.915156
	5.321751	-57.009347	-10.603258	-41.660626	-13.508337	35.610249	-47.223763	-44.064778	-35.382804
	-1.824474	-30.203406	43.826063	-21.997437	-23.140616	35.570941	0.668720	-35.667839	-23.756218
	-32.939134	-22.492314	22.562028	16.515933	-20.475884	27.319048	-38.218175	-22.456475	28.116635
	-62.315929	-15.966905	-30.195647	35.074436	12.492554	6.472627	-43.778893	28.111006	-14.391223
	-61.455727	-0.109957	-17.830115	69.120876	-3.363593	12.009871	-25.200115	14.911463	-34.651554
	-50.220099	3.691533	-17.081159	78.051665	10.597554	-2.048715	-12.113786	-0.815024	-9.711082
	-39.524884	40.774049	-14.947303	97.647868	-22.589328	-10.218822	9.903872	14.622945	-32.470686
	-36.599075	12.648150	-7.212104	54.954878	9.229548	5.660232	-3.920880	16.205802	-28.488930
	-13.469705	25.114450	-12.297821	60.428372	-1.792375	-13.103642	4.696558	21.448286	4.946874
	-25.076549	30.092091	-30.054721	27.492948	11.161082	-24.519599	29.064235	33.085143	8.290242
	-29.154959	3.239597	-17.213229	-14.156020	-14.959091	6.169800	10.710876	-14.502849	21.468756
	-29.512135	-1.865706	-16.781742	-18.915946	10.041477	-9.943799	16.428623	30.731446	17.058653
	-41.678830	17.415235	-19.482035	-15.791714	-11.073401	-16.145898	-13.625388	29.986226	22.370226
	-48.167122	-6.610441	-15.581946	-60.124449	1.626644	-0.570033	-45.365506	-19.904489	36.699059
	-27.890247	19.548716	11.600664	-36.932962	23.198286	14.072978	-20.482393	-8.056095	30.488903
	-35.451241	14.358049	11.779583	-72.972473	11.419548	10.089604	7.527461	-27.131974	31.457544
	-52.393709	-2.620180	5.111833	-66.491472	-5.256422	-8.844846	-52.132009	-18.938973	7.269024
	-59.586410	-2.442156	-5.997711	-81.260103	-22.671174	-6.167895	-30.190278	-14.897826	-35.333356
	-59.231391	-34.806856	-19.302511	-97.480213	-5.616360	-9.670699	-61.416848	-6.116641	9.499052
	-62.675832	-27.805732	-32.946853	-81.072996	-8.886515	4.603071	-86.948808	16.071991	-33.430952
	-67.218105	-39.056048	-27.049896	-86.439112	-28.165577	-9.155187	-87.776194	-14.364898	-32.281988
	-53.302559	-26.740419	-51.866339	-43.237612	-35.587733	-11.878270	-81.374858	22.701556	-40.845837
	-70.509531	-42.398230	-29.044466	-28.975145	-24.971814	-11.726238	-81.857852	27.029737	-41.704070
	-81.835554	-23.816475	-67.942407	-16.875164	-22.869545	-45.886217	-75.883246	10.788872	-22.789985
	-48.492208	-17.789381	-46.221980	14.890559	-28.698433	-12.706760	-31.750635	45.076825	-60.730948
	-8.673271	-16.629845	-24.587676	16.200801	-11.285483	-10.849413	-34.527985	35.455228	-38.009656
	10.842299	-14.185385	1.979401	10.565944	-28.798209	-2.427070	5.714662	7.384732	-6.041287
	38.779791	-14.839617	1.975859	25.334769	-28.439680	4.665377	33.966789	7.513346	35.676888
	65.294809	-20.298474	35.632185	30.014797	6.084952	13.084424	38.786647	-18.102600	27.364002
	35.547042	-36.493212	53.468532	-20.097386	21.192141	-1.968053	11.552631	-34.877589	-1.014142
	25.626866	1.971163	9.140191	-30.645434	39.128276	-9.396868	36.985315	-41.479241	27.007409
	37.487966	11.016152	16.023623	-47.840494	66.396879	16.273476	19.334191	-11.643832	60.011537
	57.329757	11.294712	1.608380	-45.868038	43.913401	-10.478934	-2.327870	-47.077543	16.735513
	53.630647	0.278927	-12.401834	-71.905463	58.939635	26.386194	-29.102101	-54.626834	0.935042
	44.105474	5.567846	41.936398	-45.849887	33.365103	16.611600	-7.502817	-30.702774	23.552086
	68.862676	-4.503625	32.013285	-47.401589	37.023359	18.292886	-15.619000	-15.583667	11.309040
	21.361284	-27.026748	3.643370	-56.564376	32.557337	-12.818698	-28.427697	-50.908617	16.837030
	47.668667	-21.957310	30.784728	-20.859810	22.054079	14.146970	13.939586	-54.754646	14.549524
	25.338479	0.020378	61.434108	-8.245838	20.666569	14.104731	17.658679	-20.868234	-6.857541
	29.695101	-0.260244	38.721978	-28.643876	27.781975	-10.704214	16.530682	-28.601453	-2.372911
	29.438985	11.247275	16.120604	1.889044	41.628184	-2.838506	39.471946	-14.567840	-3.386585
	-11.379667	-19.368308	-9.755122	-44.896423	26.889886	-21.199037	1.316906	-1.223434	-36.937875
	29.554764	-18.727434	25.743556	-76.882058	8.430222	17.963629	7.277824	-59.369111	22.778037
	24.061529	-45.778221	14.595316	-79.400395	-26.362276	-37.932773	17.369803	-68.442486	21.837563
	18.083263	-32.849351	21.937775	-76.265562	25.736759	-3.672398	-35.455468	-48.626527	42.766218
	21.048609	-39.842413	54.479426	-91.749122	1.828166	15.626042	-5.194661	-64.511747	71.685070
	-7.896548	-42.763458	51.717553	-70.386995	6.223041	10.315030	-6.820441	-12.906831	57.683732
	8.385379	-58.007523	13.157950	-56.962875	-15.092332	0.068270	-62.724163	-15.462456	87.704737
	-8.233293	-63.219682	43.594838	-9.251300	34.991347	-0.390355	-45.517445	-15.413901	44.794240
	-33.192510	-45.741114	29.875517	-34.907049	29.122161	-0.503830	-65.506646	-30.207217	20.469755
	-21.207571	-28.497793	46.944733	26.996585	51.353702	2.571432	-51.165886	-8.280098	64.455243
	-48.187185	-44.257483	16.512873	44.515639	84.098682	-10.495372	-22.759194	-11.349338	32.036393
	-47.621622	-5.395697	-53.278256	69.590717	92.383819	-19.362701	-6.197197	14.761912	-15.919734
	-39.287031	-38.700002	-62.163998	43.388792	85.989497	-20.356475	-15.357399	-3.050723	-9.575818
	-31.552743	-41.113292	-45.142489	32.102861	49.869688	-17.369008	13.921070	8.603626	-0.299976
	-41.932879	-3.944589	-67.031827	50.314357	55.253742	-28.851424	-6.569886	16.079219	-23.428215
	-15.408134	21.047249	-71.352214	27.920695	1.491945	10.123744	-15.526498	21.118067	-28.120497
	-3.712650	23.959557	-75.919228	28.617345	-9.135471	-32.306334	26.358920	36.347599	-22.049407
	16.166919	-1.073435	-50.260783	10.183282	-8.473806	-10.141856	3.072245	39.250668	9.408455
	-15.349396	8.291921	-77.492128	13.561631	-0.964162	1.685723	20.659959	-1.723963	-20.192420
	-0.913706	8.327692	-74.067274	11.319480	-25.175447	-6.428352	8.472174	49.303140	-2.426971
	-8.495720	29.111236	-53.483613	51.733210	12.300731	-8.063912	20.939879	33.547536	-47.371295
	-26.691864	26.651500	-67.188940	102.840833	-11.333232	-23.393307	-3.187461	56.451802	-56.679259
	-40.884814	43.165089	-75.198335	74.677670	4.371874	-45.804173	6.004870	18.901541	-43.386249
	-12.667358	45.891498	-57.461372	95.314403	51.580017	-45.638883	-8.377038	57.393589	-50.771799
	-39.042409	27.930935	-30.593282	93.349503	28.998154	-43.004908	13.119242	58.366779	-8.659439
	-43.089470	59.902508	-32.424350	50.781179	56.340216	-49.459597	3.830579	15.333852	-43.700477
	-6.754884	73.623747	-5.128241	115.183768	7.256000	-28.383920	43.359603	56.537982	-23.232380
	-13.727464	63.241493	-16.008258	58.261402	-15.951485	-51.595746	7.680572	37.012380	-58.108993
	-22.311907	66.789232	0.377290	60.110368	-65.854156	-22.690372	3.456556	12.758358	-57.007363
	-5.019242	42.874006	-34.726759	55.488706	-32.828063	-32.582761	15.084861	34.792173	-75.725386
	27.387692	42.017345	12.893601	25.846386	-72.339492	-28.251012	22.302146	10.282893	-33.283926
	17.372496	33.013695	6.592682	9.308247	-28.723691	-22.762965	22.086617	15.890475	19.298913
	40.690131	26.389650	21.014537	-23.590993	0.040417	-21.261017	-9.949225	-22.726726	43.791914
	24.120250	17.983658	1.652149	23.155509	14.940954	1.742647	25.866387	15.393368	15.314863
	-37.114021	18.407190	1.018491	28.444313	31.054771	-10.157745	6.119184	17.330179	-26.900707
	-29.508695	-4.851870	-14.067367	11.848754	27.612418	6.053800	-21.460171	-6.619987	-13.554787
	-24.025771	2.238923	18.300196	50.142048	11.454877	30.008245	13.867269	21.014917	-12.537204
	-18.626025	24.296141	-22.050443	60.995709	30.900325	6.438920	24.946379	2.600238	-49.942421
	-29.411544	5.695418	-13.715583	19.114230	54.097193	-11.726717	38.627607	-9.134869	-33.459634
	10.440803	-18.637212	20.468072	36.609777	42.462438	11.423792	37.346626	-13.768420	-13.149557
	-14.441286	-10.069639	25.593871	19.870448	0.401064	-5.788726	17.463399	9.716644	-14.307776
	-21.669460	-10.330472	38.078202	22.295081	-35.655588	15.274435	9.297616	-43.789558	27.659860
	-36.330286	-8.195711	2.633232	-4.356934	-54.623141	-2.838294	-55.527717	-6.493024	-34.675352
	-40.190863	-1.819063	-0.711079	22.229986	-45.348459	1.876968	-21.337229	27.528518	-44.256979
	-33.516074	31.400386	-19.398160	48.015014	-23.704051	-2.668927	5.586874	0.290068	-40.833158
	-22.185854	9.520710	-16.300221	-17.440677	-22.209917	19.134781	-28.320033	-11.201609	3.523336
	-14.653670	4.642237	24.823158	-4.900518	-37.822619	34.005188	-9.550257	-15.461112	14.103439
	-25.463745	24.087145	0.494393	36.279411	-63.680298	18.245457	-10.425542	16.485803	-18.580169
	-5.749685	18.352091	-21.373459	-9.631663	-44.916719	-9.494502	-24.468728	-10.122498	3.499077
	-19.452142	-1.486459	-10.010116	-43.532986	-37.229203	-4.037055	-84.064655	-14.477729	-28.137612
	-42.340170	-15.448487	-48.013846	-7.917845	-69.154130	-28.575735	-77.221187	52.609051	-47.344247
	-51.889600	-12.117281	-48.320372	-65.250361	-7.308748	-19.939827	-97.667595	19.613527	-60.484323
	-52.852942	-40.505315	-86.050990	-27.566484	35.334483	-26.330627	-96.477180	3.888956	-60.223794
	-48.875529	-47.514951	-82.539354	-9.532483	43.469715	-33.227143	-91.026520	44.824616	-34.940162
	-46.515193	-60.551725	-113.655690	-28.951926	43.654502	-30.420454	-64.120875	30.358408	-81.760716
	-40.625145	-69.825748	-135.740799	-29.942447	38.642410	-22.057329	-80.596314	-0.869819	-71.032032
	-50.858869	-92.896207	-127.070709	-47.032487	-15.591615	-17.187119	-63.725644	0.402855	-62.025611
	-8.208088	-104.355234	-67.056085	-24.131876	3.493764	-15.014017	-13.316742	-22.454477	-48.254898
	3.645272	-91.295284	-18.271647	-45.019583	1.205958	1.147892	11.294365	-29.276212	-2.234975
	-1.258061	-67.999772	10.923801	-71.293260	-11.731300	3.681030	-3.831859	-60.507351	31.452585
	-4.773994	-53.849517	-2.424401	-86.228808	29.123272	-6.662995	6.428499	-35.171725	26.020330
	28.678789	-16.485837	30.763810	-54.353100	-15.788704	-9.244694	3.594378	-23.735743	-12.202966
	34.708422	-27.298562	67.861359	-70.209361	10.434341	-13.198608	20.425983	-39.184674	59.219224
	31.959092	-29.197678	81.981833	-46.452596	-10.488097	-8.539688	-32.475637	-22.363147	29.270016
	36.227480	-33.463361	82.383204	-42.460339	8.656095	3.606398	0.826490	-24.264432	69.456079
	63.964017	-16.932458	56.371573	-49.217221	-21.681507	29.475238	18.826939	-19.730451	57.530530
	11.771693	-28.863659	31.649292	-12.959025	-23.646484	31.750556	12.290657	-1.479317	69.414852
	28.068816	8.692659	18.875133	42.307121	-29.237693	27.082256	7.557926	13.469304	39.169330
	61.139404	13.146123	12.576108	26.269952	-55.565533	21.249127	32.484948	11.056829	38.481751
	33.619501	39.149063	35.940896	11.041518	-32.912489	35.588353	38.179516	-4.576560	37.876312
	32.631486	38.663945	2.968324	32.514535	-17.574015	42.678049	17.197412	15.280223	5.194740
	22.813082	51.177844	47.889630	13.499117	-35.276515	39.669209	10.587753	7.688277	14.232282
	14.992211	19.779329	42.585649	-15.185668	-3.416657	7.269676	9.901371	10.265794	50.651826
	-2.756815	-3.790010	33.642613	-23.344425	-49.387560	2.038310	-29.075900	-6.789936	21.455522
	29.349896	18.659090	16.056095	14.572855	-5.625382	2.880680	-27.066162	6.974846	-10.588298
	4.547392	9.928917	36.530710	11.854629	-15.116873	-16.402130	4.298673	20.402931	18.036952
	7.066437	-7.673186	59.760753	-39.618989	-0.036668	-12.702555	-0.431269	-23.501636	76.894778
	26.505751	-18.902299	66.778281	-14.257345	-11.008303	-2.920391	5.222231	-2.395929	30.086323
	-3.275231	-5.074308	52.213606	-15.496331	9.935124	10.226599	16.792144	-3.725940	8.117353
	14.612526	1.845632	20.249246	2.561382	24.465188	12.319563	24.135461	-11.434896	-3.676032
	5.642060	-20.706284	11.456881	-25.673149	-3.159703	-10.375406	-15.676852	-7.448886	8.951904
	15.982421	-19.908307	-10.584084	-36.543416	4.742643	2.139560	16.223351	13.983176	4.132059
	-10.886744	-16.491774	-4.282058	-3.214289	-10.509718	-0.119808	-27.391501	-5.447855	12.975659
	-18.691189	-25.224959	51.713420	-88.551727	9.584676	-3.901458	-15.750959	-35.785714	3.085533
	17.916669	-51.507398	21.537700	-78.667010	-11.968223	-2.398317	-46.495331	-17.066149	57.262911
	-15.761122	-18.440859	16.022166	-85.182583	-9.451472	-27.060433	-43.551894	-20.096520	47.569619
	-22.345808	-32.057743	63.064237	-121.004209	-6.007117	-27.516296	-42.114574	-45.665582	44.899875
	-32.620843	-11.058407	-24.339857	-79.884898	1.476387	-7.230927	-50.551712	-5.848575	19.697345
	-16.652201	2.689341	-13.736377	-77.803258	7.125495	-37.212356	-24.460318	-15.442622	-36.846137
	8.420951	2.862810	-19.813657	-66.951089	-35.457679	-16.506126	-45.827975	-9.540331	6.137603
	-12.749819	-25.789887	30.013018	-107.694498	-33.005978	32.686383	-37.388269	-53.567135	10.278770
	-28.985439	-7.536401	20.980133	-74.892419	-26.914242	20.448538	-38.790680	-16.255483	22.289022
	6.059350	19.987576	88.270810	-38.907767	3.790543	86.926612	20.475946	-35.861872	15.763788
	0.698577	39.359056	59.032940	10.233105	15.621715	71.881864	28.249482	19.656084	36.017881
	38.279737	25.537354	47.788428	15.415753	49.962970	87.716110	27.647765	-0.605958	17.913210
	71.442760	45.612556	53.424095	26.538965	13.299723	101.599637	67.436470	-13.927064	25.712998
	70.275152	24.028011	49.157154	11.098233	13.224105	75.637342	57.001881	-34.456094	73.144173
	56.796870	2.613345	30.479779	15.778012	29.327732	38.617284	83.744635	-20.262944	79.031636
	31.088710	-11.777076	33.470299	40.268391	31.248613	22.824031	70.264544	-39.939913	78.953946
	16.754722	-33.722687	-0.329287	18.866971	-4.428217	-16.018984	61.213450	-37.320033	34.534728
	-15.875570	-21.612703	-37.213091	39.469114	9.461437	-48.084573	21.860082	-24.734424	-57.014846
	-17.047609	-22.969564	-47.216299	34.528685	-29.157803	-35.878498	14.909729	5.480691	-72.599976
	-11.016457	-31.217050	20.455450	-6.533293	-20.352501	-16.622067	-9.898971	-36.601359	-38.976638
	-43.885881	-14.691543	4.848210	5.163025	-51.564443	-20.522555	-41.176387	18.640282	-19.892771
	-24.351158	32.390202	-2.597147	51.870498	-20.014758	-20.978204	-14.984296	29.925041	-29.821739
	-41.313910	41.286278	-18.480629	32.220957	-25.642310	-3.077219	-3.044979	17.228022	12.553597
	-27.029599	17.705868	-26.439777	-7.877642	-1.764604	-14.555682	-22.694208	2.725713	-11.577580
	0.763428	11.918442	-15.319386	8.035961	50.212015	-9.758007	-17.750124	5.883186	9.570082
	-11.418653	-4.510722	-24.354861	10.076698	107.445336	-12.424035	-2.371294	-19.962337	-27.222674
	-9.298508	-18.434434	-15.603804	11.912505	86.521189	-9.486093	-20.135245	-16.340018	-31.967183
	16.659476	-44.669045	0.429256	35.830442	62.873119	-18.815173	0.398075	20.495873	-30.870324
	1.291963	-24.972770	-36.701479	0.492596	79.096178	-17.024875	10.551546	-37.567569	24.273541
	3.641435	-35.311064	-52.556403	15.525753	33.018557	-8.579289	30.180621	13.754406	-3.598767
	-10.531808	-33.417336	-8.823677	23.896549	12.111900	-17.165672	27.043094	-6.808787	29.788022
	6.274519	1.941456	-31.443127	45.939235	-8.921470	-15.507323	9.958728	-5.124838	21.628544
	25.522180	8.539066	-60.684413	46.354573	-6.858287	-0.986451	21.687448	-11.605652	-7.892035
	37.390958	33.032162	-36.129277	48.685734	16.431813	3.639299	37.245278	3.809588	-19.633947
	39.301294	46.106595	-21.433996	40.735643	7.018674	5.743150	48.102216	25.925960	-44.546243
	-8.997489	68.703576	-68.017577	19.844977	-38.732939	20.169318	4.941617	-2.744219	-18.842982
	27.404628	60.068103	-6.974397	48.980150	-24.337449	22.358876	38.090700	65.742815	-22.976968
	41.391119	80.856043	5.013044	31.369158	0.230101	6.351907	79.629952	16.549251	-12.152893
	39.213927	76.954100	-19.480545	82.428412	-12.126030	-0.642757	106.970966	26.764470	-49.515363
	59.251840	106.261248	22.840894	89.303763	-4.315149	34.720965	95.141844	47.442145	-18.610453
	48.390995	95.396144	7.652277	97.020879	-4.990707	15.512925	84.953280	51.380997	5.396310
	6.343221	89.236683	13.869953	61.077200	-33.924912	10.198865	74.497344	36.486405	-1.201730
	7.155998	18.121072	45.249353	15.848631	-36.676179	19.052257	28.360806	20.096269	42.712837
	45.171040	20.320261	57.113462	35.070655	-36.546966	48.260450	48.790126	29.436295	39.111511
