	-3.712781	8.694301	-10.246739	-2.128266	48.792575	-18.405227	29.074430	5.622984	-5.996136
	-28.110582	26.385845	0.214724	-2.505019	29.438918	-38.261452	8.473077	-16.846807	-9.658038
	-17.299838	40.832615	-17.733248	22.997051	17.677099	-19.093112	3.133491	-2.250698	-11.621159
	-8.109344	62.172029	-48.271179	36.573680	-22.943172	-8.784307	-9.757059	0.426403	-21.441613
	-7.827421	54.952093	-26.568984	26.420588	-31.122128	-19.280195	-13.031651	25.580334	0.984649
	-2.642698	50.199526	-22.354953	28.307409	-19.074163	-13.728010	-9.774214	15.149443	-19.615810
	6.831607	59.995900	-2.262559	41.958603	-6.725150	-12.866504	15.840970	21.074975	13.430470
	-32.865116	59.962862	-17.805287	51.304926	1.375767	-29.510653	38.114434	27.540565	-6.501555
	-32.609361	46.337884	-65.041232	55.265433	23.129816	-1.360972	19.477783	18.320966	-13.981065
	-21.171923	64.933113	-6.068750	47.075772	15.344493	-25.050402	20.756876	-18.331073	-3.079139
	-22.567644	66.695012	-14.952226	57.596195	3.790999	-53.679286	27.279159	37.960299	-13.521540
	0.257791	52.372416	-13.766407	70.455289	8.048789	-36.692405	18.200047	14.564207	8.888484
	-7.762114	44.599612	-15.151818	20.364092	43.916368	-26.826870	20.949031	22.192455	11.640165
	-22.246513	66.752653	-60.218357	48.935087	18.577621	-2.668572	49.264912	43.002626	-31.752750
	-11.077713	69.175229	-57.064836	49.681083	9.400650	13.988371	33.899634	18.670109	2.077208
	-11.893970	84.916271	-65.735359	79.829790	-10.736464	40.788858	21.400391	51.668768	-46.719903
	25.354139	88.105081	-42.221800	94.030139	-11.755732	57.063746	45.020650	37.864554	6.652191
	14.346673	98.495783	-28.004787	81.503859	-12.273754	50.101209	30.431410	68.998733	-20.810755
	0.533482	59.915510	-61.916176	51.847349	-3.534231	38.068987	24.565795	33.645104	-20.990243
	30.009943	32.341736	-46.890616	11.242752	2.114323	28.204805	2.322798	42.352105	-26.532390
	-6.308631	6.357550	-72.845755	-17.772871	-26.274682	-2.828012	-18.971865	19.208153	-46.142716
	22.296539	-3.009105	-44.087880	13.248556	6.932240	-19.200032	-5.275768	8.577289	20.519984
	-3.079841	-55.356486	-38.954127	-4.743468	15.035970	-15.805585	-13.314656	-13.406080	35.224929
	22.519220	-65.513514	-38.518245	-0.533255	22.083418	-17.337385	6.709203	-43.865668	-14.628339
	34.664815	-81.775294	-59.746696	-7.363382	14.569462	0.555331	-6.158599	-64.207299	7.972721
	30.049283	-74.702087	-17.231932	-33.599502	19.211459	10.632192	-25.334016	-33.487141	2.942972
	23.407361	-77.462163	16.907496	-42.529122	7.730112	1.475827	-43.500772	-59.214644	13.197839
	23.846341	-70.941980	-2.827309	-53.689914	-13.465066	5.360958	-24.158229	-22.631167	-19.935030
	-2.261683	-75.691591	-7.548483	-51.453890	-67.392424	-4.173733	-28.689623	-18.919616	-30.839957
	-21.483027	-115.999897	37.912841	-81.171048	-93.559449	0.453490	-60.602542	-44.981899	-38.661274
	-23.365031	-111.252883	63.514158	-116.651838	-80.013603	26.408333	-77.363951	-29.322815	2.238071
	2.526770	-66.520519	52.949178	-20.463394	-50.659258	11.984261	-41.801767	-20.011130	17.178118
	-13.767818	-50.342369	32.735535	-22.381025	-28.062789	10.907289	-26.812385	-1.555189	27.334507
	-5.195089	-57.113846	12.700936	-73.155292	-16.665353	-18.160728	-35.892297	-26.316357	1.583742
	5.885583	-16.469111	-6.397681	-11.174510	5.824831	-1.237668	-2.608193	-9.088533	-13.181058
	11.600765	-27.458675	40.619499	-23.083497	6.141962	-6.374588	0.055348	-21.670451	63.044071
	11.204250	-38.332814	60.309326	-53.845700	41.475884	2.047288	-10.844863	-16.321273	17.229250
	26.359456	-59.155847	13.653028	-28.199444	26.856364	-6.715662	9.881717	-3.596891	40.392772
	-0.160398	-44.992682	49.223612	-39.487728	22.699203	14.301103	3.751055	-33.545549	-18.043132
	6.121745	-60.147096	40.453351	-116.754871	18.693364	0.325534	-22.913515	-60.928808	12.722257
	-15.276811	-82.218841	38.587367	-136.509361	24.384186	-8.226465	-39.073900	-49.073602	58.431559
	-0.830172	-39.049726	-5.482401	-79.131270	-2.978533	-28.516893	-45.304255	-1.809226	-23.942908
	-1.194846	-59.367393	47.604443	-91.041277	-8.147259	-22.870133	-11.855966	-21.435886	-9.913189
	-1.623021	-55.378708	52.726543	-68.515896	-24.994107	-12.207390	-52.555147	-33.793833	-12.287159
	-0.277845	-19.154291	52.508751	-23.850425	0.009348	-9.069314	-36.407380	-4.655548	-23.199189
	1.086388	20.834790	64.057755	-1.426885	35.881706	2.583543	-2.501081	-9.668844	18.236980
	-23.553902	31.855601	46.920746	13.014629	-8.488471	7.849126	0.205275	12.922220	-27.698921
	-14.365949	100.262402	21.245854	100.909991	10.052833	37.687263	45.836413	44.264869	-29.806936
	17.184284	72.089068	23.158637	116.508145	-33.158325	16.796466	36.347326	54.206933	-21.267225
	-6.293239	34.496808	20.233524	106.822908	-22.454247	7.210937	17.175378	30.665920	-17.447512
	16.193040	24.917168	-0.030279	87.819731	-18.048037	-9.505043	21.990870	48.745522	-2.038733
	15.240806	-26.210903	60.038948	-13.073997	-12.322164	-8.284587	1.422323	-18.856725	9.770190
	31.421584	-72.395867	83.387838	-83.758339	-24.280747	-3.063004	-36.564720	-16.221703	46.370286
	-6.614162	-63.181286	131.720437	-73.011273	8.508807	7.597677	-9.658362	-27.385266	69.327747
	-29.426414	-66.711011	86.176542	-100.052983	26.674088	-33.244320	-25.540451	-38.018446	62.225624
	-26.354237	-23.168969	22.732120	-61.229137	20.344568	7.578753	0.094528	-26.607868	17.217588
	-9.136089	-48.737954	53.720687	-38.865682	34.500575	28.865907	7.664788	-65.079100	44.445695
	-0.666617	-61.300173	40.636117	-55.330128	9.290926	21.189783	-23.431478	-44.240286	15.262717
	1.394518	-23.613047	-46.601036	40.633538	-15.440400	22.033829	3.322393	23.536148	-3.699678
	4.877788	-48.282766	-50.633496	-27.417373	-25.041404	14.188009	-9.531060	-30.475525	-13.825845
	2.447074	-36.689763	-37.644193	-47.249322	-2.300231	-4.663534	-20.538478	-24.587571	-45.422393
	22.044656	34.302691	-110.514576	27.927349	28.086805	-16.568714	12.788684	16.379518	-60.385082
	-5.069896	29.428358	-84.004711	41.618297	5.177143	-30.110872	39.837867	21.176886	-49.604413
	-1.685527	27.809485	-45.564450	25.062929	-11.844099	-29.382954	17.272154	-4.996704	-47.848470
	19.541581	52.411304	-47.062244	67.904273	11.581345	15.765582	63.942158	36.663802	7.314232
	14.932571	22.586666	-29.516441	26.521240	4.877105	-0.187721	24.188764	34.083409	26.053368
	2.150385	43.900305	-21.738841	60.450178	0.732970	20.756192	22.453231	40.143306	-28.673771
	-0.116650	69.611090	-58.847211	70.900988	7.332115	-4.639476	41.334198	33.630387	-55.895966
	8.308078	69.961257	-19.486183	68.575290	-12.506681	-14.558503	15.191995	20.952361	-27.180385
	-5.061555	64.792161	-3.976406	76.824849	-14.976447	-2.189804	32.377444	41.995661	-48.313273
	4.963287	66.295608	-50.818468	77.828000	-36.501860	-0.042141	24.572898	47.281727	-70.767603
	13.560094	64.204337	-30.764301	63.869694	-36.951446	0.685935	3.047973	28.431107	-38.543586
	1.544669	44.217931	-56.822076	36.357663	-38.773554	-8.446895	1.740659	51.297872	-32.510864
	-18.751993	38.826953	-2.124610	19.602611	-69.243358	-10.548542	-8.697606	36.421575	18.022596
	16.363039	15.254855	44.523850	18.897664	-22.360619	-3.634445	22.704452	26.813986	72.507120
	12.916756	-42.589131	11.259502	-40.966471	-25.712412	-1.078872	-24.839335	0.632237	40.259035
	22.139571	-57.962818	43.768881	-34.379990	-29.836437	-3.240680	-33.034230	-38.781485	76.092212
	-2.779623	-82.392108	42.743160	-58.557496	-16.006300	-6.694293	-42.938597	-25.352202	39.012784
	-24.162570	-93.555882	53.056392	-93.681697	-19.923995	-6.341984	-50.286059	-25.495450	36.343395
	-20.154487	-72.386132	90.185791	-78.790758	-16.939240	3.197644	-56.259618	-10.397046	41.296565
	-17.363163	-50.278814	95.009839	-36.971999	-20.908725	-1.354014	-27.016087	-14.247997	25.505031
	10.705259	-23.573215	83.695334	-21.326798	35.535880	2.728849	20.311713	-36.049010	75.319188
	28.521309	-26.082183	80.114448	-38.638697	41.453079	-2.745554	17.367438	-19.145536	106.334505
	20.790008	-20.042037	66.254101	-26.167166	57.742534	-14.743137	28.441152	-39.751756	82.217508
	-8.217240	-45.948190	57.023474	-81.759745	65.718385	-15.208195	-9.176438	-47.364315	58.984384
	-4.914953	-41.919824	58.159235	-93.871128	36.446736	-6.284127	-12.320608	-59.730881	13.808332
	-14.734657	-22.093679	29.721324	-92.566728	15.199641	-6.737071	-9.210010	-31.654086	6.292751
	-1.063575	-25.459261	56.861428	-85.827350	13.388147	11.989971	-32.420716	-40.330094	35.462160
	-1.315790	-17.854129	51.346969	-47.679189	54.477911	-2.782533	-13.062881	-33.379228	20.830282
	10.446454	-4.130856	67.515950	-14.317151	35.041423	17.711876	13.338177	5.716465	63.156382
	5.044277	-17.094703	108.470931	-24.735277	8.447205	11.830821	-26.389808	-3.930858	84.332774
	-23.006038	-52.950179	64.122807	-26.425122	-28.116758	7.277674	-43.224735	0.338267	40.073874
	-3.690777	-54.708347	63.582844	-30.150663	-9.640044	16.905630	-41.974590	-13.015823	22.893084
	-25.838098	-18.454369	53.237763	-29.861788	-34.924719	51.734666	-29.867406	8.943617	-3.693287
	0.962560	-18.774767	-41.442554	-23.024688	-54.833088	15.298230	-33.319742	-7.470965	-59.668382
	0.960798	35.104456	-45.692138	18.561769	-15.731779	0.829647	-0.204498	-2.175807	-36.283758
	-9.161287	33.010672	-1.728414	22.233131	-0.904003	14.766102	30.295341	6.636292	30.007702
	15.854736	40.163290	-41.137438	26.142310	20.751348	-10.759432	13.500336	7.716579	-21.335193
	-0.255913	2.349025	6.079303	-11.304680	12.151379	-18.480123	29.408611	-28.177934	30.209907
	26.757660	6.638877	-24.470248	-16.716356	22.439331	-10.361163	17.054124	-23.672504	25.556062
	12.992912	-18.937805	-11.499600	-66.451272	47.165349	-24.481522	4.177358	-13.624122	35.968715
	6.770143	-21.411689	13.385868	-95.495292	29.815441	-13.660194	-14.303667	-34.853108	48.065840
	-3.960661	-37.720898	32.591065	-100.784125	11.070320	-7.624248	-30.461188	-20.323027	39.921963
	17.627067	-20.585268	12.860705	-72.477812	-7.128721	28.708649	-25.272487	-21.195196	-0.433485
	4.949760	-1.303001	-7.494410	-31.980172	20.652036	22.752811	-9.133113	-28.165607	-3.168359
	-1.902873	32.489770	-2.893773	-0.130604	-4.673153	-8.440592	-8.842355	3.101468	-39.638047
	24.310596	17.247871	23.120771	-2.212469	-27.883576	-21.033337	-18.910853	-6.352042	18.453082
	18.905493	13.420047	22.216551	40.341549	-53.013995	-0.011464	-3.923267	11.560228	-3.566720
	27.106419	-12.817996	-2.056404	29.672598	-40.807080	-16.833468	7.054519	10.900402	0.484252
	12.212261	-17.822521	-37.702193	50.837241	-24.963069	2.290119	26.103075	3.891699	-25.514939
	24.170167	-22.521273	-88.465344	85.161488	-21.372071	-10.858225	28.750883	16.282602	-57.900476
	17.594165	6.318363	-43.359361	92.013273	-19.704951	-26.232574	27.215427	-5.796351	-50.535701
	25.957846	10.303093	-45.222087	127.289453	32.412585	-18.378193	44.597193	18.626664	-28.254473
	33.581328	15.696304	-87.368265	95.109007	24.438236	5.042561	31.709873	6.333668	-27.043198
	7.602400	52.315057	-69.359766	125.025976	71.225811	6.259505	44.486525	19.300839	-47.922221
	32.766434	46.177961	-33.885022	82.712552	69.061951	7.982887	42.417282	-14.959041	-2.892578
	18.460966	31.493227	-19.047805	67.445368	84.762477	0.749344	42.184136	12.495704	-9.070887
	5.362708	-8.339709	-56.267746	45.734906	53.521509	17.311595	23.728924	19.166410	-26.848728
	34.929256	-23.087318	-55.568096	23.435902	33.009568	-2.089951	13.399827	4.900362	-0.009640
	18.946363	-28.936538	-46.463013	0.344630	10.766932	-6.355645	4.526628	-11.060732	-36.274103
	13.276307	-36.614697	-31.780163	-19.078721	19.201679	-5.884436	-0.460803	-12.117827	-24.388585
	4.535227	-14.355757	-39.791049	-7.353425	-5.789579	10.030146	-7.750137	-22.001371	-31.897855
	-1.038202	14.311802	-8.742565	-9.441138	10.006053	1.993799	-8.787089	8.216394	-43.666820
	0.984243	9.027638	5.915970	9.447476	-17.780234	20.980900	19.238351	33.914570	14.722944
	3.060170	5.350790	37.262438	41.405446	-23.453643	27.966005	7.425848	15.569997	28.186352
	20.684483	-19.208284	59.462617	86.253944	-8.388898	37.238083	44.054499	31.671468	27.862295
	-1.402817	-20.605682	85.212668	69.048814	-11.569585	19.135496	7.497161	39.774858	18.693713
	22.790807	-17.663135	108.979860	68.589723	-21.168249	23.819397	-7.518685	17.643329	83.897466
	23.808425	0.654955	91.656218	42.555583	-13.237704	26.845631	-18.237729	9.107883	86.248368
	23.427528	-9.422602	58.207584	34.677572	-1.957622	33.506612	0.825541	10.526565	71.631246
	20.262961	-19.030937	44.991702	-10.625748	-16.478002	-0.020891	-17.431304	-25.468676	54.474176
	13.601126	-7.449742	8.408929	25.814606	2.708218	11.025724	-3.474975	-18.937019	17.602686
	12.509715	-5.793338	37.055347	43.902775	-6.148045	14.254991	25.690773	2.047570	32.600552
	-3.348864	-23.636377	69.708437	5.962088	-29.143052	22.312081	-20.973870	-1.677279	40.725753
	12.088102	-33.358971	29.378354	38.994416	-14.861876	5.649370	0.667497	-13.557985	46.357161
	-6.193334	-28.595284	4.581112	53.962372	-12.102817	-4.302915	-16.283414	14.458543	18.943346
	-15.436840	-13.488295	-39.759531	46.466872	-48.449014	-10.227945	-26.370518	40.061417	-46.462159
	-22.549450	24.324445	-67.558314	67.601289	-41.349235	-12.521407	-7.703549	28.281106	-54.821350
	-0.288504	36.422078	-57.394415	49.418270	-38.804987	-14.946447	-7.527534	29.261722	-44.194221
	-19.151899	41.941868	-32.619725	9.818268	-22.125844	9.547341	12.479864	16.617031	-71.236340
	17.399941	14.864555	-41.673942	6.682817	22.304897	-2.305926	20.002006	9.761696	-39.498420
	-5.084162	23.786354	-72.275550	-25.915662	13.236758	-12.018232	2.783428	-11.269876	-34.317603
	-15.137197	37.153122	-33.037137	-61.227384	29.701981	-9.138181	5.377039	-19.379109	-12.746442
	-11.398010	47.447641	2.718550	-42.152114	11.066345	-1.682215	2.125258	-26.663481	21.662113
	0.868545	50.774835	-21.762446	22.901226	-27.473767	13.233098	9.671545	8.943815	-12.002711
	-10.574942	11.909584	-5.038675	-0.065879	-30.506378	-3.222561	-7.190177	16.842832	-16.006787
	11.188377	-13.664853	-29.530419	6.113247	-77.091257	6.857864	3.547709	8.714533	-2.309811
	-5.960240	-43.254314	-66.685015	-2.928957	-41.392824	8.699878	-5.986844	4.457492	-52.039787
	-25.373463	-58.655904	-28.203573	-44.962642	-50.010936	19.910754	-40.320865	-14.088608	-0.336170
	-1.008583	-69.683193	-35.001873	-34.903430	-10.928841	-9.729850	-22.642037	-35.074222	1.777699
	-4.604530	-62.726025	-66.815363	-22.926923	-8.174908	-11.877398	-22.961142	-24.170184	14.792880
	-8.963553	-49.157452	-22.660644	-27.005494	-14.843585	-14.436941	-14.690907	-6.587480	21.364895
	17.935001	-36.443012	2.397391	-2.258700	-20.181954	5.469444	-6.833635	-13.730259	16.771123
	-10.377687	-9.992665	-44.045212	30.331110	-28.939799	-5.498799	-3.551191	13.721570	-32.908355
	-34.719401	4.122106	-26.789812	20.356381	-29.314625	0.377367	-8.765829	3.024208	-6.803665
	-15.550680	-15.697095	-10.382632	21.678023	-47.317130	-21.274935	23.703255	11.758630	-31.814649
	-38.808369	-17.528093	-39.110178	57.434561	-27.468317	-15.174599	-7.042987	15.154150	-72.098666
	-11.839599	-34.783978	25.951406	-25.092430	-29.621704	-14.049933	-8.168236	3.403912	5.761797
	-0.451065	-49.249142	7.386545	-14.070987	-4.065694	-2.742156	-6.608772	-9.843326	3.085856
	8.509519	-36.977071	-2.970838	16.904514	4.676690	-6.421647	-8.410109	-6.074589	-20.134098
	8.948470	-36.310830	6.678666	-14.362336	-0.226484	-11.577934	-2.373637	-18.042171	-14.636587
	2.834616	-25.328786	31.271897	-10.636641	-3.523063	30.979958	14.939026	-18.540358	8.671212
	12.999453	-19.103783	-6.896158	9.219832	-9.146039	15.890391	14.820508	-25.422133	-10.233100
	18.484844	-20.957694	12.803074	-9.924750	12.540508	5.892848	23.269998	0.414535	-7.133808
	-4.054199	-19.742571	6.317621	0.827261	-19.236080	-23.790862	-12.613610	-12.461623	-28.316288
	-24.066236	-22.621491	43.832520	-31.183715	-17.024885	-14.592880	-23.322274	-5.294153	-22.239061
	3.820582	-4.775057	17.132897	-50.951428	10.596974	-9.452482	-26.762623	-12.074735	-39.727491
	-25.211479	-8.264758	15.279343	-45.049771	-5.256885	0.983028	-48.501222	-7.047810	1.202667
	-2.156604	11.671384	15.800748	-2.958356	-7.715131	-2.641781	-15.621353	13.674944	24.873346
	5.676329	31.449316	-14.393134	12.661235	-1.109587	-4.667759	-5.192112	21.573809	12.772499
	-2.320170	19.690644	5.638621	16.073409	26.242138	-9.316838	16.933317	23.534581	49.770917
	0.714440	15.045583	0.349420	50.869285	-1.813749	-3.715844	9.901821	18.312382	13.435912
	2.866656	-4.979731	-42.010906	-0.567156	-24.290459	-6.033667	6.261079	2.847056	-28.857378
	17.351749	-22.505342	4.685386	-17.452617	-42.554863	4.572422	-12.264377	8.356308	-21.880337
	6.493434	-2.687102	16.312194	-38.244273	4.222916	-5.023451	-23.778769	2.050390	20.875721
	-0.901803	7.673059	-25.435713	-52.979557	32.655131	3.182401	-19.811233	8.224585	-17.412993
	8.359863	23.524940	-38.359190	-16.260981	70.354025	-8.084757	15.081098	-18.441383	9.860853
	-0.979881	31.787084	17.633466	-39.684680	53.258168	-4.887032	-6.066810	-5.713608	9.183226
	-8.879396	40.052767	43.983947	-33.822595	54.571087	3.865873	19.102109	-10.042592	26.490078
	-12.538053	53.864874	-4.979830	-29.373901	48.143736	-22.864666	17.724536	8.358092	-6.300713
	-0.612050	52.817951	-1.813612	-40.424864	44.133943	-27.728895	23.060238	-2.021292	35.111403
	-7.934657	35.597158	31.271038	-21.070360	41.243629	-6.284798	26.595038	-28.811892	46.486040
	5.742927	13.228086	72.520289	-3.330944	14.481783	-25.392206	14.792804	-16.815618	35.965247
	7.700997	5.372853	87.470589	-10.291357	1.138706	12.711433	0.220602	-25.593188	55.221284
	-1.003754	-9.423922	50.166853	-3.504255	-16.141235	12.740892	2.051372	9.725421	38.531218
	12.242573	4.723276	25.719458	-1.853281	-21.921713	-16.505808	-6.973210	12.332633	0.845938
	-9.866109	-1.883829	-3.134558	3.471443	-13.823124	-3.889364	-21.716422	-0.678126	9.983517
	-34.550019	15.636011	-5.750875	-15.340380	-57.390311	-32.135806	-31.060524	20.152337	6.203363
	-9.416467	26.955460	-29.882043	9.008753	-16.051810	-23.917532	-20.731670	9.002638	-13.251745
	-7.639404	23.229178	-14.328777	7.624047	29.656777	-19.212525	-3.614839	-0.277404	-6.359888
	-25.789943	25.573554	-5.521476	-18.277262	23.308285	-8.658095	-6.946909	-1.324744	-24.007898
	-9.588570	19.515685	4.544077	1.766020	32.117829	-9.448275	-12.205758	-9.471748	5.899794
	44.719335	5.463739	43.219256	-14.781352	11.575554	-9.658314	-16.949400	-22.318214	10.296579
	32.275294	6.239105	69.572116	-48.956018	9.769682	-0.717724	-15.302503	-42.613964	53.716267
	32.117936	2.568306	63.192900	-54.566906	31.383810	12.659606	-18.779896	-21.322799	13.753207
	6.468035	40.815672	56.448874	-56.472538	65.768454	0.158276	-6.410491	-45.167411	34.161627
	-35.568403	37.406492	64.601074	-36.349145	34.771733	20.011387	2.107400	-25.230500	22.409301
	-17.161188	19.496585	27.325097	-34.946746	-3.134004	2.663955	-3.426761	12.805304	-19.661664
	-5.144101	35.171852	21.424398	-41.095605	54.522065	-7.678740	12.486985	-9.566034	-5.577559
	-4.785237	46.597280	3.074658	-45.474569	45.957317	-4.255664	1.955503	-26.445632	-10.108016
	-12.962430	56.232923	35.011719	-16.216178	50.550649	24.388828	26.837253	5.191829	-21.515751
	-5.914486	59.665115	-11.522630	0.783874	13.127987	14.786928	18.358568	41.283081	-63.073076
	-32.527921	61.509345	12.545358	-35.055984	3.821133	20.470432	-27.747702	19.702754	-27.424840
	-21.999621	73.209711	4.023758	-38.567080	1.852610	21.573153	-13.034999	38.299812	-9.392910
	-33.495738	62.254954	-34.042365	-18.682322	-31.942126	15.243500	-26.677473	53.712984	11.837459
	-17.408581	55.741859	8.209917	0.027820	-48.450411	11.617049	-31.285182	54.418992	1.220726
	-45.102833	61.436000	11.326296	31.581972	-32.425304	2.002676	10.173894	49.937504	-9.974608
	-31.373086	48.175642	9.714559	-23.050375	-35.467984	-9.000883	-3.097768	23.855376	-20.422045
	-38.053945	45.613682	34.483677	-3.069479	0.585415	-15.248805	1.473032	8.734581	-7.855215
	-36.017681	34.684940	53.068640	-45.711254	16.787273	-4.838565	19.506915	-2.631043	27.165950
	-25.613728	21.853610	102.566491	-25.038725	44.504245	21.106755	23.218957	8.236125	58.223478
	-45.193437	30.639089	92.327497	-9.269057	6.817685	-7.948121	15.480322	-0.535248	31.163289
	-8.676569	-1.706567	87.150158	1.922366	-37.402419	22.889968	-18.790783	5.141967	82.046354
	19.247640	-17.752772	83.353208	-4.968331	-16.764587	28.179208	0.932739	13.880673	69.362961
	23.908722	-15.732167	46.164019	29.021717	0.608978	36.738177	0.429877	-5.393043	44.735851
	21.502520	-39.775411	38.892832	3.768291	8.737383	-7.928398	-8.064170	-27.227707	71.052742
	42.925528	-28.474312	84.253903	9.419343	3.074382	18.793565	-32.506279	0.099141	59.713594
	-9.915096	-33.283945	66.857556	6.271712	-4.366722	17.495243	-24.376817	-8.087025	43.676112
	-0.414313	-65.862377	9.844910	-41.149297	-17.938233	-10.176179	-14.147010	-20.546769	10.713803
	0.392474	-12.479110	-52.700997	1.121193	4.452834	-9.347601	2.101635	11.267724	-44.530532
	-16.622279	13.286942	-58.632756	-21.613648	30.394574	-23.121696	25.214478	4.646826	-52.425348
	-1.823776	19.240123	-52.035052	-14.853875	18.132464	-14.147757	15.191685	-8.384945	-54.312891
	0.165463	8.849536	-0.986126	-30.988193	19.154695	-1.971015	23.293021	-0.496855	-32.186393
	-8.133213	-1.718420	-21.903286	-3.576287	12.514023	-18.745494	46.515225	-10.428033	-9.306837
	-19.150866	6.036074	-29.466225	6.985064	27.242270	0.781147	44.802853	-5.377386	-46.683822
	-9.648697	-5.097427	-14.051638	-12.185071	13.892147	17.025832	22.380149	-13.664916	-5.461497
	3.171929	14.963588	-41.281408	14.350706	-8.661363	11.037547	8.550571	-4.593407	-44.873856
	-10.046642	40.216228	-32.502923	73.392296	33.605372	18.612081	35.861303	31.718912	-22.990984
	3.526465	29.907492	-29.988487	44.717414	4.535784	26.482028	32.538768	38.321377	-61.061010
	1.486079	51.173288	-50.280530	59.026706	12.112280	6.209102	34.691485	29.036466	-14.584435
	3.578969	15.455099	-20.081714	23.929236	17.612884	11.308089	36.968285	10.551732	34.180451
	15.670309	3.691209	-32.182739	-8.773139	19.323705	3.787604	7.155699	-0.230369	5.690123
	0.165373	-2.929210	-44.854278	-18.262266	6.629495	-22.952101	14.849065	0.327096	-37.812322
	-0.772881	-6.730576	-52.460549	-9.235523	8.768029	-33.975571	11.485212	-8.225929	-31.405456
	-7.058040	-3.174015	-33.880623	-5.341689	-3.134181	-28.252648	15.902714	1.681037	7.742359
	-15.877110	-14.020062	-38.532211	-0.885388	-20.126754	-6.872347	-2.594631	3.861044	-6.781558
	-16.540234	-1.890378	-65.269749	-3.923055	14.328395	-36.382313	-4.549876	16.955584	-17.235550
	-19.282769	0.670823	-38.992878	-1.991724	17.027431	-17.773458	3.010190	14.298843	-20.578525
	-45.344051	27.205926	-57.675849	-4.060377	-12.230640	-38.280440	-1.320559	24.939805	-63.656195
	-7.845599	35.000679	-54.890238	44.472970	29.151009	-6.423636	11.759283	12.944413	-42.023122
	-30.047777	19.427245	-19.277385	-0.075438	-18.649665	-9.363522	-7.779113	12.569584	-37.188697
	8.284492	-33.454730	0.638734	-3.779920	42.070758	10.933295	-6.288341	-13.621867	25.995374
	41.728784	-34.712717	7.945255	-16.501456	16.705615	21.301986	5.663624	-13.196261	17.419749
	7.269556	-46.345135	16.691898	-19.601078	-4.768232	54.779871	-14.898787	16.987450	41.162612
	18.768286	-79.611804	37.161890	-5.479822	-35.417163	68.845314	-26.707052	-1.482656	-15.476825
	11.101103	-61.570928	55.809450	-24.682996	-14.061699	69.328722	-9.155764	-2.865308	-1.852581
	-4.024472	-11.851024	49.711305	46.002068	-6.864710	56.359351	4.033955	16.690478	-25.864087
	-20.008011	-0.527665	8.361757	62.924247	-31.025531	40.057453	12.387593	26.018877	-29.457386
	-7.484762	-11.791737	33.841064	22.619126	-40.908140	22.654091	-18.372451	22.562743	-16.656903
	43.518387	-12.918759	42.330097	62.864856	-2.377774	19.391334	12.802890	9.332063	56.693100
	43.096942	-35.416453	52.057781	36.146816	-15.988662	18.705735	6.238029	-13.355863	53.741468
	18.041198	-59.763449	61.040240	1.861457	-8.966898	18.500962	-15.550268	-34.147503	71.921554
	24.769614	-81.337457	42.441781	-34.930936	5.435684	-3.519664	-17.640746	-25.964417	57.595405
	13.084148	-75.115779	41.483560	-60.171072	-7.333521	-0.346816	-26.673491	-50.056054	58.363132
	22.854262	-88.471426	32.947288	-66.971872	-2.911845	7.029267	-31.048479	-56.694501	89.041708
	5.909436	-99.841129	73.291938	-98.062147	-15.086559	21.592955	-46.860950	-51.090620	48.407895
	22.486921	-85.774462	29.392013	-98.996855	-40.955844	26.861766	-32.015276	-62.731344	18.576954
	13.505650	-84.776165	43.325894	-117.019914	-19.898869	20.773309	-50.305008	-53.207070	50.808484
	-11.612975	-67.621716	61.399615	-90.460085	-7.058432	17.259070	-45.186977	-44.853835	57.821841
	-4.400050	-31.103542	35.719393	-60.240757	59.418795	-42.724292	-17.025151	-27.810450	15.632938
	-12.074737	-29.892866	50.428720	-20.827146	50.245466	-30.894884	-4.029340	-28.958178	3.525350
	-7.640890	-40.080456	22.058536	23.298958	34.590766	-32.089996	15.756222	12.849111	-21.745552
	16.416558	-21.938696	-26.050399	19.650667	-13.919146	-23.201777	12.544704	-7.725227	-56.197545
	-7.854610	-27.662147	-44.827422	48.648981	-29.316830	-18.879299	-9.498372	-3.575249	-58.642569
	-9.539348	-26.789904	-78.931295	43.122738	-4.923339	-31.059036	-2.833981	2.814004	-55.796932
	0.257642	-31.081342	-53.508080	36.251892	-48.495785	-18.379585	-7.936938	16.464716	-48.220373
	-5.039421	-33.612047	-66.159192	0.832179	-16.140601	-19.066643	-18.818724	-12.764042	-26.672931
	20.469018	-22.466348	-37.927896	-5.173140	-51.602232	-3.006296	-17.445110	21.356698	-35.966536
	11.362852	-24.056692	-84.169430	-7.625947	-50.101518	-16.744131	-17.722035	17.050953	-60.420087
	3.752161	3.270564	-73.959657	31.046509	18.621362	-23.738840	9.404482	9.146826	-34.518127
	-3.574541	-1.324554	-47.225694	7.712313	7.787032	-15.913001	-2.472102	3.072038	-59.683115
	19.556913	-8.079783	-53.458031	10.122145	-11.246346	-6.640692	-13.998194	3.908777	-27.647180
	7.359547	-12.234979	-21.325743	0.383012	-1.824379	12.907092	-12.948204	0.588222	-16.559207
	7.194417	-17.262056	-11.383784	-38.499224	-10.471601	13.546802	3.411500	6.057742	-11.618273
	-18.269403	-15.034593	-1.256118	-16.476462	-4.306830	1.261901	-16.614418	7.620901	29.952098
	9.465817	-10.732479	44.533647	16.317406	-6.343418	-17.081195	-10.301032	-2.799262	46.039472
	23.283054	-2.698654	49.238232	3.675796	11.042566	-0.599327	5.366870	-0.304081	72.031607
	14.775699	2.989278	40.112719	55.109954	22.237779	25.446782	31.887741	-13.723722	88.168515
	37.916634	-7.558825	-1.100089	61.263820	-17.540623	6.610062	13.255350	13.877076	39.286551
	25.338040	8.421539	-67.041654	72.847453	-3.920095	7.606311	32.145075	21.163003	-0.733699
	-9.949705	26.680133	-91.883559	108.842526	-14.510886	-11.837619	30.677952	36.940954	-82.079494
	-7.808320	30.919100	-91.038808	60.845406	-34.409629	-16.039340	-4.866005	16.203382	-101.179187
	-45.937814	33.400652	-103.495103	43.611152	-40.243651	-8.672665	3.658050	-0.798953	-91.374447
	-14.690286	61.153346	-30.505764	42.571862	4.614476	5.813961	24.088663	24.152427	-32.444066
	-27.445180	66.262777	-6.567836	17.080236	18.038821	17.650618	16.805185	15.173816	-16.630554
	-42.054773	70.413288	-4.837999	4.257734	6.877489	-4.608817	12.753711	20.818196	7.299745
	-28.940239	85.134060	19.303798	-6.112501	3.281296	4.569681	3.194496	19.364066	-15.168208
	-9.276849	85.000393	7.614462	21.067818	-1.382517	-7.876740	13.109512	39.489792	-24.589452
	-20.767255	69.901470	31.992134	26.802042	-7.114731	8.618942	10.089361	32.616370	-9.011276
	-34.574949	75.043344	2.871080	9.703029	22.957255	-1.431458	29.924603	30.791849	-19.701513
	-21.462121	56.324020	12.596402	2.057511	29.695902	14.452501	18.575753	11.841874	-5.779718
	-33.356776	60.245792	-0.627301	-34.144237	52.301607	3.615218	11.753845	7.370452	-24.148809
	-0.875470	43.554442	10.991830	-13.024088	56.598063	12.625583	7.467812	19.946285	13.743047
	6.373794	1.051410	51.502295	-23.804456	18.742871	27.063079	-25.483791	9.843307	73.138796
	36.631266	-5.107438	62.810138	-22.307002	26.960758	16.965030	-21.591799	-11.104567	79.805492
	54.009926	-16.014820	68.283180	-21.101233	57.000299	27.061444	0.840947	-21.615045	94.289613
	29.298484	-4.812545	66.223510	6.509191	12.375131	14.533081	-4.061247	-4.751742	69.721383
	17.135929	1.165294	95.831026	-23.965043	16.129395	32.219030	-17.955324	-35.662653	83.217410
	40.351687	24.930779	62.266376	42.068833	15.315040	50.358043	22.348557	-9.525315	48.869533
	31.012228	21.413739	36.839268	12.921061	-37.260742	33.024876	13.788320	3.215578	-18.842716
	31.546255	2.541842	39.938367	13.812146	-59.110568	36.440417	13.630233	4.242175	12.869837
	31.860996	-37.154146	116.725726	-44.931736	-59.207659	21.036287	-11.237087	-24.215872	67.645637
	43.674226	-91.144143	80.319861	-69.219886	-74.224118	9.079527	-47.118123	-42.692906	43.665294
	17.593568	-91.385227	41.712523	-69.805242	-23.775399	-33.962881	-51.954551	-45.766142	29.134764
	23.133977	-73.378759	6.488248	-26.794201	25.169710	3.240234	-33.557024	-48.306600	-0.336726
	-11.311559	-63.639801	-33.381565	-34.340357	9.953038	18.222683	-33.653096	-36.452297	-35.741054
	9.766787	-73.049056	-52.772225	-20.573518	1.233808	9.589985	-0.273700	-39.516168	-33.960661
	-2.430189	-63.032124	-63.584529	-5.483551	11.286457	17.113703	-3.328106	-46.313085	-52.152540
	13.940985	-91.789639	-25.918994	-21.142344	-33.242376	10.498199	-30.668278	-26.001428	-31.230254
	29.025344	-66.714682	-56.865697	18.146404	-35.529242	-7.231140	-34.500638	-30.035914	-71.705512
	10.046973	-57.090632	-12.082904	-20.115940	-31.197244	-20.064954	-23.882143	-44.235839	-71.937877
	11.627825	-21.515091	-41.988498	34.034314	-16.856388	-14.378653	-15.713830	-21.170585	-18.291710
	7.368246	9.847156	-60.357847	59.902841	-2.046404	-24.255861	10.570412	1.268889	-62.228589
	-14.144091	41.365235	8.922063	27.342871	7.814225	-32.122390	24.642577	18.387317	-29.470716
	-4.960377	51.828270	-23.571428	30.432564	8.158897	-16.408141	25.054223	26.974607	0.639950
	-0.779632	39.142841	-23.638660	-4.653769	-4.462067	-3.208075	1.077804	14.371018	26.266488
	-2.575458	38.471251	-61.611130	-0.465447	-3.897972	-12.023431	9.317592	34.597391	10.370636
	-5.998139	43.864432	-64.753012	48.487915	-25.930528	8.671274	16.261152	30.120364	-25.568734
	-4.589001	30.715720	-43.485328	38.244229	-29.523152	4.269364	15.026987	22.376359	-51.119984
	-15.434486	49.328356	-61.593051	51.386322	-32.405640	-5.828321	6.134236	28.388001	-25.275593
	-0.179867	55.100386	-32.811389	34.149547	7.367674	-8.176047	24.087086	24.954910	0.757892
	-15.090556	53.572837	-43.902058	35.467826	17.222062	-6.361971	27.469211	24.947463	-18.232603
	-23.364370	55.567846	-30.459884	28.099154	40.316491	-2.836008	17.925288	29.333431	-9.871010
	0.173973	43.316581	-44.257949	33.992284	26.882617	-4.940997	28.168774	30.554011	-19.681786
	-10.453359	41.789027	-40.126771	28.004699	33.140773	-9.891200	23.546442	17.512711	-20.986211
	-0.817287	49.883180	-37.796370	53.223149	38.721465	3.158642	34.710655	9.712284	-36.241858
	-1.623367	68.742212	-33.013203	57.086127	54.660159	-2.151452	34.216629	-4.837519	1.790600
	23.134652	59.162869	-57.545694	31.092021	31.155723	1.100100	20.522688	-9.919653	-23.724959
	44.605488	83.663373	-38.371002	40.776677	60.067638	25.978056	48.488434	6.849317	6.413357
	26.689405	38.148819	-22.138222	15.241673	63.468429	30.485556	55.469783	-34.521099	43.833134
	34.594047	13.476323	-30.523720	0.918271	23.512005	43.305986	31.351713	-8.225445	33.943141
	21.162112	1.436251	-49.641644	-1.026967	-6.679978	26.067490	3.790219	-26.125102	-17.592216
	0.363675	-3.174184	-49.815254	-49.132674	-8.017002	6.515724	-11.868826	-19.079487	-2.852808
	-26.848864	21.929218	-34.694101	-47.073624	-18.269085	9.478216	-12.192538	15.591300	-18.605600
	-16.710643	43.750636	-51.773296	-3.050620	-14.315722	-9.992131	-27.575408	15.011950	-65.616762
	-27.637539	43.764066	-24.660068	-13.729380	-24.657967	8.503821	-50.706753	0.606022	-12.977888
	-13.495428	58.520949	0.507226	30.092532	-2.116608	18.090365	-15.995268	32.584254	18.597254
	10.556961	65.485360	7.861477	63.628209	11.060339	21.584088	26.644870	6.311990	44.875365
	0.688240	15.140021	60.308450	49.828503	-6.729616	13.201000	-2.940397	13.260546	67.745454
	42.395184	-12.133928	101.363375	77.403541	17.067169	9.693454	33.471203	-1.778539	68.012288
	21.644372	-34.620565	14.977410	94.306411	16.461447	-13.740599	29.826947	23.687659	31.384402
	11.472938	-31.872386	-37.347790	90.141659	4.601346	-12.714937	45.426920	-2.319160	-17.549269
	29.659872	-30.615243	-95.568576	68.079029	-17.822078	-10.290332	30.450067	-1.274447	-39.173663
	33.565238	-23.118610	-128.178295	45.654659	-23.602742	-17.361619	16.334977	-9.012036	-80.607694
	17.231419	-17.758445	-106.111396	21.091540	-4.481936	-6.839735	28.574437	3.900569	-99.605714
	3.609892	-3.486309	-84.882055	32.730504	10.447331	1.036369	6.666332	0.212857	-81.612794
	12.725923	-4.048310	-57.260063	45.812554	-16.348700	-4.409839	13.836781	14.180913	-38.419284
	8.280218	6.699649	-77.216806	72.072227	-27.789843	-16.213900	15.926418	33.849883	-14.011794
	-14.339938	10.597419	-67.661959	66.105939	9.515983	-39.551542	30.043503	50.272278	-33.205709
	1.241271	-5.406803	-83.573690	57.377669	7.448083	-28.825086	40.965215	-6.572483	-13.574523
	10.807669	-28.058620	-74.402954	58.959103	-11.526157	-16.190369	13.792464	15.271251	-23.764182
	2.753249	-36.846958	-77.478140	-1.577956	-17.967163	-40.028692	-11.146828	-19.710249	-21.537887
	-6.411568	-20.057817	-67.111137	-5.953571	-8.300489	-32.182239	-12.646741	9.211917	-38.177898
	-8.317710	-1.169407	-29.725006	-22.481164	7.502783	-33.444571	-25.251091	-6.747103	-23.483914
	-2.086226	-23.447274	-38.165008	-36.531223	0.933695	-14.955554	-7.263145	-16.598717	-32.182912
	-7.513196	1.898481	-33.761797	-30.129474	-13.381069	-41.137640	-3.605628	11.605058	-11.393241
	-21.003551	-7.463138	10.536557	-42.303575	7.173185	-41.668921	14.005547	-10.064880	-5.413493
	-35.890252	-17.273507	-19.476282	-19.713710	10.921592	-21.472047	8.155308	-18.433478	-38.157171
	-14.260313	5.120497	-27.642590	-15.504556	20.575667	-42.168764	15.450346	3.391564	-34.028769
	-13.035960	19.792542	-42.465959	0.359376	34.198447	-28.698823	2.942316	-8.397018	-5.593382
	-2.125447	27.557712	-70.520809	-13.579440	64.656027	-23.806796	26.389341	2.579564	-35.536260
	10.693865	23.726101	-56.992917	-4.887750	61.610746	-13.929618	19.679067	-6.832063	-14.377712
	18.525181	29.440859	-71.033728	-2.360649	74.681567	-21.935117	57.488331	0.644847	10.597585
	28.165821	23.038963	-30.079201	-28.549714	84.870518	-18.566716	18.183451	-26.184496	-15.338394
	2.732716	31.742690	-2.870141	-66.755822	107.741888	-14.525570	6.457388	-39.695975	-10.529047
	0.262527	41.486971	-25.388766	-56.819301	79.679450	-50.862170	-20.081320	14.424891	-14.700449
	22.482556	35.168796	-62.357804	-29.202891	100.439029	-29.388025	14.213568	-12.085156	-19.221486
	-22.644057	24.096342	-48.231652	-8.905799	67.402264	-35.825617	-0.405346	-4.746603	-34.537616
	-28.851258	35.717810	-22.540794	6.499376	-6.090370	-25.045037	5.198156	27.873374	-34.531040
	-20.315045	42.032031	-14.570086	26.045496	-16.449928	-20.813339	-7.632081	9.749278	-20.583087
	-25.482533	45.804855	-8.466746	3.363340	-23.175195	-7.382879	-25.350593	40.680599	-36.649855
	-24.764411	73.043233	-28.804007	49.383234	-22.408513	-28.751330	2.739003	36.794504	-23.505155
	-33.913964	55.189838	-36.754141	34.574042	-29.703355	-11.776429	-3.180549	30.009987	-7.521295
	-39.040537	44.210796	-81.159643	-18.897603	-46.956834	-14.139857	-29.641590	38.191666	-59.880419
	-21.006356	39.335704	-47.607167	-28.737892	-73.455692	0.007186	-24.141369	19.818715	-35.768320
	-38.850876	21.292572	-64.234118	-73.545746	-58.614020	-14.068413	-23.098214	13.510748	-75.358201
	-58.135285	22.741485	-3.648626	-68.524525	-30.721710	0.444361	-29.309952	13.237298	-11.982313
	-65.942844	42.149598	-9.428523	-19.110041	-23.102729	-19.960872	-8.969738	37.603481	-6.812875
	-46.757964	24.887879	29.594623	-29.462584	-38.494557	7.833278	-18.094943	22.986336	19.260670
	-62.250076	22.749240	14.151894	-23.968441	-51.910764	-3.064070	-18.084798	13.935866	-12.261513
	-41.288533	14.211064	-7.515460	-32.698536	-82.201432	8.531700	-41.078361	30.634493	-28.190556
	-40.220531	-2.066138	-35.116430	-61.008673	-85.293009	14.628415	-54.517166	15.875458	-28.618401
	-25.680972	-3.511779	-61.447410	-17.160013	-76.407554	25.174590	-50.502887	46.784190	-35.875406
	-28.475220	28.422466	-58.041448	-26.774386	-77.689642	8.529224	-4.776750	35.948550	-25.732711
	-26.208606	31.123203	-79.086849	-17.871952	-32.331792	1.775097	9.905136	34.516138	-35.370458
	-22.244839	24.478186	-68.001769	-31.158742	-32.619362	11.820454	2.300019	31.071588	-27.069316
	-37.704004	27.472679	-27.368787	0.211390	-28.044578	-4.453234	0.288970	33.100608	-34.069225
	-36.656984	13.770290	-20.147023	21.951518	-93.665745	11.680050	-23.474186	30.275342	9.734434
	-0.019219	5.608749	27.820076	61.885445	-47.724961	-0.398297	-4.320849	51.487383	51.431307
	26.951379	4.679219	48.158744	46.476729	-19.713609	5.973763	2.972403	30.814699	66.722809
	48.174923	2.264332	74.290844	52.001710	0.991587	1.396373	11.567518	23.776614	108.597195
	22.443585	34.259340	42.223478	80.393750	14.646024	7.341999	33.068276	44.732355	102.412709
	12.966736	29.691294	60.536862	57.425863	40.875979	18.409774	49.433888	4.456597	38.036120
	20.718725	39.282818	72.143846	16.924694	86.425831	28.623803	48.874666	4.486465	67.311269
	-23.653248	46.154938	93.284964	-5.006347	64.093484	56.513167	29.626377	32.250543	17.698845
	-19.162522	14.849156	61.882616	-18.105516	24.048046	34.206655	-2.046972	-4.187500	16.389691
	-14.405886	-6.294532	81.215489	-7.814850	-15.210911	28.383531	-5.743442	-11.382327	-18.056892
	-16.257830	-34.646998	26.668355	-5.347794	-17.583243	23.377310	7.073711	-1.683246	-12.681356
	-15.364176	-25.118387	32.906155	5.689991	5.304659	-5.002701	-0.070601	3.089564	-17.562684
	-19.244884	-5.461511	54.435017	-9.588006	49.617030	-2.093154	-2.667238	-27.688191	7.473016
	-11.699198	-2.527336	61.335457	-23.398607	25.493761	-11.407846	6.272103	-33.523562	10.893075
	-28.286082	-3.815904	65.811630	-31.781968	11.783984	-25.766845	-1.786459	-17.409807	17.180749
	-32.319695	14.662650	64.178480	-45.626050	25.970697	-7.357309	4.614275	-27.268116	15.637696
	-33.084651	15.635252	52.517411	-30.130127	5.333191	-20.965987	-25.285218	-0.064519	-24.450924
	-39.234577	20.543310	95.423226	-43.266489	8.302879	-22.562661	-38.013966	-23.270668	16.820684
	-19.652520	15.836971	83.973952	-24.824660	24.964263	-53.459027	-14.041742	-2.507145	18.918581
	-29.780104	12.239396	59.074862	3.679491	31.380714	-18.826999	8.131437	-4.047257	55.009865
	-20.422379	2.992864	90.697050	14.795162	7.248228	-1.572308	-2.565114	5.410710	-2.248984
	-38.326519	14.702582	58.245114	4.180110	-15.467673	-29.697070	-9.444874	13.362183	-11.000969
	-22.380116	3.912009	59.137170	2.542902	-2.300387	-16.271492	-21.497079	-0.125399	8.646195
	-24.129907	-3.036254	88.443148	-32.176414	-15.103829	-3.360975	-17.377965	-13.179661	-26.145694
	-21.972728	-17.404590	100.969633	-59.524251	-8.073917	34.908466	-33.907807	-40.655852	41.999561
	-25.165910	-11.300068	48.760895	-22.180626	-6.996186	26.517799	-17.290854	-2.561954	27.192868
	6.004794	-4.687368	21.922862	-18.842666	-34.602061	7.800219	-8.486341	-17.181728	26.726042
	-14.718258	5.925974	55.482824	22.952883	-3.794293	8.073759	-3.356423	-15.602980	31.622390
	14.003834	2.063450	28.034876	20.730187	-19.594933	5.731264	8.639024	11.576054	48.192776
	6.857786	21.982824	52.411985	45.246447	33.563705	-3.616170	16.622606	26.279529	30.358387
	21.726874	12.827141	30.255200	44.392774	53.727680	-2.570016	40.868328	11.785399	44.974460
	-12.163244	26.291455	50.130067	53.083338	34.592063	-16.711287	18.725085	6.077614	55.829061
	-4.638253	16.442401	92.569294	25.068672	58.454661	0.462518	32.499556	-2.998775	50.624847
	17.000891	36.330746	34.097095	48.552860	40.377465	4.940179	50.548869	-17.895266	-9.112966
	6.378160	15.407704	20.622710	36.320395	42.486936	37.514396	47.124653	0.101529	0.666874
	36.314152	13.016629	-1.061681	20.060929	21.994783	37.759945	36.074106	2.819916	-9.538177
	23.519048	-9.598402	-16.126250	-5.081704	50.420515	42.819195	32.627703	-36.494156	-2.646199
	25.337913	-6.144324	-57.343072	-5.302585	-1.407217	19.530843	7.883977	19.441749	-5.468191
	22.117118	-2.374841	-56.336596	31.544499	51.887077	-6.617399	19.102006	8.864330	3.848090
	24.374729	62.029511	-79.159317	-7.562677	51.278503	-52.938167	28.727526	7.072412	25.452762
	33.297266	21.995445	-69.779171	11.709734	61.705252	-23.507105	8.297002	20.698300	-22.534615
	2.053158	14.100737	-94.470282	-15.343976	51.146120	-49.866159	11.982354	-0.500904	-76.626292
	-12.229466	1.432975	-79.866193	-9.807664	-14.180818	-5.801853	14.284897	15.431695	-72.736722
	1.656312	-11.636201	-70.086073	-23.682797	1.069581	5.951293	8.415954	-20.489772	-31.519347
	-10.423012	-47.599317	-53.232160	-12.008951	-31.122644	-0.864742	-7.788095	-20.824006	-38.696752
	-3.799349	-47.131845	-64.321552	-32.165362	-14.476324	-7.504377	-1.210707	-17.738716	-15.733634
	-18.143294	-17.763931	-68.491788	-14.457697	31.531146	-11.980682	14.926098	-9.506708	-4.648180
	-18.173174	-27.587003	-108.077261	-32.245102	17.667350	-35.918142	-9.989215	4.089153	-45.375394
	-2.740946	-14.734756	-52.272662	-9.896056	23.695802	-3.874695	-8.144954	-0.301188	-17.268886
	1.932818	-7.802418	-43.925970	-24.893385	13.109413	-7.259374	-24.085688	1.431085	-23.860323
	-0.513708	-25.661169	-26.999468	-59.422557	8.788105	-11.657174	-40.246842	-9.631158	-25.736204
	0.905100	-5.126004	-55.836947	-19.072226	0.617656	-6.398393	-12.507129	-33.063050	-7.872578
	-11.897401	-0.607910	-55.540144	21.439082	-37.034093	-13.012359	12.107944	-12.042025	-37.946506
	-15.804578	25.790660	-43.200506	54.843119	-37.540677	-6.574311	35.149427	3.834700	-40.798459
	-19.334555	33.446445	-70.469092	68.859023	-30.883912	2.828489	32.886269	-7.858446	-61.783300
	8.557788	23.984422	-25.190878	22.770171	-26.642111	6.259294	-1.719032	11.090043	-8.585200
	18.679346	29.289822	-10.693060	18.778534	-39.720229	16.503700	0.003517	32.058554	-9.451566
	10.515412	10.485336	-10.924026	-1.824865	-9.013918	21.559687	6.001945	-1.819275	11.423199
	18.711915	-4.343737	-35.087470	-7.441640	-8.096440	-1.390749	32.950196	-25.450102	-23.681082
	8.373688	-17.685471	-13.867149	-21.043149	25.624787	5.825697	23.752335	-9.263931	24.425694
	16.387071	-30.256878	21.042974	-66.101966	55.553174	7.924087	24.111045	-14.258356	29.466784
	11.832604	-36.035895	-7.189700	-59.151678	49.347085	-20.172584	-19.271798	-30.815381	29.966198
	2.520807	-23.564178	8.298371	-62.395826	46.857791	-3.765174	-3.763298	-12.828045	12.804470
	-9.327237	-28.089570	12.381111	-69.030730	2.831309	5.735080	-39.681343	-20.374443	27.614755
	-22.322383	-20.515757	-2.662028	-45.293456	-19.877838	-26.287437	-26.566082	-28.292623	-11.222764
	0.477899	-12.972527	54.129233	-19.109824	-0.524132	-11.748964	-9.668322	-6.902246	17.526097
	-15.333308	-24.655668	55.444132	-16.313949	-0.439139	-5.088522	-22.895045	-13.085717	37.293135
	-11.812913	-21.102549	74.744086	-46.433611	25.424663	-18.083713	-39.223534	-28.240454	53.534708
	-12.257500	-14.985069	65.469460	-58.244182	2.260020	-21.581298	-24.369305	-22.440440	23.171546
	12.522743	-11.694818	12.660913	-45.276379	11.684721	3.531136	-17.001497	-15.903958	29.876798
	30.460693	-13.695474	-26.917039	-20.675705	-20.955608	6.546159	-3.200187	-3.909045	-31.291684
	22.862547	-2.590774	-47.802972	-33.092728	-27.923582	5.666891	-17.526806	1.521179	-50.712537
	41.086623	2.375972	-25.404960	24.926854	-59.243109	36.304350	5.535935	1.276465	6.969085
	17.076294	9.849118	-36.931353	12.471390	-52.408509	25.253709	9.032803	-15.004626	-25.815030
	-9.489678	4.926028	-29.967566	24.409856	-74.848573	9.687489	-10.406389	35.138740	-40.322282
	3.889925	-8.070562	13.820775	5.382794	-73.508357	10.091868	-28.650229	20.994392	35.424518
	21.262089	-27.305548	47.404255	-2.781023	-24.094335	-0.636416	-39.082812	14.960297	19.745583
	9.244647	-24.402443	47.408323	-29.537232	-15.969808	4.160480	-31.788469	-13.278001	55.447181
	1.866664	-22.807680	28.642392	-32.540090	39.736051	7.123560	-15.896942	-36.118111	52.242770
	-0.892126	-28.985593	17.482345	-18.199197	10.910196	25.865601	15.778805	-2.440318	0.974897
	6.636557	-35.616834	44.960218	-14.700064	-30.515704	25.315744	1.362236	-38.473459	-4.990616
	-0.367866	-12.856306	43.917566	8.063528	6.972242	16.883084	16.645699	-32.976100	6.097353
	14.370526	17.096589	46.911426	28.287888	3.147612	26.730245	38.620606	-31.190129	-17.108018
	26.605927	36.091629	-36.246053	37.693440	12.380951	19.491055	8.735137	0.532256	-46.935582
	8.286029	45.678855	-31.391471	19.190030	-29.348460	-5.027919	1.337812	36.363843	-33.323856
	12.233911	34.672899	-33.343628	3.542670	-38.800589	19.281414	-1.720021	23.541204	-28.275677
	7.435236	20.025708	18.983922	-7.155516	-7.441096	21.917052	-15.005797	29.472292	3.466382
	-4.986844	12.217912	43.765154	-26.325455	-4.338726	21.098202	-9.757825	43.943590	41.298826
	9.370112	23.542540	26.397802	14.061870	21.660951	13.090445	24.033038	29.548963	18.185853
	-1.183726	39.176068	45.613978	26.409423	30.644466	2.126410	34.450821	7.964343	4.780232
	7.992782	29.662453	69.679225	42.764863	47.868881	-7.536485	15.209265	-7.318824	26.869823
	-2.204586	44.990930	90.193337	54.492043	26.284176	17.279670	48.818720	16.486286	19.343389
	0.794395	34.889808	107.502754	30.033909	12.022212	17.599234	16.263208	16.931053	39.776988
	-8.415726	37.446526	103.010812	25.989586	4.470940	-1.577916	16.619493	35.814200	32.145683
	-1.484636	17.293020	40.776454	15.168134	11.820180	-2.067794	3.107877	29.295812	26.316430
	4.564157	-4.459481	1.535199	26.093039	0.713637	2.119328	11.719526	14.037261	21.844246
	0.443697	-10.866639	-66.868054	41.188575	-13.141243	-8.253791	13.389111	15.790307	-13.780517
	14.931167	-52.680225	-82.244526	49.591361	-3.417780	14.427499	28.230010	11.844204	-19.675009
	25.499806	-56.080142	-60.823598	41.503722	8.497146	4.266459	27.072273	-2.486935	-17.172082
	20.986472	-96.235828	1.869099	9.072532	22.301998	-19.613337	-5.549200	-9.389909	20.731997
	14.990188	-100.701292	20.941332	-12.572993	-1.129129	-6.086042	-4.206868	-38.669906	32.853904
	33.556334	-130.993749	29.280531	-51.722248	26.289146	19.293848	-20.573549	-29.991471	45.185011
	17.440577	-45.797877	-37.024134	-6.179540	1.491925	-22.479827	-2.818903	-15.737755	-24.221026
	-44.665789	-37.886198	-14.745662	-28.176487	-49.598432	-6.076701	-46.161758	3.634796	-2.250666
	-0.996336	-44.086669	22.999381	11.285335	-45.752840	40.449616	-24.267986	38.547363	11.221529
	28.336435	-57.158047	73.532964	26.404218	-22.920907	64.228233	-23.235701	-3.681892	37.749938
	32.943266	-61.865111	101.943508	-33.133242	-9.951652	62.903346	-30.995135	-27.599665	25.098368
	17.474469	-50.473405	62.074014	-39.489295	9.013072	28.677029	-40.731707	-39.508331	33.796408
	39.894097	-42.305375	58.346340	-35.292063	-1.641464	33.285310	-8.283788	-49.423266	60.652411
	41.432277	-38.869610	76.145861	-15.366279	-3.127512	2.724086	4.956012	-53.566016	64.096143
	40.688572	-0.712069	22.246689	-2.052800	14.378326	8.432721	21.480168	-26.026086	38.146426
	0.241281	87.963170	-6.387224	132.954754	96.832942	-11.146886	73.923374	28.819119	23.711905
	-11.583762	20.284730	-0.607660	16.900957	47.864538	-31.761845	18.764589	8.505473	57.786760
	-4.880503	20.039925	-6.166820	19.960220	-25.060563	-12.490843	-12.142387	5.950748	9.109788
	-7.033558	19.936699	-3.385652	14.067349	-15.572192	-0.294457	1.860377	-0.420047	-20.708058
	-8.525385	29.079616	47.541404	5.783022	-10.236539	34.490027	3.154531	-3.669880	-7.719918
	14.072211	-3.541471	70.392251	3.331651	-20.180613	32.123688	-19.531054	-9.423705	-16.647888
	6.168090	-53.234883	43.450743	-42.515641	-105.389223	23.331234	-27.801050	-17.577105	-27.459575
	4.740019	-94.443564	33.950919	-30.817907	-112.486214	-0.269655	-30.500108	-59.879027	0.796959
	6.384414	-84.856400	-36.442362	-52.023394	-85.962738	-50.511508	-55.043298	-44.067755	-52.743171
	6.010491	-31.983652	-38.422246	-22.363965	-35.822987	-24.717747	-29.825888	-36.268265	6.157661
	-13.653953	28.718848	-28.026577	-0.556589	14.047507	-16.619456	0.308628	-33.654915	10.709139
	-15.606470	9.538375	-25.295836	-14.431063	29.192377	-49.105773	-3.668765	-20.710798	-25.630652
	-7.200167	-0.870810	13.066438	12.842240	26.981538	-34.716387	17.263829	-12.505497	-21.060051
	15.669943	15.575596	-7.996897	21.134178	62.136372	-33.236720	22.453888	-24.202598	44.110005
	-6.253445	7.227704	12.842916	-13.467001	47.758734	-17.045242	29.460136	-32.290793	31.258041
	-12.239392	-13.433430	35.482222	-24.815897	68.563414	-11.598695	22.945769	-46.780457	39.752338
	-7.006935	-1.088431	20.481623	-45.021653	40.562669	-8.533117	10.567414	-49.379720	44.448813
	17.316873	-16.811484	23.491497	-54.884679	29.483980	-8.626918	13.775234	-25.357257	32.315004
	14.791735	-25.776302	-21.386293	-25.071278	30.446618	19.428703	31.425767	-8.378354	-25.801757
	59.600481	-33.655257	-8.804076	-8.168870	29.501639	46.149277	8.009427	-11.006009	6.560630
	60.556326	-14.799765	-11.622122	27.971914	35.216899	46.591905	36.608057	10.711158	-12.437425
	48.980434	-60.926809	-6.016282	28.328569	-21.047693	32.860289	10.971017	-19.017500	-13.107174
	37.776296	-43.962444	3.926597	81.907024	7.598057	35.517304	28.848733	-38.910775	14.478308
	2.376993	-45.849798	6.199207	54.912065	-35.776655	18.646419	15.837230	-21.529315	6.603758
	14.061221	-33.358239	-14.198532	66.282960	-41.575080	-2.260146	18.490469	-8.700545	-27.195387
	31.262063	-19.145034	-21.926243	62.029040	17.880924	-0.862919	25.280835	-0.787597	0.285344
	19.228719	1.301364	-59.417803	81.410196	42.429034	-24.055914	68.310439	17.444671	-32.017116
	9.673945	12.792250	-28.752501	67.494408	50.866574	10.458434	40.154602	2.737389	-9.651495
	-5.045064	47.270346	-34.254873	92.079147	41.872524	-10.830873	57.228695	-1.379332	-53.756618
	-16.232003	28.725331	-41.167825	40.801590	19.694629	-17.982666	30.476227	39.966180	-86.003409
	-15.489273	10.535558	-87.052151	25.771775	-14.653439	-13.643874	13.516547	9.920284	-55.553265
	-16.376242	26.007380	-64.870098	19.982941	-44.600860	-25.125375	28.523655	38.006724	-24.498899
	-34.628569	2.191702	-54.143868	2.967604	-54.100933	-31.729684	-28.039773	39.036022	-34.165639
	-42.942685	1.528650	-25.749193	-3.834194	-39.855504	-20.106405	-37.518384	40.761422	-42.339403
	-27.392080	-5.821579	1.293675	-14.821625	-37.505972	-12.310821	-71.291045	52.089550	-32.063385
	-50.564217	-28.628383	11.143164	-21.455474	-11.640647	-7.098218	-51.629446	23.027546	-18.623257
	-31.725316	-52.890459	-10.764915	-31.223708	-5.149784	-18.143463	-47.449917	18.603962	24.449065
	-27.881159	-22.134656	2.575015	-9.529682	-18.515264	9.466381	-30.818267	0.765088	14.984914
	-26.553245	-3.681384	-41.493465	1.564517	8.882059	-14.176178	-31.754349	-13.048731	-40.049611
	-39.565012	8.714921	-74.403829	-23.076386	-27.115791	-0.504237	-39.613363	12.719791	-72.980923
	-37.743714	19.926777	-63.466597	-42.449284	-22.212858	-12.496672	-52.502237	45.992279	-50.773444
	-29.185210	20.358780	-45.280969	-56.553796	-37.967612	-1.972067	-52.819729	18.583827	-50.784178
	-44.883097	-1.160706	-66.236784	-68.974144	-58.073579	-3.567475	-63.966735	27.391634	-21.133703
	-44.548255	4.628101	-89.551677	-90.544717	-48.956753	-13.677011	-67.364237	31.045017	-29.620496
	-45.555001	3.708944	-73.109125	-74.538174	-36.044335	-17.592773	-63.733944	22.684104	-19.668418
	-40.008405	4.264957	-31.783796	-62.204792	-34.741600	17.919299	-52.090430	25.989080	-54.922283
	-34.687413	15.907973	-5.263580	-66.117233	-47.995034	-16.923138	-49.995543	15.142021	-52.286979
	-31.363555	24.264977	-24.603728	-76.372318	-31.104605	-7.270229	-45.306162	23.024828	-76.968609
	-30.382890	18.662215	-19.398303	-80.967374	-46.581194	-30.264077	-47.791267	15.369927	-50.715211
	-18.321738	13.388195	-6.691840	-64.361030	-5.586119	-13.614518	-23.450654	0.269001	11.153132
	-19.388174	-6.725210	-21.988316	-72.324459	-9.798679	-44.143944	-17.408669	9.325278	28.722910
	-19.582410	-2.470901	-63.574541	-69.626277	7.228391	-15.137313	-26.402323	16.448138	11.968742
	-43.958985	-4.422606	-46.261577	-71.162115	-14.059795	-25.786329	-44.369041	19.894275	-36.718312
	-51.842237	37.512809	-40.323552	-42.031260	-26.557184	-16.533503	-35.916196	27.344718	-36.831634
	-15.320481	8.777376	-35.012654	-65.914112	-20.486891	0.695621	-47.799961	-8.711352	-7.316447
	-7.815537	20.112228	-16.462162	-25.221208	-18.378580	-2.828614	-26.777723	41.276282	-0.503544
	-7.415093	18.443775	-10.627495	15.995048	9.081204	-8.982846	-1.634803	34.316146	27.498854
	9.396656	0.902929	-5.495552	1.934672	22.304249	-14.966202	-19.015902	1.060092	55.615000
	4.501832	-10.550327	16.349577	47.456939	-5.921947	-12.110616	-16.293540	35.529674	68.454556
	7.154609	-14.764145	24.106424	40.754266	-18.245313	-27.754202	4.106685	15.374405	39.092283
	0.600041	-22.532715	-6.197089	36.587530	-29.095536	-4.078813	21.944226	8.320538	-9.230464
	-2.694649	-10.888967	-2.455419	76.018449	2.128529	11.134833	27.999279	66.560002	-49.954776
	14.001251	-3.248947	21.385519	81.401256	-26.194749	66.156388	20.074074	16.078881	-23.032535
	36.714168	-2.993488	55.560157	82.427180	-37.922503	77.592155	68.005662	42.766331	9.940601
	41.906434	-12.553663	45.364385	60.455628	-4.562334	86.225291	34.884196	19.504506	7.833079
	32.204457	-33.274026	66.652136	59.327822	-18.523112	85.783290	48.712184	-4.315316	-0.734318
	52.943253	-38.404651	71.355947	37.336315	-7.499335	95.308660	33.185437	-18.101755	39.889004
	75.417961	-23.604079	62.224769	36.250472	10.379514	85.550005	44.081576	-33.328942	35.777851
	85.114411	-29.325866	53.822611	-18.876444	12.056556	70.506949	29.696121	-35.936805	57.463879
	74.505923	-19.635615	27.407218	1.451408	11.138248	31.718520	33.987875	-52.524156	34.703051
	62.316508	-26.092203	13.095964	-2.268022	29.421569	10.563787	30.638622	-29.947695	44.640587
	36.967894	-35.747710	30.039873	-0.882782	29.601552	-12.089542	19.863552	-43.693761	20.886843
	45.674596	-30.536334	20.017513	-20.587057	21.161818	-6.179676	18.138693	-45.514578	11.749456
	29.789486	-14.438185	23.472938	-0.620294	11.311206	-41.690338	3.063881	-75.216778	54.648578
	12.235600	-1.284928	55.445558	-20.635290	24.247525	-30.274358	-0.076242	-56.144075	12.456637
	-4.885949	9.976453	55.782198	-22.315010	29.310469	-23.977358	-20.667286	-33.734707	18.995569
	-8.111820	34.431484	62.287188	-19.017961	17.220715	-4.329707	13.869226	-36.634231	30.204879
	-10.634379	44.708744	18.111212	-21.379836	1.800932	-0.451999	34.234798	-29.720007	16.116409
	-19.694969	49.721736	-4.086423	3.883081	32.617129	0.413466	23.140370	-6.867516	4.787772
	-2.902935	48.440339	-6.484768	22.504202	-7.366185	-23.428910	11.156745	31.138233	-6.789598
	22.698422	27.981780	-2.225770	1.911933	-12.157561	-10.829682	-25.183201	4.227366	-16.812527
	19.190867	7.667931	6.024335	-7.848424	-4.468252	-6.052184	-19.190151	-19.276580	-35.832691
	26.587501	2.635188	5.100779	-3.951605	21.607904	-11.607370	-1.741480	-9.671679	18.993547
	26.334588	-3.403370	-3.821064	-11.273933	25.312903	-2.421857	4.733424	-27.456131	-27.083998
	-2.406641	-12.724867	19.364767	-20.644515	-4.466934	-5.589988	-5.473383	-6.481721	13.156481
	14.012464	2.411611	80.316159	-28.727959	10.971669	13.214038	-18.601968	3.807343	45.662902
	14.437053	1.028219	75.059837	-31.596253	30.220746	9.413674	-0.312365	-21.288602	66.339685
	-2.760559	9.507088	100.232177	-25.965219	59.325271	15.073354	10.313779	-7.682058	52.941033
	-7.363229	28.187517	76.281924	6.559146	17.736206	12.983115	28.513927	-15.946635	41.385656
	-12.447868	38.075730	69.265390	4.038507	45.780449	18.867033	44.291777	3.888518	58.925796
	-19.563532	38.321483	74.596151	10.501880	63.655878	1.495602	28.824072	25.194549	50.499950
	-32.091695	48.623194	84.942356	-7.915978	60.131696	-23.659657	43.802584	2.891746	39.664853
	-9.641704	50.552848	84.592488	-21.760099	75.731779	-16.023940	31.224726	-8.761625	58.838653
	-39.116160	67.990190	53.731701	-15.412558	92.434509	-35.834761	46.549208	10.414900	17.751822
	-13.127285	52.984091	34.551226	7.628297	38.420748	-47.240943	19.808234	-8.953706	-17.841402
	-22.510571	59.387996	13.019438	5.941032	41.358883	-35.409746	16.333741	14.945010	-1.616106
	-11.803791	37.454316	5.014367	32.624437	40.651565	0.732331	35.907810	22.569570	-8.772621
	-20.851416	20.994143	-9.377046	8.527127	9.642184	3.608922	23.748209	-13.335954	-36.307381
	-14.208765	12.526053	-19.046454	-4.690110	10.426771	-11.134684	26.128155	13.785669	-20.696442
	-27.356612	17.772923	-12.987856	-35.264793	25.857252	7.108094	25.897857	-13.223031	-33.139082
	-18.010709	25.803756	-33.469807	-30.297297	53.255197	-7.605715	9.688010	-11.537129	-24.672221
	-36.603095	68.566637	-21.809205	-9.414545	49.549782	12.269694	15.374734	15.163109	-15.046645
	-22.450312	78.716991	2.740682	-8.166130	46.582677	0.483339	10.240698	47.852699	22.778831
	-22.148022	68.514272	2.037756	15.185136	64.091821	12.714301	21.763924	12.064442	16.097668
	-27.709233	71.698047	-4.888722	16.323663	17.578283	-2.829204	7.824591	21.068509	-4.952294
	6.848545	53.893658	-27.731645	12.580571	-5.752872	24.620060	6.175583	38.725668	-46.089286
	6.013883	36.336832	-44.724682	37.630639	-10.848426	11.035465	27.904203	31.587928	-39.072744
	14.139494	30.964925	-36.388836	73.724483	8.647327	29.847169	28.575407	20.918379	-12.538334
	-2.536867	28.712233	9.786570	59.375909	10.509490	18.715574	20.212378	41.360215	4.661752
	13.073344	35.086918	43.490501	56.416841	8.675204	23.547134	3.648363	23.453517	1.517870
	9.563639	31.194803	32.100427	37.427507	-1.244933	17.472992	1.550045	29.195590	9.087364
	-12.743548	24.815960	-16.271740	35.507045	-3.813479	21.837704	23.793917	58.675894	23.176816
	-10.818472	39.385725	-21.461030	59.693298	-10.177723	-2.222678	23.073639	37.494014	-21.343397
	-26.414211	33.557237	-18.567713	54.774956	26.864063	5.709287	67.329328	45.381408	-3.990326
	0.701595	3.526162	17.402306	40.904398	1.852165	3.840580	28.708445	39.548070	-28.375484
	7.563145	-6.462624	9.280528	3.139349	24.583382	-1.307126	2.118148	-19.482921	-13.873086
	14.275695	-20.776192	31.101643	-5.175472	2.256175	-19.882059	7.848318	7.346629	-11.376432
	-0.867573	-22.796703	-7.212857	-12.917217	-9.949897	7.020962	-2.647281	-17.857212	-28.590883
	10.381213	-19.540123	-50.927397	28.448426	-10.151812	-15.146956	25.390201	3.965920	-30.525943
	13.274863	-13.269967	-28.836706	32.756251	-4.120181	11.493628	5.395819	11.232073	-6.760475
	6.247328	-3.013497	-43.602204	60.623186	2.685686	9.841445	18.709134	27.825704	20.671384
	2.960859	-11.637189	-52.517484	74.736473	-7.255685	9.997344	24.358169	16.703617	8.960634
	1.018742	-11.271759	-62.263856	84.151710	-34.041008	-9.873749	7.543910	30.684575	-1.741199
	3.846410	-6.532432	-52.176022	69.743122	-30.618872	10.833878	-0.363380	33.406416	-1.920167
	19.065663	7.835755	-51.928284	45.212330	-3.263089	-4.259981	11.375632	16.968851	-13.195695
	-1.587948	27.273537	-16.970393	10.235059	28.587393	5.615085	9.650152	3.144417	-16.877345
	-30.270564	52.626439	2.713044	14.347646	15.305770	-27.335956	13.974692	5.829159	-48.640624
	-27.972882	17.924448	24.902312	-51.441727	6.414683	-23.295449	-15.869192	-7.869279	-36.489015
	-16.982040	6.797693	38.640299	-70.322740	-0.538714	-13.336465	-21.978565	-2.091080	-20.183521
	-33.508425	-33.062892	41.436005	-40.166893	-50.336707	0.402258	-48.319700	-12.244101	-26.782634
	-13.036194	-23.084529	12.642533	-31.035783	-61.925522	3.557638	-38.512681	-7.535331	-58.503829
	-24.183434	-16.167579	-26.872864	-17.241219	-73.360920	10.962090	-20.161647	-9.708260	-59.739688
	-2.045322	6.808699	-33.227694	-31.345948	-33.701001	-6.911946	-16.616146	17.091090	-17.829855
	-12.841548	14.700747	-84.936562	-11.538561	-6.062376	-27.788353	3.134958	11.556031	-32.413585
	-5.837820	21.420654	-78.597885	11.640433	-7.656640	0.036442	-3.401262	-1.990424	-44.831571
	7.806717	5.212980	-29.944642	15.622043	-7.512835	6.758963	-0.298444	0.967285	-18.134469
	32.394764	-36.816066	-27.723322	21.354362	-46.659864	12.099915	-8.964332	-14.556548	-33.291651
	18.486824	-37.972375	-45.829804	31.919688	-47.910653	6.192511	-8.031166	-32.247827	0.607956
	22.919169	-44.063053	-36.814645	-7.542361	-58.860801	-15.000397	-36.558468	-18.078780	-17.033113
	0.644210	-37.578688	-38.525391	4.732569	-59.016087	-3.512202	-38.025936	-2.246102	-37.115514
	-2.507907	-34.524368	-52.874087	11.737739	-14.704651	20.072970	-21.043007	-13.295032	-2.734432
	12.468528	-17.088058	-18.548271	19.520292	-28.588920	9.733453	-18.332823	-3.701327	11.653384
	0.388762	22.800076	13.929623	28.656356	-22.454939	14.761292	-8.590349	9.827093	10.199010
	-17.595501	29.328087	-18.642923	29.533014	-15.289556	28.320822	-12.729533	15.254772	23.633792
	6.610260	1.311002	-26.880730	-13.268013	-50.367543	19.667602	-9.729702	13.961543	-5.552990
	12.919371	-20.004454	-27.533120	-42.442569	-41.833797	23.072613	-36.849265	15.252573	27.346396
	5.048445	-48.762746	-25.068412	-71.113007	-22.419803	17.474364	-46.308302	-10.645106	-4.477992
	26.267833	-46.755242	4.536673	-43.799213	-6.470304	1.596861	-44.671654	-32.132135	15.937839
	21.636624	-30.690751	-11.505375	-4.298596	-3.071234	-19.000872	-37.156803	-17.372965	-20.715773
	18.314144	-46.815503	-22.394561	-16.183954	13.266175	-19.070510	-22.613170	-45.162145	21.276603
	16.927115	-33.018448	-2.609430	-11.048728	-7.699204	-5.943929	3.883374	-29.986206	-6.912281
	9.986452	-50.191688	-41.664340	-44.800478	-13.659514	-9.428541	-25.249369	-18.978904	0.049953
	16.382131	-48.468175	-45.796966	-25.424667	-29.337903	1.136213	-56.458141	-10.143268	-29.741729
	1.774268	-27.460462	-63.659349	-8.412334	-8.440461	-26.554013	-43.705712	5.375325	-41.034369
	8.023038	-22.079089	-62.390671	3.511499	-38.369078	-17.451516	-30.036795	9.332963	-44.464734
	-4.009256	-10.003808	-61.577329	6.733742	-27.376422	-28.739435	-20.940288	-4.154784	-57.371839
	-0.396893	-9.162247	-65.211989	8.226557	-29.525233	-37.899537	-11.864438	-32.968666	-40.556394
	-11.966970	-27.532403	-27.164085	-49.773031	-29.573997	-17.665221	-43.190480	-36.137315	-23.216519
	10.336547	-13.535324	26.829630	-31.617195	-15.752095	-4.725048	-27.155451	-24.030509	3.843155
	32.631075	-6.155958	41.323013	-30.141065	-6.013712	-3.850542	1.918122	-23.691573	52.587208
	22.968744	-0.968416	54.326948	-12.473366	33.265432	-5.416158	11.204842	-23.579100	40.186025
	36.204225	-8.419304	62.442084	7.463963	6.077082	1.091859	36.072727	-30.025700	36.763812
	26.386929	-14.284753	25.009722	8.222563	12.454482	4.399130	38.025120	-15.694545	14.163129
	-8.930644	-26.521908	12.970389	18.781211	-56.188580	-11.715122	7.509894	5.378090	-9.978236
	-23.576494	-28.421946	-51.303574	21.402173	-26.591103	12.170661	-36.112762	44.824216	-52.104390
	-41.979320	9.046429	-61.787603	36.734166	-67.645198	-17.040835	-30.364161	30.406139	-78.397972
	-40.211584	16.620638	-67.593160	-8.756800	-51.055634	-5.994372	-31.986400	10.908050	-55.754097
	-25.817252	24.527372	-46.764558	-20.491016	-64.040103	9.637192	-12.361245	44.001078	-32.846334
	-48.888530	15.179473	-24.439267	-29.508903	-53.872285	-3.412111	-42.167567	46.102573	-45.921121
	-21.423105	33.570795	-24.444864	-41.803118	-28.699202	21.959756	1.926866	30.101876	-24.263466
	-36.226502	29.665198	-14.375082	-40.887461	-30.921746	12.535562	-21.437983	42.210768	-9.311355
	-57.597483	23.706797	-61.117106	-44.682069	-26.573419	11.059506	-34.684048	56.285063	-22.175671
	-40.822149	19.750441	-57.819168	-30.042379	-45.996529	-15.011225	-43.595523	39.669297	-30.694584
	-42.719836	8.798289	-46.178460	-2.186755	-78.179175	-5.525638	-21.723885	58.762960	-42.083696
	-40.602245	8.727967	-67.382940	-6.476757	-75.223744	-16.172796	-53.648627	51.458793	-28.274053
	-45.088110	5.074721	-10.907515	-21.245102	-94.703550	-21.479326	-57.965060	34.714581	-19.687975
	-29.083307	-6.895240	-16.015142	-34.698101	-84.732279	-8.022099	-50.609272	39.538201	-26.077696
	-21.478898	-3.389826	-12.781298	-29.579096	-43.505625	-7.564563	-34.696189	36.040596	-8.943705
	4.991382	-0.674395	62.860708	2.086671	-38.533587	31.123172	-26.535532	25.941547	29.844653
	22.323820	-28.462327	87.611963	8.634123	-30.831152	35.250879	-1.818772	-24.740330	83.322507
	36.020745	-41.220484	112.731597	-29.848806	-18.695261	50.382266	-4.493788	-19.792039	70.231778
	48.288471	-54.199988	136.106272	-0.974199	-25.398594	63.228322	5.664432	-12.166332	108.824092
	56.956881	-41.825706	128.307743	-8.636182	5.210750	34.758100	8.231157	-34.791410	82.686356
	25.021050	-57.264831	74.246763	-4.864968	36.653829	10.800710	28.055468	-32.439198	65.041065
	45.964149	-36.308145	74.388884	41.435940	96.586420	12.797727	59.324418	-32.977409	67.357515
	38.444729	-36.323981	70.410388	49.893796	61.261607	3.009481	51.748910	-10.819793	79.833454
	29.643505	-16.670684	100.119112	37.962836	90.292616	9.905298	24.782563	-16.206902	80.567653
	24.644015	14.881480	64.939311	33.397426	73.547135	4.229241	15.057572	-39.547731	56.997977
	14.568172	31.960181	31.741995	5.971545	32.346222	-15.711504	-14.624704	0.180558	54.490826
	10.110201	39.114970	33.930959	-29.599374	29.959951	-1.545526	-13.273206	-22.826653	29.672332
	1.607132	42.549187	-13.736088	-13.620519	-11.320197	0.521589	-26.276918	-8.685716	24.348758
	-19.680510	23.371743	18.249833	0.262012	-9.500546	-17.444267	-25.755178	1.989047	15.032483
	24.175649	17.778052	39.156937	13.583578	38.376342	-3.104775	14.809175	1.794145	46.853848
	-18.312350	8.157420	23.542181	11.942545	50.195720	-11.003348	25.508812	0.222080	34.356592
	-26.987945	9.921042	-5.246684	-33.441077	45.228256	2.746790	12.099900	5.322346	2.161797
	-40.480413	-2.455712	28.592217	-71.962115	48.157883	17.606837	-25.397795	-3.466485	-5.115708
	-34.305581	16.393529	57.119466	-80.069324	50.832666	2.783835	-10.044354	12.347958	23.954373
	-36.208370	13.728640	30.034677	-53.112071	44.136507	-1.638328	-19.393424	14.366914	42.306243
	-29.240997	-2.772462	18.273351	-17.547977	-8.962442	-12.461740	-4.591518	5.984815	12.905097
	-45.833152	16.266043	-27.434950	2.671545	27.939792	-36.468448	17.793436	19.360405	15.140903
	-49.027882	18.233714	-2.337100	49.906795	-5.907687	-7.963797	12.106503	46.590983	9.429211
	-21.453686	13.605638	47.013750	50.507963	-32.412245	-16.481772	-10.559671	28.316310	2.519947
	-14.708198	3.712074	29.401887	6.011515	-35.181361	-24.907110	-33.505545	11.225566	-5.814818
	-5.119301	-21.550625	24.397269	-11.237255	-29.665239	-8.377612	-47.649547	1.337905	30.159754
	18.001322	-58.330299	67.949803	-54.926413	-36.925293	14.018375	-61.717490	-44.297905	41.873401
	3.051648	-43.294011	82.724755	-76.203735	13.867767	4.003329	-57.771011	-64.402008	57.857690
	-15.708298	-26.063677	75.687133	-84.758508	37.408236	-4.741880	-25.227366	-44.925994	49.863352
	-27.671338	-8.037144	52.918535	-92.892548	52.458744	-0.745937	-10.759099	-35.379507	33.798732
	-12.090634	-1.867558	19.172672	-103.620332	34.226272	-35.506773	-23.342750	-26.218470	-2.640063
	-13.768499	18.735185	20.151344	-52.073864	34.742034	-29.671809	-1.153509	-34.138940	40.219233
	2.514340	21.965127	2.321606	-26.395934	11.714191	-27.695761	1.534877	-28.359782	10.573976
	-23.163915	-3.827071	-1.310582	-14.240263	-35.624396	-4.176213	17.548969	0.575882	-43.707066
	3.379349	-8.594814	11.987435	-23.212814	6.531225	-1.854152	7.259411	3.560745	-22.129096
	-13.212397	-7.360862	-8.322875	1.893177	20.440734	3.092819	17.758997	-2.572632	-11.430320
	13.632093	5.182008	-26.117026	42.332459	15.054003	1.045627	16.263079	28.287264	-15.244832
	18.384456	13.691447	-62.718127	46.805609	8.599001	-28.419048	1.583231	-4.884337	-16.707175
	16.980684	23.661701	-73.312239	39.839590	2.409849	-5.402639	15.479398	23.566466	-11.034759
	11.026481	31.331773	-34.528611	42.536045	16.226574	3.014623	35.508018	-4.003653	-20.503153
	-17.282682	15.490384	-5.624328	55.004375	20.426567	12.897003	10.242752	24.379169	-29.213720
	-35.563514	9.669773	30.302471	8.955771	42.437980	-3.210602	-0.309198	-2.661606	16.490777
	11.244234	-13.065836	45.370914	-10.857482	33.651279	-8.034614	5.266898	-13.742552	30.211221
	24.176727	-7.398669	106.681628	-10.442051	17.481322	19.381890	15.723776	-20.473781	95.404284
	33.397736	0.639095	112.855708	8.257449	8.222494	26.840281	16.668785	-18.594821	77.244590
	49.776598	-32.004861	121.692774	-9.903141	11.038720	50.915353	29.642460	-34.356016	100.101169
	38.001894	-22.507703	74.439968	-23.681049	4.458370	30.197146	17.318753	-56.479677	82.743323
	32.138666	-22.329276	62.667717	-36.593273	-9.694213	6.939661	13.872258	-27.328101	41.187039
	18.114557	-12.126687	28.272974	-38.640770	19.889598	-3.400171	4.727124	-25.158639	15.936736
	15.681369	3.763267	23.849904	-7.401626	32.025310	-18.712733	26.473482	-27.745159	24.688041
	-4.968983	16.867560	2.064903	-33.180874	39.612850	-41.007177	31.115879	-24.120505	0.817782
	-9.264696	-17.056471	-38.474457	-42.058305	-16.453973	-21.632146	13.219751	-12.032159	-19.773121
	-12.070436	-40.421964	-101.762010	-19.753258	-57.991684	-24.850680	6.362368	0.535792	-45.929695
	13.068685	-62.374986	-102.620984	20.317156	-66.137365	-24.178086	10.074479	18.894994	-67.191238
	4.199314	-71.663881	-110.916071	29.081405	-37.710226	-39.750703	-8.900459	-15.754463	-82.642696
	23.230999	-58.148459	-89.796509	34.162960	-15.572694	-11.659146	-6.783488	-6.903901	-53.620110
	-8.031740	-55.580916	-55.590317	8.376635	-19.577652	-6.611537	-25.180980	-30.345224	-61.355981
	14.882008	-59.324830	-65.151626	8.001183	-19.238313	-24.682985	-14.392511	-36.513639	-48.664587
	33.501840	-56.039127	-80.671228	8.081975	-28.732791	-11.585962	-4.010159	-35.991655	-50.285320
	-4.792155	-22.508179	-55.397782	32.623944	-25.682356	13.267026	-1.535484	-8.825413	-41.760373
	16.820999	-9.027433	-24.926522	53.173576	-22.627756	-9.703038	-8.050053	18.955317	-39.754781
	-7.050315	16.754794	-26.997098	63.968726	-20.697208	-8.465430	4.222675	33.795821	0.716708
	-10.915693	25.036254	37.912840	46.169649	16.455037	-10.212758	22.500060	46.353246	11.788018
	-11.212153	25.024000	88.350892	38.697847	25.924033	-17.366069	-16.119042	23.300947	36.484391
	-31.019210	45.446723	65.590449	23.995949	21.404335	-17.078646	6.566393	-8.059849	36.057619
	1.246849	51.953039	65.040463	21.512003	10.579575	-14.703431	-1.759406	12.262807	-22.057400
	-50.414268	66.283827	55.407414	2.647897	36.221888	-19.048901	-2.063200	14.777355	-22.752442
	-9.028919	61.473435	33.876634	9.026192	42.405540	-10.514939	21.853859	20.642333	5.659086
	-10.079456	76.737955	-37.269144	26.004223	36.031980	-16.891740	39.463893	10.062894	-39.928424
	4.574871	87.459910	-53.192757	21.918798	23.318730	-19.278803	32.895387	27.952490	-50.937012
	-4.281644	60.810675	-62.959031	16.716602	-4.021854	-7.978191	9.532126	-14.220887	-40.342920
	4.469253	54.404570	-55.166317	-2.049489	-31.062454	11.419723	1.580680	-0.857192	-10.026980
	19.494895	41.844114	-67.240296	3.845765	-36.074322	9.255483	-9.131679	23.399131	-29.885201
	-0.815390	29.752167	-16.694851	-46.059664	-36.988274	10.599916	-25.461413	8.434672	9.093830
	4.561660	0.570207	-16.092325	-44.857938	-30.280415	17.230011	-22.627573	18.664042	10.368616
	24.432916	4.554191	-6.939052	0.236807	24.096947	-1.875107	10.967439	16.087800	17.274602
	11.043478	-10.748200	19.213784	-30.734213	10.148950	23.637940	20.869792	-9.582909	34.460666
	27.329957	-64.691910	61.822119	-13.555703	47.029746	23.446167	-6.910574	-38.696739	95.132599
	45.593800	-71.674549	53.611933	-2.651025	4.640930	10.199577	-9.703172	-54.564684	54.913171
	30.937111	-79.846316	32.806824	23.876929	-12.832878	-1.472523	-9.408020	-55.759997	58.615912
	52.214325	-95.012806	94.629506	-32.134092	-38.905711	-2.454229	-44.021634	-70.484102	94.103897
	48.817910	-68.427236	86.981945	-68.262892	-21.861466	20.699401	-37.020549	-66.437178	79.765667
	12.020306	-34.487701	74.125181	-41.718019	-20.675434	17.964904	-37.781437	-32.525479	38.252895
	-7.556366	-40.206075	79.604769	-45.422396	-35.957399	-3.005764	-47.622067	-32.487805	13.570562
	-3.056147	-8.149665	29.388302	-18.452211	-41.572916	-27.342178	-21.710959	-44.085563	10.579090
	8.453527	-14.435806	26.968066	-5.145925	-14.435623	1.728007	-13.447748	-29.913804	17.134550
	4.197870	-45.915903	-3.316853	5.801842	-10.169958	22.344443	1.849852	-31.572551	19.509845
	23.025987	-45.474983	-41.398687	13.224278	-32.516341	-7.171631	24.493233	-23.552063	-17.087561
	8.237328	-49.513205	-58.866759	19.532175	-13.480976	-13.398002	11.970170	3.248549	-71.892352
	11.031935	-58.708884	-49.052901	-0.088081	-28.381203	2.809442	-0.629451	7.440425	-20.062642
	-5.080749	-28.387979	-51.705060	20.972332	-2.163756	-13.266813	-7.088586	29.609735	-32.941957
	-10.012751	10.760129	-76.707943	53.182267	-12.949237	-15.291783	18.807201	64.649345	-45.717153
	0.105721	7.130241	-29.194163	29.634573	-36.762657	5.904154	-14.356837	20.295391	-75.449227
	11.021888	2.011385	-62.239650	54.067336	1.361543	8.164557	7.826551	30.654802	-60.203684
	1.649909	22.830157	-59.238027	51.129960	11.752002	11.718841	46.150622	22.112567	-72.597216
	-9.922510	10.875960	-51.495058	19.501504	53.637479	-13.637676	61.103162	4.926599	-51.863927
	1.255696	8.583830	-11.455157	-6.532238	38.868312	-5.616755	8.528322	-28.016694	-66.768498
	14.109131	1.697554	-4.088787	-22.270457	27.457113	1.887460	9.332493	13.440386	-2.428992
	10.462504	24.113298	-16.767500	-7.902331	42.812231	-24.511244	24.748685	-13.546768	-13.456124
	-4.786543	33.501233	-29.636492	-12.016136	42.673491	0.774754	19.609844	-3.550203	-61.494312
	0.970755	23.107133	-27.029492	-10.800453	40.012367	0.994133	16.800002	-22.667796	-53.935946
	-4.865126	32.830585	-10.090601	33.451726	9.830737	12.432009	26.934565	-1.039727	-3.926608
	18.455329	14.315065	9.737038	18.034706	-36.940128	12.078716	24.687431	-8.659885	-8.001983
	19.271817	-2.050371	31.244447	15.976376	-5.510713	41.650603	14.767936	8.649055	51.812039
	-0.812617	-17.405301	58.619704	22.598784	15.467606	29.700523	-16.337388	-1.623171	63.594943
	-1.583589	-17.918518	34.785985	28.286643	16.573694	17.978155	-10.784546	-6.330484	40.781746
	-2.291428	3.713659	2.622943	47.645880	26.970299	-11.318158	22.494447	-11.641537	2.578925
	-0.362803	17.018377	-43.574478	42.562094	26.289282	-14.747449	31.787275	17.829669	-16.025418
	-16.132133	12.218581	-38.574666	68.641221	14.011601	0.003107	23.149944	3.521634	11.912471
	-6.871923	-3.351235	-61.456104	24.163748	11.068141	3.021617	7.321426	-10.987220	-37.340875
	-15.797727	4.821259	-28.672499	35.176413	2.466869	-23.026380	11.906849	-24.763046	-20.492273
	3.361499	12.404765	-50.694711	-19.703161	9.161458	-12.260755	-13.915326	-0.758027	-8.274521
	-19.762497	-4.032348	-26.032544	-9.128415	12.636535	-11.902048	-11.967052	-3.333214	-57.977962
	-11.968915	-5.324013	-16.997106	-4.509704	6.334994	-1.801069	-3.156764	26.432955	-46.163329
	9.347763	-5.060245	-12.862062	-38.839472	-4.869074	6.455353	-11.682431	6.370366	-53.308685
	-1.883554	-18.353934	-16.162793	-7.381816	5.682224	1.795212	14.321276	9.555679	-18.300879
	25.945775	-21.200480	-28.275019	-9.934536	36.620491	-20.433760	-11.130838	0.891717	-4.650201
	26.357649	-18.538979	-45.069160	12.821081	48.233607	-6.841805	-11.798820	-2.775489	3.094198
	23.578133	17.491704	12.320086	52.652036	25.742763	2.309422	6.047370	-1.311792	-3.538386
	24.500297	-29.065051	51.728043	54.336653	-1.178855	38.707943	-5.016855	6.658215	31.487513
	23.536235	-7.569213	48.580549	70.876034	-1.632634	54.178227	27.239570	4.559152	30.316862
	17.327635	-38.080973	66.483120	38.678462	-49.456889	53.586696	13.774924	3.540505	16.910443
	57.659537	-67.302533	87.844184	-2.113383	-57.304835	39.489031	-12.710234	-4.472680	29.016486
	50.723135	-50.680384	70.579364	-35.732643	-21.687768	47.576074	-11.423144	-44.508343	43.949072
	41.776710	-46.459109	54.659011	-53.003905	-28.043005	21.738048	-7.902649	-12.765824	43.736638
	12.431001	-16.560884	42.482582	-39.664341	20.075966	20.866487	4.164188	-25.145999	31.708231
	18.063503	-9.037692	16.308911	-23.378456	7.972760	23.921297	13.532153	14.682853	10.449364
	-8.153057	-2.709555	-15.226765	-14.133700	14.179992	-0.507333	11.806637	-34.172188	8.734893
	38.287018	-21.989008	-5.198588	-7.482976	-13.130969	-11.052555	22.399278	-12.799475	-13.626605
	13.066006	-38.064283	-71.196117	5.163879	3.820421	-24.588677	2.442389	3.216414	-28.955366
	-18.583974	-34.903918	-90.870279	37.837371	-50.172140	-41.298944	-10.694782	10.531807	-54.320961
	2.531764	-56.204463	-36.780031	1.900216	-51.046929	-55.684053	-20.182537	-48.575103	-43.277461
	-1.350695	-67.189269	66.716902	-49.525577	-49.720918	-12.847895	-31.283994	-49.710454	50.368674
	10.532592	-49.507733	93.241084	-66.160136	-31.914989	-12.969987	-35.198842	-34.531032	46.705603
	1.362931	-13.368315	44.822986	-58.862925	1.802160	2.147675	-7.230707	-47.691834	47.928204
	6.434883	-7.434625	16.258412	-67.680212	1.361443	-14.201147	-13.833625	-10.304387	74.955701
	5.975752	7.468040	-12.295031	-67.112993	23.936730	-21.600845	-3.161476	-25.051280	22.870833
	2.933971	1.748889	3.217275	-59.085906	18.086652	-27.129402	-14.471732	-29.207109	23.066288
	27.013562	-4.774948	-13.503654	-39.723467	-10.373228	-33.164462	4.939082	-17.809937	16.585520
	12.263231	-44.578742	-34.552177	-34.144248	-29.235335	-14.435264	-45.303840	-31.431508	6.116866
	4.173097	-64.840524	-15.542066	-31.922326	-59.208489	-13.274857	-45.608078	-45.189991	-0.951455
	-22.130858	-44.837886	-4.562973	-57.530160	-72.911345	-5.939614	-35.597203	-28.539698	16.015006
	7.288312	-19.239039	2.565173	-14.583889	-41.490170	19.223627	-30.733867	-1.511946	45.433796
	16.569953	-6.951178	30.189203	15.299973	-26.192636	25.417678	17.443158	18.251340	55.584245
	-24.322485	23.056365	4.159499	7.383301	-3.601657	18.318188	18.863999	12.748363	6.299892
	-12.711403	46.117949	68.388857	37.968796	18.747282	19.521625	21.397643	49.915181	43.200692
	-1.958327	21.910537	59.348134	23.983519	46.365471	22.054759	20.775596	26.384844	56.761654
	-24.549433	13.240602	86.372239	-14.460961	50.007840	23.133370	-6.925230	3.619061	46.895092
	3.669805	5.425125	93.059103	-26.447991	-21.363257	42.933311	-12.791240	10.396902	30.386091
	0.369735	24.419616	88.553064	-27.963827	0.794266	26.872457	-2.284199	20.347221	57.054341
	-23.017647	0.958946	23.254574	-31.319112	5.896233	14.119853	-38.463231	4.763723	-29.179984
	-26.770132	1.848675	-18.172008	6.431813	-19.546982	7.160953	-25.956655	29.393925	-23.385603
	-11.838347	12.300501	36.117316	1.852816	38.366026	3.784634	-10.579782	29.038636	18.819927
	-22.921504	9.139303	5.616230	-6.386584	57.024738	-16.589560	-7.746147	24.154657	-26.038637
	-8.332501	1.815277	3.532206	-17.244818	51.408994	-5.664378	20.745823	-3.084978	1.994520
	-8.878323	15.357421	-45.398528	-20.659171	63.189810	-0.319101	25.050358	-8.164341	-15.315865
	-23.523594	26.799581	-77.877343	-24.282863	55.358647	-22.434333	5.315959	5.378185	-27.059534
	-45.279830	9.363694	-46.521388	-30.308619	8.585570	-10.437784	-19.569174	9.041739	-66.898832
	-41.099892	25.829236	-56.487477	-25.302368	-29.426198	-18.888058	-57.608246	16.020241	-80.252310
	-50.040993	6.937735	-13.879454	-40.929724	-13.136522	17.409537	-53.757007	28.802814	-19.319624
	-17.969255	-7.676025	-47.684135	-70.075024	-82.057637	-8.068960	-66.893101	28.801358	-61.046931
	-36.148191	-32.152085	-69.230758	-107.218800	-142.071280	-36.063298	-83.584463	37.448641	-57.432803
	-37.372604	-61.777283	-49.745501	-110.302619	-143.395880	-19.706729	-98.680659	40.456041	-18.079323
	-43.641228	-40.338176	-30.520598	-99.709410	-140.458785	-45.117370	-101.594661	5.014859	-16.958835
	-36.053503	-51.781646	4.725761	-94.344255	-93.949556	-14.316530	-74.593706	26.304455	-8.919029
	-44.093158	-23.787541	29.792886	-35.102894	-44.782006	-32.329672	-47.072663	46.063227	10.482819
	-28.606773	-11.712756	20.501467	-4.845493	-14.004283	-15.883971	-29.551256	49.847301	9.708787
	15.869385	4.908756	28.490659	29.387698	7.008762	5.227114	10.723698	45.372578	3.913582
	31.384099	-3.236144	7.736471	78.783032	0.247031	18.014770	18.949359	24.536992	32.809308
	52.000548	-11.440106	-17.777236	103.783603	33.874694	28.586192	74.891474	1.155179	5.120783
	66.359980	-20.776026	-38.691017	96.904266	23.995232	15.207539	51.187046	-1.899047	32.365894
	54.227687	-51.250792	2.587632	67.130469	19.884407	13.421059	26.527389	-31.904663	49.755324
	22.828433	-57.511399	-29.089998	29.582295	43.706635	10.709739	10.151462	-66.201303	-1.969182
	49.990249	-50.190777	10.539679	-11.696874	28.199931	1.563748	-3.401388	-61.860381	50.692252
	33.975637	-50.273179	52.577063	-34.913346	25.124246	0.778462	-5.564812	-104.113017	66.744091
	26.738079	-47.301801	111.139209	-39.405415	49.637835	15.022637	1.563318	-81.835105	85.554918
	26.865473	-39.554729	60.588331	-45.317918	28.912460	23.272972	-0.941971	-73.524587	21.564426
	5.312312	-16.731980	9.302283	-44.975069	15.672767	-3.640991	3.058343	-48.080367	20.977636
	17.391240	-1.887507	14.480591	-16.540624	20.693471	-15.243556	15.957790	-64.295859	32.870803
	11.788977	17.745711	13.841388	-10.746939	19.825433	-0.436062	34.650139	-38.811650	46.784488
	25.631341	23.810092	31.933954	24.566963	36.858543	-3.738991	8.818091	-16.513671	51.966833
	32.328512	11.007776	-13.831798	19.058835	11.991981	-22.410111	6.366079	-7.509668	13.164981
	-5.213666	5.875084	-15.650677	51.580757	28.824191	-1.386569	44.360658	16.501492	-5.410764
	5.835060	4.249078	-38.457017	78.951460	16.930144	-0.306401	54.155846	19.671347	-14.357134
	-16.594649	12.918495	-65.236968	83.696416	40.645340	13.099570	69.887741	35.913447	35.057417
	-7.338167	38.627790	-20.947434	95.017343	44.414905	9.514806	36.571400	13.298375	-13.300930
	-30.865260	49.736225	-12.861844	74.121638	31.414921	14.158842	21.760234	28.898557	-3.941636
	-19.669479	50.168700	11.395494	42.969643	3.150453	18.450321	8.753695	33.446868	10.570564
	10.380526	31.059569	31.734495	33.024289	-3.590555	28.263601	4.069326	27.222698	21.741893
	-29.386961	36.368111	-19.476381	28.486903	-27.077886	27.403850	35.573320	44.103590	18.048324
	-14.798618	46.019768	21.015831	18.345080	24.213161	27.431181	30.033847	42.474101	31.393666
	3.898607	62.504413	1.522808	66.493460	45.329089	25.945391	33.929071	47.460158	41.660719
	-9.905557	49.637637	40.500847	40.693372	53.379284	23.839232	39.424945	33.419347	53.791503
	-2.592208	54.943436	17.462823	33.644037	71.602634	11.777895	30.288102	58.374681	56.768260
	-27.422739	64.663384	-21.000436	58.755697	63.034583	3.297619	41.327060	47.152247	7.382078
	-26.818181	84.906872	-42.027115	56.767235	43.211638	16.110010	86.291564	43.717311	-53.418691
	-8.442238	69.491666	-0.566443	28.992520	52.238787	19.007804	70.320381	21.119241	-3.965626
	-17.360352	42.763742	38.559801	26.741266	16.656979	-11.745392	45.347923	0.321493	9.056193
	-19.263838	69.291100	-29.253542	3.403914	39.849771	4.010963	53.893717	-8.342050	-22.950219
	-14.316803	43.951627	67.672575	-3.270196	57.807636	-31.592462	21.258156	-1.502778	36.854103
	-25.221767	14.627056	116.498319	-14.974455	60.551408	-10.933335	-28.084830	-4.564472	42.709499
	-42.324242	30.046245	85.214918	-52.949735	54.458696	-11.572340	-11.111783	2.993165	45.579261
	-32.358260	33.617573	90.568088	-57.136904	48.024265	-2.544546	-0.579840	2.282817	35.489530
	-27.301102	25.702802	44.840864	-33.225356	24.728113	-24.506453	7.532694	-19.662765	-12.383202
	9.912599	31.828248	-29.911941	-19.163404	-2.208029	-31.725694	17.570043	1.607547	-42.212869
	13.115914	26.492696	-40.681052	-17.727865	-32.043230	-17.314323	20.166508	-19.769755	-2.820978
	9.118711	18.534440	-51.680934	-14.507016	-32.716645	-39.894487	15.496234	-12.444769	-34.877715
	9.863846	8.345576	-52.900276	15.396431	-28.695064	-10.976466	5.829373	16.333057	-70.930014
	12.797692	3.523406	-94.688366	41.224325	15.328899	-29.526465	59.163626	4.116389	-82.371584
	31.095541	10.517401	-111.094939	85.394111	15.469560	-27.289887	38.583064	33.977979	-78.817609
	45.371781	1.780380	-107.696501	104.420410	12.591507	-22.157113	53.222104	36.638215	-99.364604
	43.723742	5.548808	-69.062098	108.752431	22.106209	12.970418	70.712616	36.396257	-70.654689
	32.966146	11.870475	-33.450759	100.842144	17.870536	9.406789	32.669440	-6.761770	-51.458392
	4.505239	25.733787	-64.575485	79.948647	-0.048721	-9.819221	16.549782	-7.512628	-86.364484
	-10.164929	32.069750	-15.856724	37.514416	-14.699309	24.794916	-8.493347	20.816792	-26.090691
	-11.381952	22.763419	4.854045	-12.828146	8.718682	4.871034	-10.060006	-1.654991	-15.125589
	13.222681	4.785758	44.424233	-21.324608	-20.566303	6.516796	-28.663435	13.924229	15.648427
	-17.213440	-3.172141	2.065822	-25.279062	-44.572595	-34.915700	-30.786233	28.047325	18.856462
	3.627293	-10.888921	-16.764924	-27.345469	-9.461447	-13.652753	-31.181485	24.818217	-27.027591
	-1.490356	-5.191982	-34.568435	-33.294120	-59.293846	6.963980	-37.023628	-11.155793	-48.795484
	-43.473241	7.244109	-26.025207	-18.136198	-44.328599	-8.705696	-43.484013	-3.800419	-23.949260
	-28.881597	2.039706	8.068314	-66.340182	-38.271300	11.051922	-62.101259	-10.702914	-50.403708
	-46.576489	-14.566220	0.176512	-88.685045	-39.743462	10.089829	-83.485580	-28.479608	-20.758341
	-7.018556	-20.481794	-46.416341	-49.217913	-70.948038	4.690151	-58.251212	-14.126082	-21.789885
