	-18.718779	-15.098462	39.640986	-97.996688	-6.375955	-10.941240	-63.632267	-12.399103	-32.799697
	1.025664	5.783524	35.758593	-22.041715	14.016883	-19.589285	-34.087575	1.186795	-16.987385
	5.905856	0.844784	69.169939	-42.356576	0.585927	7.838451	-57.044897	26.428776	21.579667
	2.798085	5.996695	65.977744	-48.306757	2.136790	-2.559449	-63.254545	-15.924232	26.906998
	17.250871	63.251731	89.289147	-0.784766	49.195214	-4.628317	2.840628	-1.208438	42.919879
	14.678045	16.590278	94.924570	-4.149058	38.793559	-2.571919	-7.627541	21.780917	87.641679
	34.831364	2.568443	41.016619	-15.470005	70.908117	-5.442263	-7.341054	13.406726	51.682559
	29.401527	-17.733897	5.185892	18.267538	39.133073	-32.347834	35.949434	1.009544	38.708887
	7.163824	-27.283723	38.845338	0.421392	28.205971	-8.979907	30.003647	-10.427611	52.264362
	-5.039168	-66.818145	10.622299	-33.907159	32.601146	-27.964665	28.643224	-7.860324	26.400259
	10.964773	-52.426197	-0.141724	-54.373459	35.650613	-44.368627	-0.511459	-59.410267	54.366765
	-46.748724	-91.394634	33.873490	-67.370171	-21.058950	-12.484686	-36.710625	-41.926384	43.463358
	-17.704433	-115.061036	20.397793	-80.284613	1.408173	-10.536873	-50.330815	-50.154140	88.235631
	-5.721796	-70.440004	5.338873	-35.358144	39.058843	-5.333481	11.387784	-55.692042	60.865900
	6.306285	-75.681165	-12.160651	-19.576429	66.258136	21.858539	44.612952	-51.734073	49.709455
	23.513802	-69.101559	-51.969465	-13.525837	59.367198	1.975896	66.104129	-32.927856	42.466574
	13.325453	-56.803824	-54.934501	8.792071	35.982508	6.596157	74.647241	-21.584788	-0.788337
	23.691487	-16.527224	-74.204734	65.746854	37.808820	-31.301626	94.082284	-12.963919	-35.694405
	1.702736	-31.181257	-71.724344	41.666426	-40.761976	-29.616834	12.984501	7.178603	-60.027411
	-4.360204	-23.500531	-77.812129	46.412433	-22.918412	-33.434098	41.571541	-4.614568	-1.778714
	1.615476	-26.603737	-62.088072	41.847518	24.411860	-51.211079	36.370107	6.245546	-9.917910
	-10.102120	-32.249555	-57.936281	19.750041	19.893200	-44.097611	4.919451	16.017170	40.571197
	-9.491512	-18.991177	-53.735062	28.957767	44.491500	-42.326943	-11.351924	22.855644	35.923270
	-5.691151	1.085623	-33.837412	37.545410	41.984826	-31.032826	2.821026	22.855142	32.706358
	22.982151	-11.802609	-6.805323	18.397153	66.709269	-27.089877	43.508632	5.605994	48.112218
	21.938046	-11.344755	51.405148	14.630144	79.785302	3.295960	46.583022	11.123336	53.274268
	29.292992	-9.318777	82.568720	21.162943	69.637825	29.956892	56.366144	28.108766	77.229669
	23.166470	-9.420161	19.953808	-12.524143	55.638813	43.053370	10.171328	29.948379	24.286896
	-10.112265	38.612768	5.580162	9.195213	0.941038	46.325033	1.125544	40.864206	33.024452
	-13.670435	66.333597	30.358894	2.211498	-13.783392	34.205749	18.309319	34.465994	23.828640
	-1.203129	57.777906	26.281719	-2.226463	22.447610	-3.328329	-16.169605	9.122251	16.321984
	-11.928005	73.215704	34.656215	-4.311735	50.309686	20.309754	-8.266762	24.481216	18.151038
	-7.588238	45.661200	57.687675	-26.664932	3.826524	21.704659	-32.436025	17.197005	14.920429
	-15.048830	47.747059	67.874487	4.944920	-6.569634	31.491658	-18.786490	23.809021	7.339002
	-8.876917	70.553823	38.397102	33.511286	0.589101	-5.147078	7.916015	30.390762	-21.140454
	-9.683637	73.003485	64.739992	39.340109	-22.820032	18.125697	2.874499	20.859567	-5.197179
	-1.101311	67.341093	-0.999003	39.932071	-21.717871	-1.772826	1.635387	17.428433	-54.941726
	-18.387766	72.060386	15.106861	68.365747	8.940142	5.922568	7.305547	14.256645	-13.650774
	12.354900	-8.536177	-1.366539	-4.379557	1.062359	9.613609	-36.635832	15.477844	-8.556219
	0.304370	-43.211872	1.006388	-41.652604	-69.509616	2.832791	-52.965908	14.288782	-14.055697
	-12.667183	-16.839489	-5.045921	-42.917095	-54.854545	-3.512733	-30.983405	-4.126013	-29.829846
	28.594068	-20.557313	-25.598796	-37.030414	-65.849681	8.722552	-26.913626	4.097456	-31.383415
	-17.398863	3.761084	-26.829237	17.848097	-91.270363	1.823329	-30.650527	19.192509	-66.232415
	-2.156927	-7.399787	1.552241	-37.253786	-58.423371	24.973622	-5.913131	-6.140640	-23.204566
	6.021377	1.545461	-31.084643	-13.226982	-65.578733	-10.698321	-36.027644	14.055609	-10.395160
	1.952128	-7.737246	25.635171	-47.545620	-63.199823	3.185585	-60.861882	4.322202	-36.592219
	-16.730683	-0.050366	-36.017847	-55.217044	-23.060730	-33.933385	-66.730785	3.072546	-49.516248
	-7.932786	14.962492	-10.362264	-21.928906	-66.522403	10.968915	-26.028323	4.596667	-38.136458
	-6.479089	16.507347	-21.399331	-39.801154	-82.782098	27.680767	-69.976565	37.704526	-50.077169
	-21.495622	27.308202	-42.368874	-10.542741	-74.435448	39.921699	-34.810730	7.047095	-50.590162
	-15.449629	40.387367	-35.353302	33.502697	-68.277548	8.391507	-9.314061	5.931666	-55.479096
	-29.050440	38.792155	-31.391285	74.118123	-45.592083	-3.119641	26.297859	25.412534	-70.100999
	-15.457484	24.490496	-37.510925	59.490158	-12.744920	-11.978548	29.662812	18.883332	-87.718270
	-23.967539	31.061179	-48.664813	20.303970	-25.533600	9.892754	6.716356	6.374348	-44.712998
	-16.739603	21.581131	-64.773473	-18.094959	-40.638102	18.971766	-12.718727	3.577735	-11.364385
	13.695641	42.119335	-31.250063	8.296457	-18.175012	8.610337	18.611138	3.280814	-31.285317
	-12.814512	48.675739	-49.166944	53.876454	-46.418761	15.149758	15.502074	24.815996	-30.797106
	-1.807095	26.907467	-4.010450	43.311591	-52.436896	-3.364528	15.923472	22.052003	-59.028256
	-22.339639	26.473088	-23.811826	97.604619	-23.280759	10.406901	26.423992	47.812930	-40.578151
	5.683591	1.175953	28.338464	60.424872	-20.861773	16.974996	5.224407	20.323616	-35.984465
	8.472438	-39.233732	15.369396	4.799652	-37.647684	15.409490	7.013342	10.704954	7.699096
	4.968688	-35.583685	5.673154	-16.226567	-22.076403	7.451575	-41.256811	-6.685514	30.179625
	-3.447434	4.772444	-10.705190	-5.665937	-35.086705	18.570548	-33.339223	-9.429021	-18.294251
	15.800856	58.827876	-9.988821	31.726495	-32.666571	-6.513435	6.788361	36.415425	-69.372108
	-13.987644	31.680810	-30.732016	53.591621	-70.910872	-52.672254	-3.459230	44.395487	-50.832594
	-26.184010	54.723990	-3.973269	16.738434	-62.901809	-52.365606	-20.104989	21.138914	-46.293685
	11.563365	57.792024	25.153235	41.307163	-19.223319	-29.659911	10.434007	-14.904322	-13.609682
	-9.645287	52.858870	43.799513	37.879513	-61.309405	12.344142	31.046066	13.870788	0.471257
	10.193134	37.696476	-18.886345	0.862707	-32.333927	-47.711480	1.937039	-8.345768	17.730700
	-11.001199	15.830978	28.168035	-9.377937	-31.573444	-57.855601	-19.438555	-2.473270	-21.610603
	-11.881681	31.732746	38.166614	-40.740777	-26.471715	-50.146484	-31.260487	-29.763681	-5.506021
	-1.115730	38.290510	48.796706	-48.613628	-37.089677	-31.880053	-47.280893	-1.732218	17.106868
	18.447922	25.937838	25.181303	-44.845153	-43.225926	-31.221075	-29.365626	10.637048	18.525069
	-23.004571	16.696299	-0.677592	-40.726765	-22.162889	-31.450647	-16.113534	-7.132822	13.937907
	-19.687711	-4.930783	6.843386	-53.583336	8.212006	-37.660209	-18.267965	-17.563071	11.021297
	-18.864975	-4.195481	-16.113155	-58.844914	-5.460247	-17.184734	-34.618405	-25.096913	-57.169185
	10.703244	23.486238	7.999375	-18.664588	38.250481	-25.385428	25.592367	-33.088044	11.079256
	-0.635518	32.249399	-12.246729	-8.386697	28.514230	-10.487817	26.087355	-8.567646	-23.169260
	12.611508	25.938647	-41.242218	29.308982	8.245854	-13.834132	13.687280	0.826987	-2.646868
	10.338182	43.168392	-25.302920	47.073563	32.412856	11.504556	36.115461	46.166871	-35.518270
	-0.706890	7.653341	-60.840429	23.054126	-15.259199	-6.424434	-5.285799	30.776156	-29.466870
	-27.197703	5.622347	-41.649035	46.302007	-40.721901	-26.247466	-2.015656	16.411316	-48.517271
	-15.569170	17.047252	-55.219374	54.666478	-43.544171	-35.049017	-0.573166	29.558562	-67.149563
	7.453665	-12.260402	-58.431516	39.068934	-65.114400	-21.267082	-9.641109	16.914116	-44.973567
	10.304906	-24.691626	-21.461201	-20.939288	-57.766303	-18.023724	-55.591248	15.441240	-36.192886
	13.657028	-36.750870	-3.751792	-16.418118	-52.435623	-17.041479	-20.382563	26.281475	-62.426604
	-11.391960	-35.825004	9.304290	-53.029040	-76.544075	1.452418	-51.495721	5.853872	-30.999505
	-31.176658	-49.300485	12.467543	-58.447686	-48.638732	-4.887881	-60.231468	6.952376	16.705911
	-65.498466	-30.472844	-26.802724	-63.687059	-49.708235	-8.377155	-76.719361	5.144663	-0.977396
	-53.133082	-35.160068	-17.656446	-45.354555	-57.291457	-0.343547	-87.773984	-0.240620	-9.940299
	-37.683685	-63.952208	-7.741437	-64.755763	-36.567378	2.384471	-59.128157	6.515060	-15.058391
	-22.410997	-67.358706	-17.986514	-42.945427	-0.942792	19.974210	-79.633017	-10.502418	-35.435954
	2.607496	-63.482473	-11.924625	-63.310921	-36.507945	31.774711	-96.872571	-21.345403	-37.100073
	-7.756741	-56.201394	-28.349627	-51.669510	-55.119972	34.621010	-84.871953	-3.800506	-35.367526
	5.155060	-33.278836	-66.328678	-27.625045	-60.143438	21.938802	-45.212991	-8.266334	-53.391654
	18.076617	-36.862314	-59.370641	-19.107509	-34.400378	27.586437	-23.082968	-13.478870	-31.182475
	-4.225577	-18.165784	-26.634592	43.486144	-38.439882	26.909717	-4.645126	9.245668	-40.464453
	7.367362	-11.874260	28.748485	83.038642	9.607740	61.434317	58.127797	28.716161	30.533822
	31.640918	-7.473177	27.041116	64.612011	-3.088926	92.781899	58.765106	35.668286	39.425238
	34.623078	2.356957	28.490995	46.909632	64.345509	82.123963	49.638049	20.470541	78.343816
	33.406550	2.426613	32.497259	23.279831	43.387606	16.747553	16.855520	-12.256393	23.705674
	4.537227	-17.524223	47.029023	1.896208	4.622440	26.767493	-16.838322	-7.279282	10.519993
	-20.693987	-21.020138	35.716879	-0.551763	11.250454	19.082135	0.640492	8.305177	16.518309
	16.603639	-8.317943	30.237015	36.614683	21.897372	6.944142	35.790689	-10.188630	6.140581
	31.878174	-9.892560	-2.639014	34.308086	0.694403	41.868530	52.921966	5.242954	37.150995
	54.585153	-7.706992	17.006079	13.211430	17.933528	36.647996	46.006664	-5.870848	39.598828
	32.074262	19.856643	63.199577	17.969891	23.032594	25.505482	24.358012	-1.933701	55.162540
	33.749458	38.616490	46.485887	9.846209	44.091651	31.840844	2.629851	-3.511384	20.772164
	7.076913	28.312871	38.189557	-28.263896	68.605824	46.102922	6.701740	-9.369428	62.452000
	13.944047	-3.529878	21.158456	2.704614	47.836837	22.410665	4.630060	-15.169099	29.718344
	-27.957445	-25.750634	-12.935754	-7.057459	0.619315	36.046963	23.422656	-13.285902	-20.367994
	-1.462924	-49.609598	4.215370	-17.310965	35.664397	58.979798	19.662754	-49.389756	35.205262
	-9.692267	-35.936266	33.356640	-24.807618	3.643222	31.233761	10.705034	-9.569766	-14.060480
	-10.892366	-30.254038	41.625450	-26.526664	23.477040	22.120990	39.839744	-19.649139	-2.626574
	27.796122	-24.364564	71.716413	-25.405944	54.562300	43.664756	4.863767	-21.250384	7.540803
	4.513087	23.616642	62.282757	2.677846	45.521115	28.558225	19.898950	-16.826101	-10.358508
	11.481975	5.965071	51.507069	-14.266841	33.877045	37.538806	-0.096354	-11.210398	15.348715
	9.810070	-17.008847	90.204831	-22.122806	47.789010	52.107626	0.912614	-5.523780	2.435984
	-3.912370	-35.931723	81.915367	-41.743424	33.463533	79.175606	-9.377746	-22.293750	27.662020
	18.615880	-78.410534	78.615639	-73.375822	50.401360	30.290313	4.060955	-50.617007	54.868374
	-18.481106	-66.258463	96.750747	-70.865982	65.859221	34.699715	-1.718563	-48.385733	61.825986
	4.037563	-53.664028	87.735246	-50.137270	50.413158	61.373596	-16.540151	-36.276332	20.117116
	-4.158539	-69.440654	63.443254	-36.124774	15.225734	37.448903	-11.549035	-29.741509	37.413999
	-1.944343	-38.656754	65.929397	-16.384727	26.018919	55.280320	-30.528198	-24.185277	21.403317
	18.972201	-21.417837	63.839646	-28.808784	8.218184	33.390363	-28.038037	14.942217	19.096172
	29.610535	-24.247063	69.512080	-25.508022	23.225173	23.325836	-30.615824	-29.351513	-5.388537
	15.443228	-23.173103	89.435293	-19.572118	28.209506	4.430017	-24.706993	-7.980784	23.609691
	-18.188599	-24.475824	67.173850	-37.941664	-0.401421	-0.393923	-23.474690	20.193316	5.064666
	7.670688	-5.916084	37.437215	-30.023858	28.494681	-35.379154	-1.404498	-18.076409	-7.612750
	-6.867073	27.388906	27.873354	-38.975054	35.869288	-34.742871	15.350277	-14.101774	4.769108
	-19.242520	46.953226	-3.252090	-11.533289	6.043331	-7.844981	-31.361640	4.363203	13.553793
	-31.152669	73.484855	4.840103	5.552460	59.206255	-13.274485	12.461213	12.095528	9.565733
	-11.999374	80.225881	17.731094	8.012521	60.339398	-46.099773	-0.192590	-0.011627	27.598482
	-0.989485	39.143391	1.972966	2.697971	67.533130	-67.366312	9.128215	-26.666272	4.160628
	0.443900	51.692862	-8.286376	42.945692	73.750219	-35.668544	63.622189	-2.437077	-0.465545
	17.120491	47.081091	23.072070	31.975571	68.795416	-70.650127	18.630224	-9.830748	19.805302
	8.834480	51.427577	21.196412	5.986222	73.748904	-21.050517	8.159685	1.024789	41.706479
	-0.262955	37.397336	29.681524	-11.000993	63.745233	-15.029471	19.611406	-29.413435	60.588370
	-4.621071	6.639809	15.197269	-21.421200	24.644471	2.293575	9.056461	-17.502078	90.816751
	21.554937	24.064271	-31.398654	5.761213	47.595245	-8.549314	49.343910	-19.898306	47.736958
	10.500751	17.541592	-17.483076	6.148169	35.835077	-32.761533	19.280670	6.544579	56.836654
	-13.238602	7.983175	-12.699318	-24.757781	37.581346	-3.953705	-4.992897	-22.961753	62.636291
	4.122438	10.899836	-17.161547	13.657622	18.882036	-32.536692	-3.476995	-5.388285	3.085719
	-2.721278	-4.456475	39.036822	-51.282457	-17.317325	-36.933376	-30.232606	18.112996	-2.075779
	-27.770002	-2.080337	49.489925	-26.869310	-8.290285	-16.228223	-55.973804	19.381587	40.778154
	-10.246428	0.522213	10.748042	-3.585832	-7.779123	0.283205	-11.219028	27.273076	-21.548586
	8.049669	-18.452642	16.139090	-22.071256	-13.772730	18.608586	-19.206569	18.755909	4.107323
	50.825508	-4.825246	-13.202151	6.949630	9.425862	28.363296	10.133160	-6.078917	-15.995651
	0.917889	-20.651431	-19.737999	8.472952	5.142791	3.966160	-23.855632	6.032690	-6.912712
	25.141047	-13.584316	-36.320816	4.859052	-20.555075	22.169182	-41.147735	5.313132	-3.969406
	-5.534005	8.377852	-27.445470	3.787879	-5.297069	-11.751013	-13.905987	-14.711224	-15.401773
	-15.957815	-8.136341	-30.638541	-11.773745	-40.863161	47.198141	-40.267437	18.118349	-17.334594
	-5.714088	16.725508	-3.962786	-25.758041	-54.556991	50.561422	-33.483676	13.028190	-17.246468
	-38.297527	50.526583	-2.080292	34.041984	-29.038727	31.860610	-13.288130	35.188407	-8.682870
	-20.866343	54.617221	5.626511	-9.460535	-17.218283	18.218864	-10.988719	22.764863	15.532572
	-37.152382	54.319798	-11.317768	-19.864431	-18.909356	0.033938	-9.187054	9.835340	25.497299
	-4.582473	40.807270	-21.411577	-24.728620	22.608153	-3.798613	16.901334	-5.814577	2.467079
	5.389216	8.578118	-14.744727	-34.505375	-1.827132	-8.355189	5.710311	-7.711903	6.349107
	-10.002913	4.025655	-37.196820	-11.064134	-7.397721	-18.124631	3.830291	12.696693	3.100628
	14.051828	3.403728	-46.089850	41.633240	6.259190	-49.099929	35.390729	2.889571	10.080370
	12.130209	-3.008094	-48.731437	30.144955	-31.610332	-48.016462	4.630415	9.180557	11.188472
	-20.501491	33.148432	-72.126731	25.512403	-24.870601	-36.041879	30.615784	11.916066	-39.024549
	-16.730722	58.995484	-74.790275	69.873021	11.572078	-21.251030	42.220721	13.274333	-46.896311
	-20.917446	23.427539	-89.112893	22.886243	-21.121944	-26.346860	-16.000287	10.024183	-58.022503
	-9.527345	7.472955	-73.228509	61.079589	-21.186024	-30.615326	19.417503	7.198422	-74.037362
	-38.903171	-6.837612	-41.157009	63.071171	-24.690826	-66.797048	19.721697	26.972080	-101.576843
	5.234420	-48.919370	-54.829577	-0.502207	-27.872835	-19.596376	-21.904271	-1.270694	-10.519695
	12.463529	-34.836030	-51.875582	-4.835523	-17.460428	-5.645420	-10.701828	-9.369504	-44.701122
	46.948165	-61.304685	-40.479738	-49.334401	-24.826382	3.104602	-41.336951	-23.522203	-19.203104
	19.305860	-82.642679	-74.662299	-35.326804	-10.867538	-16.310025	-9.601398	-28.695202	-4.330908
	18.004661	-67.006583	-83.385454	-19.437893	10.871653	-24.698221	36.350797	-0.814678	-28.821101
	18.855130	-62.244227	-25.569916	-16.650244	-24.397971	-22.354329	4.961972	-3.807309	-12.126912
	20.565418	-39.137022	-42.371272	-25.668857	-45.142454	-6.005592	30.916223	-1.050579	-15.232225
	4.361220	-12.417501	-52.080885	21.085889	-9.409338	-51.834231	31.961919	-0.693665	-28.828915
	-23.133128	-18.362835	-40.936502	27.701246	6.177379	-43.827389	21.509584	-5.694456	-59.297010
	-6.679916	-6.585575	-55.134064	58.269021	-20.978142	-13.872228	16.618110	13.898894	-40.694959
	-3.272169	-4.997697	-5.229737	32.094752	-7.186539	-37.777622	4.240951	6.140405	-50.080999
	8.944314	-46.733183	-8.091816	3.853604	-65.004492	-8.966552	-21.582145	-4.360583	-67.874189
	-13.953480	-24.042608	-29.806594	48.525464	-19.570536	13.559050	30.600837	1.004858	-37.715761
	-23.364056	2.055292	-55.760652	75.024362	2.204525	-10.590756	26.373238	-11.892082	-33.107222
	-20.595234	-12.446825	-73.453030	20.700526	-25.582847	0.990642	-8.843615	10.503443	-27.192814
	16.810311	-10.662205	-123.295361	30.940802	17.254158	-4.141043	29.255568	13.428166	-62.566220
	1.712134	-17.390254	-90.864350	12.289204	6.347171	-13.694017	4.157895	-4.030396	-44.515629
	14.287252	-38.312937	-60.242178	12.609474	-30.114480	-9.685620	-2.283728	10.212050	-68.795423
	-2.282936	-25.484280	-87.477068	35.202262	25.990264	-32.540285	63.526445	5.308808	-40.882496
	1.331607	-41.308289	-43.646934	-10.883823	24.136186	-15.937503	16.021158	-22.727702	-22.275516
	1.023382	-48.603634	-15.113377	7.342846	-9.720143	-46.027701	-7.257442	4.289165	-40.584735
	35.124216	-16.149727	-18.644357	25.924972	6.693766	-7.814161	28.742447	14.968156	-3.214863
	10.722934	18.588206	5.053415	21.795276	30.651873	-19.800613	47.225814	3.893391	-21.808446
	38.469150	11.440367	24.611186	-24.412658	-10.637622	-2.734499	-8.356486	-1.541128	17.374154
	0.024851	7.060090	-24.472164	-0.710615	-39.411840	-36.964930	24.059188	-45.652666	-12.097055
	-2.731681	36.214232	-74.497300	55.352393	-6.866915	-50.255323	54.282489	-5.389024	-8.026407
	-0.628084	33.563917	-14.687511	45.674332	6.214566	-49.575754	51.211019	-8.728217	-18.600426
	9.775766	7.873711	17.444479	-7.728390	-55.293563	-10.737762	15.791306	-6.193204	-2.909627
	1.622793	-31.391292	-13.525537	-28.905471	-62.214366	-26.093465	12.533397	-19.196791	15.658707
	21.420785	-10.491808	-0.583460	23.501367	-23.642260	-9.531590	37.500938	-12.670668	-12.465711
	41.036258	6.400315	-24.765667	40.344758	41.609480	25.568960	67.436835	14.594315	62.954369
	25.518884	14.043537	-30.250564	8.391176	53.279624	-24.193393	34.892142	5.419983	15.222659
	-1.868630	15.171258	-17.772394	15.400954	52.561098	14.956744	39.365271	9.336498	59.423296
	7.473099	26.455223	-22.826874	27.561532	66.095727	-30.982377	50.694882	-11.658282	54.903153
	-17.409378	4.524855	-37.890122	22.962897	5.722293	-24.209705	30.732128	1.074521	31.004938
	1.269608	-0.370990	-23.523140	20.200652	1.702702	1.657454	20.826279	2.940390	46.849923
	-22.497021	39.063701	-21.901397	97.394571	31.562945	-50.175713	93.848173	20.280260	20.657034
	19.068579	8.440025	1.399265	60.759733	9.883152	-18.866469	38.653287	8.061258	-0.717464
	-14.784358	-17.742257	-33.787012	55.256826	-15.884926	-0.171414	29.030661	7.613985	12.584742
	19.097073	19.530950	-21.230595	37.577728	28.465262	29.033839	36.085825	-9.376741	31.916349
	12.075099	30.107190	-73.849946	24.246252	26.142524	6.242746	19.249316	6.370194	5.371162
	0.782065	5.520488	-22.917314	-29.659491	7.681414	37.851002	-37.854665	-16.006709	-1.554728
	-16.239665	-1.569715	-26.838932	-36.326202	7.763153	51.163833	-47.157607	-0.883423	25.763049
	-23.596194	-24.682692	9.819457	-74.104725	-28.477793	36.588875	-18.919176	-1.400674	29.811280
	-32.874301	-70.208522	22.339944	-120.314616	-93.141199	48.077765	-53.415406	-46.295205	18.444696
	-1.309187	-58.282207	26.304854	-77.173089	-72.107189	45.583643	-66.627600	-53.377772	39.541239
	12.874868	-47.036434	24.752818	-75.020139	-48.738406	59.539185	-31.551196	-17.190209	-18.281306
	20.206607	-46.208717	32.796822	-82.657617	-28.081688	72.499969	-9.508547	-36.436259	49.539878
	5.481738	-27.271386	17.956757	-29.118253	3.755991	65.619776	-21.708023	-24.015768	54.006589
	-2.771618	-30.991910	23.411260	-59.696238	-50.256848	72.658943	-41.966951	-11.813007	48.268966
	5.226253	-44.803257	76.947254	-78.749456	-78.073392	40.540856	-84.848965	-10.176814	-10.262671
	-5.408122	-20.716788	43.664139	-20.438543	-37.971360	68.503351	-19.454218	6.103272	-22.156459
	-33.676999	-11.707117	22.200557	7.440888	-10.547664	52.796083	-22.377786	-16.658037	2.347617
	-14.680306	-25.613712	18.949432	-24.636454	-5.363967	65.631719	-12.961688	-2.938207	17.373019
	-5.920148	6.909396	4.749483	-19.463851	0.590236	51.061045	5.518195	-6.919925	3.171910
	-22.402838	13.369640	47.729371	-34.301890	-18.114069	47.878505	1.807401	3.803925	5.153232
	9.254984	-7.041508	49.269529	-37.396313	-0.514854	37.126520	9.033308	-16.600109	28.991407
	1.286998	22.858208	33.114985	-32.080060	42.243398	52.371683	4.989684	-34.534610	34.048200
	6.890419	2.135860	63.191345	-16.064071	-8.655420	51.749268	-13.359677	-10.715537	18.019094
	-13.901100	-15.957349	42.394137	-35.716283	5.461307	30.386044	-49.817795	-17.214533	35.571974
	13.224493	5.089622	40.697679	-17.360458	28.499811	56.450837	4.146379	-14.429179	16.803819
	-10.795008	-7.004860	39.178623	-36.654892	-3.792462	67.549391	-28.682954	-18.079591	18.525580
	-14.953762	-27.420033	20.916565	-28.583302	16.797226	66.169226	-22.415161	-25.077528	38.132941
	-3.009744	1.405402	78.037301	-26.423913	19.884901	41.707270	-34.448093	-14.860684	10.552160
	33.618565	-0.302670	41.540056	-18.713168	-22.480466	45.674857	-34.742050	35.014767	20.734886
	4.237164	1.792345	26.964000	4.007874	4.418948	35.662354	8.058775	-19.854437	12.093105
	15.090648	55.790120	18.329133	56.949051	30.224731	40.083138	12.723210	45.393539	10.783483
	9.468209	39.477298	29.443432	19.033742	13.491169	16.262838	-8.013350	4.570235	-16.445943
	9.414131	41.897037	-0.387486	19.613836	4.612535	-15.197933	5.886906	20.548253	17.012162
	-15.651056	34.075902	12.864488	21.555827	-37.701832	10.445369	31.087909	-5.790941	0.536233
	6.470916	16.853827	14.001643	17.172258	-0.661476	-38.534330	13.507312	13.961266	26.788155
	13.096104	31.623463	24.614705	59.158086	28.837517	-56.209151	10.070883	21.656093	-29.402053
	9.202117	34.859004	11.310492	25.415201	54.340837	-23.748031	8.142663	-2.185362	10.814380
	8.072439	32.713457	0.680152	35.467162	76.786455	-59.195903	18.712306	-2.625562	21.582478
	16.889726	46.915792	19.156253	31.967046	72.527715	-39.233596	26.751629	9.468915	26.146829
	15.243309	8.150385	-20.391118	5.123342	45.704978	-18.237901	-16.102004	20.590671	24.458611
	27.032343	-36.149096	-23.053076	-28.276562	55.937240	-45.819722	-27.475663	7.609016	42.098449
	23.172848	2.594843	-23.709213	7.899273	60.457749	-59.629503	15.454683	25.789710	-11.144061
	-4.049548	-2.030889	-10.980343	-22.728255	30.375059	-36.387093	-5.279435	8.813183	5.542941
	-16.179223	-15.057849	-3.605706	2.808010	13.486215	-27.611011	5.479985	-8.854009	-3.315642
	-2.036915	48.142380	34.051549	60.218826	49.501750	-74.810677	59.103449	14.984874	1.325235
	11.592831	28.914198	50.488446	31.064980	36.054319	-59.281294	49.365105	-27.258542	11.958248
	13.898572	5.327353	57.556905	13.935853	62.477554	-44.387238	48.498018	-9.618294	20.989611
	-1.469518	61.013018	78.492487	21.110364	63.771281	-31.707530	28.492952	-22.157217	23.895724
	-20.015493	62.210731	88.763929	-10.939471	16.500374	-46.176503	12.550397	-4.651148	13.224813
	-6.506422	32.203565	35.777047	-14.681127	33.362306	-53.422922	10.865950	-7.597468	3.975128
	-12.260926	25.813570	-11.891352	16.890508	11.866375	-66.161638	26.525086	-6.724568	7.157971
	-11.206621	14.325685	-65.945584	5.819690	13.126235	-34.441087	6.335673	-3.410174	-29.709858
	-17.655310	10.963804	-18.858958	26.551829	40.811319	-50.523508	10.430908	-6.351058	-1.673243
	-20.887001	40.112322	-21.807694	46.448502	-23.986304	-16.050846	8.737148	10.575770	-46.554991
	-1.914261	31.458983	8.903988	19.774559	11.468261	-59.825557	-9.686900	20.638634	-49.891380
	2.743017	12.888317	11.789470	5.484046	0.723710	-35.061240	-6.359416	11.609026	-41.930656
	-11.469817	28.586461	63.878751	39.699159	15.253021	-40.540699	15.389853	12.546834	-54.315686
	-7.050282	32.982754	68.054605	13.890174	33.132480	-24.655134	18.625795	-34.555922	8.332752
	-0.492343	48.535878	-2.337322	39.018455	82.292998	-69.558162	23.915972	1.892408	16.405516
	-6.966230	80.729522	-24.661586	50.756961	84.476035	-61.541748	45.807985	12.114282	-2.609315
	-10.388421	54.561948	4.332686	33.159528	80.517766	-100.582519	38.219618	13.136948	-16.649080
	-5.577307	66.298493	-11.699379	76.230808	77.407118	-62.927691	64.215772	36.864370	0.110070
	7.214727	37.894858	0.434653	36.536418	16.321713	-63.917662	34.919160	-8.139026	-12.858176
	-10.514384	0.476867	-18.961686	-4.046989	31.764058	-38.242229	12.471883	-45.059172	11.699718
	18.965443	32.965255	20.420983	15.289444	31.670883	-30.473420	-0.818782	-16.489682	13.228365
	-11.985176	52.204511	50.586321	2.086459	30.158003	-29.905711	-1.821775	-16.084966	-38.987099
	-9.817050	27.636630	29.057418	0.265716	54.159319	-49.180008	19.431777	-17.072835	29.859035
	-20.314335	33.437751	14.546279	8.242341	50.869592	-47.626887	10.030637	16.954221	-19.001530
	16.014898	0.296758	57.249890	-12.872126	33.459087	-29.979852	9.760964	-46.664201	-14.700434
	-33.926011	11.723874	61.849846	21.805455	20.514246	-73.977302	-15.226142	-11.159429	-38.281558
	-0.631365	0.337273	92.823053	-18.633665	-26.886124	-0.058509	10.652951	-23.998648	-22.169083
	20.458163	-24.410543	67.459564	-24.148449	-32.698775	5.551446	-38.171928	-32.331345	-3.184601
	-32.359631	-10.421713	42.372818	-16.312029	-21.450908	5.964219	1.952431	11.915928	-4.539590
	-12.968750	19.106917	21.783784	-11.821185	-11.277723	11.128208	16.545085	-1.299019	-10.521684
	-19.318997	18.574111	13.244291	-29.830101	-19.607732	-33.451934	-14.755943	8.599035	-17.284848
	-13.058255	24.482806	8.165569	19.505630	17.472839	-1.692502	31.176974	25.796925	-14.421240
	-8.570773	30.645248	-76.116246	41.446312	-2.340598	27.007206	53.787198	5.501367	-3.081876
	2.407593	5.426160	-95.110974	8.820396	-16.382648	-7.095293	14.601409	14.192302	-26.965501
	4.878338	33.228094	-61.999169	45.519458	-27.297486	65.907716	5.882350	27.948973	-2.834040
	1.856797	27.783447	-9.190994	28.705620	-25.415848	33.864705	-11.964746	6.438488	4.464219
	9.712720	-0.668520	-32.433064	-0.919422	-33.171530	33.044762	10.589537	15.040810	-8.848060
	-14.142994	39.788436	-8.589431	60.506073	19.587144	9.767822	49.345724	18.830859	-14.227735
	-36.138312	12.785321	-26.521113	33.287288	16.606561	-29.017172	23.627818	3.173747	-35.015533
	-21.902591	0.256817	-45.933048	17.149507	-15.323898	15.737518	-13.203782	24.935953	-10.240773
	-7.932881	14.238637	-35.517931	37.748189	-30.436554	45.574739	-12.796385	30.411002	-32.647338
	-8.765977	-7.632067	-21.639693	2.613813	-54.235624	56.445235	-29.738374	17.034711	26.165165
	-10.068720	-6.933723	-49.528333	32.177107	-45.689347	76.934151	-2.864323	26.569308	-9.102483
	16.122132	4.104361	-54.583189	51.698848	-25.256897	48.785595	1.168208	50.292454	-40.803590
	-13.506899	0.803009	-41.471510	53.229741	-67.601662	15.197428	-19.323744	24.242794	-22.310807
	19.715725	-26.622742	-3.627670	10.629747	-54.187725	28.522185	-25.543929	20.880964	-39.511756
	-8.255680	-4.094917	30.609021	11.268713	-0.152261	28.147994	-27.578760	0.302112	-4.234528
	-3.426862	13.761173	21.540640	4.708174	22.338460	22.009825	-35.601803	5.886248	-17.689983
	6.012988	19.878368	-6.863741	32.488790	36.138053	1.489717	6.605358	-10.557045	-16.035288
	-23.090446	6.975491	5.025642	19.178604	27.251827	19.299317	7.504459	-14.706880	17.533499
	23.378171	-58.987560	-28.180732	-35.808161	28.069251	44.656895	8.529757	-28.400544	69.802401
	31.169048	-102.571671	-11.534192	-59.474009	-14.689266	59.159203	-1.021847	-41.193370	84.131431
	32.416442	-78.221817	12.771428	-60.259674	-29.208547	47.329459	-16.931862	-33.738329	98.393661
	12.806959	-92.853362	21.913008	-99.823765	-29.673531	72.724585	-20.353552	-17.584292	53.891207
	27.425755	-70.746484	-28.176270	-53.879811	-44.924740	59.734018	-37.258839	-27.127403	64.829643
	-1.119057	-53.061918	-15.369511	-15.277612	-25.967434	45.524008	-56.128617	-12.647204	52.976673
	-1.681699	-66.873565	2.271078	-53.793862	-1.003274	6.351985	-27.146523	-20.666786	49.088553
	2.609644	-39.069715	14.205891	-1.266502	-13.384120	12.079180	-39.035933	11.354685	15.641727
	18.701701	-21.357992	17.308955	-57.239239	42.127411	15.658259	16.901212	1.075247	23.047079
	-18.958244	-30.637877	-7.674316	-46.475602	1.090153	44.445458	-28.081009	13.417045	22.493213
	-6.367925	20.087812	58.537994	-92.179629	38.323152	-32.242867	-25.739766	-32.211877	36.338184
	1.910370	-11.925520	69.065471	-73.349979	21.627544	31.805564	-39.544789	-40.799202	88.828057
	24.434124	-2.890997	46.885056	-48.128512	15.453593	16.706652	-4.219582	-4.660760	36.971805
	34.418058	-11.663931	66.619755	-37.200357	36.300798	21.878610	23.964370	-38.940084	57.515965
	16.329130	-34.447656	57.284510	6.684858	-10.119596	3.668411	1.998977	-21.972577	37.350143
	17.126509	-27.818690	48.169072	-15.670136	4.116209	13.972165	-28.876260	-46.898542	11.990496
	41.529151	-1.647255	71.388005	-66.468733	-4.135960	-0.662790	-4.631110	-30.307866	14.408792
	0.438977	8.655108	47.541213	-47.421274	-7.439557	-22.682753	6.588568	-49.747056	9.853152
	-1.782243	22.392254	33.814600	9.028667	17.677578	-65.385121	3.250253	-35.738435	-30.086695
	19.218981	27.371568	49.089707	1.864948	4.665540	-40.853114	12.161670	-19.573700	-19.274139
	-20.523402	49.625797	59.200397	36.419747	28.222905	-53.549883	17.461787	-15.651806	-27.855277
	12.390584	48.748229	44.825797	39.649243	36.514089	-25.844356	23.608873	-9.828298	15.941450
	-24.440435	31.570128	-15.997796	29.104855	12.789199	-9.393762	11.219550	-16.086051	-10.915224
	-44.210713	56.591190	-13.370521	49.069560	-2.177697	-24.830190	1.562369	4.728477	-8.551639
	-2.423622	55.170185	-26.503358	27.945538	21.907482	-29.465896	5.592713	44.165358	-23.323187
	1.795868	64.489328	-42.602046	33.971124	-17.467788	0.837705	2.521135	31.738096	-58.894636
	-20.768780	65.596659	-50.911370	1.149232	3.251648	-36.005313	7.104858	32.037889	-46.348686
	-21.541964	71.297550	-17.752464	23.896720	-11.564665	-16.957879	3.265126	37.067741	-20.456847
	-14.507542	45.091536	-20.387921	23.779692	-6.404160	-14.130195	19.823781	23.191943	-53.508722
	-8.622229	45.901641	-15.944628	62.977105	-6.639417	-17.299841	35.639145	18.698560	-20.726941
	-4.385276	8.715418	-25.702147	69.842843	29.872087	1.636176	48.266559	13.785897	7.196471
	8.968066	-7.551997	-37.587799	49.197691	-7.172229	4.362400	18.170923	36.887974	-6.371758
	21.223205	19.085011	-44.418512	69.377659	5.328794	-4.715367	31.575608	47.410326	-3.571424
	11.049978	33.975135	-69.784243	94.784889	15.453324	-15.870047	27.645461	-18.310412	-4.783124
	33.435242	-23.803656	-46.054218	47.939082	-49.743496	7.736704	14.492660	4.416973	2.856693
	29.326299	10.414631	-42.640820	80.704349	-27.217015	-12.402814	44.081338	33.991547	-22.878912
	3.029772	-34.674723	-4.371859	57.420561	-40.926417	6.061962	15.237040	18.365318	-28.895553
	-5.039068	-37.931919	12.990427	40.957534	-23.079018	-17.265322	4.037217	37.409420	4.981728
	19.771521	13.797762	-16.732675	63.352431	34.733213	-29.736769	29.418995	33.755779	-8.328030
	8.277660	-33.467178	-32.395926	-0.266765	8.118689	-23.255017	-0.175354	6.493597	-24.524958
	18.565910	-26.621377	-37.291676	-37.608022	-0.050143	-23.005554	-29.785038	29.271587	16.939348
	-0.333777	-47.201640	-46.533860	-44.158848	-21.231090	6.312128	-15.419007	20.247887	12.021181
	-15.595915	-32.299291	-13.516468	-33.238339	-41.821379	5.035120	-40.708163	37.116978	-8.552958
	6.266507	-47.429031	-6.269187	-75.093137	-26.000339	45.866241	-58.446091	20.399208	31.046394
	32.064745	-24.551056	4.869372	-16.570530	-48.291716	52.765749	-30.116774	7.023219	12.013306
	-8.106381	-21.187179	49.443434	-7.624552	-19.786406	25.391543	-32.177470	15.047830	-12.913235
	-1.849117	-40.865884	-17.278379	19.711218	-105.002518	49.556953	-25.222783	40.285116	-56.991131
	19.164208	-36.495648	-31.102828	6.577458	-43.921964	50.110743	-31.440780	1.866903	10.957845
	-30.111006	-14.007526	-38.733702	-7.965082	-31.751499	31.186750	-38.163311	27.992031	-14.453221
	-27.282187	-27.795791	-6.424492	-20.969178	-39.986251	15.466207	-24.091708	39.516477	-22.565845
	-29.691204	-34.158495	-7.149737	-14.171344	-17.357433	30.308604	-38.264881	16.622041	3.558040
	-5.002335	-38.097960	-30.508234	-24.711837	-22.504313	13.035935	-1.899179	3.827761	-7.041663
	-10.022274	-45.416766	-56.329846	-29.157179	-55.067593	51.986359	-41.027601	20.287249	-14.848772
	-7.028284	-16.056637	10.657599	9.229664	-35.971569	82.392419	1.566479	51.345594	-5.623743
	30.061598	-29.074724	-2.081240	-13.130878	-58.662200	66.711871	1.362986	18.388364	37.456733
	17.735568	-65.988803	37.262216	-2.571310	-62.422643	70.325938	-19.578311	32.817409	22.005211
	-26.016050	-56.416673	4.254819	-28.781072	-73.668736	87.471676	-51.247072	1.738152	33.819939
	-19.373582	-18.697701	22.638990	-55.279260	-17.284932	77.808251	-33.167004	-11.035880	46.440909
	-26.478555	-30.522643	23.007690	-92.703158	-22.609209	81.052253	-49.607233	12.006282	46.116338
	-27.346255	-20.397798	24.456079	-88.941623	5.739811	36.180149	-59.003543	-22.756205	22.259265
	-51.704461	-31.315623	28.280951	-115.996187	12.955398	10.118439	-61.704039	-41.405547	43.650723
	-48.052802	-11.702969	62.483996	-97.532900	-2.091006	18.938740	-70.167078	-43.591627	18.861685
	-21.233404	-0.657370	29.855384	-74.427795	-1.244418	8.718899	-45.468693	-10.404758	21.516781
	11.407716	6.352225	45.205322	-60.651554	-9.761373	2.775517	-21.904106	-2.677938	-37.872975
	-28.507527	-5.278122	10.713652	-59.864104	-23.515673	-26.152378	-36.271153	-23.491909	-58.133424
	-13.572921	-1.752521	-24.538102	-54.228461	-24.257510	7.200337	-46.600247	-18.953746	-39.833225
	-38.613651	-44.569487	-21.140770	-93.797349	-19.612450	-6.444319	-67.755150	-53.953262	-8.424405
	-44.949145	-25.202529	12.596104	-88.679181	-7.825040	25.455600	-13.959417	-33.158623	18.193943
	2.122197	-20.141070	48.924106	-66.402200	-15.478271	23.576035	-23.344824	-26.813293	9.839960
	-7.927531	-5.986234	9.990075	-58.620830	-18.071533	13.703404	-36.019519	-25.776907	-17.225948
	-7.884673	-12.174105	-30.314466	-57.943330	-54.668627	16.516873	-47.537408	-17.933815	-4.449428
	-28.330962	27.293930	-45.716901	-34.298583	-58.926152	-13.860005	-50.965418	0.566102	-22.129666
	2.353719	35.310311	-32.256512	-8.805858	-92.355462	-31.451655	-30.615347	14.001738	-102.842696
	-22.712375	10.832061	3.257327	24.496283	-45.068015	26.065472	-39.728498	-8.527548	-23.447556
	37.803689	-32.355707	-29.526495	46.524557	-67.290255	20.194613	12.771486	-14.666002	-11.240543
	46.926668	-59.330960	-6.731892	56.035718	42.066030	28.892591	63.842992	-4.449549	-1.944162
	39.180480	-71.184781	-27.228786	43.999247	62.508543	-2.974085	97.946470	-26.452213	62.829083
	36.820914	-56.194211	-80.205372	24.901157	32.521312	-54.302274	79.608180	-9.082413	27.270216
	14.171906	-44.532128	-110.269834	33.582786	12.408665	-45.180156	60.922500	12.692515	20.682190
	16.815809	-66.059431	-96.490042	44.575178	-15.636004	-57.283388	53.465329	16.017651	-9.886329
	22.995567	-26.559249	-74.420412	66.857259	11.949423	-57.561096	44.115869	16.759580	-46.134346
	6.351212	1.289955	-38.746165	60.571222	-14.245029	-44.117403	45.338061	33.716266	-71.252974
	46.144203	19.772494	-8.244854	61.993651	35.121065	-19.178360	63.830876	12.306969	-16.227612
	31.243611	-10.698413	10.737815	51.097748	-3.602925	-17.322627	39.346274	34.191876	-11.234173
	38.314617	-39.924199	25.624306	-3.124695	36.213754	31.036185	33.083982	9.202406	57.616306
	18.669274	-56.298203	28.275294	-7.449003	56.678766	15.040293	31.667821	-1.350261	82.034056
	18.784070	-50.005628	16.371242	-14.967643	59.691171	15.948644	55.381264	-26.392396	76.268711
	26.552418	-23.868068	37.921911	-24.495625	81.198745	-14.405394	52.012540	-54.901508	43.721472
	27.762539	-30.813764	-5.010186	-12.660734	99.958548	-26.181209	14.610366	-45.622012	49.379094
	16.679431	-22.252759	-50.792512	-18.129960	107.837630	-54.003771	32.277359	-59.813089	-3.118927
	-5.755417	-15.118589	-84.299024	-26.846770	100.539669	-75.288341	27.036935	-58.953616	-25.431025
	10.395743	-7.842892	-111.984725	0.560135	89.775626	-55.438133	49.793090	-48.421602	-32.606278
	-13.447183	9.794235	-65.326523	5.040184	64.732658	-52.481880	31.686231	-38.702332	3.242017
	3.876722	-0.255433	-46.124680	-31.806341	74.872562	-63.265560	24.610377	-50.748817	-13.992253
	20.630149	-22.719180	-53.855763	-34.150406	28.338023	-18.294623	-36.364578	-42.997601	-37.985691
	28.739410	10.198738	-27.290280	8.773010	-3.533440	-19.975021	11.540627	-27.029244	-11.149701
	12.116182	17.985522	-12.378847	28.324361	-47.713423	-7.063526	13.761298	30.331050	-48.984642
	18.679266	32.112384	-27.085283	12.407087	-71.562664	20.306447	-26.697404	14.717465	-57.668334
	-40.446616	33.616966	-39.449843	33.600211	-84.130654	22.909674	-29.710999	14.093291	-59.065807
	-28.781918	29.466844	-35.634421	22.448923	-81.235317	-6.511760	-62.868071	40.955622	-92.724869
	-23.063108	25.682702	-47.610375	21.618089	-76.793580	15.141767	-54.997828	37.567258	-86.796555
	-60.344808	1.592775	-6.428047	14.044385	-73.347891	21.330287	-29.891279	-10.319760	-48.035568
	-17.118708	-10.409179	-28.392941	33.625826	-90.042552	30.346966	-40.966061	47.600649	-111.088475
	18.504318	-14.754801	5.789644	49.595642	-83.957422	45.117791	9.249056	19.342447	-55.759680
	-10.815650	-22.976142	-37.450513	36.087277	-71.545585	37.347038	-29.181472	5.998635	-62.138255
	-19.970063	-1.589668	-34.638552	58.248530	-73.995774	27.483531	-18.349214	16.460183	-60.045532
	-23.249308	-6.247590	-33.225876	54.168051	-51.448231	9.152623	10.723893	37.863306	-20.888348
	9.414865	-30.130328	-14.940312	33.300786	-28.118545	-1.693303	-8.806229	23.202621	-10.492380
	-11.598438	-10.733672	-1.412430	60.197036	-53.061529	-43.761906	3.525410	-4.913876	-46.598157
	-8.221985	13.259786	-13.842358	79.745176	-68.358117	-47.604156	11.643450	9.868358	-21.447256
	8.647414	68.238250	-5.113011	91.452632	0.585114	-63.963434	64.232808	3.302828	23.229308
	-22.362963	7.502683	-1.701530	56.358025	-60.455269	-0.503854	-5.959529	25.041787	-43.726119
	-18.590491	49.927182	35.206023	1.334946	18.251886	-37.916493	14.624177	-16.028878	39.831394
	-8.928173	59.043972	85.711305	23.069408	4.780431	-22.374117	-19.471933	-28.755074	6.462339
	27.823943	61.465557	33.997708	13.940301	17.116481	-27.342429	5.358431	20.006117	3.472865
	29.906008	57.515620	46.713707	5.107317	35.789346	-46.251690	4.304650	-28.189687	5.094276
	-13.906678	63.307398	16.829925	39.658668	20.696669	-30.086833	-9.617679	1.319883	-30.814630
	3.630667	63.390313	-1.948680	39.694373	33.436223	-58.749584	39.598623	4.458198	-32.534852
	19.235439	36.052050	-16.144059	23.971760	12.715040	-77.565711	13.060433	26.584954	-36.533896
	-2.252397	22.843004	-35.820493	8.691220	74.548106	-38.122521	40.607314	-30.695675	-8.372462
	3.332744	9.547501	-26.954844	-5.875792	81.034501	-60.578258	1.874103	-26.378613	-11.026682
	9.670698	41.657762	-15.221170	22.718603	11.683568	-45.490847	-1.063461	36.050829	-3.668816
	4.458360	37.278293	-19.108428	31.593748	-33.697613	-22.809673	-1.833563	-0.802305	-17.809812
	28.413441	43.817604	-51.013830	29.598103	-49.660017	-29.435003	25.790594	3.413271	-43.620051
	0.023600	69.130784	-9.723041	35.308938	-27.847449	-30.013809	16.476018	51.270545	-52.057189
	8.906844	55.221210	18.299565	31.378279	-17.736143	-26.019998	-12.904082	40.053497	-20.930461
	17.584120	68.589336	26.331723	9.361556	-0.429698	-18.200490	16.563964	12.699017	41.944245
	-8.575440	76.994568	137.143499	49.100805	41.293519	-9.308173	46.122300	1.891098	34.458797
	14.693985	58.395093	86.638832	23.892247	32.351965	15.743705	51.559906	12.510910	59.751432
	12.818762	53.921109	110.820024	-8.994859	43.124181	-2.055418	27.694599	23.366431	42.842898
	8.832904	25.091836	118.386800	-47.988377	48.569214	-5.203471	5.640662	20.713400	61.887271
	6.698371	-27.449431	75.580038	-23.988191	16.978482	-5.400089	7.463981	-22.339493	78.654980
	6.800249	-59.650304	16.152807	-25.596517	22.447019	-30.300692	22.827347	4.144244	75.235973
	25.080614	-56.601773	-3.723153	0.049723	51.443013	-21.141777	49.014985	-4.395285	33.160687
	-5.983645	-54.516551	-56.324950	15.892726	26.130778	-33.160223	77.661074	-8.292155	26.452484
	44.706456	-56.249175	-48.764400	-20.975920	62.055491	-26.186433	57.609835	-42.773749	57.732544
	35.930139	-54.211604	-21.290088	1.914836	60.431256	-15.445068	70.573925	-16.475294	73.887089
	35.222309	-53.536434	22.164773	-0.119368	24.231789	19.455728	55.107507	-21.010329	60.381779
	14.484231	-50.635691	15.172328	-7.452688	13.730683	4.369408	-4.035804	-21.404266	79.652245
	37.644553	-57.086002	8.585451	-17.166994	10.947609	48.126801	-5.694023	-44.506202	63.905942
	12.346610	-58.476226	93.656272	-75.004230	73.680738	25.235288	6.322471	-44.533549	121.673696
	27.281289	-100.743491	52.211833	-101.945418	49.196088	37.668610	7.813270	-68.075278	138.195683
	22.426713	-96.098991	68.090258	-81.851754	44.908999	33.561932	18.678005	-91.622380	125.057545
	35.561904	-57.308989	29.497691	-56.258743	76.326541	37.025212	26.297697	-96.595534	94.831303
	20.932906	-24.148628	-9.357444	-42.510824	72.790766	-21.645477	14.942322	-57.429581	62.613807
	23.253025	-13.417211	-21.295367	-25.839485	55.478576	-28.980316	14.901031	-44.985450	31.290661
	27.811441	34.033890	-35.089317	-13.771166	119.382407	-40.490219	61.446840	-68.350730	34.992324
	-20.372467	51.769482	-45.879085	11.769494	57.772092	-32.381453	35.827676	-35.106064	6.476052
	-45.938624	49.555204	-24.882661	53.130100	1.673432	-9.434293	9.537819	-7.055491	-39.033114
	-4.935765	78.280438	-10.216399	73.147072	0.904149	-15.653453	13.246009	10.539936	-24.035440
	-36.311700	73.671286	-29.841937	56.965739	-12.395492	10.353016	19.938545	8.051929	-20.394383
	-15.018098	95.474411	-44.940095	33.268480	-18.102719	-10.396428	-1.991647	16.341319	-71.795992
	-28.337865	94.397915	-88.363223	63.462585	2.953345	-21.000937	3.961760	11.641195	-55.805033
	-19.593873	73.963487	-57.082419	73.017180	-9.712140	-9.681588	-3.892371	21.885923	-36.322421
	-36.679984	86.028661	-71.948426	69.746890	-26.805862	-0.236153	22.090338	54.348304	-46.897843
	-24.020389	104.281989	-34.351408	102.113992	-11.561895	-16.569759	2.791688	43.881946	-77.047966
	-9.373685	81.738973	-43.097064	67.527262	-22.553208	6.595671	-3.094426	34.471186	-42.644242
	-10.307933	82.793495	-44.215985	68.216454	-3.251891	-18.894166	12.987916	19.260863	-21.189821
	19.476456	92.433427	-55.665382	88.541044	16.752107	23.289515	19.513668	28.468698	-57.681625
	-18.939256	75.245186	-65.074986	70.336218	-3.892609	51.321215	14.085480	30.892829	-59.411386
	-31.677269	55.219773	-46.399224	32.803076	-25.029487	66.514686	-8.592154	7.926082	-61.089433
	-34.639509	57.538475	-62.790328	27.463159	-16.981090	45.443781	-11.614876	4.931728	-69.171999
	-35.583794	41.822739	-90.108717	49.216211	-43.983533	35.314610	-12.932845	36.085643	-43.315849
	3.681917	29.434801	-19.832095	-0.534677	-75.924334	43.147050	-39.598270	35.594718	-3.878238
	-1.528255	44.375637	-16.078167	10.667012	-24.492864	18.810049	3.706136	24.634117	28.206193
	-38.227139	20.823290	-32.013029	23.929412	-44.564500	-16.134421	-34.181011	48.545135	-15.109555
	-7.812335	57.037840	-57.385888	55.333452	-24.568240	28.121537	-21.227847	20.603224	-32.650147
	-21.573716	62.410917	-66.062134	70.230561	6.578992	21.756791	18.884310	36.224186	-27.918986
	-17.394682	58.752165	-50.489773	64.697874	-31.552875	2.124959	-1.443049	21.852126	-50.080587
	-12.989548	22.850487	-68.367396	27.598956	-45.079144	28.911405	-26.819932	11.790435	-34.503207
	-40.330758	20.429525	-68.070428	-2.436326	-57.690297	11.836025	-28.783579	25.663530	-46.636835
	4.436702	12.664749	-52.854492	33.759312	-48.840332	19.533530	-33.245998	24.567393	-49.212369
	-22.603180	-42.598723	-19.253659	-9.984430	-31.639138	31.796952	-9.253377	8.449649	-0.675492
	29.570760	-47.017888	-49.571370	-12.210263	1.972369	15.456914	24.543359	-18.002241	30.189431
	-1.889116	-30.695325	-27.055081	2.961359	-5.163651	8.104488	52.802710	4.795822	-12.591853
	22.254007	-72.737438	-18.711693	-8.099090	-8.711184	15.088768	38.765613	-21.039389	-23.301466
	24.392625	-82.193822	8.131509	1.549201	8.676777	25.365730	53.440793	-50.109549	46.960964
	30.932543	-55.591041	-12.159916	40.502551	82.555000	29.111634	84.012276	-36.610908	31.610289
	31.650162	-65.405349	-48.936919	13.386207	79.792877	1.648879	85.952833	-15.425599	-24.637956
	5.425871	-65.758655	-9.094627	-32.354762	98.788835	46.149076	75.081933	-43.815827	47.143692
	11.901203	-78.084044	11.531370	-28.532857	81.654798	21.924648	66.027257	-58.782328	58.663515
	-1.153238	-86.816277	35.639281	-17.517472	65.338579	11.946298	65.108294	-54.442704	34.606924
	10.619870	-116.797948	63.552516	-72.514655	40.653531	25.940642	28.872468	-54.569821	59.941084
	10.848766	-112.031886	69.053988	-55.901721	37.211200	43.616688	39.471739	-54.646134	42.718681
	8.822361	-90.759217	27.346694	-21.448657	10.624609	-6.612803	32.606251	-19.388091	-1.610755
	43.398721	-82.478189	-5.278097	-14.759853	43.810816	-5.653442	61.503507	-48.391211	22.646001
	33.036332	-45.475384	16.290282	44.231909	35.327051	4.821232	55.815100	-31.186232	-2.554295
	21.034237	-13.167640	-18.697533	40.989392	3.341743	-12.620387	23.480617	29.724873	-6.026324
	12.514822	-4.447057	-9.464325	14.185303	3.388117	11.536656	-25.572502	2.716719	-6.817039
	17.685443	-8.356916	0.964197	2.368689	11.302646	17.131061	-11.853674	4.484664	-9.332494
	-2.949324	-35.382055	-7.786568	-16.436335	8.002443	-24.627539	-19.163533	8.187937	8.871531
	-3.667929	-47.595223	-46.093494	-35.530917	8.761224	22.738483	-8.852030	1.062421	6.446875
	3.764489	-8.867282	18.303320	5.014862	44.421970	-8.809686	-6.877637	9.865708	5.510952
	-0.432178	5.241975	31.259371	6.614901	21.201058	-23.213207	-9.354896	5.037027	25.999867
	-1.913312	35.298999	30.736787	0.726696	5.913435	23.934193	-2.694365	8.108235	45.552201
	-25.837498	85.157577	49.290711	56.149696	46.469503	11.516215	16.205986	18.599820	17.512784
	12.476064	57.070761	44.407687	51.630953	6.379364	31.257297	11.887781	16.520853	23.894046
	4.376918	34.071442	69.970009	19.777020	12.797518	55.567742	22.778742	14.727691	52.934580
	19.069759	29.462937	61.863463	34.884396	30.445292	44.035554	35.961688	18.289316	57.139871
	-21.816023	-22.801775	26.483149	-29.914229	-28.740847	29.723175	-78.174347	16.924665	21.956541
	5.746098	-53.315383	27.568099	-91.750541	-61.341264	13.530937	-73.358234	13.470429	5.360776
	4.798368	-44.782136	42.764401	-64.665025	-26.693095	14.527237	-61.487858	-2.934684	49.526844
	-38.289865	-43.396511	27.600376	-75.258760	-24.158498	40.506684	-42.186426	8.714213	-0.185599
	-40.485426	-39.802548	-19.656069	-92.766769	-21.477096	-24.003946	-67.490077	-3.490455	-33.694995
	-40.120235	-29.465195	12.705322	-53.019447	8.694530	-7.736960	-81.476140	3.455075	-50.662445
	-14.017332	-35.232722	-7.485096	-73.943267	-19.259326	12.203407	-91.962158	2.213495	-32.977154
	-9.110714	-14.796519	27.356385	-59.354872	-59.228467	14.741813	-84.400549	21.762125	-59.256873
	-9.132280	16.039156	16.184057	-3.766194	-68.860104	3.140342	-75.225027	47.779078	-33.415480
	-20.426075	6.288070	53.354994	11.818350	-46.525571	56.812814	-55.939129	2.036553	4.706170
	-12.508128	15.248489	33.049697	-4.438544	-55.124542	59.356874	-67.080623	13.168749	-4.557944
	4.154644	21.937550	35.612087	46.842932	-66.766760	26.965026	-17.670738	-0.134501	-3.883171
	-10.661134	-7.050529	1.886695	1.358726	-75.118354	62.108236	-51.871244	20.852532	-40.202010
	-32.040757	-30.625279	23.511404	-57.969311	-96.177262	63.436480	-91.374324	15.426195	-39.661643
	-33.072324	-21.410245	32.103307	-56.133610	-30.288993	17.531231	-44.484141	0.551132	-1.134422
	-8.234984	-18.619547	0.260207	-75.672566	-71.703244	-4.228541	-88.624029	1.876517	-19.915004
	3.749783	-36.262532	27.161939	-76.502141	-23.970555	8.503043	-71.278907	-20.722218	-11.109225
	-41.221744	-15.085783	24.126575	-54.429017	9.439777	13.662867	-58.713459	-1.865068	10.227920
	-16.652878	-30.622639	19.164788	-46.592465	-38.531853	12.451676	-61.119564	19.195731	-2.489483
	-30.268135	-30.089276	45.006563	-46.754414	-33.235257	43.735074	-48.678568	5.412706	34.253716
	-1.385349	-10.941331	45.404847	-32.553419	14.998192	23.865020	-24.781310	20.267985	39.399712
	-8.480499	-5.579127	8.614948	-36.050491	-3.855307	24.671587	-32.840434	1.049895	33.325726
	22.240615	-21.715445	59.634374	-97.144311	6.637160	-6.046871	-44.937224	14.317389	8.769097
	-24.774758	-5.860229	69.441216	-41.249939	6.773280	26.831235	-9.586157	-15.336716	42.129051
	25.000041	-15.122135	67.669663	-43.947664	18.460530	61.353223	-28.418361	-11.925604	52.677033
	23.143575	-29.174897	48.667407	-54.359413	-14.689422	32.363819	-32.123945	-8.262234	63.574301
	25.359653	-9.682650	85.985874	-17.055443	-39.517782	4.351150	-13.240622	12.934349	56.587892
	15.657659	18.932470	63.173040	-5.987616	-49.718822	-0.524946	-12.828223	44.768104	29.702687
	31.535553	33.913685	55.872974	-21.495481	-18.358028	-37.400891	-3.632830	37.824181	45.427547
	5.393124	58.286117	40.463806	11.320132	-20.473933	-42.991635	-11.085091	39.079854	7.553059
	-0.586942	55.542421	55.924520	13.785807	-47.964467	-35.340548	-24.671225	51.575584	-22.168971
	-2.645543	41.281682	43.046974	14.381698	-48.981398	-18.836048	-5.126561	-5.190439	-4.109115
	28.761422	61.296631	2.852119	30.334818	-46.311445	-56.579462	15.905918	25.170015	-49.529380
	-1.239726	83.565125	24.649521	36.626514	-14.977899	-34.766530	38.114097	23.600140	5.711450
	9.736812	78.074015	-4.052341	45.280602	2.728611	-52.674099	37.678800	23.134597	4.367296
	4.210472	76.411261	5.671663	4.353644	28.453100	-90.391071	19.865042	10.397628	-31.538441
	24.771485	73.409593	-32.218167	-5.053563	28.875352	-71.055091	-2.294662	6.767423	-44.948007
	-2.890740	50.742734	-30.623872	1.524832	19.310414	-65.907957	-21.690742	15.319722	-45.358125
	-16.226555	52.215668	-39.916282	7.039733	15.592797	-62.289854	-24.834246	17.293205	-42.088189
	16.078335	39.193795	-16.726838	-3.300905	11.834095	-29.034044	6.146662	4.072375	2.539633
	13.734724	55.703140	5.280756	28.186002	5.278245	-51.689651	-7.700419	31.687285	-23.963902
	4.292945	23.850260	20.375993	-4.003109	-13.234625	-56.124297	-35.136485	25.560867	-56.440159
	9.270657	37.746071	-15.443795	-21.833740	-16.829936	-38.982229	-29.106315	25.632574	-38.889061
	13.163583	40.627426	-13.099119	56.150106	-7.380579	-43.024587	17.010970	19.677941	-3.877392
	31.264923	45.693560	-28.855814	50.906689	-10.835127	-19.236372	19.530804	12.363035	-13.207854
	43.199884	6.821906	27.497405	32.391131	-58.224423	-10.760745	-13.310659	0.826561	-41.560354
	29.932845	22.113463	32.510483	45.925073	-61.040693	28.305180	4.354125	25.336446	-19.643852
	13.507220	38.196720	-16.152633	20.016340	-21.262802	-0.236119	43.592769	3.560990	-25.501247
	3.250822	24.230759	-28.718791	-9.309831	18.512983	-19.705123	23.846105	4.312656	-2.189530
	-27.546570	-3.173068	-22.120496	-60.982065	48.488172	-12.333975	24.053567	-2.140254	-1.192894
	-9.300857	-52.243549	-12.224121	-50.010318	20.699435	-18.612594	8.978994	-53.928179	29.388732
	-4.196381	-45.208317	-30.330740	-51.978736	-16.269351	-58.514829	-23.838058	-43.369701	-52.501363
	-15.176303	-18.241935	-40.119256	-13.905631	-2.683411	-35.204413	-33.678902	-10.591056	-46.718756
	5.140495	-0.013209	-47.111430	-6.040300	-8.983583	-13.113523	7.317006	-2.949014	-58.478751
	0.485329	-16.401357	-13.740961	-29.316608	-26.381620	-9.769669	-3.543557	-6.766150	-35.138615
	-9.111922	-15.912660	-16.602506	-34.522930	22.179683	-44.189772	9.546304	6.129385	-29.589188
	-8.834221	-11.090569	-15.865460	-26.320215	32.250975	-66.114902	15.264547	10.074329	-43.489441
	3.162483	-8.780929	-1.423075	6.396830	32.408643	-49.044585	40.998970	-2.487983	3.761153
	5.426604	-23.874359	18.815290	-3.509809	43.497013	-50.248299	4.434183	-22.601952	-10.090179
	19.110165	-11.721033	35.592624	34.305314	32.086420	-44.032190	18.430616	2.274448	-10.278852
	-9.903813	6.173434	-0.821167	21.474681	32.948343	-25.252404	43.242735	-3.743590	-2.094770
	4.421316	-4.800588	-17.657662	51.227172	32.910625	21.992744	51.213581	26.410061	-5.376080
	-0.457828	18.131463	-32.606113	87.498693	6.239408	2.993168	70.895280	26.037103	-52.166645
	-5.367993	28.374645	-42.551087	71.543651	-1.863641	-20.763878	-4.369935	33.506402	-68.340793
	-2.632782	-1.775887	-56.074532	69.210743	-18.816427	26.759463	26.271779	30.246186	-41.533248
	11.668635	-2.000685	12.102481	31.056440	0.211738	12.188885	20.481696	33.343487	10.604662
	9.470525	-46.904197	3.898805	17.499338	-32.778291	-18.074235	40.611807	4.630974	10.183245
	31.104867	-78.070144	20.666084	14.842980	-10.042974	4.109727	49.179408	-2.219493	9.136060
	17.684905	-82.310585	52.619353	-3.308053	23.856693	-1.236932	43.763665	0.646874	13.849812
	-1.777986	-102.423562	-7.971876	2.299013	-6.639810	8.792402	67.207780	-46.405471	31.900179
	3.092118	-100.820199	-19.165063	4.467324	-16.891612	21.909680	43.478171	-25.679666	12.498492
	30.146481	-97.478448	40.488436	-21.496377	-27.266188	19.932233	33.929795	-32.738731	66.744996
	16.736484	-82.873337	10.353327	-22.437833	-25.474904	21.388779	16.746252	-42.020914	49.556006
	21.600309	-67.973165	58.391128	-24.024525	-16.224510	17.259445	14.646186	-59.837905	36.379385
	11.543853	-69.674488	17.639703	-26.281472	-26.780917	-0.530877	-34.664823	-31.774356	43.739674
	15.976733	-78.971312	46.175334	-43.099443	-34.798917	-2.282090	-29.699012	-41.981912	20.461890
	-7.748510	-95.897533	82.560940	-43.605434	-3.164704	24.022653	17.818814	-43.263142	34.922219
	-7.608609	-66.475302	48.330281	-26.879056	16.467393	33.866946	7.396518	-36.515010	70.040525
	-6.342480	-22.883464	11.993601	-7.334754	23.036788	9.748235	13.398104	-4.001234	13.643870
	-17.812180	39.482306	-9.166047	17.545379	-17.393305	10.691446	36.035145	-8.775870	20.100673
	-14.847161	39.333144	-12.939372	36.920390	-45.992772	21.899091	-24.448744	19.081159	-38.205038
	-36.983263	22.094377	19.694734	7.296453	-60.631579	63.113127	-24.234501	6.854200	-39.934856
	-0.306161	13.037517	27.762815	6.690441	-49.058981	51.789794	-23.059633	16.616334	-16.994217
	-11.015909	1.485992	22.291683	-14.488631	7.083607	23.501807	-17.394430	-2.435281	15.157507
	-17.285849	-12.051495	14.984975	-1.824084	30.556739	-1.014809	21.873039	-4.837583	-9.330422
	-28.128078	3.464993	16.900907	-4.614840	41.431174	34.880762	23.316684	-9.988246	-1.794279
	-25.168481	30.565065	20.662608	23.198318	39.283287	26.254047	-3.918485	-9.894131	-16.848170
	-16.464911	27.583697	16.323924	10.328566	8.557578	50.341028	29.029392	-0.661341	3.223059
	-6.528744	14.079296	53.441098	-8.633637	8.087964	37.446039	-22.586642	3.784178	45.093881
	-9.904663	13.625153	56.439918	-8.713804	29.086583	9.381186	-11.811516	-18.489827	40.468744
	-24.044816	-26.182707	65.403345	-58.271853	21.450863	34.652903	-78.114316	-18.816991	18.753536
	-13.662469	-54.391018	86.322508	-93.014416	27.835845	1.885686	-82.522015	-38.322778	34.803894
	-45.175905	-30.341530	68.602638	-106.279540	55.502582	28.847272	-58.663574	-11.120834	32.283782
	-38.725950	-38.577753	24.505850	-98.348013	58.077652	-1.366318	-69.382146	-14.169785	72.589485
	-53.125758	-14.945413	-9.299782	-81.213680	44.605335	-5.878746	-23.081132	-31.870612	32.585673
	-23.119220	2.445537	-25.971866	-56.836383	75.984274	-30.290080	-15.170879	-22.962309	4.766802
	-10.811830	0.087140	-16.250066	-30.445494	54.250444	-39.217241	-16.777194	3.240630	10.031954
	7.867243	0.696311	17.938094	-79.089545	40.289722	-12.941429	-17.442346	-14.683316	44.824270
	13.338533	-1.886214	61.889364	-7.951076	50.046101	-12.651968	19.955842	-29.509159	87.975629
	25.224110	-22.870295	67.654114	-1.419773	62.217519	-37.447014	23.826112	-2.894271	72.663426
	13.894437	-30.850887	60.346681	-23.183971	17.935689	-13.599255	15.365508	-13.708987	117.945685
	-1.124242	-26.951536	21.855719	-30.694173	8.290007	-35.469169	13.316206	-20.949956	34.059204
	-8.805824	-6.618234	43.556162	-38.269974	5.763583	-48.271230	-20.347089	-2.405541	21.971366
	-23.039775	4.538229	66.247714	-43.623206	8.128279	-41.977226	-32.816131	-12.202616	14.756270
	-34.683055	-29.013672	62.096185	-45.580544	-19.043114	-45.779191	-56.548917	8.796061	-19.408186
	-18.119356	-27.829934	47.153270	-50.754953	-0.867412	-17.856069	-50.685000	-33.900362	-12.445682
	-25.383920	-21.368390	-24.313711	-57.414396	14.419516	-21.886555	-48.567904	-18.879273	4.098013
	-20.118657	-43.027134	-107.205028	-66.787302	11.577252	-7.969321	-55.301858	0.123181	-27.948440
	-13.636475	-24.258403	-87.372492	-54.762509	-22.810208	-3.213157	-44.840202	-55.600795	-27.306467
	-29.656417	-2.892265	-55.519782	-25.025221	-24.906151	-6.642626	-20.537776	-19.022753	-24.528239
	33.955351	-22.363947	-5.988328	-15.293380	-11.347452	10.386050	-36.391957	16.449836	-6.193262
	8.047537	-15.284458	-10.028739	-6.163987	23.576473	24.759782	-20.758600	-13.195752	12.191504
	4.508317	-5.246396	37.098538	10.809066	33.746184	18.072706	2.924940	-3.344326	-16.252544
	4.409798	-32.958431	22.872795	-10.634447	5.368639	31.287902	13.957283	-24.877385	21.828011
	-28.817601	-25.613961	47.808031	-12.370637	35.213813	21.708197	2.502781	-35.374160	25.497221
	10.794134	-25.335815	58.814192	-7.910578	22.468070	25.649985	-9.825299	-20.945968	6.238641
	-6.319239	-15.885388	50.617629	-7.416858	19.235823	23.317904	10.725903	-25.513484	47.343462
	35.937845	-30.677888	69.357990	-30.612637	45.080099	25.264810	-21.007699	-13.295364	67.843953
	-5.949613	-22.891237	3.897330	-61.444616	-4.030901	34.505691	-48.502816	-29.980591	38.801093
	-16.899199	5.032266	-27.783761	-42.996719	-7.648883	24.905955	-39.141447	-17.715864	-29.168139
	-35.155173	11.135382	-35.108386	-47.109309	-24.529419	22.761765	-32.150140	1.597094	-88.283876
	-29.233617	0.266986	-36.230297	-52.696095	-42.806823	37.575861	-67.051363	-40.362405	-45.964817
	-15.562980	-2.762566	-42.600999	-24.896303	-43.683677	-9.734038	-39.257274	-15.413930	-35.595489
	-8.458231	4.684565	-61.713554	-20.844668	-37.122922	32.653416	-22.884748	-0.572204	-11.271378
	-6.742330	-3.150169	-71.011679	-12.108971	-24.893291	33.451276	-28.448081	14.269031	-26.179623
	-18.751259	35.575583	-70.788812	11.705699	10.949215	38.899310	24.823878	-6.623129	2.608620
	-10.690871	26.130608	-38.492208	-14.445173	28.064416	5.602385	-8.873213	10.659455	10.446061
	-39.026180	6.339641	-74.837374	-30.021523	56.713518	3.116293	5.911928	-26.523012	37.668244
	-3.368317	36.434237	-51.667662	7.862718	57.012435	-20.074347	23.498900	4.696115	47.024902
	-10.920780	41.710420	-58.148283	29.443665	66.595713	-6.434699	13.594820	31.050072	9.010987
	1.806724	29.176711	-55.056442	29.223979	36.372959	-13.203376	43.421102	18.709482	20.528587
	-10.080193	30.540248	-22.347646	9.775341	82.835178	-20.047683	17.650658	-7.338352	-3.178872
	-17.612155	-11.384870	-97.183040	-27.260217	40.934388	4.582345	3.746024	-7.869048	-7.325154
	7.809848	-9.531882	-86.700843	-32.031093	50.295670	12.132530	15.900922	8.109439	-18.653021
	-32.221671	17.244879	-89.446133	1.160299	40.127257	-0.092262	21.642965	-11.414808	-20.244644
	-3.923309	14.902157	-112.349141	42.714386	3.642086	-10.551579	28.077417	8.848989	-24.627372
	45.408355	31.738844	-82.101461	38.488494	22.207499	-17.345935	64.850223	-11.812256	-15.916095
	19.184497	28.543958	-82.884879	51.466414	22.675583	6.221562	33.976581	22.890494	-16.735435
	33.036116	5.871492	-98.954834	38.798288	-28.822014	-8.669646	8.461775	39.953104	-7.907246
	-1.327491	0.784514	-55.953929	9.099930	5.684170	29.286059	0.890189	7.818220	10.269312
	13.392274	33.120694	-31.738646	42.467740	-27.960091	7.218436	33.903821	30.957643	-14.391260
	32.783915	16.052023	-41.633173	65.918696	-11.381563	53.068433	57.095182	43.148407	-12.773535
	32.031054	17.456238	-31.361656	1.385212	-47.526066	-20.309671	-3.450694	16.000745	-35.141369
	22.844646	13.933838	-5.637050	9.420214	-44.764739	-10.786568	16.476244	8.043817	-59.282676
	19.566216	23.254083	21.007081	27.457835	-64.289083	0.774098	-19.133489	15.690740	-40.156519
	9.944112	42.045136	9.900361	36.365606	-58.278741	-21.045494	2.128896	37.238837	-4.046734
	-27.045757	39.667112	-4.424468	19.134652	-72.884942	-46.490599	-1.914777	0.686675	-4.633737
	-12.932279	46.429058	-7.245436	29.698663	-37.771568	-24.412528	-25.731564	25.098840	-14.375161
	-6.324085	44.664382	-14.198916	40.108911	-66.730468	-32.258420	-32.973634	42.688217	-65.101036
	2.947694	26.209137	8.867905	37.865947	-107.209599	14.303598	-5.848794	11.546050	0.751425
	15.804118	26.948299	60.146176	15.908594	-97.527105	34.605721	-32.943060	39.585941	-28.035369
	-5.063400	34.969952	-3.314777	-35.944367	-71.977862	9.431315	-33.493950	14.772615	5.660627
	3.890715	33.780207	-10.578625	-42.588095	-50.290733	-26.313225	-15.054681	14.229780	-1.594967
	16.128078	17.227527	0.226037	-29.113396	-11.602799	-42.040881	-6.884109	-4.488695	10.336245
	7.792523	9.458533	-5.523990	-15.363109	0.293714	-49.637261	-3.524227	-2.324637	-33.163013
	10.986244	6.270578	28.408091	-31.928279	-51.559902	-28.932324	-36.660951	-3.881065	0.611531
	13.082117	12.129061	39.900561	16.263163	-23.317434	-9.530946	-19.392582	10.280290	-22.895246
	13.794862	22.307751	-1.851756	14.805407	-18.768947	14.942064	-17.883525	5.630947	-24.936748
	13.446264	43.347944	-14.354235	21.320726	-40.724292	14.533635	13.446189	5.307455	-41.952385
	54.457182	38.865416	-40.910700	27.705120	-1.973756	11.540893	14.769459	22.883049	-2.674540
	-8.984745	23.083177	-98.690442	-19.526100	12.282155	1.047604	7.497449	26.108418	20.474886
	20.942451	-4.471711	-95.763216	-9.043250	27.199594	-41.819080	-7.697601	-3.416227	8.913179
	27.395385	12.634809	-78.240956	-4.170683	-23.954266	-25.463794	-22.163991	-3.426544	-12.675928
	-9.610938	36.784706	-71.264293	11.287713	-6.079256	9.570142	-9.528557	9.621730	-46.992358
	10.207954	7.834434	-44.425641	-12.126341	-0.287616	15.362943	-8.275594	1.215030	-24.230861
	-7.543701	10.109118	-79.342412	-24.735841	-13.567307	16.166148	-21.562610	-18.454849	-36.144946
	-12.261675	28.012911	-73.207515	19.930572	-1.419937	0.539117	-12.044672	14.307287	-43.380335
	-17.567253	31.991218	-37.466708	15.834438	3.055459	-1.886929	-18.386358	-29.516185	-23.975729
	-6.990159	58.412618	-37.078809	28.517517	-11.049348	-0.949707	25.481296	15.991497	11.433756
	-33.528300	61.256215	-6.398431	29.037639	17.029101	-23.071217	0.212494	28.533475	-12.303131
	-35.379972	43.206372	-5.396461	26.856614	2.092448	-14.204834	3.755837	22.041691	14.336603
	-9.495797	49.393754	18.514452	14.990075	39.943388	-2.822381	16.625553	9.469043	10.407878
	-1.949827	81.104147	58.277088	55.132044	20.918674	22.642808	53.431777	12.947424	-16.638609
	14.131714	61.682372	73.439079	31.048687	14.323147	16.599531	19.205115	1.051890	12.668095
	0.910181	72.024585	69.712529	24.833921	34.715065	-6.061258	32.312661	-2.785890	-11.545807
	18.316913	84.658578	48.397986	54.766635	37.524349	3.499160	63.131812	18.095376	-4.920173
	16.212634	64.411394	85.508806	34.939705	79.481923	11.587780	48.434091	13.781746	-7.558695
	-3.434095	20.184881	39.394063	21.601257	63.915256	12.186529	20.870418	11.831240	-16.290687
	-12.715340	-6.690346	38.226984	4.630321	26.690912	-4.935923	16.290952	28.611396	-30.618711
	-7.649659	-51.802682	18.100140	7.257612	-14.131157	0.792671	-1.240607	28.458780	2.276209
	0.875019	-29.588746	37.239931	-0.528590	-21.341455	-11.097812	41.075324	7.349972	32.335007
	26.019889	-6.474496	-22.790321	48.053887	3.952067	-25.053470	38.065705	7.489141	26.969078
	5.921098	-8.843038	15.338297	77.864971	-34.046732	-31.394520	54.658827	22.068894	-19.799932
	14.784238	-11.257068	20.788872	97.938706	-4.031376	-9.942194	45.173197	-5.709056	-24.320019
	39.261970	-24.932384	16.831420	87.199167	-35.603841	36.546344	66.306459	-11.220954	-47.932339
	26.141981	-57.026047	-8.953370	33.176499	-46.490004	9.903577	41.845718	-13.954684	-31.755333
	10.169949	-75.962780	27.308054	30.120909	-22.044277	-1.017799	60.518914	-23.707519	-14.332754
	19.810988	-95.343477	23.396591	15.030634	-6.337064	25.389474	6.195993	-51.827894	-9.812350
	33.466251	-83.822130	62.424758	-38.220854	10.992885	-6.014920	-13.714198	-68.345816	16.830250
	63.515094	-85.363854	33.407741	-41.047661	25.214454	10.886835	25.026729	-45.834268	36.831838
	59.569743	-50.560955	33.036823	12.464038	45.360919	21.984364	28.612642	-23.911372	61.634424
	16.507967	-40.327249	18.548750	45.572269	54.859697	18.706633	36.838838	19.840114	36.001897
	20.186306	-22.458661	-23.981785	49.627905	38.833668	25.273363	35.612343	-6.410085	11.227828
	4.728407	-20.152554	-2.073606	44.770015	-10.359532	14.403806	21.114647	-27.339453	10.787411
	-0.254072	-31.786889	6.123140	19.473355	-15.968515	37.019840	-27.089892	-9.509122	2.157111
	-19.558649	-19.385756	33.608824	42.243314	13.286746	6.078916	10.296416	10.111115	2.941589
	-15.200963	-15.705418	21.185043	15.840246	32.989242	1.383252	-2.088831	-15.977437	24.690186
	-10.765662	23.221863	29.329231	66.038638	37.683869	-1.274816	-3.422881	-22.014087	16.716155
	-9.737923	26.067241	-9.122675	54.093899	3.777327	17.201925	-2.438584	8.935442	-9.928239
	3.326226	44.673775	-15.835474	77.529384	-6.118041	14.915737	9.100391	20.780611	-14.745952
	-0.339993	37.092768	13.371910	31.160741	9.668178	17.348108	-19.330122	21.936634	-15.255319
	12.414791	28.401798	-9.380068	12.881577	45.440987	32.957630	-1.381566	-15.727836	29.800574
	-2.618869	-4.362162	20.383108	5.111569	27.803998	29.666676	-2.956242	-18.943431	-9.948405
	26.183378	0.050267	-42.854705	19.633987	37.440016	14.693161	10.192563	-17.963237	-4.500662
	18.530924	-28.319013	-0.141242	1.955132	59.303465	18.146979	43.248874	-12.616606	23.690670
	22.684278	-40.893212	29.543200	-24.603493	42.921046	40.006206	-0.074060	-12.404009	16.822192
	13.324684	-21.621825	46.834092	-3.479526	34.573503	88.994869	-11.607638	-33.940216	29.826023
	32.286946	-2.584276	27.573941	-2.040585	43.193811	42.874820	-32.240454	-20.732968	56.191794
	8.699417	16.163789	23.200640	-7.105683	29.762697	41.742602	20.843544	-28.734772	50.634521
	4.533436	36.763237	12.672329	23.723695	36.100904	24.565439	-5.965349	14.179180	15.733812
	25.856092	48.852345	28.827949	52.991761	33.003064	38.829611	47.566043	13.568198	27.236022
	-0.532609	65.020655	-16.555308	58.030649	35.558694	42.127167	71.165683	-4.544787	27.883562
	-39.444610	66.746905	35.089355	72.893812	42.637981	-3.819179	37.505927	28.336971	11.707999
	32.071695	46.119921	47.079672	39.154318	37.106877	-11.513543	46.323297	3.649625	35.346969
	-10.553925	58.822922	56.713213	61.405880	54.735106	-39.762661	51.536909	-8.897578	18.847244
	-14.256086	70.450989	-7.879187	60.108563	47.003529	-29.312365	51.954891	29.415436	5.895256
	-5.540822	60.665908	-63.026702	89.906523	24.215934	-85.667961	59.797340	49.006034	14.538138
	-30.129619	55.204964	-101.592501	63.637850	26.024019	-33.844705	25.949980	24.096818	-54.662020
	-22.688993	62.282390	-73.252605	48.944509	28.741989	-43.135905	33.332620	31.155208	-58.318103
	-14.461804	44.565801	-60.548686	46.879052	13.721021	-27.167258	3.209682	23.765746	-29.179518
	-11.559121	37.592736	-44.156983	23.216488	-1.437388	-34.239971	43.890900	30.910027	-24.703440
	-19.589222	5.677535	-7.723894	31.154834	-29.346140	-38.050345	3.337567	26.443685	-21.665468
	22.992897	-14.249346	4.140677	-10.963126	-10.754984	-12.307068	-19.341250	19.637797	2.717915
	-7.652414	4.910298	31.007613	5.258127	-52.215185	-54.030450	-32.029781	38.042528	-22.290011
	4.300485	4.348136	40.121937	-5.604055	5.808207	-5.980359	10.688176	29.018504	19.478612
	-5.718742	12.604315	21.909706	-6.182945	-5.910655	-10.750637	-14.928720	18.021718	26.808930
	-7.324434	28.848356	24.641769	-27.805592	-15.732407	-25.853182	-32.456202	19.261028	-24.591635
	1.727966	44.769999	22.930308	-35.627852	-22.538426	-47.133721	-12.536649	28.360357	-54.146858
	0.096376	17.938217	23.014684	-37.374818	16.928324	-33.919111	-5.936313	-1.979194	-36.681050
	-26.831187	-8.213306	5.767229	-42.689859	-4.695625	-39.555129	-42.341623	-7.241174	-21.678233
	-13.240081	-13.946725	-11.541405	-63.087214	26.013335	-37.774284	-23.556327	7.154761	13.737461
	-37.000161	-41.358724	-4.167849	-100.726884	43.872593	-34.424199	-36.011214	-12.953549	16.780647
	-20.372271	-40.551426	29.994646	-101.688578	18.534027	-44.376858	-55.066552	-9.478311	9.102311
	17.303569	-43.686214	-17.892539	-77.837930	48.044357	-20.408750	-7.263751	-33.069794	26.157960
	10.696196	-28.897449	12.998574	-28.420480	29.572849	-13.442630	17.279505	-46.304804	47.709338
	46.833754	-18.669049	-46.955459	17.781326	36.265219	8.763837	52.674593	-20.044590	47.982538
	29.596481	-47.122332	3.953543	-1.317792	-19.552520	-22.203449	31.954698	-11.042308	56.553081
	4.400772	-59.119720	31.698494	-44.306141	-12.167641	-2.903247	34.788263	-16.219612	15.528468
	22.402411	-51.956037	71.060020	-45.626944	-35.152700	-6.509215	-2.313903	-19.040852	-31.521400
	-8.495851	-62.012099	40.599427	-68.753429	-50.045229	-12.784265	-24.506934	-16.588958	-67.313632
	-4.321002	-46.469710	65.266714	-58.619611	-27.193856	-0.596581	-43.574967	-7.520692	-42.932563
	-4.097227	-35.308802	61.223917	-21.366574	-31.059428	-16.704906	-36.516714	1.840678	-16.439860
	-31.038662	-18.809328	-20.301369	-39.612568	-60.506677	7.217952	-49.448133	2.408446	3.009861
	-0.061859	2.929604	-2.726220	-33.728860	-7.709112	35.925143	-15.365172	6.333294	29.204248
	-46.397731	5.954875	6.971310	-62.545223	-19.156395	17.499183	-59.405294	5.024342	-15.114674
	-35.770640	2.478143	12.159664	-63.568915	-27.691470	28.119167	-78.814241	3.981755	4.657010
	-30.437240	-29.797971	29.795752	-68.873305	-35.566519	-15.909446	-82.927690	-20.368058	-23.062361
	-50.392440	-31.680792	-7.307888	-65.387679	-32.432575	-0.719607	-59.309668	11.443069	-24.086571
	-46.456069	-17.896125	19.307653	-58.681249	-17.965974	22.944777	-64.369299	11.437308	-17.924303
	-20.317898	-11.953849	-9.698513	-52.978668	-35.290536	-7.799539	-75.546574	2.778346	-11.391424
	-5.325286	-2.614333	3.569352	-39.201545	-45.183709	1.603136	-49.492893	6.080598	-30.502312
	-15.464407	-13.103912	23.317841	5.477894	-72.336731	20.091923	-11.426299	23.094835	12.506507
	28.577298	-17.864681	35.833173	29.310599	-75.984057	28.457655	-43.520152	13.605510	-16.119335
	-19.832304	9.404635	18.405926	61.679576	-30.217807	54.761214	-3.893985	18.471170	-1.850188
	26.897829	28.498999	-1.930874	50.634771	-29.360306	40.031268	6.658397	46.910413	-48.161332
	-3.254102	52.414311	32.961351	82.447889	-7.001006	47.056986	10.782793	39.853460	-67.467794
	-25.626141	28.703411	10.706704	66.211818	-5.127704	37.980543	43.922731	26.269128	-12.710174
	-11.658861	28.360189	-23.844733	98.688474	-53.433353	26.224774	38.471192	19.592111	-20.388723
	-16.027993	21.689605	-25.876415	77.147479	-35.211764	42.413165	9.951836	17.883421	-11.171645
	8.782922	26.157498	22.596058	35.601063	-46.718045	46.339646	1.935961	12.376402	15.631854
	17.663621	19.491600	27.482993	-3.225972	-37.413214	57.791110	-33.015252	36.807295	7.899840
	-12.604224	-2.136310	-6.249230	-32.269246	-15.543047	31.241767	-43.958879	13.916075	16.189844
	-15.372940	-10.582765	3.660496	-43.461867	-26.392771	46.206724	-52.174301	-0.761630	6.605906
	-20.851147	-34.631051	-16.955307	-19.635094	-28.609261	26.857544	-28.464117	3.923569	9.665298
	5.212590	-47.731686	-4.035795	-24.298886	-46.510738	13.764674	-24.101581	-2.285312	39.676591
	-9.655295	-25.266262	-19.503307	7.387679	-49.148075	19.953689	9.487667	0.133233	-6.711538
	-35.202592	-15.350515	8.107248	-10.359883	-71.516214	17.293548	-18.304863	0.196289	-3.674520
	-3.297012	-11.310809	-4.349827	-11.595224	-77.064867	56.485655	-12.613139	11.853122	13.408884
	7.724911	-28.090824	-7.899101	-29.070155	-15.273680	33.245437	-11.283179	-4.333351	34.618689
	-2.876582	-41.600828	-6.589715	-49.494488	16.962693	59.090262	-14.304802	8.916112	49.315671
	-2.499354	-5.087223	23.711627	-33.200311	0.095435	7.649826	1.841070	2.307172	52.874365
	7.410357	10.874287	4.012744	-24.804918	6.109324	-21.716123	-16.837275	13.026632	23.562750
	-7.225802	17.774651	-11.391261	-31.744227	12.426022	-83.142381	-21.072038	-16.112622	-8.231979
	3.351760	34.994797	-38.166604	-17.140960	26.376688	-60.027025	-19.095983	8.506552	-17.453473
	-9.333834	21.686749	-8.756504	-26.143358	34.127292	-63.168133	-18.359504	21.892305	-25.272530
	-20.732192	9.484513	-24.338622	3.112713	-18.608913	-63.571116	-14.539728	31.673128	-56.579847
	-3.219945	24.774017	-0.332187	-4.789068	-17.406751	-64.500866	-21.890837	8.668503	-28.559275
	-26.004696	47.819836	16.266374	13.092006	-37.675729	-61.191279	5.137185	-7.982533	-49.268626
	-1.912799	32.498986	10.044281	-9.919164	-37.867096	-39.306342	-41.641443	-14.636516	-33.768712
	-1.971634	49.238217	38.430818	-25.963546	-32.480129	-31.621335	-20.204425	-7.399696	-17.629808
	-18.160073	52.475967	53.144670	11.869904	6.580239	-13.528337	13.871405	-11.342745	-12.536476
	27.565707	3.491511	63.144824	17.170892	-15.609468	-47.052757	16.877531	-25.274807	33.229695
	-24.209100	-20.695319	67.652457	-8.487998	-8.924227	-7.796707	-25.262578	9.958746	23.157392
	-7.170455	12.612536	66.383330	2.850529	25.144757	-32.954611	60.429338	-9.609858	8.532712
	0.765601	-7.873046	47.507856	5.562059	27.178444	-26.776719	32.337814	-17.773061	-12.013487
	-17.103218	-3.592065	24.269501	1.716692	38.432765	-4.131929	29.989080	-23.880155	-13.702999
	-15.793255	-6.636799	-21.376315	9.603647	80.582212	-20.264517	24.040877	-28.810007	8.821684
	-14.982769	-3.554912	-37.176368	24.540368	47.557727	23.405282	42.896810	-12.441507	-32.417292
	-2.059205	7.108741	7.323865	33.129634	18.042485	40.214824	50.836304	-6.845851	1.460711
	39.338908	-15.929628	24.410488	62.121245	7.852465	46.497115	20.619944	9.419757	34.145775
	9.991696	-31.237359	30.351844	23.122210	0.254147	37.404231	16.116004	3.508088	36.726406
	38.013947	0.745842	-19.652217	20.329827	26.173764	10.745697	-34.796756	47.707608	37.572198
	31.758513	-21.375607	11.749068	1.043519	8.326121	8.788851	-27.005958	47.988422	36.059692
	31.798120	-14.930661	-3.897072	25.686929	-6.591581	-11.464728	-5.354960	19.406077	12.945412
	10.883006	-6.247409	20.235215	56.602608	-50.038856	-18.366894	5.618198	28.958470	-45.479199
	21.778351	-1.393671	35.075331	66.503023	3.183853	-5.598426	32.259397	34.001908	-10.572215
	27.031376	-15.143117	-2.876133	34.958969	-25.628375	33.249003	28.637158	22.808012	-8.237323
	-8.341369	-15.350933	44.187135	38.457383	-49.242152	23.715624	15.604804	38.052270	-17.868676
	23.566919	-26.385526	31.402687	14.736983	-54.870946	30.363732	0.039065	11.485187	-2.200589
	-9.711336	-41.638493	4.952930	-33.597201	-39.899849	61.922193	-27.839858	10.851036	5.611388
	0.275073	-13.898482	37.070360	-32.234646	-27.481812	52.053929	-21.568340	7.251277	-2.020739
	-10.250614	-27.974826	51.313071	-55.720236	-4.150452	19.698863	-34.661775	-19.679189	2.290483
	7.375633	8.126725	8.398974	-43.284051	-14.083236	4.675422	-34.850135	17.577521	-14.310581
	-4.269750	37.207724	-0.245960	6.580560	-46.186354	16.505893	-42.001463	10.584503	-38.117777
	-1.042758	29.177490	-4.540255	2.289886	-40.667327	21.961197	-12.248970	23.811039	-70.088586
	-13.054647	63.747578	5.323269	42.397476	7.097619	17.602348	25.500064	40.467086	-2.004056
	26.298578	24.146334	29.169832	4.938565	22.877920	17.946154	13.575179	15.833850	25.521381
	4.206485	20.933807	45.520418	12.841110	50.533132	16.941667	9.653091	3.812926	22.999459
	12.366153	38.897948	52.551547	-0.128857	53.484907	28.062200	-4.640666	11.305797	18.634138
	26.106927	25.658376	47.356807	21.747291	7.690467	27.861333	42.722084	39.169874	-6.215792
	40.283375	-24.917186	59.661814	-38.149239	17.612721	30.108034	41.838296	32.517928	44.643007
	34.122560	-11.759776	76.919697	-47.296760	71.532099	26.703152	7.018335	-0.136899	63.549685
	1.978908	-18.424369	29.782477	-75.218923	62.677282	-8.174334	-20.712249	7.074674	39.165169
	-3.168080	-9.376102	-14.134114	-51.475702	35.276896	-45.141355	-31.677800	-7.976257	29.102592
	-25.550530	-2.748833	-37.844567	-33.680445	23.161640	-42.683515	12.018667	0.918587	-9.663841
	-4.984489	-6.991408	-76.466559	-7.257721	2.582712	-39.634194	0.166595	-21.917161	-21.181900
	-19.463206	29.711393	-61.274759	0.959924	-3.883642	-48.542092	14.812035	-3.521906	-44.320081
	-6.937203	29.798121	-37.331557	14.782954	25.088575	-50.635462	37.263889	8.883169	-14.485052
	-9.247889	-2.709053	-10.674320	26.070649	52.293689	-23.909425	38.808226	42.220528	9.553766
	9.304775	-2.663411	-32.722809	-2.467783	12.487528	9.756255	3.748760	5.157986	-10.250255
	-6.253901	-20.861620	-43.862881	-13.625209	33.010270	-8.407931	34.804790	6.020217	-13.579300
	11.797608	-22.238779	-43.498590	-16.232698	10.273928	-1.048509	26.234104	-10.935878	35.229756
	4.646786	-8.657500	20.725864	-3.310701	-15.404033	-11.323045	-4.643863	0.052726	-23.906936
	-18.684082	8.970433	-46.015602	-17.966955	-54.070477	6.708004	-16.212382	6.688090	-49.010426
	-7.388657	3.826822	-71.707294	-37.706329	-36.805004	10.024446	-63.654545	12.480841	-33.802174
	-15.928552	4.635933	-51.626395	-75.894770	-54.516044	11.358829	-67.688007	28.394815	-55.589959
	1.085680	-20.677248	-58.313154	-108.458791	-31.411658	12.599886	-87.240283	11.402412	-49.016880
	-25.739794	-20.189600	-44.756534	-75.317067	2.659636	27.568283	-43.323017	-3.789816	-22.625277
	-0.699832	10.652554	-51.370399	-12.060581	-11.599710	13.062015	-6.365597	19.704061	20.108211
	-20.200128	-17.598352	-27.074080	-30.313305	13.525246	-3.034381	-27.770422	13.469207	-4.805144
	-12.696850	-37.294949	-20.643127	-54.948453	44.427262	-28.320893	-42.041876	-29.291061	9.145998
	-15.281923	-8.658576	-61.087095	-16.937457	53.254887	-15.524049	12.433402	-7.418229	35.968473
	-16.409253	-18.207326	-36.754529	-30.687761	9.602286	-1.510656	-41.361962	22.026031	23.219261
	-40.966704	-20.259763	-13.869283	-34.915660	-21.483878	-16.476133	-36.513451	-20.300950	-27.768448
	-6.749760	-2.145635	9.101125	-15.405383	4.437444	-23.938593	-38.285499	0.340913	0.740941
	-7.237840	-21.985058	22.420621	2.516002	8.997362	19.150910	39.787606	-24.097364	24.976564
	29.415494	-8.117538	55.602149	63.263338	11.387802	-8.891730	82.214003	-1.061687	38.648129
	36.436801	-39.387366	44.281896	79.798026	27.249475	-12.407028	93.538532	1.053558	68.047254
	71.464752	-43.923318	28.321505	74.241517	37.721728	10.227813	110.784585	-15.893402	70.541629
	55.657733	-39.715751	-6.149296	69.722762	-27.530419	-19.687497	87.671746	-0.837577	21.549511
	11.183239	-14.476382	-12.941740	41.060534	-17.319360	-37.320731	51.104924	3.224518	11.019338
	6.925400	-33.818196	-10.314808	-17.810655	28.277887	-37.856565	32.146265	-12.132414	15.870758
	-0.355858	-12.060935	-11.282296	-55.377768	43.081671	-20.097098	36.707230	-18.303933	48.036023
	-23.596730	-17.945142	-14.657065	-59.470791	64.608445	-36.686401	-5.215441	-34.714477	67.643983
	13.032953	-18.212030	3.955693	-30.665531	53.229922	-30.978428	-1.772291	-14.747498	64.082384
	22.223795	8.082694	24.357444	-23.240390	74.431645	-27.329021	1.283073	-40.313036	17.712616
	5.759439	16.827336	5.033360	-25.626504	37.889566	-11.189698	-3.051424	-16.718379	-24.041678
	-22.952482	44.133371	35.347869	6.726585	19.504423	-26.284286	-19.775649	6.727651	-30.823174
	-3.315205	27.086886	16.462692	-0.139925	17.563608	-27.236903	10.187242	-20.107685	-18.461227
	-7.575520	10.584182	-22.018506	-9.393359	-10.287261	-22.946042	14.042770	-18.757491	7.427485
	-0.083814	6.913424	37.343932	6.351197	-18.135627	10.687394	10.535095	1.996110	19.388070
	-11.736052	-10.772161	30.115278	3.136373	-30.198939	-12.000940	-19.825015	-7.891619	23.942752
	-34.191761	-42.195202	-5.349969	-9.990462	0.448414	0.840588	-20.604157	-11.797404	22.002849
	-33.343346	-0.592023	-4.544278	11.920478	-8.884150	2.207859	-14.250216	0.640786	46.986618
	-0.101931	4.818032	-2.524584	1.617005	42.600711	-24.857063	27.892231	-9.445335	43.942682
	-25.243537	47.463811	-27.231288	24.154641	22.004064	-35.248637	1.542047	-6.904815	13.351805
	-15.411353	50.875812	-17.675586	55.539656	5.029719	-16.439207	12.624471	14.235484	-36.290424
	8.170986	49.484129	-6.501317	52.680429	36.366669	-48.432045	24.690345	-21.497821	-10.916921
	-14.106728	34.060120	-22.475303	16.173564	13.674208	-48.634120	10.462344	-11.602202	-18.892236
	15.458485	64.005969	-32.338090	55.099817	5.917829	-21.284927	53.679892	-5.178110	3.060585
	1.551548	43.020837	-3.676524	29.132645	-24.723336	-19.606267	4.199803	12.980547	0.320737
	0.192758	-8.221458	32.814387	18.222918	-28.632081	-2.379311	4.063417	-2.677894	16.984335
	5.263269	6.553922	42.524595	12.158715	-27.545238	-9.247843	-1.036612	-5.826110	-16.973005
	-7.622065	-7.030534	36.658654	-15.489049	4.042444	2.064534	-39.179487	-6.531957	8.650069
	5.847092	-29.317531	17.038186	-9.874653	-34.321263	3.433128	-48.119212	-21.061037	-13.621024
	6.301546	0.054257	25.686918	35.573987	-63.289108	3.446742	-17.242427	7.220037	-18.252298
	12.710767	-21.181796	19.583596	56.454593	-49.739699	49.712071	12.417001	-32.729478	-9.115143
	-0.035258	-11.138562	5.333151	47.028934	-10.646334	55.695195	16.767554	15.945265	18.158326
	-14.171475	-25.035363	17.118580	7.856036	5.363449	39.516217	-15.126271	-29.436596	47.295613
	19.990025	-62.101374	15.603534	-67.392020	6.636688	48.860676	-30.335804	-55.883278	7.177277
	-1.755879	-54.188641	19.780475	-1.499635	-45.609954	62.814230	-27.331822	-19.719936	-3.047174
	9.218927	-51.065607	14.544371	-51.773682	-20.259852	67.334114	2.350081	-23.254609	4.910019
	15.390252	-60.712847	18.375617	-36.492592	-19.791908	65.284293	3.762129	-37.724877	57.328907
	25.365368	-51.914511	-1.322973	-6.521168	8.397353	53.353890	5.822887	-24.793089	34.969507
	-18.157205	-29.540554	-10.188141	-32.783410	36.352351	-1.870415	-9.266986	-33.873375	21.965665
	-34.700051	-11.735741	-7.483014	-15.808989	44.687904	17.697403	9.673983	-62.406020	0.085263
	-42.486977	5.457474	-33.509074	-2.212228	10.770646	-55.498656	10.737429	-26.743575	-31.783438
	-19.802037	17.559416	-50.884745	-21.996305	15.661187	-26.440478	-13.758521	-12.018238	-12.863930
	-12.212304	-18.632372	-11.983391	-80.380282	18.786465	-50.572441	-36.224083	-61.789372	-10.252708
	-20.511273	-6.424679	-28.442954	-42.897863	-1.901851	-21.456177	-15.639475	7.231836	-32.964099
	-21.432542	-30.442870	-73.812995	-65.074942	0.841216	7.891941	-32.350422	-31.584176	-0.502043
	-22.142204	-28.663303	-0.742950	-36.433872	4.175888	-7.049086	-30.427885	-12.155372	5.914597
	-11.249674	-50.033395	3.580014	-54.716008	-0.186916	-39.957376	-41.824411	-19.958498	-1.071302
	13.769321	-52.335323	8.394355	-69.063338	-8.339650	-49.286471	-62.484669	-12.673324	-7.664794
	-19.824707	-27.547748	-22.357553	-53.496159	3.322497	-51.955975	-18.569655	-29.189199	-15.847485
	-12.688098	-33.874973	-47.944388	-29.199842	12.990852	-7.169256	-8.209296	-37.719113	-41.453834
	11.537541	-24.499358	-77.012127	-4.225370	5.448177	-4.466287	-2.887214	-5.910643	-37.915760
	6.983141	6.480328	-28.837848	30.019767	-20.627557	7.561677	50.515608	7.497471	-54.515915
	28.447973	9.212019	-14.949814	16.982014	-1.092620	30.865156	-12.513084	-11.418451	-23.467062
	20.234369	-0.401167	-10.393679	26.301903	-14.070217	17.637399	13.091740	17.208751	-0.448273
	54.694287	23.268784	5.752208	68.765773	-14.527813	30.890147	11.913665	16.535539	-2.491087
	9.956535	18.657581	-15.249641	77.283357	-0.675329	8.203921	4.756419	15.595489	-26.517023
	18.817542	30.976219	9.095169	35.488541	-54.720779	5.057980	-18.282592	16.471755	-18.097607
	39.868559	39.636678	-18.846962	86.211336	-44.399158	20.759518	27.789125	14.498763	-19.567755
	6.028260	61.392406	-1.884165	72.740431	-31.676760	15.905521	12.561831	49.985180	-9.239126
	4.242865	52.977543	11.695484	69.441696	-47.114615	-5.357367	27.840813	30.706121	-14.703671
	12.995314	71.310405	14.826707	57.524335	-9.449472	18.672435	17.765517	2.741523	-15.570657
	1.540732	69.194735	6.468475	53.245909	57.388971	1.930094	21.176273	24.567043	-2.891038
	39.870714	29.396070	-0.658977	18.006638	-6.407073	7.533342	23.034591	44.464569	32.304685
	1.803697	-0.490338	-28.153260	-3.117867	7.243819	22.676394	28.145863	16.326613	50.188253
	9.490964	-29.644099	-43.026673	-56.202230	10.071028	31.747312	-9.739130	-29.867630	37.911042
	-4.031790	-44.385340	-15.720795	-36.169408	9.854735	-18.539145	-9.761857	-18.603338	34.097152
	-5.839579	-8.907388	-39.217576	-13.101653	3.866148	-24.093003	-14.731213	-5.858954	-40.862199
	-21.161988	-17.976608	-20.284447	-14.174193	-28.639372	-6.583016	-0.481323	13.330291	-46.699165
	-15.417724	22.761589	39.596620	42.040304	-32.037154	-21.103693	-0.812693	36.562796	-55.624896
