	1.658527	34.439445	18.024652	-42.014469	-0.459479	15.146951	-22.267092	-11.731834	12.354786
	6.581990	27.410693	7.717930	-10.993037	-4.221886	-0.434098	-12.971016	-5.165015	-15.481782
	-5.515698	5.867782	-9.124165	-47.041276	-7.033156	-18.248078	-19.634107	-38.716146	-17.987518
	2.468607	-7.329753	0.245405	-46.423622	51.514329	-9.559738	39.093291	-16.572474	64.524465
	41.410340	-7.217356	-12.121812	5.664401	54.653050	12.363466	54.805833	-4.648107	35.780998
	17.858512	-19.508962	-11.147267	29.304017	33.741078	19.902022	71.936957	-9.963374	49.610670
	57.212505	-19.842456	45.181615	26.134760	50.497206	46.919940	105.011043	-22.212052	82.619619
	47.014394	-4.222961	13.019989	81.957648	36.512880	26.428106	116.133596	1.513156	91.495120
	38.572468	8.706161	48.131721	86.056468	34.060242	23.128353	78.483340	-14.394232	39.014534
	24.425205	15.744524	26.933177	64.695925	27.374647	6.247918	66.941337	7.846338	28.601508
	6.262695	25.651070	-27.275728	31.147687	-41.655034	14.994583	9.286881	15.697582	-35.543964
	-1.634106	25.669115	7.797810	9.944844	-40.497474	3.091588	3.143550	18.481275	-10.558526
	4.141541	29.301528	4.661367	11.445137	-48.156588	13.977688	-16.430606	30.236131	-2.473095
	-5.932253	32.607476	30.630617	0.051948	10.172626	15.079765	-48.513806	12.666639	12.854559
	-3.371614	50.097019	54.976493	3.208968	43.590406	-7.104534	-54.308023	1.110580	25.736593
	19.178089	42.783758	51.943858	23.237197	17.229097	23.313832	-7.118278	-21.175319	26.173082
	-4.255997	39.587872	45.575174	37.111922	-7.802129	-8.778468	-13.485525	18.038184	-15.378921
	12.802241	22.526592	57.178197	-21.965663	16.401236	2.573511	-25.659696	3.005348	13.925394
	6.228152	34.847908	33.117250	-18.929387	-16.887114	-16.569673	-41.049321	-2.053854	21.327193
	-35.109010	17.131723	-4.713813	-49.080939	-4.545798	1.611475	-26.182808	-24.449532	3.903270
	1.012007	13.956243	-23.005298	-30.177177	26.019840	-4.495959	-19.691408	-34.532481	7.779614
	-45.940513	33.161343	-57.791830	-4.005649	-24.273973	-17.994025	-27.483722	20.820672	-64.934852
	-33.616748	56.530404	-15.102425	-8.331195	-4.583922	-7.375731	-13.433606	-2.420330	-61.196828
	-33.308279	57.327553	-48.555712	15.372632	-30.466000	-14.094114	7.944483	3.637229	-62.752361
	-31.530272	47.036916	-64.171347	30.235576	-16.714178	-17.180009	-2.111307	11.203335	-127.870940
	-19.697047	36.552680	-42.525898	-9.931388	-6.619379	-15.219033	-37.239812	13.181750	-74.879278
	-6.551490	15.079866	-54.964759	-35.989888	-1.881995	-23.977989	-20.513897	10.583121	-65.235968
	2.609480	-16.811649	-58.457724	-50.257235	-2.422435	-9.801937	-9.671595	1.213106	-60.476134
	0.019963	-26.174297	-67.599124	-52.863916	-5.494713	-14.278332	18.619144	-41.497768	5.459993
	0.594495	-1.663519	3.649669	-34.184934	2.275860	-30.784042	-1.635097	-16.688863	-4.635079
	-13.808574	20.961110	29.156370	-29.828089	15.988365	-23.206134	-28.079203	-6.961670	-0.376841
	16.358962	24.783619	70.687528	-7.319389	33.334750	-26.000065	-40.330041	-1.753225	61.343487
	15.986647	13.633788	37.908024	-23.636069	31.313204	-28.877833	-19.700099	19.814741	37.005075
	-21.717118	10.302199	71.398766	-35.666110	15.655914	-13.411165	-40.910643	-3.910057	67.951460
	5.245108	9.106805	39.367301	-56.191137	9.221041	-23.798033	10.377848	-23.132601	-10.808955
	-39.904354	18.347573	20.192855	-51.265587	-15.246332	-26.809273	-23.498769	-2.684121	-62.743359
	-32.844788	14.614714	6.105644	-63.167569	-13.725594	-43.509922	-21.411015	-17.599779	-40.909797
	-41.813937	1.441395	-2.862549	-37.777738	-7.406070	-19.226140	-22.052671	-29.364799	-53.585182
	-38.807538	-16.482643	-16.546708	-16.186500	-29.029736	-10.105689	-20.701004	0.174552	-56.674637
	2.667804	-42.219970	-7.004912	-48.436672	-24.161991	4.280979	-48.454288	52.048088	25.148620
	-1.077316	-24.371495	-40.791116	-44.506518	-24.173959	-19.397583	-30.336487	7.339251	-50.262831
	-12.854881	1.708428	-32.391105	-28.294554	-31.977494	-39.508293	-40.187241	10.402634	-23.327908
	-2.297319	-11.815931	20.070147	-60.004118	35.940731	-23.192605	-42.539565	-4.025354	-5.204533
	-39.633743	0.587312	-26.374920	28.760215	-22.870155	-4.060269	-27.222805	5.693493	-61.454739
	-41.166954	16.404606	-36.200956	54.271158	-49.691192	-20.745700	-54.223805	62.394594	-102.389697
	-13.482516	7.932469	-46.333108	48.862942	-52.033702	-13.817356	-41.952561	50.834242	-45.372056
	-40.249114	-2.797291	-14.937865	87.550781	-13.459711	0.880833	-37.498778	34.144134	-72.855156
	-36.082297	-0.985093	-26.037440	46.925462	13.545202	-7.150947	-40.313202	22.285117	-42.477174
	-4.282083	-21.697034	11.985270	-0.728671	44.648244	-14.243173	-36.548571	3.928184	22.272842
	-26.226456	-26.126577	-25.560426	-4.605550	-2.500186	-27.973201	-64.327733	13.050418	-53.556978
	-31.080155	-16.424408	-52.236112	-50.473678	17.895273	-45.115467	-63.408511	4.616978	-71.386187
	-64.526555	-19.421723	-50.717813	-41.821913	-38.350522	-42.969050	-115.010881	11.663774	-94.197662
	-52.192926	-17.701720	-36.933771	-39.505442	-21.404751	-20.187080	-85.508811	-10.413789	-99.797440
	-10.269101	-28.995565	-36.729666	-43.087424	1.995627	6.172505	-40.431815	-5.892211	-67.061100
	-17.764844	6.458321	-5.104636	-18.913419	-12.198097	19.442380	-39.478261	-18.670004	-50.552134
	-43.040077	2.240979	-28.415448	18.661736	-50.091544	-48.892260	-35.995136	9.291641	-80.128630
	4.891734	0.753946	-26.646269	-3.942664	-16.429851	-32.122913	-1.646842	-36.316315	-30.307142
	15.864424	-2.852663	-22.749998	-10.558340	-24.952005	-9.534306	12.909151	-34.122121	7.434337
	36.778716	-8.890887	15.284784	44.999453	19.925942	26.992551	75.803492	-27.464436	61.786263
	73.252984	-32.620373	27.721785	70.077067	47.429928	33.258311	81.585356	-26.204393	80.546155
	65.950792	-66.705315	22.465845	62.161035	29.740911	53.598561	119.847944	-3.162180	120.839379
	73.760050	-83.692663	12.579234	79.004702	-4.764388	58.563911	100.239390	5.088390	65.095000
	94.825016	-84.393157	21.026429	27.252666	-2.357004	79.034764	83.079000	3.410312	125.396617
	49.963338	-48.355549	-13.792665	8.246846	1.608997	54.751111	55.489414	-14.648050	50.850051
	39.090055	-46.190243	-32.699440	51.125649	-51.881892	22.357492	44.277477	14.844321	-1.104236
	-5.000930	-35.598894	-42.202625	22.220100	-39.619962	12.204318	30.985576	9.400907	-4.041613
	31.442116	-58.065090	-16.100077	33.748854	-13.544967	10.139605	60.571018	23.490168	47.618495
	15.007297	-47.261616	27.910269	47.688337	-28.945477	8.809374	47.218399	42.994242	16.438485
	22.898840	-27.886654	0.130538	41.204604	-7.908494	-13.164327	28.841617	21.907023	0.055782
	11.217811	-25.339327	56.888566	18.337569	-2.768333	7.994021	-14.130820	-0.507270	62.651276
	-2.984698	-43.907978	16.127326	-1.735744	-40.159513	-0.434294	-19.059871	13.517163	-22.994793
	19.511366	-39.649632	-3.363998	-12.659801	-72.024273	-31.758419	-27.522564	4.772504	-25.057996
	0.012147	-59.847414	-12.185005	2.147425	-81.145276	12.878939	2.288044	19.351823	19.057855
	-24.072738	-63.560772	-16.719843	22.923283	-50.881738	5.514798	-29.106215	34.246570	-34.942362
	10.583694	-35.423613	33.443769	18.335769	-9.818982	17.889601	54.189054	-6.821646	13.537985
	4.817984	-29.402077	72.608333	17.638904	28.997277	9.424385	30.067268	10.784829	55.786409
	12.104143	-35.642757	72.032702	1.335823	31.127056	34.741912	54.295444	-10.192847	55.469690
	51.664046	-26.845403	68.697057	-39.387889	27.201900	38.534353	102.817843	-28.419761	100.332975
	35.012276	-50.994877	41.166627	-86.072529	31.221455	39.913549	71.336853	-12.675939	117.114117
	16.985181	-10.685572	29.789107	-90.814167	27.966314	16.656786	10.674212	-3.297391	92.580334
	11.179646	-37.912163	-22.159489	-47.059693	15.530784	35.401588	4.680343	-16.307334	64.821248
	30.846173	-47.380192	0.203187	-12.521815	-0.491440	54.281814	33.482970	16.067891	48.252138
	35.851765	-49.254266	17.199050	-13.401172	32.142355	40.562069	74.913743	7.554164	96.331640
	53.075735	-40.477621	43.180961	-13.024831	62.984833	26.926584	116.197574	-47.952214	82.551597
	71.650480	-47.902179	33.837494	-1.460342	80.518004	32.711705	130.771302	-24.315149	124.170907
	98.589301	-48.610248	52.332472	-40.225426	83.864102	62.770356	130.429799	-35.257856	129.090073
	83.335404	-63.030854	11.383537	-74.991924	39.765446	71.928542	81.178936	-37.154000	103.683251
	30.847807	-70.667319	-62.969854	-93.213991	17.290418	35.760345	16.461881	-33.639488	57.113766
	-0.067349	-69.390065	-57.804543	-105.567115	-34.513824	19.415984	-30.693599	-31.356816	-3.995361
	-4.711555	-55.310212	-82.019050	-62.110034	-55.583388	-27.885884	-52.285789	-12.416437	-54.071495
	-2.138556	-23.840376	-55.806153	2.829857	-14.269523	-23.248959	-6.664097	-2.225563	-64.992184
	-8.248403	17.315415	-29.616005	3.572065	11.953110	-19.781836	6.915929	-7.163666	-76.544910
	-31.420104	22.875496	-42.720051	56.675333	-14.233093	-33.438139	-4.895103	-6.390734	-39.242807
	-8.157556	19.944491	-70.739767	53.919700	-20.155665	-3.473827	2.133157	33.714825	-98.687882
	-14.689824	-4.407029	-53.815352	27.396165	-11.949193	-10.521623	-6.396591	25.668873	-83.154407
	-8.249099	8.183524	-15.686210	58.129656	19.164637	4.106424	15.745779	48.934947	-20.537329
	1.902954	9.300606	-1.495366	88.891522	-15.427440	-6.521727	-11.651070	41.079972	-27.200211
	28.283828	15.829098	27.314620	55.100637	-22.175028	6.326172	-19.303821	55.212498	-1.820092
	-11.137958	18.000505	57.654652	3.633266	-1.470371	8.020739	-24.318679	12.364118	27.346266
	-3.566640	7.361698	14.266444	-5.408269	-26.100405	-6.817750	-49.048996	29.217156	-4.613302
	4.069258	14.532489	32.049195	-27.875756	-10.832846	2.951216	-41.672949	-3.959326	0.226645
	2.494072	11.925349	67.088484	-8.693405	-8.981782	14.371222	-34.459058	5.183831	48.135940
	-2.855774	19.744871	45.101839	-5.386822	6.564596	19.587133	-4.321644	-9.699506	9.040560
	30.945275	17.300004	60.757738	-3.315364	29.903600	11.175077	-1.498400	-1.149887	1.436701
	37.606996	25.504830	28.987106	14.228097	14.019442	-1.987970	58.947035	-24.821518	-29.947321
	16.293144	35.374722	30.459189	8.808553	12.152692	6.427024	32.311627	-36.074282	-46.334036
	4.762502	42.455729	59.304490	17.522175	9.747742	0.634803	11.681728	-29.788507	6.647188
	2.862297	18.427309	-6.775812	31.250685	-15.900210	-29.466563	20.126674	-22.200536	3.387315
	30.924938	-5.874977	-49.399749	20.672288	-11.109340	-13.124511	10.185281	-22.781511	7.371573
	28.442390	-21.451018	-64.530804	6.557453	-6.614663	-5.062801	-9.842915	-41.323837	6.225504
	5.520041	-48.388648	-52.457648	-35.214347	-7.828781	36.264575	-26.141025	-30.658795	25.961773
	7.387206	-53.829482	-61.527757	1.099007	-35.741439	2.122675	-27.221326	24.445349	-19.331453
	7.034336	-44.830887	-42.499677	5.383233	-21.933961	-23.347259	-16.211370	-1.019128	-5.183287
	9.035397	-35.275619	-39.970120	28.100204	-36.861692	16.864353	-12.069907	34.973661	-19.608894
	-13.141718	-12.867907	-40.195760	70.780302	-14.763158	-41.655505	0.407351	43.685010	-56.037686
	-11.870605	3.895153	-38.530195	82.166271	1.757154	-68.916402	23.571894	25.213232	-58.740747
	6.235101	-13.197402	-1.798244	92.468006	-9.980657	-14.045998	51.299526	12.441107	-11.117461
	6.079511	-15.365179	9.875791	132.955178	-5.757811	-20.175317	36.807657	39.326492	-8.352483
	-19.464680	24.063380	16.385194	54.272876	27.931467	-24.052826	21.479966	21.087105	-28.990977
	6.954355	10.225132	-3.974003	66.954498	46.763541	-20.033116	11.229063	20.888742	-27.861113
	-33.224988	9.936986	-18.630948	49.858981	34.887690	-31.814810	-18.391787	5.950031	-91.932696
	-57.884493	5.453109	7.585775	14.109427	54.570832	-11.422805	-40.213236	-9.075523	-20.817767
	-23.628597	5.506549	-12.837853	16.411961	20.619255	-39.656044	-8.426076	-4.352697	-45.237517
	-4.054549	35.328205	13.309333	34.856745	48.366066	-32.011241	-34.551533	-16.106670	-9.809287
	-0.529153	65.161191	31.306113	20.734360	67.349168	0.983731	23.367454	-4.279873	47.766576
	-5.471727	61.710554	19.266168	30.035410	43.137639	-21.436807	-7.679057	4.413316	-17.634541
	-9.554943	57.360240	37.854663	6.031308	2.590141	-0.115226	-8.384686	-0.848987	22.529169
	41.697437	49.947633	57.860148	-40.871858	35.794181	24.718661	50.417227	-19.482558	102.631836
	40.118383	14.926517	51.897097	-11.498809	19.052103	2.783392	80.773747	16.011539	83.708701
	8.081149	7.909972	45.225666	14.363531	15.294034	-7.763952	69.261507	-20.470436	50.991104
	38.259519	-10.506898	43.207250	-14.315816	21.782057	-0.309280	80.299242	19.235251	69.323126
	6.835399	-3.032901	37.607369	8.765218	3.685553	16.738172	69.223655	-32.403236	4.149889
	-1.292781	7.875774	41.333347	41.585599	9.132920	12.704412	36.075667	3.014935	-25.558049
	-40.870023	3.537135	23.881170	39.846816	-1.887798	1.593752	-29.901826	16.405245	-74.373920
	-26.390290	17.059883	6.717068	16.458956	38.078882	1.922430	-45.491608	27.391434	-54.867491
	-29.933178	15.923978	1.481813	-11.914160	-14.712169	-37.402277	-33.072416	28.051971	-42.940543
	-14.219477	-0.313309	-67.226018	-23.475390	-7.241366	-3.940047	-34.166748	8.446284	-24.961463
	-14.736945	1.841801	-50.320848	2.118529	-29.950136	-36.471782	-53.487830	21.774549	-60.191292
	14.715956	18.523416	-34.086093	11.983783	-15.507225	3.980577	13.961858	28.567634	7.241584
	3.352564	23.399997	-5.947360	53.098555	13.100892	25.113525	10.327262	-11.363084	-33.090060
	-20.057162	14.167814	-5.536107	71.271298	-13.797935	8.170326	27.701167	0.060001	-21.659542
	-12.286452	-0.404754	-2.160364	21.866261	30.093359	14.802133	32.935237	-3.990402	2.459344
	-15.660143	-11.738722	24.928464	28.130272	-20.893594	14.402818	-20.874690	14.812819	-11.370244
	-24.401198	-8.412484	26.501253	32.560839	-28.022093	-10.310340	-71.539368	11.171644	-34.226064
	-35.640005	-9.327935	-22.151746	-33.207149	1.678200	-27.942047	-50.567896	19.211617	-28.570824
	-46.858420	11.454380	-31.526466	-19.020156	23.974967	-39.652470	-102.292964	-9.899696	-75.730492
	-42.388686	28.020708	-19.643626	-4.428127	-24.273229	-29.740499	-55.433736	13.911690	-34.030987
	-17.057245	5.235476	-6.882364	-30.508320	-45.367106	33.245902	-11.442614	19.425679	34.466108
	-0.852574	11.006567	9.893716	-37.799520	-19.791363	41.671594	-11.476608	-6.731045	108.355477
	16.506113	-15.091940	-12.527065	-36.956032	10.371867	74.970556	7.155697	-12.980815	103.850947
	10.417494	-21.354333	1.445281	-13.901127	6.394191	69.870755	-24.787352	-10.231945	102.304131
	13.378727	-11.260009	5.997264	-24.591052	10.579088	47.568431	-40.552782	16.011875	76.625928
	-30.700994	4.084911	-3.488023	-3.777002	-7.328439	27.508632	-37.836237	24.823454	7.880554
	-35.057074	9.059368	-13.591290	-13.914324	-27.526804	-15.618469	-58.115920	15.488978	-19.374759
	-16.397873	7.230739	23.017083	-39.551237	-60.125169	-9.025492	-27.646440	-15.028637	18.502736
	5.935450	-0.869581	6.578858	-10.871234	-42.859892	-8.694329	2.167278	7.895366	7.413251
	-42.041231	-5.188278	-11.711714	-23.300656	-63.248865	-24.091542	-27.708656	3.678355	-34.290054
	-12.841167	-30.693736	6.636393	-27.927984	-69.313894	-1.372072	-68.267293	-8.937783	-10.678004
	-23.606336	-19.966165	2.615772	-47.525541	-57.995130	21.459523	-76.810232	-0.884515	3.727161
	-32.732787	-3.321503	15.231878	-4.561095	-59.799120	12.132352	-64.800283	26.131821	8.192709
	8.948644	-8.460636	29.439330	1.624006	13.292047	8.153652	19.457178	7.628199	136.995191
	21.065871	-19.665979	30.716275	8.457537	59.543626	16.667508	69.399553	-25.339412	87.621054
	38.052838	-18.085241	-1.707216	35.868812	43.153977	-1.930063	95.304350	-15.815875	69.438634
	30.726901	11.060422	27.998942	5.679890	70.290745	-2.911322	94.247107	-18.282839	25.365881
	15.193833	0.271374	-27.993194	27.284608	27.990484	-7.795268	18.826374	20.979180	-67.050348
	-34.095655	24.649264	-15.488703	23.512675	15.493739	-7.400392	-39.025896	8.460565	-57.072443
	-38.750700	27.626053	-26.244591	-27.410950	5.341546	-15.821823	-82.711873	26.794380	-82.732854
	-44.698272	12.740075	-17.774842	-32.131572	16.870908	-6.841253	-90.852804	9.545590	-53.693326
	-28.269771	8.713778	25.585363	-14.272949	10.764771	3.827059	-65.734524	-3.259555	-18.951915
	-12.961894	-21.079296	7.270333	-14.074419	10.007736	20.120900	-1.984288	22.220599	28.379181
	-26.719763	-16.527609	-4.976613	3.360025	6.944698	9.394934	-54.951417	3.549093	-4.133555
	-29.102645	-7.796051	-40.450442	-2.124763	-28.368373	-3.875901	-14.145491	-22.981294	-41.832799
	-29.815911	-30.613989	-65.940173	-1.002958	-15.274139	0.974209	-12.817774	-32.085097	-53.236982
	-23.786417	-11.056489	-97.457472	-22.453839	-2.454263	0.829639	-72.951525	10.441476	-30.789736
	-32.805306	6.446246	-44.822869	-57.473087	19.828524	19.712143	-51.253169	11.620012	-7.731470
	-25.116513	-13.422023	-56.213955	-48.500973	-44.114177	-22.531355	-55.668235	3.024690	6.561373
	-30.755440	-16.325837	-47.309222	-58.557132	-24.165503	-26.035099	-75.059775	7.160335	-11.657981
	0.169277	-15.247881	-16.160077	-16.804815	-25.450689	-37.061523	-23.993151	5.336351	-3.652764
	9.029674	9.735713	-4.497346	-16.158560	-19.089855	5.327352	-24.571469	-11.913218	12.840526
	0.898035	25.868408	11.991853	0.648116	-42.110553	2.363999	-16.718044	5.175420	18.741182
	9.189673	18.254234	18.530931	-9.175918	-43.358952	41.657244	-21.976655	10.059494	0.132474
	25.894308	15.850796	16.940137	4.928775	-49.748843	46.853402	-0.368545	-1.747286	-23.489638
	38.003884	-7.042865	-18.956343	-17.363796	-7.420121	19.047550	18.994216	-16.143148	-43.043986
	36.523444	-10.878933	-17.602624	-3.037759	32.570522	32.461694	52.219104	-11.814756	41.546541
	51.095981	-10.114492	-19.358304	-9.178530	23.600352	20.273698	74.367129	-21.852953	55.067963
	49.985406	7.870823	-37.718863	-9.014711	27.296019	-16.602989	89.500197	6.312970	14.647344
	51.091052	12.649116	-47.548829	-37.022879	52.311958	-5.192953	56.947619	-19.815322	9.125178
	7.341998	35.039106	-49.319956	-39.278522	6.603442	-11.333095	39.309635	-24.537099	50.164215
	7.050290	30.369979	-32.205696	-44.230428	2.366208	1.481099	37.453366	-21.364015	21.820823
	-0.001526	28.046065	4.807448	-13.490730	-11.293043	12.021557	31.893384	3.873904	24.175981
	23.543878	12.531761	48.295901	-27.954120	32.157827	30.171953	49.428385	-7.790560	53.396828
	4.473641	-6.823314	91.625441	18.189950	35.621468	52.237979	29.822349	15.354461	88.153028
	10.308252	-33.211951	116.927388	8.466718	7.773808	28.390140	65.060787	17.515673	80.001939
	17.371265	-52.748339	79.076756	13.346036	9.489133	33.174870	58.852524	-14.309804	48.483735
	-13.234320	-55.548031	80.994773	33.634201	-27.663847	-13.929474	3.029274	34.128257	-18.468320
	-28.064403	-76.318276	62.437746	-8.916827	13.067302	9.899799	-5.666485	17.084911	-9.883136
	-2.060236	-35.652957	51.165325	32.768340	5.530052	-32.946123	-15.233382	19.226771	-20.795982
	12.203866	-41.799069	-1.507751	8.065351	-5.553997	-16.567044	-7.917746	-5.824570	-11.182693
	-8.409745	-43.744580	-8.287012	19.190242	63.306059	24.369001	28.019900	20.078595	78.684318
	58.570904	-45.931487	-17.781692	-24.474332	87.691954	28.537164	46.287714	14.699767	116.125049
	23.817311	-32.897364	-11.945763	-62.766034	125.459897	38.268533	17.699131	8.761814	150.212513
	25.770479	-31.550333	31.522743	-51.495931	103.503582	18.048427	6.609095	14.883808	73.597790
	11.859848	-22.949607	13.392155	-73.966413	111.058135	11.558799	-17.732640	-20.326995	50.269774
	-2.254560	-4.646023	-11.673580	-58.508843	56.411564	-13.392284	-1.422105	-65.369363	-1.371352
	-57.716578	9.557759	-64.697517	-21.424711	25.208276	-40.642719	-38.187746	-18.568464	-76.886653
	-78.760771	23.450021	-48.080513	-6.935872	-52.880657	-36.910936	-33.195763	0.067456	-83.257307
	-40.594771	30.110680	-14.347895	-9.774825	-40.231291	-43.391677	4.063966	2.641010	-95.523272
	-24.892007	43.591020	1.009855	-8.974831	14.297644	-29.139094	-15.554541	-12.915829	-40.426170
	-5.488695	59.216647	-4.452560	-27.646953	34.915715	-31.980884	21.537522	-35.125664	-16.042102
	-17.974622	53.706475	15.401014	-3.708943	16.658695	-46.258419	-46.560782	-32.797479	-82.883684
	-12.081999	48.207470	-11.947369	-15.496167	15.776499	0.022018	5.372330	-31.089603	-44.942153
	13.021689	32.288624	-9.617666	9.541896	11.738353	12.170330	-12.413999	-21.721085	-6.822718
	-8.644763	13.943151	-14.456557	33.651414	-12.143465	31.343881	-28.163532	6.488946	11.984386
	7.609473	3.126733	-47.483385	41.259587	10.969512	27.219458	-6.260192	18.257615	0.397111
	18.533202	9.933636	-36.245625	14.434901	20.777706	1.628477	7.065550	-22.842759	42.568604
	-28.954193	15.096035	-36.053651	11.907946	-7.709437	-23.104414	-4.352082	-34.086921	-3.338806
	-42.679577	40.135741	-36.123074	9.932142	4.610396	-30.738382	-28.611865	-12.510903	-66.244953
	-48.706006	55.151822	2.178424	10.694460	-25.200433	-22.580103	-14.216544	-46.549807	-29.224348
	-17.831925	44.317431	-18.144989	12.470288	-32.561115	-34.561272	-23.030143	-28.416669	-50.207665
	-33.566871	45.642976	-17.878908	0.702637	-22.670682	-13.067443	-30.868951	-15.015461	-40.616704
	-7.643977	43.402108	-7.438584	-9.276428	-36.789559	-16.903692	-2.382745	-20.151343	-42.671534
	-7.010257	48.862408	12.598082	23.380176	-37.295774	-19.056587	-19.268302	-13.850181	-47.941519
	-26.971291	32.055289	-7.733144	-2.253832	-29.247259	29.867530	-22.591274	-12.953867	-4.933321
	-0.307635	41.330393	-2.826112	8.759427	-32.013039	-16.669119	-38.496041	12.608090	-34.552029
	-22.542554	40.450616	21.608674	15.934682	-30.062409	-25.171283	-9.475643	19.907824	-50.737683
	-18.754491	41.831774	-24.767161	-1.954930	-33.031561	-31.785847	-5.164632	6.049359	-70.752370
	-17.281359	47.835431	-31.553347	21.251110	-32.426861	-34.243845	-13.371290	-6.829556	-35.228100
	-12.379638	69.394100	-13.530561	36.782841	-35.887347	-2.557515	-14.599682	22.166952	-18.118092
	28.020920	31.743519	-6.538262	25.065383	-54.001677	-9.479437	5.867372	-0.153528	-4.189132
	34.076369	31.314980	27.399891	44.848327	-42.357029	-10.989104	9.063187	47.311252	7.313980
	16.007988	26.831450	62.198111	50.979049	-3.185589	16.107206	22.509513	36.196696	45.953556
	46.625301	2.961062	76.488776	45.954783	47.095956	24.014615	33.777534	17.110209	95.097021
	25.936919	-10.553266	21.637853	32.328026	21.381140	12.555323	17.876536	15.422638	73.451501
	4.851808	-15.773237	37.558879	2.566499	48.171234	17.936215	34.028915	21.621600	81.240531
	21.786574	-27.872570	36.776002	13.573099	30.005765	55.707871	36.921332	14.211240	81.203233
	34.822039	-54.329351	8.714138	-24.029649	20.474558	38.302139	32.855306	19.534020	90.861084
	13.242084	-73.026606	24.772852	-23.898973	48.513290	70.693450	47.576595	-10.638823	101.486281
	33.498001	-78.958993	16.925804	-44.768910	52.550940	62.207671	85.480164	0.684688	132.815598
	64.114484	-74.910517	22.238912	-11.381385	42.698896	60.463733	91.503005	17.520918	132.791778
	46.518015	-33.928421	23.546002	14.503399	45.923888	51.068474	82.983467	-24.633554	98.694298
	37.199905	-19.858336	37.297852	29.371798	32.184171	13.855615	104.543541	-13.067525	64.626879
	-7.222254	11.889553	55.229742	75.152515	11.258680	0.442043	53.741812	2.522318	10.950678
	58.150176	15.756357	77.157786	33.642919	47.742279	-11.919179	84.716367	-2.555715	43.949564
	-4.180114	19.666029	84.209202	21.444265	26.766847	-16.224688	13.095344	14.535756	33.734744
	-11.053372	12.828836	106.012524	23.486034	28.132724	37.271716	15.715515	27.940260	57.453223
	-1.484681	24.870082	105.149529	-13.524674	37.815366	30.301307	-18.520174	24.955704	43.378160
	-17.808774	24.239840	83.156481	-29.333405	58.703886	-4.986635	-12.652434	42.565278	2.381107
	0.306205	11.461602	51.352937	-6.362586	31.706671	16.782431	-15.804176	35.901990	34.786836
	-28.332479	28.201001	32.973502	-19.001717	38.166933	17.242341	-31.668521	-1.801392	38.392218
	-9.809118	17.639520	-9.686453	-40.048663	-25.202513	32.795556	-42.278485	9.266805	67.971676
	-11.677328	5.892338	-13.487123	-1.245473	-34.442952	41.346220	-103.852860	25.979080	60.100796
	9.943587	6.677873	-26.931858	-20.407213	-18.724689	19.213806	-42.353939	38.039038	82.730375
	22.527536	-16.589101	-16.245356	2.155198	-18.461594	43.646575	-34.805269	23.588692	116.160709
	43.929112	2.509789	32.768561	-23.260959	32.527836	71.019279	15.271580	46.260243	128.045367
	38.384608	-26.550590	29.825289	-48.151139	69.787177	55.115653	35.280241	-13.427397	106.776369
	34.233681	-34.564484	1.640390	-50.270424	48.638999	65.510703	64.358463	-11.138727	101.525558
	46.594088	-52.105991	-51.517309	-48.303988	43.674080	53.049677	83.563804	-37.013788	92.241438
	24.087361	-64.643581	-94.636014	-26.228887	20.222585	14.547509	63.085723	-44.747906	32.352416
	27.866262	-47.789025	-66.231940	-34.554187	-14.619768	9.716524	34.842325	-37.357242	-18.928922
	-1.432435	-33.487116	-35.605386	6.125015	-16.040752	-20.792395	-16.909222	-25.869248	-61.726384
	-17.705658	-1.482273	-25.005183	-14.366103	-38.349433	-51.371976	-46.364305	-40.451317	-56.904014
	-16.520668	-7.190786	-40.286173	-2.486400	-47.535530	-58.735431	-50.011306	5.341705	-98.812474
	-6.966551	-6.997770	-23.662012	-4.530355	-13.176367	-33.691024	-53.195883	-0.791900	-60.923698
	-12.685192	-12.069905	-23.085683	-34.332260	-11.245800	-27.827760	-66.234267	-47.295845	-59.282264
	-8.924813	-12.178998	-30.449740	-2.988047	-28.457953	-22.692526	-44.220167	-10.397649	-79.530973
	-16.743702	13.981831	-12.555533	-2.852061	-21.163512	-36.719291	-30.158060	-16.662302	-65.206203
	-42.749867	13.702708	-7.532739	-6.884772	-48.552960	-67.751492	-38.790023	-2.315329	-67.593489
	-30.746351	10.303657	-42.589018	28.804628	-33.308044	-31.522829	-40.728247	-21.630332	-54.921688
	-23.392587	7.818485	-55.612736	1.862090	-29.971528	-45.144729	11.854935	-33.071757	-76.041362
	-34.134341	6.761208	-3.342090	11.669977	-33.976915	-47.317994	17.564200	-9.679838	-89.635336
	-4.530390	25.224817	14.665732	32.001215	-10.698355	-11.356288	17.105847	7.279637	-45.235577
	-19.275875	21.173623	37.949869	15.687620	-33.312793	-19.846140	12.992012	-2.619901	-33.128787
	-48.625248	19.390244	7.129976	22.485956	-66.665447	-10.534043	-33.371220	38.419558	-77.140366
	-40.853526	23.353433	11.828048	28.132820	-49.454928	-11.868698	-41.320908	5.233456	-37.929759
	-41.245006	25.376344	35.584669	45.633647	-37.485220	-47.772915	-43.554350	40.396683	-24.073399
	-7.873205	34.869926	1.915667	60.280054	-11.486771	-39.509351	-17.063007	40.134545	-35.320465
	-19.083003	32.792985	4.833884	64.809082	32.679137	-25.340324	9.170569	8.363522	-7.622579
	-15.500934	58.453018	38.020823	42.247497	-4.308644	-33.907436	-14.302355	-9.655237	-26.036507
	-19.287649	48.258986	44.066000	51.314500	-33.654101	-31.630184	-18.708466	-13.108919	-35.257897
	-36.151375	61.550127	30.506752	33.921738	-43.771376	-42.021215	-68.112751	24.368780	-74.363141
	-47.859407	33.849807	2.941524	49.422354	-46.428637	-43.003405	-96.195478	23.537486	-57.404827
	-11.891589	39.988786	-2.704554	14.273439	-31.148162	-35.798753	-39.912811	32.696841	-62.229434
	-39.510404	38.219801	22.914946	-5.321457	-25.018151	-28.031672	-14.864326	35.060152	-30.809504
	-32.053025	44.242178	51.808546	15.677980	-20.647235	-46.989973	7.259232	19.016626	-72.516922
	-36.278884	55.157454	94.632622	15.957024	-10.695893	-45.136019	48.893056	-6.939733	-27.479818
	-10.293016	58.586022	76.204584	1.491301	-5.678601	-29.309522	44.651838	-15.493686	-9.171404
	-4.631446	54.508900	104.903366	-11.293062	1.104125	-34.687282	-6.712242	-20.681245	9.345220
	-10.157573	66.017243	75.965562	3.165624	33.322089	-2.830366	-13.406319	0.269917	-5.424975
	-29.051046	44.998684	47.182512	-5.852471	-21.231077	-28.654280	-37.853159	-13.333704	-43.612697
	-53.441658	81.129089	49.322268	-19.954876	-24.247779	-36.583404	-55.850039	-20.420488	-65.677985
	-66.960305	41.588509	17.289787	-2.222355	-13.523388	-42.618646	-72.651947	-12.686281	-94.945338
	-59.295682	41.962989	13.044234	-8.622570	-0.738011	-22.563470	-62.460033	6.944122	-70.247883
	-23.329619	48.681654	28.848393	-4.512267	10.536072	-0.842288	-41.349402	-13.149906	10.172281
	-31.892409	53.753454	36.788109	-35.982522	7.677474	-6.039451	-38.813907	-18.255719	-39.584155
	-11.736916	48.880430	25.442042	-10.756268	15.133679	-9.595102	-30.544777	-14.798159	-33.102681
	-25.597531	72.031821	30.880132	-43.477306	26.189493	-6.409938	-20.759119	-22.309168	-77.310641
	-17.075832	75.216648	-11.506573	-34.404068	-7.460293	13.888213	-11.455575	-26.132998	-52.776926
	-34.568543	76.558782	-40.785455	-30.249371	-35.725612	38.719697	-23.657267	-10.681995	-39.432031
	-25.373260	54.449654	-77.192419	-4.410617	-25.937085	22.091823	-34.097991	-10.873475	-39.521298
	2.256615	26.657081	-50.199361	24.832671	-70.409003	35.872677	-26.588105	14.481505	-51.951431
	23.801224	22.883050	-19.312428	38.166897	-48.636814	69.351943	-47.658613	19.771911	61.178099
	-5.664368	23.153033	-0.812184	59.179007	-58.818304	37.599070	-39.245206	29.143118	46.548331
	-11.135464	28.130589	-32.029703	82.053236	-17.872822	-1.343202	-5.459920	48.663911	8.402991
	9.140390	26.376208	-43.674129	27.668528	-3.987573	-28.991107	-19.020326	23.916772	-9.078865
	-37.563271	41.708023	-57.847152	22.320260	-4.281706	-60.385037	-28.692735	41.014702	-103.151449
	-38.619195	23.408374	23.222834	-12.406303	-20.068968	-35.113505	-32.151282	-9.924875	-81.506473
	-22.381499	24.972817	17.084815	-47.096748	-22.764997	-31.618621	-41.042309	-5.409555	-94.423165
	-37.983245	7.663457	19.253208	-49.524158	-10.331637	-28.702009	-37.799064	-12.652818	-79.438914
	-4.139091	9.005527	-21.619068	-30.067352	-4.929036	-23.969998	-38.562820	-35.096449	-46.125266
	-25.772323	29.159103	-40.934994	2.031523	18.052388	-41.059492	-32.641258	-18.356609	-83.496048
	-23.352977	30.209540	-78.321912	13.619104	-29.830384	-38.841779	-53.537499	-1.757486	-103.289648
	0.811449	16.185657	-88.992447	13.127375	-40.326121	-34.490802	-52.738534	7.397590	-58.452869
	-17.366253	27.579199	-79.232891	-27.949527	-49.289739	-28.845775	-45.200808	-22.230897	-87.646411
	-3.851236	10.775526	-38.322682	-44.039586	-13.984950	-20.343212	-78.500228	-12.848238	-80.697148
	-2.609279	29.483917	11.382209	-53.241556	-12.023238	-50.133139	-41.699557	-43.477280	-42.931502
	-13.971349	35.061941	39.467802	-49.096399	-11.408791	-11.396360	-39.326114	-18.502984	-55.810224
	-1.593193	31.835425	-5.788530	-30.515473	-30.754920	-25.992279	-65.062124	-18.398301	-133.312975
	3.642623	34.605994	-17.296568	-12.435794	-82.804296	-28.309905	-40.180382	-19.066125	-82.818345
	-23.798944	31.212074	-49.707703	-7.524372	-47.591444	-31.918617	-23.387795	-1.035083	-26.856444
	-11.923122	42.783950	-28.468171	7.625876	-81.568219	-41.291936	-27.138971	9.449341	-42.258732
	19.357113	38.875764	-4.603849	-5.275382	-13.700528	-36.670285	-3.910861	-20.818455	15.994032
	1.868721	55.748197	-14.629891	-25.170361	-19.788190	-16.719461	-26.460135	2.885057	-2.877553
	12.831731	51.935553	4.961615	-23.776409	-14.130231	-23.213778	-56.242830	-3.458107	-49.300624
	-21.728323	44.769886	-29.144912	-25.612975	-15.882821	-9.975905	-46.654226	3.016974	-88.541217
	-37.397509	42.652773	-24.083040	-6.953654	-59.916223	-6.132322	-54.113557	-12.463132	-77.614050
	-1.473698	64.236520	-29.217722	37.171022	-49.827749	-4.773251	-26.111424	11.186440	-112.317521
	-22.717394	61.916386	8.581851	24.395350	-49.254512	-22.448587	-11.981219	29.675148	-33.757957
	-20.409079	51.291826	13.598100	42.311330	-36.283615	-39.991415	-0.619778	-0.120975	-77.795087
	-11.570405	42.888535	-48.864337	9.124145	-57.757788	-31.260605	-41.943921	-14.754902	-91.099868
	-5.309793	31.346239	-63.713383	-7.061196	-46.464148	-43.970975	-39.430844	-10.324428	-99.789620
	-30.416615	46.438840	-69.473113	7.250236	-69.546732	-36.273447	-52.327962	-4.339530	-141.893598
	-43.672826	52.348530	-87.166413	-5.389374	-78.330170	-14.944758	-67.650114	7.394075	-111.019453
	-16.518297	60.488187	-70.609744	36.105407	-23.309818	-29.193540	1.709123	-15.139281	-51.107481
	11.595539	44.403996	-34.093468	32.379012	-7.707130	-11.848044	18.343618	3.615357	-8.931963
	41.499998	67.108909	10.678445	61.813275	-3.563339	-49.166858	73.757679	21.896387	8.241166
	37.343610	40.382278	38.817284	53.137443	15.843929	-11.125137	48.279999	-19.061416	34.980055
	27.656617	-6.509590	40.249619	46.981097	-9.836843	14.561057	64.787224	1.872323	33.110681
	17.976369	-9.513133	38.323421	65.666082	16.313169	0.899009	58.907346	27.673353	30.536046
	19.783773	-7.915711	27.228263	67.753546	25.950342	22.919111	75.428628	0.708803	20.331551
	35.051147	-35.670187	31.920014	-3.613493	9.410529	21.963790	82.732028	-25.047020	15.791238
	2.624470	-58.882914	-2.286910	-43.343874	-5.676776	30.910582	32.195460	-37.984261	19.654994
	26.779313	-66.224928	-54.142620	-103.449048	-4.991377	44.885771	-5.839595	-24.604926	47.930313
	-3.383673	-60.174791	-51.583826	-106.554011	3.801494	21.190650	-19.386468	-8.807118	21.748133
	-10.437038	-50.186405	-54.211739	-43.500527	47.671201	-4.108939	11.164965	-2.857321	48.000888
	-13.426206	-16.644660	2.521114	11.038587	57.044563	-20.460646	36.852837	-29.285380	49.514193
	0.910535	-4.753306	3.849416	43.710726	68.346679	-1.840291	39.497840	-37.549212	5.334112
	13.324798	-9.929337	17.755015	36.906133	-6.257256	-11.294311	70.887399	-36.425417	0.974313
	18.642161	-9.549204	18.497996	25.758527	7.834265	19.713958	36.008176	-21.700410	40.574445
	2.337139	-6.617094	6.523652	53.287375	-18.104855	23.570163	12.976691	25.215525	7.055395
	0.959036	41.293996	-5.422635	72.265562	-39.925674	9.026212	7.567882	2.616747	-41.637742
	-23.220226	50.674633	18.355756	30.446313	-6.535945	-3.402107	-30.968434	42.841086	-84.280958
	-39.861590	55.336076	6.280873	24.604879	-8.068899	-17.177201	-36.703575	30.957437	-48.635013
	-5.159621	49.444949	55.033141	17.175360	14.649797	-13.802640	-67.938724	51.851061	12.174936
	-17.170940	59.126627	50.998681	3.253716	20.163669	-3.837726	-32.772780	43.166874	9.544965
	21.368010	42.467414	75.123505	-0.587972	28.523629	7.633560	-27.264539	25.862916	63.496238
	-1.497626	33.179943	89.453956	-18.813380	37.851050	12.071755	5.909096	13.297099	54.671154
	7.039302	20.735124	39.875576	-7.135307	27.463590	-10.375098	8.225975	-11.374810	29.462707
	42.987783	-11.322395	55.796464	-19.784849	3.372029	40.693074	41.025525	-15.812034	112.671971
	40.996492	-37.792438	27.092268	-39.138098	-6.087800	47.763677	60.267115	-9.442591	108.048053
	39.122136	-58.217638	-0.691809	-53.253875	36.979216	67.113056	55.230695	-35.324846	89.661447
	52.637461	-73.132860	25.904148	-83.616886	41.869408	59.710013	84.881953	-47.517265	136.114822
	26.143682	-46.333350	27.271974	-83.028090	87.802480	43.535237	60.305859	-56.794008	114.378186
	34.711013	-41.304639	-17.771442	-74.490698	66.730610	16.417293	83.286890	-54.983389	88.384828
	-3.450106	-35.082074	-29.806070	-40.730374	69.716309	-18.133665	20.112102	-41.747534	19.645351
	-9.029991	-51.050324	-13.482318	-41.217111	81.189388	-43.716273	20.081793	-18.208529	55.399046
	-3.174764	-54.396040	-25.576816	-56.661410	83.277138	16.195068	30.551447	-31.432771	82.740766
	-11.894379	-53.349397	-9.917559	-77.231210	34.244274	0.667251	38.525327	-43.767479	65.167788
	8.246589	-84.544043	-58.901240	-95.152955	53.751852	45.184399	60.495599	-31.975907	78.644626
	27.908701	-57.735902	-50.502617	-60.042686	52.777159	53.382024	32.494054	-29.099210	96.018589
	26.449827	-58.313371	-43.058924	-85.938810	71.186163	58.433953	48.882894	-31.876479	73.865954
	-3.833191	-76.122406	-46.910189	-68.359721	59.403136	65.369881	47.604479	-40.111043	64.512859
	1.432250	-65.689208	-22.038293	-66.308903	51.524519	70.156991	31.444651	-26.977721	93.302278
	48.451493	-59.469294	-54.846555	-55.897337	59.971160	69.393248	38.868283	-12.119261	76.823159
	41.552825	-49.644999	-44.476387	-19.633684	42.337223	41.759686	69.219282	-26.046351	85.109971
	36.115481	-43.816670	-51.999924	-16.266199	54.338524	29.397028	46.351528	-26.090002	62.849793
	31.093325	-34.455185	-52.306539	-68.294167	29.840706	-11.424465	21.693932	-27.386394	18.057415
	-22.686165	-57.893381	-61.670464	-53.100890	-4.493721	-19.444372	6.192496	-26.175257	-1.827256
	14.328743	-81.770876	-44.226694	-49.631340	-28.907794	-24.539150	-24.091625	-53.822257	35.993391
	-12.920597	-63.643271	-18.707205	-22.885015	-26.246692	-26.185252	10.243164	-17.074779	-8.398390
	5.990019	-70.959325	-65.941574	6.204330	-19.120551	-4.809276	21.257830	29.297048	-36.498827
	8.639266	-43.244929	-68.242480	71.304860	-38.743333	23.147351	30.453441	16.427077	-22.210360
	18.050730	-14.717728	-29.483645	62.986016	-47.284220	44.364529	22.356648	27.914871	-27.816436
	26.083743	-3.479244	12.760838	39.789576	-13.664544	14.526770	18.144088	17.641798	-21.100125
	22.653799	-16.906752	-1.144690	29.015475	-9.594307	20.328258	16.528556	35.207047	1.297569
	35.685033	-14.182850	-7.350739	-22.460105	32.400872	32.914032	15.012829	-13.825430	49.931594
	32.886860	-6.936926	27.761685	-32.067321	-4.982501	12.769934	-12.082097	-4.672694	38.654609
	-20.874604	-17.972556	-32.582432	-25.617672	-0.429971	18.146431	-16.173012	-2.890012	-57.645037
	-33.358377	-17.690381	-29.742732	-20.534097	-25.375763	-6.576902	-63.820438	15.544968	-16.390545
	-43.210771	-5.606608	-40.874286	-50.902684	-21.355379	-41.789840	-96.265947	12.625591	-83.152689
	-67.802390	-16.022871	-31.739713	2.472231	-3.471250	-4.723349	-68.111311	2.566712	-91.448423
	-63.199349	-14.711687	-28.865075	-9.122958	25.057281	-15.544133	-46.039988	28.222943	-99.261180
	-57.733621	-4.303068	-25.041200	-42.328905	22.369013	-40.341263	-87.062061	-13.549081	-57.612606
	-46.469330	-9.287078	-50.812941	-33.096130	31.812528	-49.656398	-49.869345	-12.818468	-38.039377
	-9.262944	-2.309597	-38.386457	-53.275145	0.518135	-45.950780	-51.347550	-29.966122	-29.713967
	-32.561575	-9.766194	-32.150880	-22.904491	3.546637	-6.061527	-57.990963	-22.972953	-55.551297
	-4.884999	7.173424	-0.347233	-1.065064	-52.936814	-40.082034	-50.864972	16.824900	-80.283321
	8.601265	18.228113	25.931143	39.115920	-76.422080	-44.855713	-24.952591	13.711219	-49.314816
	-8.487897	20.810092	52.802701	62.969110	-30.891762	-11.809243	-10.371204	28.456100	-20.027836
	-15.520488	1.034866	11.801646	60.814653	-21.401747	-1.675758	-4.099900	34.588413	-10.486290
	-1.002721	-8.375204	7.530202	65.015504	-14.774212	-20.575921	-0.247780	45.412013	-68.598480
	27.103544	-13.916560	25.608112	26.375808	14.212926	4.254468	-7.321046	38.559735	-53.808058
	-25.105717	-36.662961	20.105655	16.419336	-23.391523	-16.919893	-45.417160	-1.785100	-64.554488
	-13.097955	-30.008481	22.387338	18.857612	-6.643515	-19.951424	-56.963547	67.874956	-30.776889
	-18.788486	-37.391554	57.836309	7.090607	-15.231714	-38.599645	-48.946031	11.649081	-38.864543
	1.074070	-24.309729	24.480472	39.696410	-9.145087	-50.261324	-44.739998	29.877276	-39.419566
	-32.569836	-29.133232	15.967504	23.931567	-33.425749	-49.012585	-32.208018	27.392689	-16.200489
	-4.642136	-31.790379	42.431554	39.420812	-7.337740	-41.693543	-26.427459	1.936117	9.933370
	-9.660032	-30.571801	32.198779	38.524923	23.443841	-41.020627	-1.188746	14.132295	-20.070654
	47.010964	-27.830506	5.479792	38.074363	55.173350	-31.405916	34.041033	17.295962	29.419779
	25.414197	-13.503430	-3.399940	15.737739	60.602023	-24.231778	88.678360	-16.518948	28.538459
	75.185407	-15.544719	-11.650286	-7.671215	63.424843	-21.532775	93.155082	2.101274	-3.217036
	42.059164	-4.119176	-7.368600	-20.400321	42.796954	-11.524381	96.116102	-37.146982	5.864728
	34.910392	-6.360176	-32.146006	-35.401780	0.505085	9.110630	107.044174	-42.087710	-15.079803
	16.975682	-11.978981	-12.258418	-41.717042	-13.980721	-8.266456	64.475341	-31.384988	11.636552
	12.146224	-20.652169	-1.361523	-5.138857	-41.354904	-23.891546	36.272170	4.511833	-26.658422
	0.184901	-23.929618	-14.994862	3.595392	-32.828898	5.052932	11.640961	-5.714267	1.644521
	19.933517	-9.761017	27.267889	9.787915	0.681958	-4.975359	27.056107	0.181657	31.975848
	51.248046	-21.160185	33.050298	3.583706	6.273482	35.807130	40.020602	16.579781	53.117765
	11.731024	-28.393570	42.371333	-0.215691	16.078796	58.779210	6.457025	-6.278509	40.688764
	-2.487101	-45.255396	19.201468	20.210442	-13.837185	66.303502	10.438186	16.841744	40.296812
	8.431839	-38.870845	36.012805	21.290994	-2.038805	32.931412	10.948751	25.296466	41.931822
	0.718372	-32.691676	34.216732	1.736151	-20.573693	43.609103	3.542373	-4.080708	25.676069
	8.645153	-19.310639	39.118772	15.868679	-5.563086	-5.335881	10.286181	24.367552	0.497936
	30.081818	-11.708528	27.026024	55.440830	-9.356021	7.579749	42.967135	34.492968	-30.700484
	42.223178	10.995029	29.580959	67.579455	9.478838	27.051496	62.251811	3.399269	-6.587340
	31.386782	21.310458	28.931681	73.627701	21.088122	29.384634	49.731500	19.963314	-8.922006
	-8.457167	22.104056	25.346151	75.066883	-12.358466	0.557093	-9.261320	26.161873	-47.837069
	22.339949	40.722236	33.263170	77.546953	-33.185147	10.743958	-2.257207	51.481857	16.738672
	-10.430749	44.525615	37.368713	45.791445	-30.351645	4.683835	-53.362898	17.814886	-40.003742
	-19.040839	23.820927	42.545255	2.450611	-31.714741	-30.971373	-49.997581	13.996923	-59.649236
	-22.237929	24.246254	37.804032	28.085121	7.957483	-12.342558	-35.969730	18.436369	4.822338
	-29.736433	22.222882	45.534485	25.437351	15.351731	-12.155747	-13.687307	4.630893	-18.034143
	-6.730707	10.495525	63.857128	17.933557	11.590260	-8.973993	-32.251587	-5.248213	51.709491
	-11.156166	13.704575	49.377715	9.059482	31.519531	11.667926	-2.108826	6.351836	73.017984
	47.169031	1.748730	39.337419	55.163930	5.927681	27.352031	26.386314	14.148465	53.637869
	39.116352	1.125445	-15.290509	38.117693	23.338893	24.118895	-3.198849	29.740686	17.042131
	36.449359	-15.648814	3.216805	33.828742	-13.119339	58.723368	25.338436	19.273542	67.628124
	50.470405	-30.667733	-18.424277	-35.683043	27.073088	73.226454	45.225454	21.993043	112.998338
	44.058521	-48.462414	-33.294103	-47.672793	41.451111	102.299446	56.780372	11.717123	110.430216
	76.746954	-72.380819	11.407567	-65.084447	62.308571	81.110423	31.601754	-13.965256	115.201876
	46.669293	-94.932750	-13.161685	-60.636009	67.272934	92.700202	55.429652	-38.307200	89.099163
	62.307679	-94.204810	4.950293	-43.960853	61.316913	66.794742	77.930915	-46.185292	117.196472
	19.038420	-79.958513	-5.083443	-27.460908	18.967191	4.869242	42.073652	-28.813512	37.586022
	7.006600	-40.343806	-3.409668	-9.297475	-49.967217	-28.595287	-17.027656	1.083894	-0.174809
	-19.741920	-6.029307	-27.595970	-11.140152	-72.283434	-59.546034	-39.525900	5.222086	-27.678514
	-35.252773	-1.319460	-31.168992	-13.717872	-25.731726	-37.673720	-47.827865	-13.479618	-58.502768
	-31.131234	3.051771	-9.110557	21.714435	-38.423476	-15.608855	-9.520366	17.946709	-21.479988
	16.077579	-11.344555	-14.794330	23.334009	-21.099525	12.448628	-1.456496	25.397818	46.704459
	9.654598	-23.714237	-10.602331	37.266703	-25.179367	36.512854	28.214609	33.724535	48.120546
	33.374889	-25.285199	-17.629538	20.106157	-38.886460	54.963978	19.352765	38.278018	89.727790
	5.486453	-25.799568	35.465889	43.074385	-62.796931	28.508600	-20.619385	37.593197	34.495508
	11.383301	-23.726370	24.562597	14.161485	-54.777215	30.931209	-42.509030	31.120003	43.812439
	22.110963	-23.526047	46.319633	22.468339	-66.648816	-8.340564	-31.916969	40.240115	17.993677
	17.444153	-25.389135	43.056366	41.584867	-33.223415	-8.943071	16.921566	47.562397	-26.040301
	21.416576	-36.862858	8.373043	4.520100	10.425529	-22.683084	48.936788	38.772662	65.011837
	48.730067	-61.051868	-3.307338	13.375813	34.669666	21.318496	59.077810	-3.561721	49.369650
	38.245323	-56.848994	-35.633049	23.898425	23.784877	25.785578	102.443772	-2.643588	12.650485
	18.244248	-45.472747	-43.492046	22.483506	9.092011	35.190928	37.755086	21.906839	10.340652
	-0.285256	-44.745829	-31.711209	46.905790	12.879877	21.956030	32.190717	16.217838	-34.784985
	-15.673533	-26.954844	-42.558565	26.719786	-17.041775	15.610106	26.795396	-17.089887	-74.558883
	-12.495196	-22.431823	-20.285315	51.959043	-38.913361	22.972394	40.929407	35.033487	-84.134733
	13.944335	-11.845971	-14.177061	63.717106	-35.256625	14.118398	57.661634	5.637828	-80.388544
	23.282979	-1.235499	-37.365869	35.276424	7.055612	11.044410	56.861262	12.540759	-33.197478
	-1.138873	4.160145	-36.574426	64.495140	-16.050353	20.725929	46.787924	34.955152	-45.369772
	28.262129	-17.179622	-38.179530	14.323197	-5.481787	36.815334	56.474167	-22.915962	-2.612629
	-1.009763	-15.792039	-14.046562	5.046522	8.604780	19.585790	20.898060	-5.370666	12.348308
	-5.729853	-10.111440	-36.045944	-15.112089	-12.926068	25.438198	32.338669	-18.326510	-29.253196
	18.327195	-26.956485	11.189534	-2.156743	4.654049	32.334528	11.833304	-15.744887	48.911295
	14.195021	-17.537441	21.326381	-55.912361	28.947307	38.067334	17.456897	-11.098493	94.031135
	22.537483	-7.599254	-4.835637	-37.015543	-3.832397	51.097068	23.431145	-1.634702	102.628350
	35.652647	-24.767717	11.039634	-53.571381	70.460727	38.728983	44.639557	-51.635065	109.143275
	41.587778	-13.670419	14.187584	-20.019531	93.932150	10.335764	60.152890	-34.492933	102.625848
	46.095618	-8.636799	-10.112851	-23.432399	69.654426	16.742149	78.816952	-21.334904	99.945930
	31.931989	-3.373821	24.832513	-22.608938	67.582228	-37.505438	95.014805	-4.297277	21.046662
	35.058877	-10.207311	5.234397	-44.163815	41.051601	25.917499	87.158065	-28.184016	93.357778
	45.845040	-7.220447	39.127229	-10.166387	-20.425211	25.885296	104.766053	-2.008749	55.309071
	52.788059	-9.644314	38.325174	-77.292100	-12.712444	43.784255	79.268380	-19.917233	66.897306
	38.673045	4.919820	-9.574059	-41.559917	-8.537847	55.259070	54.943262	-17.686474	21.942464
	38.023612	8.596483	31.778708	35.944286	38.532436	23.436051	43.722371	35.381039	28.057618
	33.810356	29.419587	44.803461	60.281253	52.217816	34.098727	45.939065	18.163399	11.810339
	13.728051	35.025182	84.432630	114.515162	4.628521	-9.615594	49.313016	17.335249	-3.849020
	0.444243	31.496805	57.452852	103.631285	-8.528308	-9.528081	34.610643	22.434410	13.703614
	1.625741	19.609251	32.037999	98.960779	-16.968888	-1.246866	9.649622	14.187226	-4.983400
	16.886024	6.491914	14.829267	50.549009	-35.573260	-27.228451	-10.642900	26.158049	-26.064011
	8.435408	-27.741133	-16.708036	-2.137436	0.515084	-12.615935	-20.016868	28.611470	-1.287728
	-30.800894	-8.062873	-25.745605	-29.903778	4.307156	-6.706776	-3.571235	-20.854261	26.389677
	-8.943102	4.114782	-64.254883	-47.270435	15.193215	-22.598594	-18.494496	-34.655827	18.082412
	0.650342	13.325105	-33.420984	-17.712114	44.023763	-3.880215	1.841322	-11.366740	23.829452
	-25.954174	22.011862	-18.162986	-64.308538	18.501098	5.583230	6.909564	-35.636211	34.579194
	-1.403730	15.488511	17.437738	-46.664265	30.751529	21.131961	22.554712	-40.978847	72.939802
	-23.021118	21.334832	27.823987	-36.891499	60.644834	27.894850	45.901197	-32.365287	70.602631
	10.976470	10.615944	25.040449	-30.651419	69.711862	12.187303	66.801709	-47.616665	83.262610
	39.815908	6.323041	25.430538	18.595324	45.973918	28.437163	44.375444	-5.966699	77.875331
	23.732864	5.491138	12.591264	-4.956062	27.150405	14.243411	11.774669	5.025483	21.818582
	-16.612510	-1.105118	21.394193	-2.735466	33.987455	18.539464	6.777731	-25.439311	48.923680
	-10.802622	-17.835551	4.379472	-36.959355	27.812277	12.157058	-38.976852	-16.984864	67.446404
	-27.853523	-29.532786	31.491184	-85.915145	19.360171	7.556924	-51.404116	-8.198207	43.940600
	-33.783070	-36.766813	-8.865335	-77.154944	33.457154	-2.340774	14.037455	-7.534317	71.502764
	14.394986	-16.913183	-8.806592	-86.739611	62.294302	3.340054	30.845382	-49.042733	109.607872
	-16.070480	-15.192227	-0.284941	-84.849581	73.361805	5.722145	43.332411	-59.269658	82.213982
	15.649384	-20.635951	-17.883319	-2.493715	82.192450	29.307703	28.895322	-29.014687	82.765175
	2.437457	-5.470692	-17.278417	-20.476910	27.063496	-3.764873	27.761732	-27.716215	37.782252
	17.686699	-6.860721	-21.430560	-35.056304	-0.214790	-41.376511	13.361620	-3.188188	21.067512
	-6.617655	-28.667479	-34.092599	-92.287564	1.946493	-2.398039	-25.282433	-39.170747	7.321848
	-1.797091	-48.300745	-14.279987	-120.203470	8.873744	-29.926989	-84.433044	-46.112824	3.025870
	-50.415996	-34.042036	-11.519842	-101.292261	-16.924341	-44.041513	-97.382163	-44.434007	10.218458
	-6.103031	-16.070181	-37.183149	-82.384713	8.059755	-47.755467	-22.781261	-52.125777	-9.688433
	-19.517186	-4.088328	8.237712	-31.120748	12.564687	-19.811039	-2.825327	-3.151346	38.155409
	25.797244	2.064643	9.106659	33.611677	19.160074	-18.547571	63.438882	-21.658039	65.400101
	17.202902	18.943931	49.524469	55.030405	8.384278	13.580579	44.293873	-9.510697	-20.342635
	1.166281	19.219793	11.608422	68.376081	-7.454884	29.297177	59.990744	13.392356	-63.853409
	5.077282	21.464793	-21.724606	75.891448	-29.179124	-23.056447	24.790093	43.458625	-79.939606
	11.906948	20.221568	-30.350304	47.025811	-29.145584	0.087828	-29.139663	34.530109	-98.350088
	9.418022	10.589527	-40.567838	37.682420	-39.295735	-23.248761	-30.323487	37.828637	-63.747232
	15.099840	12.276011	-43.311122	17.535439	-10.534466	-39.288474	-52.357035	-9.768881	-53.783529
	-14.874376	12.696975	-67.093510	57.145356	-13.269096	-29.723841	-37.992562	14.133777	-55.817477
	-22.102292	30.794355	-33.573045	66.858242	-9.635188	-38.127210	-4.546752	30.146303	-30.627814
	-30.100634	24.141043	-23.037980	73.255620	-3.417037	-16.826704	0.718432	-9.289687	-70.082674
	-23.517518	19.692012	-17.340291	41.634658	-28.310382	-13.156348	-32.887254	18.801078	-80.074484
	-7.976899	28.616226	-16.967925	-8.407034	3.972933	-52.506457	-29.382927	-3.156603	-54.861907
	-19.004468	33.578395	-15.088859	-23.711730	-10.489546	-27.448587	-44.666950	-7.668482	-51.211003
	-22.779172	28.483019	2.394745	-43.651333	-31.086780	-23.226212	-48.346773	-3.904341	-38.330203
	12.992489	30.329329	-2.793396	-54.693851	0.664129	-27.565393	-66.112730	-16.167751	-28.506971
	-23.435389	16.015929	-6.369167	-55.809840	8.163692	-8.647492	-35.694797	-20.290575	-22.543582
	-0.250396	24.224354	38.710763	-28.306150	-17.674233	-9.682086	-15.864273	-23.239822	21.533913
	-15.734728	2.546018	53.076953	-37.944072	-24.828186	-4.073290	-25.732006	-15.931126	-7.712082
	-0.838557	8.717448	34.355024	-35.059776	5.940180	10.472291	-30.380638	-6.283418	-21.992817
	-1.462935	16.566143	34.632443	-8.036300	-62.708559	9.554305	-33.342057	-29.048901	-34.755335
	4.408728	13.716807	14.550676	-26.558064	-22.641956	-8.708641	-54.672268	-13.495415	-39.230590
	24.210809	11.837434	-20.679745	-12.379872	-9.595503	9.380389	-29.115407	-7.028659	-28.887397
	4.879034	28.632606	-1.389670	-23.255936	6.242316	23.846739	-31.039869	-11.925140	22.747410
	-20.006325	40.692534	-18.065698	-4.056496	6.039957	-0.866718	-57.868732	18.690704	16.436205
	-1.011724	38.822363	-14.925599	-45.076145	8.668395	-11.654974	-61.171727	15.297387	-22.388904
	-19.982443	24.351153	-38.137598	-32.299548	-22.149853	0.134828	-76.672617	12.510374	-17.355761
	-21.524868	18.546504	-15.962157	-25.270379	-35.202488	7.189145	-65.049357	-3.058287	-20.762436
	-51.766921	0.446775	-17.357023	-35.179233	-31.148062	-16.087446	-51.286848	21.382939	-15.042701
	4.753673	8.465547	-18.521696	-13.979626	35.821569	11.407914	-19.313996	3.621210	14.375832
	10.741356	12.477700	12.174763	-8.040642	27.070367	-33.192329	-30.155837	-20.549937	40.872164
	25.014969	2.045112	-4.599075	-29.492295	16.891664	25.876239	12.529551	-7.260825	50.334267
	30.094449	-5.905895	5.807869	-7.133320	18.294819	6.212090	5.925638	-11.953129	51.696983
	11.636446	-12.964494	12.820253	-62.694921	-5.127631	21.376053	-27.381416	15.946486	45.511796
	16.357030	-3.310729	47.366115	-63.842438	-7.127069	24.273817	-61.221500	-22.345754	42.554459
	-3.438217	-18.986347	1.784408	-32.678326	-24.898499	28.809847	-27.631710	-10.325446	-35.364520
	-3.440916	-12.821335	0.801268	-53.045624	-44.918627	10.756953	-61.751126	0.337787	-46.817356
	-11.664166	2.408089	-38.200259	-37.327767	-54.140847	12.241911	-43.133980	13.190698	-46.879214
	-8.709197	2.141446	-41.480479	-26.474883	-13.664201	3.845555	-25.322172	21.487602	-11.797280
	1.272212	-8.274000	-33.462937	-5.684396	-36.927573	1.020176	-20.067920	32.622028	-11.211960
	21.189301	-10.866344	-26.334395	-3.102914	-39.358250	0.396673	9.021481	3.490848	-31.789267
	-1.129927	-5.713542	3.404605	-5.259755	-38.037384	-1.279363	-10.114303	10.557213	-13.924382
	-21.566589	-8.388053	69.958282	-21.710520	-15.669572	-17.027593	-40.787222	24.217788	7.660626
	0.771997	-8.554893	34.814066	-10.956765	-37.393419	-12.790984	-56.284892	24.757640	-30.591565
	8.823431	-16.095653	27.410352	1.210312	-25.446170	-2.067482	-17.670950	14.981382	21.896313
	-3.301216	-18.613507	10.662601	-7.935760	-14.143105	2.848737	-21.887091	-1.738594	32.783846
	24.778731	2.650253	34.783909	30.118285	14.874307	46.841872	25.440034	1.411035	99.594623
	1.864008	6.087708	30.428093	15.272259	-2.818269	17.311497	3.043362	22.395416	87.204401
	-1.101527	7.586073	52.222038	19.830412	-0.282246	18.813879	-14.059832	11.525814	54.965890
	10.725991	41.024852	63.685518	18.316601	14.634717	13.446782	29.359336	-19.225650	37.034619
	-25.597233	61.336270	53.015537	69.016192	-2.029042	-0.210038	20.318551	36.205599	17.082157
	-31.886234	55.598273	50.462495	73.899551	-11.930282	-6.496976	34.818595	19.345607	-50.656037
	-4.978436	53.457729	29.758066	59.124512	-23.715191	-30.540089	63.011492	6.014810	-34.842358
	-8.536153	35.774145	22.490436	47.400339	7.791552	1.114480	18.480816	-23.742281	-72.709921
	-21.688986	29.712997	13.028446	83.696605	25.841972	-17.942971	17.877232	41.984262	-84.718016
	-12.083410	15.087561	-10.156098	49.629341	-10.554367	-27.146070	-10.792618	18.180986	-100.336343
	-55.949949	15.786040	-5.743483	16.713847	-34.364603	-15.617147	-20.445917	36.256011	-60.407392
	-37.008093	17.113055	-26.511101	39.212904	-21.386068	-16.607542	-27.378476	22.106567	-58.562180
	-26.771249	-24.442797	-37.921017	44.373027	-15.438964	2.815913	-7.035430	22.397866	-1.122742
	6.884300	-43.194190	-39.490005	29.604021	-38.563964	7.662012	3.324804	9.796229	6.039941
	33.803064	-68.467129	-35.677140	43.753489	22.357849	54.654975	23.780715	15.971306	53.738190
	14.060006	-75.654358	-44.645499	39.114320	27.824849	53.469497	10.247166	8.022194	46.611840
	4.785024	-61.502444	-29.028603	-15.348788	26.593153	45.497572	-26.564314	-1.381874	-4.307271
	-29.557779	-54.207724	-63.001417	6.895108	58.921761	11.350754	-44.740589	-15.789689	-1.804303
	-51.707370	-13.620400	-38.495291	-16.407169	1.819722	-30.953719	-57.552702	10.132321	-25.349304
	-60.115891	0.547300	-47.610537	36.003300	-13.634694	-69.905079	-40.115089	20.259096	-91.442758
	-68.590624	7.136554	-41.029532	74.816095	-46.961898	-71.459771	-27.549246	20.746049	-78.519317
	-39.455122	24.135174	-66.257504	56.038780	-34.950730	-56.855339	4.211417	46.326247	-49.293195
	-31.119628	8.592328	-65.097623	27.296762	-80.828136	-76.452682	-57.204425	23.630147	-133.915655
	-25.264135	-15.421291	-57.978455	26.701447	-63.000460	-31.188921	-31.985694	-1.228505	-58.059959
	-28.532541	-4.679279	-28.489263	43.087893	-54.301455	-19.211982	-6.460489	20.125621	-66.635482
	-22.930676	-20.829694	9.632998	43.405532	-18.154585	-14.266216	-26.757552	-0.220148	-92.632773
	-35.099387	-19.313427	-19.999820	4.906155	7.789952	-40.875951	-19.181946	-6.564730	-49.755251
	-52.042105	-28.954718	-43.212191	-45.481004	42.017273	-20.795930	-23.741935	-9.143938	-67.249419
	-63.406645	-22.017651	-31.554875	-18.191114	34.642612	-56.574710	-60.757054	6.666851	-68.172805
	-34.609701	-17.668477	-47.950977	-28.578614	27.173781	-74.749988	-50.121399	-31.415655	-91.243081
	-52.090397	-21.345489	-76.349883	-18.980145	5.312455	-40.510819	-54.702710	-5.081417	-74.461066
	-58.393948	-15.953811	-26.306953	0.373033	-15.071023	-65.088730	-5.922058	-13.317307	-75.261302
	-67.450906	-10.901579	-23.087013	30.751438	-37.200469	-68.383377	4.491768	15.504035	-89.091279
	-26.248552	13.096853	4.494590	16.694508	-52.250542	-25.335571	-24.172078	-3.894787	-52.065908
	-51.632600	31.016426	5.460068	-1.367671	-68.162120	-55.957532	-95.293485	26.847127	-84.518101
	-25.461238	34.780572	18.481162	3.809181	-29.798111	-18.873151	-68.830418	20.297972	-25.522512
	-23.806563	19.581626	4.797964	-8.607148	-53.711656	7.834895	-57.013268	18.440421	2.662718
	-10.008302	45.005425	14.903732	3.439915	-9.207209	10.117910	-29.861181	29.273970	29.733098
	-4.116007	30.866177	-29.067406	23.138984	-33.867953	-6.860419	-22.272016	18.829441	-9.048483
	24.892643	18.208165	-48.597349	12.622381	-38.520593	9.297219	9.166720	-6.804016	-32.696001
	-18.703007	-0.962708	-8.213776	20.005126	-45.240814	11.152262	-0.141609	-9.590009	-63.029802
	-51.604974	-8.119926	4.314854	8.292418	-9.306860	-8.143133	-15.063839	10.411452	-49.883311
	-21.472284	-27.230218	-6.376140	2.835822	19.965826	-7.899726	12.605801	12.261175	-12.585161
	0.961089	-58.340023	-0.743083	5.129458	49.863864	-30.732716	50.941385	-14.522042	20.713949
	45.564823	-41.598184	-7.087345	-15.162380	88.176444	21.347678	96.867042	-15.934359	91.853188
	46.006875	-45.522137	-41.370982	7.896020	71.564884	19.670058	91.349993	-26.865772	41.379130
	34.956632	-19.879918	6.380691	28.278970	67.327081	38.717991	108.952730	-19.058314	77.354855
	33.824827	-18.911256	32.783145	48.432047	40.282444	5.070765	82.926303	-2.082723	37.833746
	13.585725	-6.654508	-25.759778	35.650232	40.673738	0.898043	65.472339	1.486465	2.317622
	7.713598	-3.334897	-26.433013	34.094554	-6.289165	-19.169601	6.324745	-24.893108	-41.244908
	23.956725	-8.982589	-16.338892	20.684790	-2.308497	-16.862844	8.341417	5.152736	-10.539566
	13.459131	-8.057459	-17.572177	33.148264	-14.511924	-9.528823	45.683332	11.195452	-32.658768
	25.446152	6.212175	25.075569	44.463749	10.618674	5.861281	36.834545	-1.409119	29.560460
	26.527950	-7.568613	21.511902	17.795237	32.438954	18.416849	56.332622	28.342227	42.397818
	36.147457	-21.815141	38.970405	-6.598234	47.717844	29.368819	61.621953	-14.135397	48.404404
	34.772100	-26.682655	33.351899	-41.705217	47.672975	2.498244	48.488378	-20.858412	42.825328
	28.792902	-51.408788	23.116113	4.297633	8.579060	9.675570	6.437681	2.493649	16.170413
	47.324197	-35.273918	6.266785	19.695518	0.153054	18.745681	51.713000	-11.494366	59.580417
	59.060292	-46.103134	-3.267598	5.410055	11.167626	38.700190	53.184678	-19.821679	86.221801
	33.437949	-32.382824	-0.903928	-26.080702	15.043141	38.583106	30.947706	9.714005	76.112058
	39.941559	-34.182546	-7.609559	4.650105	-8.038151	24.738761	16.650581	19.236122	26.365405
	32.700266	-4.075133	3.189534	-28.884714	-26.850875	10.557232	6.726202	-16.194761	-2.924540
	-14.256189	-23.635075	7.621585	-21.834403	-16.177900	4.502881	-42.411827	27.810216	-29.139266
	8.443598	-42.570066	40.861088	-32.733123	-24.814341	-2.958785	-6.391554	-2.484765	-7.404608
	-19.100647	-39.645304	58.773813	-10.595759	-30.460807	-12.905302	-8.940585	17.447509	0.225933
	-27.606528	-38.495264	12.931624	-33.609856	-14.078271	-18.317397	-53.284354	18.371383	3.216630
	-1.189213	-15.426566	33.844361	-10.378442	1.787742	-20.635544	-60.356298	10.763654	-0.589290
	-41.440388	-4.050633	26.388917	-0.946214	-27.327533	-19.380007	-35.351422	5.458391	-15.406865
	-35.064531	24.107206	41.028137	33.788784	-43.287611	-23.556127	-34.592323	33.898346	-59.888464
	-43.040767	70.769657	34.398629	42.261235	-17.397417	-8.107010	-32.923791	22.657459	-73.072038
	-32.030358	65.938230	35.399186	81.782788	6.152541	-27.532155	-20.942993	67.268504	-36.155054
	-10.122821	90.299895	47.167746	88.300535	10.861712	17.864211	-40.273611	34.932408	13.957588
	3.240307	72.300803	24.543845	60.769528	27.383178	-3.386056	-10.293780	48.441605	21.153636
	6.207695	82.939857	42.597330	35.018666	45.175112	-8.607949	-28.515785	35.262589	-17.949286
	1.699691	76.963347	23.938373	13.989951	47.325509	28.025495	-17.531382	36.137573	28.673014
	5.387522	72.219019	13.410265	-10.150730	59.714360	11.711749	-21.178780	12.977099	-8.886544
	48.507626	44.827943	36.693326	0.687319	19.368526	56.670870	37.918793	0.330328	52.795901
	42.391272	21.418862	28.395680	-8.335126	35.041654	49.323748	0.527749	-0.223833	27.390505
	24.537189	30.408267	63.500633	5.963810	1.227781	47.609468	-8.291150	-23.858188	74.076002
	51.042422	41.922366	40.347967	-11.278404	-23.532920	25.698779	-18.018170	-21.977318	28.811871
	0.949092	32.380490	34.888284	5.630423	-12.555599	-22.041001	-51.841551	15.559879	-22.098728
	-57.871277	14.579418	13.157655	-37.212825	0.231369	2.601204	-80.621598	-17.169635	-46.354724
	-17.838862	40.835755	5.826404	-3.400835	-14.558062	-52.381154	-53.957859	-14.154595	-41.246836
	-81.557498	26.619086	8.946298	-10.616565	-41.844055	-47.356344	-69.801422	16.966175	-68.313957
	-58.192213	15.570749	-13.728102	4.050912	-34.353600	-16.884641	-49.536583	1.806016	-47.242160
	-34.014931	-5.198212	6.230088	-23.413110	-24.644721	-26.512815	-26.899952	24.347718	-26.531430
	-28.429021	2.304410	3.351056	-59.710789	3.384650	13.141306	-39.755926	-24.603510	-10.288908
	-19.592337	-15.101948	-7.946232	-62.366044	-20.188703	-32.321721	-34.850979	4.179159	-25.952980
	-44.463267	-28.026907	18.184045	-52.097669	-27.334875	-29.071107	-45.484557	-30.970786	9.282425
	-29.789733	-9.827249	12.893187	-32.463011	-22.232009	-37.827752	-56.644455	-23.764396	-24.758215
	-31.742254	-39.824371	32.105826	-52.627080	-56.957183	-13.490629	-35.449982	-9.293580	2.754095
	-21.182727	-26.036427	28.258843	-84.247451	-34.027294	-16.119426	-76.645840	-38.514466	17.363621
	-13.314232	-53.017784	10.388820	-29.716557	-72.659226	3.328162	-44.056268	-14.408448	-5.712359
	-33.867542	2.585356	9.469578	-19.678898	-41.500615	-0.876579	-70.787365	25.639963	-7.567062
	-15.521218	11.142932	32.113025	-17.724475	3.631487	-0.270303	-0.290551	-0.368516	22.009505
	7.875700	9.343566	12.214247	0.933209	-32.458202	13.190187	-3.059463	-23.382831	-20.504392
	27.970506	-13.969649	21.460293	-10.824218	19.265125	35.634923	38.441969	-0.559479	24.376278
	17.962454	-0.725270	33.520984	-7.462527	-2.271361	35.656793	39.517033	-7.557287	57.129419
	38.578387	-34.971649	10.679501	-35.466220	15.555043	53.726838	56.614407	-13.430987	58.419634
	38.461846	-43.396486	6.938115	-46.649337	-1.320093	15.342314	11.999660	-3.556319	21.248004
	40.264022	-31.686850	-36.091673	-9.243257	-9.158861	14.985490	4.701803	14.812586	1.186324
	-21.465459	3.046516	-34.923589	-4.418784	5.424776	-13.392458	-22.834819	-6.302573	-42.647654
	-13.877691	-19.718278	-51.258885	-1.779353	-22.278742	-28.207589	12.486176	-21.377932	-66.153430
	12.774506	0.903353	-27.611949	14.502223	-6.299624	-14.571982	48.621325	-14.888800	-55.872350
	-19.876940	14.043321	-9.245216	35.740546	-5.547885	-33.529375	6.237997	15.035735	-59.776970
	-2.177115	23.379215	39.731924	35.189187	-8.459444	-21.678508	21.037161	10.251629	-40.689732
	-39.397298	36.058862	73.871295	12.341966	-12.737848	-51.718460	-6.275640	12.506672	-98.374015
	-32.150352	43.647061	57.446511	-18.827191	3.782761	-38.695199	-24.083959	14.154140	-75.901753
	-39.874291	4.405815	67.819341	-2.482115	-18.780698	-19.840075	-15.930480	-13.241024	-27.528870
	-2.771942	0.566415	49.480684	-7.976391	-3.866563	-8.896293	-1.683186	11.603548	6.103459
	8.409802	-21.133300	62.714474	36.025387	29.562663	16.784441	42.007604	30.300051	55.588967
	32.443781	-13.008114	98.094174	37.870235	34.221166	7.707749	43.834217	0.313123	37.795208
	16.157993	6.340720	81.800781	7.700668	58.359520	2.636381	40.177687	-15.214224	23.767815
	20.689604	2.870603	90.675314	-12.617197	111.731720	23.118384	79.863462	-21.032693	85.086224
	39.290190	23.923305	53.320951	5.388382	53.273655	-4.856631	42.385922	-10.019608	6.518247
	12.912865	-1.011232	24.239640	11.761593	66.152282	1.246988	42.448199	-30.917154	54.744495
	34.634072	21.238534	14.824296	3.636082	56.371960	15.037380	20.220950	3.568657	57.622986
	64.300407	14.095918	-13.558986	-3.915353	41.301502	37.882732	14.831757	9.069665	67.726920
	38.494285	5.807499	-23.507103	6.116539	-29.614158	12.756039	29.445022	16.008784	37.554004
	22.287251	20.740632	-19.339235	0.351680	-2.106435	10.927408	-8.320629	19.239642	64.607936
	-8.233177	3.677670	-10.268855	-67.363279	-0.254240	-16.647543	-43.331997	-22.800053	9.162346
	-9.542982	-1.826327	-61.117441	-45.711876	-71.181463	-24.471761	-34.343647	-22.856469	-17.233954
	-44.848339	13.791189	-90.400123	-29.050040	-19.335701	-38.905848	-66.053157	-6.916289	-84.866273
	-10.025021	17.592184	-104.969024	-54.537241	-5.711288	-33.947164	-43.665927	-14.922646	-59.773179
	-40.862695	16.427010	-75.801920	-39.307691	-3.053943	-13.215372	-14.203883	15.331741	-62.706003
	-3.855813	28.487494	-72.853075	12.432086	-16.290904	21.167447	-17.729338	-0.309803	13.864814
	-5.971170	36.393899	-27.516222	27.376016	-14.170134	13.067137	-5.635250	-28.285571	30.396437
	-12.249939	40.439323	-17.498857	5.568094	-13.318406	22.040885	17.534622	-46.797949	-8.870454
	-10.469280	30.731821	-33.885031	-18.014218	5.178084	21.879752	-18.198980	-30.824864	-11.420524
	-28.265076	33.880277	-35.554613	-8.920357	36.505461	-11.730607	16.526614	-23.892564	-1.139525
	29.504163	14.288800	-41.812314	11.362603	35.773950	1.077718	81.131211	-33.150222	20.125092
	30.317321	-11.945651	-43.833585	11.341671	13.278743	11.609219	83.769924	-36.249300	2.444305
	20.831177	-10.762990	-4.919832	22.566267	-32.283872	24.256565	33.591714	-25.933318	22.959089
	24.132464	-15.120257	26.851871	-15.284463	-17.254513	20.510205	5.017300	1.074521	55.105555
	25.603415	-12.144161	-7.561421	-29.507681	-26.978286	-9.769512	-21.035857	-6.654909	11.910346
	5.907233	2.595562	11.219636	-27.142346	29.232189	23.085985	-53.231460	-5.980912	5.150034
	8.801536	0.577077	-2.585125	-63.244314	40.495509	39.958918	-16.355972	-16.515633	82.693395
	14.772524	7.600291	6.289621	-39.186732	6.680617	23.394317	-10.128699	-17.778691	51.477522
	-18.018078	16.434555	13.730327	-12.407241	-36.399871	8.198177	-42.889786	33.306811	5.051518
	36.994445	-8.067674	1.788263	-9.108168	7.889313	19.820427	6.877626	-12.461073	19.871904
	5.010781	-6.544189	-3.457193	4.707024	-12.518054	-14.383389	-47.072567	20.391186	-17.524242
	-32.999031	6.744539	6.990073	-0.764549	-16.315255	-20.502130	-33.900035	-14.012149	4.466582
	-26.537812	-17.619664	-35.505973	14.238888	-44.839193	-18.079190	-55.311944	28.524068	-81.432156
	-9.949729	-23.340290	-45.313063	7.806044	-41.445198	-20.842393	-38.138700	28.020781	-80.041502
	-2.416523	15.182903	-51.945775	8.022913	-31.170700	-13.525210	-29.390043	18.624101	-71.179030
	-52.875488	4.798520	-26.202144	32.847040	-93.035607	-48.344541	-50.511276	9.460717	-130.250115
	7.959079	-21.160318	-47.419286	27.764619	-41.490189	-0.738878	4.921245	-22.629549	-60.733169
	-16.549952	-27.934345	-44.214314	34.797039	-6.913997	7.571640	-4.528131	-14.982850	3.540841
	23.369380	-45.354202	-73.695191	52.231047	6.081476	51.352496	25.177075	19.376745	33.169342
	21.308620	-43.188449	-34.065780	24.504721	1.027834	5.635618	1.125988	24.774586	13.907402
	-2.837990	-26.735106	-29.179927	37.700659	4.009535	-29.117095	-7.661325	38.509543	-21.547773
	-18.518479	-57.013601	-49.539502	27.155980	-17.007837	-15.898059	-14.867669	28.937820	-45.051003
	4.353698	-56.711196	-35.792929	23.130665	-3.369752	-11.137820	-1.648405	17.529005	5.957149
	-30.176453	-67.403710	-24.856101	-17.544218	-30.498326	-9.110896	-40.292828	4.446704	-20.605867
	-20.602908	-46.614479	15.758373	-30.736221	27.589327	-28.842011	-11.360767	-27.531708	-4.767601
	-32.816373	-40.634873	43.496975	-27.516861	23.769284	-0.751782	8.071798	-2.767130	44.523656
	-12.644059	-23.103914	27.995433	3.745411	35.710435	9.479470	28.765665	-8.334831	22.954701
	-6.703244	-45.805072	25.168960	25.702384	5.846537	18.948100	2.052165	-12.511923	25.965510
	-2.716825	-55.980481	-24.899002	-3.806543	-13.744029	-7.773738	4.764389	25.947720	0.586522
	6.379121	-4.774522	-36.029849	20.464432	-0.902634	7.516771	18.744245	20.157757	-0.077933
	-38.526905	-30.355277	-27.508817	27.048839	-0.773158	-28.976866	-27.552951	16.273855	-26.883890
	-7.919570	-5.028182	-21.444120	13.504043	7.074848	-18.991380	-0.908211	-5.578147	-42.678271
	18.466110	-1.842072	-6.516263	42.461936	49.885661	-4.918330	49.465088	-18.135407	0.408496
	13.711315	-2.673060	-8.663394	40.887317	26.861901	-27.322390	44.792639	12.879621	-16.301211
	13.574416	13.989246	-17.015505	15.457953	5.294953	-15.207710	31.785215	18.210474	28.079636
	19.070408	-15.107453	-52.168843	31.838233	37.325542	-11.381130	9.651060	-23.197434	4.860447
	5.234078	-15.089732	-59.702130	-21.429438	-14.783589	23.182499	-11.778835	-9.577658	-19.802456
	22.434589	-5.186959	-64.870499	0.943125	-18.342501	8.954243	-1.795573	-6.112756	39.453752
	-18.120184	-15.032601	-75.753350	-13.263984	-43.974604	14.535178	-0.557321	5.915776	-3.840528
	-6.342046	27.654937	-55.362476	51.715801	-32.286101	-24.365681	-26.643115	12.428012	-64.730227
	23.263228	42.071641	-49.942429	46.684723	-29.755490	8.616619	15.038978	9.466541	-11.801046
	13.798408	53.008771	-20.784871	41.785778	-58.362758	-13.274162	18.127865	24.999904	-29.763463
	19.713574	50.371753	26.517664	49.696985	-39.667100	-25.684612	60.603000	50.132020	-10.896923
	47.809181	45.207459	25.860337	25.745470	-26.984898	42.716512	37.917355	-31.077589	-0.696813
	4.725665	24.126580	36.960393	-32.842724	22.055386	40.631918	24.796111	-4.556632	44.076080
	1.014856	21.895644	45.659896	-42.391508	34.040166	29.890541	-25.690270	-4.094485	2.915065
	17.497497	12.776232	7.999972	-20.815545	42.803601	13.019480	34.730572	-4.242985	44.316076
	11.962195	-0.617769	13.091647	-20.361676	6.340693	30.078067	31.351279	-2.184174	38.595375
	6.678314	-9.814488	33.162162	-7.254676	-10.906559	3.293718	24.267130	22.609012	17.904297
	40.072998	2.701331	27.605665	-2.512716	35.542851	37.885650	61.925435	29.020049	73.765227
	18.716337	2.845462	53.541609	10.186809	50.240977	28.396117	29.670395	-0.039255	61.790035
	24.535419	10.940812	52.613438	-27.283590	23.326912	10.825580	48.756990	-44.429629	26.647239
	16.459075	9.223535	71.454049	16.721242	40.012592	17.605666	45.102563	-11.186996	35.722396
	1.315486	14.936537	60.409545	-44.484084	26.391731	9.733744	55.452011	-13.835995	33.358698
	34.956865	29.680632	63.447874	-20.526668	41.879438	12.574951	63.103835	-52.189926	76.435655
	23.291609	2.080018	19.018566	-46.140085	-0.005809	23.783960	47.775911	-35.603331	13.628532
	10.544146	-31.012391	-5.527332	-88.535580	-28.037614	16.748302	-11.218811	-44.540909	-4.196533
	-21.172317	-18.917899	-10.653285	-44.077261	-11.498302	-0.963281	-7.953350	-42.775771	11.614401
	-20.431766	-26.890804	-16.602495	-56.058672	-12.916526	15.561281	7.402673	-25.386633	7.133138
	-19.392534	-16.833555	-0.598915	-55.195545	-10.624322	-3.313644	14.764176	-32.642894	23.720064
	12.564119	-13.293151	-4.737607	-7.075830	37.826850	35.780009	51.484511	-19.154522	7.293695
	9.112693	9.875182	-9.987539	-20.684517	54.599112	19.079036	57.917607	-12.544759	45.684179
	25.393347	10.044526	17.666539	-9.835567	29.731258	31.246621	43.323308	-50.667278	34.419167
	9.181786	-4.378694	-22.255798	13.247304	9.613333	8.138837	6.063013	13.317731	2.052417
	10.668348	3.321800	-29.759109	-51.641195	3.250466	4.868073	19.980227	-18.155663	27.148451
	23.682463	13.513912	-34.834116	3.763236	-24.976370	-4.346007	29.849347	0.378127	40.018686
	6.838129	5.986151	-3.954276	3.487714	-34.059108	37.949799	17.218274	4.318543	61.337224
	78.777070	24.150318	-17.395685	-10.067150	12.000252	55.723702	13.640714	-5.874907	65.626327
	49.952373	28.396715	-12.500267	11.857052	25.230782	92.495309	52.318949	6.890125	87.437358
	24.957375	40.463602	-54.888542	29.676356	-5.560709	61.690455	40.739981	9.409796	31.762138
	22.613480	48.144558	-41.618795	13.195562	11.136098	33.307877	13.790324	22.816375	9.406301
	-3.460939	60.192090	-3.666509	8.639686	2.210687	0.073690	-24.340086	10.548239	-14.217705
	-5.715343	41.380307	-19.887401	35.136953	-22.903342	-49.679217	-7.624433	30.152143	-38.692029
	-13.874143	41.981177	20.371701	20.918358	-29.987122	-68.144231	-17.752748	11.659969	-42.151597
	-7.784983	62.487743	39.695063	21.236047	-40.486860	-17.197357	-9.265143	8.570191	25.253799
	-21.908900	73.823536	67.468250	32.762027	-26.391642	30.253271	2.271840	-17.563977	45.274319
	-12.349660	27.218379	-0.914409	-20.012078	-5.596375	49.645878	-27.747092	-20.234956	65.638276
	-28.568256	15.897661	-13.429396	-34.644662	-9.442797	45.758178	-24.168465	-25.877895	51.573577
	-50.407211	30.505832	11.628367	-7.555289	-8.910750	37.188194	-91.628863	1.707340	-3.821849
	-17.735000	-3.027036	-9.741519	-35.716514	-33.967136	14.803376	-43.650604	-21.179751	-15.914624
	-40.623958	-4.985459	-33.578943	-39.610386	-76.962310	-9.841211	-59.719732	19.307257	-22.756351
	-46.854279	2.561338	-5.508962	21.961581	-44.410123	-36.521014	-64.506059	28.530567	-48.195478
	-7.212808	13.707164	-19.839741	12.032635	19.154873	-21.934353	-0.350359	12.109271	-14.248673
	-4.376751	9.252736	-57.297815	50.938992	-6.013689	-30.940179	0.094541	15.377806	-47.883232
	10.015831	28.119449	-70.647108	64.418399	3.826706	-11.641742	0.912576	31.901622	-15.946856
	20.440671	-0.275799	-76.934763	24.108785	20.250014	-0.733065	18.044461	14.177246	0.336727
	14.141124	45.233678	-32.383591	40.676989	28.832086	-4.149646	63.086643	16.043411	8.962082
	-6.303373	23.681558	-17.390079	27.163645	-10.086000	-24.712019	3.782149	21.607130	-23.972851
	29.149338	32.848597	-5.124980	2.113561	-23.845206	-2.823746	28.270271	-1.324600	10.616017
	7.904821	42.726084	1.534825	16.290842	5.103289	-4.960209	15.265263	-16.747936	-10.314958
	49.196624	-43.873986	-14.148936	4.467431	20.661096	18.333030	49.976353	5.815464	45.685704
	-15.747146	44.195805	-4.855736	19.915221	-22.999555	14.821673	-30.578873	23.665151	-6.588265
	-21.803029	67.187337	-11.945236	22.044367	-5.891514	-26.873666	-61.664552	6.403109	-31.882902
	2.846083	26.414782	33.346417	-16.146415	-9.125378	-7.123536	18.433031	-9.425479	-14.045104
	25.628808	-12.757662	14.354221	16.106494	-22.375952	7.190754	24.678277	5.359049	11.795997
	38.621980	-37.655488	44.835242	-48.169115	64.097572	24.343535	68.756203	-30.417613	102.928620
	25.454443	-32.404288	43.720432	-61.658997	38.898191	29.921885	30.029158	-15.549544	75.783730
	34.862096	-42.017833	45.425383	-97.210222	58.018968	27.514158	62.008358	-55.225193	69.306117
	21.828025	-43.476512	2.740825	-98.621021	34.401788	19.941024	11.341311	-29.112433	54.227303
	27.300358	-10.331007	-42.576614	-42.143439	-31.899830	-27.469968	-26.945892	-48.264482	-46.343679
	-27.688134	6.704733	-25.790983	4.713617	-37.718597	-39.228344	14.152435	23.854288	-50.766449
	-25.659230	33.616995	13.307119	37.187154	28.958506	-1.103942	17.433929	-18.176890	-0.361444
	9.451799	10.538565	4.904432	23.569857	38.673682	27.500052	26.445120	2.572395	5.997875
	12.451684	8.853451	45.893458	22.442464	53.306975	-9.442836	58.585994	-11.481150	17.464231
	22.876381	7.855730	8.719422	5.514581	36.072557	34.499746	69.373173	-17.995057	-16.012806
	-5.676622	8.622738	-25.693567	21.555432	13.167170	10.460698	105.812076	-27.352855	-27.525725
	-3.884200	6.328819	-26.466623	37.808334	8.575791	-6.611866	75.203516	-51.071146	-89.008389
	-19.733274	16.166479	-46.273745	57.504686	-5.159259	-20.635115	27.147092	11.469336	-92.420173
	-18.734098	6.914876	-16.804064	94.599478	-34.061983	-33.295452	8.543012	16.458324	-77.841895
	-8.039773	-21.792741	4.657613	62.983029	-39.098762	-25.097495	15.154180	-7.203977	-70.201153
	-11.086930	-15.759122	13.642618	43.444841	-37.163707	1.786871	8.756198	9.474500	-59.999934
	11.260339	-30.783922	-6.430255	34.431619	-39.702717	-10.606368	39.107812	11.479560	-58.768518
	4.449095	-11.189984	-23.609041	37.942579	-26.778813	-3.237006	46.634531	13.702177	-26.334971
	-7.114287	-25.251076	-7.580626	-12.458512	24.312818	-19.051873	12.525377	22.883377	-13.022326
	25.781159	-56.461165	49.106048	7.965772	15.542420	-3.186780	-7.658583	19.365620	10.035935
	-16.313649	-22.857199	24.116626	44.052739	42.868806	-35.225033	-14.235016	16.664878	-38.023094
	-12.960897	-44.760807	24.436833	43.279472	-12.501258	0.553314	-16.114262	0.680056	-16.061087
	-46.282522	-7.315496	21.649430	66.143188	10.793839	-10.981072	-18.225442	43.920831	-15.649856
	4.815218	4.974010	29.356739	50.051746	33.599172	14.601391	4.724038	9.874058	9.959033
	-37.891425	9.277714	39.655115	24.998478	-12.346870	-7.689804	-46.767617	13.418605	-29.493534
	-56.447897	13.930752	9.428816	24.753939	-16.558085	-27.413249	-59.567173	33.016050	-29.886189
	9.212803	-29.126679	-2.949516	37.540387	4.551130	-10.014652	-51.387250	24.351120	-18.751471
	6.387856	-38.999154	-11.484727	18.114571	21.924110	-25.549278	-10.137870	5.944776	4.707463
	-2.534856	-56.242990	38.136231	-22.811436	30.970190	6.433058	8.806136	-5.001459	51.654117
	30.034453	-27.585726	42.260887	-34.701977	84.681143	-7.374690	30.774954	-39.398020	59.084718
	47.115334	-49.560275	14.892462	-38.281367	63.620880	-3.485926	25.156951	-18.615719	24.604338
	64.945266	-39.224423	15.477174	-35.065112	86.826712	30.726204	80.522291	-8.418544	116.501255
	59.671769	-43.319763	-9.191813	-2.251369	71.261090	63.882325	101.074084	-24.956539	135.708749
	53.030065	-56.343250	11.200860	-51.273470	29.631225	59.909657	66.554143	-49.642860	115.181502
	53.899073	-81.439908	-26.076326	-34.698119	9.721062	52.495818	67.619335	-12.206739	61.400671
	55.785054	-35.171735	-12.682519	-26.430478	11.570069	41.644769	47.641078	-23.314628	63.522277
	31.789589	-56.573744	-9.521125	-10.628944	-5.956351	29.804499	55.855026	3.934755	67.307148
	25.928182	-36.050400	-31.918067	-9.601719	21.194934	9.494896	18.459974	7.645785	83.157981
	24.257237	-13.852104	-28.382789	-28.189444	7.163519	25.397822	33.449415	-8.440152	59.868849
	24.488319	-27.834942	-32.983956	-34.142924	6.176726	17.153424	18.796209	0.184781	54.454891
	-14.049192	-13.576724	-57.987927	-42.446444	-37.474571	-22.042162	-5.617151	7.627931	12.039336
	34.172377	-21.688312	-90.643043	6.238675	-25.789625	16.409112	17.670601	-29.619898	2.101245
	11.064044	-22.620417	-102.714657	17.764595	-96.223725	7.257809	10.584824	-12.708404	-38.300016
	6.439551	16.790767	-112.224098	42.926502	-51.551720	3.348446	-13.423789	-3.136313	-119.387635
	22.334347	6.375706	-87.381512	74.979122	-44.081597	-17.375265	5.066547	13.349929	-80.836946
	-2.385122	6.281027	-40.377801	102.167092	-46.882252	16.294278	0.793762	23.914009	-14.828416
	-14.692461	29.829862	-19.777316	121.121355	-27.946417	-9.347699	-17.987885	42.112529	-35.948560
	22.730815	9.664662	-19.372474	68.956600	-9.123401	5.774497	-16.774553	42.192325	-22.235783
	4.339862	17.338003	9.645370	21.790720	-0.022648	-9.569398	-21.563163	32.847890	0.840528
	-25.305464	36.234423	12.797832	-6.015575	4.951085	-4.885249	-56.305312	50.993734	-10.123041
	-32.556333	34.339956	-4.734180	-14.258148	-4.012940	-21.472094	-39.303049	-12.968071	-37.636722
	-38.429251	34.523391	19.080783	-27.941095	33.064218	5.141655	-38.678762	1.256854	11.749370
	-23.575457	36.239442	-0.400947	2.038807	12.724677	-26.048637	0.886477	-16.736652	-38.745201
	-21.008176	29.640133	47.308760	-9.717209	-13.693554	5.980016	-9.424231	-15.298705	30.921332
	-5.704721	24.773592	38.443286	-6.506219	-17.570657	46.199066	-12.230955	-7.808008	9.526607
	-0.995973	2.978430	51.767114	-14.775354	-22.433494	13.970050	-39.318611	-42.203836	-0.671847
	-36.076723	-15.204500	41.973702	-34.487963	-22.726269	-16.243930	-42.779102	-8.713264	-6.775370
	-42.223647	19.071117	45.530615	-44.209810	-9.399948	-16.027622	-6.131728	-41.873020	-13.069183
	-73.990239	18.374511	45.741173	-43.010790	-5.291016	-28.550986	-72.697280	-11.069960	-20.061436
	-55.128230	21.171742	-5.429833	-60.838888	15.534146	-24.112236	-39.798717	-10.598431	-69.035714
	-30.928455	30.639732	4.590355	-60.508356	25.358002	-43.951871	-47.735888	-21.265449	-0.689112
	-20.671567	1.530102	24.408944	-19.771660	3.229340	-11.809467	-21.773617	-3.594991	32.644182
	-26.492052	13.351267	16.249258	-34.431313	12.750573	9.948446	-32.779866	5.271189	-17.840219
	10.252224	3.609976	11.021885	-36.644251	51.393671	17.475709	-4.612604	-2.018084	9.906833
	-4.124076	2.152793	35.324179	-36.496892	54.122887	-22.948644	-20.221895	4.615826	0.469210
	-25.071287	30.638474	18.372778	-10.001338	9.834084	2.435365	-30.363878	25.454389	-31.475105
	-5.367158	-3.926523	3.796094	-8.440049	25.872221	-16.730889	-13.256877	21.240945	2.399001
	-13.443460	-10.922915	38.655559	-67.254691	16.106956	-16.303683	-55.584839	-0.946673	49.527271
	5.847523	14.511687	70.731998	-41.712316	66.911066	-0.055412	-2.960694	-9.955864	55.735379
	-28.881261	-2.762758	74.822820	-83.269884	67.395518	5.159875	-4.581457	6.013395	81.791660
	-9.047370	17.849435	90.270806	-50.554200	19.928675	1.574094	-32.138233	-13.805582	42.874519
	-2.958827	0.028152	72.977677	-2.428374	-50.129323	20.273402	-11.104629	21.817302	21.061418
	7.455791	-6.625474	47.150717	-27.339931	1.336992	6.434396	-26.411658	10.818387	42.372413
	18.170181	13.981501	61.652609	2.994296	-2.307743	33.438462	-6.500265	11.197379	48.783341
	41.752576	-17.140957	33.303928	-29.191051	25.344875	47.045441	18.021196	23.701696	66.164630
	7.504528	-11.083075	-6.726587	-24.107208	-9.775445	7.147613	14.532085	24.010315	-18.902510
	7.005152	-14.533296	42.460779	15.213240	2.271801	4.214718	-18.127769	-14.766008	8.849626
	5.878901	-18.790494	20.114380	14.713009	-13.036153	-28.410706	-50.835840	29.317671	-33.667372
	-36.917190	0.396692	17.881524	16.638493	-18.235990	-47.632372	-60.512861	34.459912	-57.478251
	-27.883260	6.408364	-34.302606	13.719206	-41.714285	-14.057526	-39.254632	5.246173	-80.355205
	-3.618114	18.580927	-36.775169	19.825753	-42.937811	-41.807909	-35.679727	8.868482	-56.224294
	1.123197	38.121459	-73.251374	24.742844	-67.021553	-36.561235	-8.097769	-9.166356	-103.868907
	-0.083816	33.281057	-92.268436	41.753771	-62.675558	-13.016234	-11.559213	12.768380	-39.719589
	11.484392	38.531140	-30.725011	8.502231	-25.815026	14.126638	-7.398314	15.111340	12.936547
	-2.964586	36.263040	0.063046	-1.437271	-29.921102	-0.638876	-19.639511	-31.528277	-35.191888
	15.109326	12.521417	2.718484	18.549693	-5.769766	13.697728	-11.496015	5.765751	-2.846294
	17.382892	22.863632	22.396123	-25.408050	2.660412	-25.184539	-22.372050	-30.218844	-3.635304
	-34.039655	20.631719	30.434072	-11.263920	-14.885428	-4.575624	-43.718653	-3.113710	-18.286228
	-16.102937	-1.834074	30.659227	-49.923428	-21.892765	-21.389754	-76.179412	-4.627642	-44.339278
	-54.426406	9.698396	-5.080348	-75.313286	-86.152954	-33.664339	-45.585711	-9.139493	-55.392316
	-44.552706	18.050737	-56.671151	-8.080297	-62.703313	-24.552694	-45.541772	8.023355	-86.404923
	-39.072274	33.637202	-47.229160	5.909373	-97.277164	-27.767154	-50.846561	8.987457	-55.488476
	-11.811164	25.602870	-119.085466	-12.475081	-77.169749	-15.349181	-44.001323	31.001461	-86.861374
	-29.921108	30.426982	-100.923913	0.589499	-89.954687	-35.931192	-53.833790	12.657613	-68.114191
	-0.879691	3.943491	-7.268044	-15.989711	-26.154814	-3.735435	-38.742638	18.946757	-16.987423
	-5.026786	-5.992948	29.367909	-21.633238	-28.964871	4.674211	11.262503	-18.119278	-4.711380
	13.548134	-11.583702	30.077932	5.545018	30.063029	33.063313	38.975105	11.098465	49.021742
	43.877703	-27.255978	46.489658	-11.949974	40.579686	36.159267	35.091035	15.753195	58.095306
	2.325090	-26.780887	40.172918	-42.658830	70.876700	21.838631	37.012665	-14.325523	55.609398
	-6.600529	-28.500312	39.124309	-33.446021	61.725289	10.479023	-18.223444	-31.194121	40.580334
	7.040793	-10.872226	24.542011	-60.524218	55.836698	-37.098985	-27.581869	-9.489739	-13.430789
	-31.100627	-17.032549	40.546700	-47.933681	47.208829	-40.853385	10.076247	-28.246003	-14.910025
	-41.825064	-0.849771	46.429238	-21.804072	41.597720	-65.959710	-17.644402	12.699879	-11.835755
	-18.449626	13.296092	49.105350	-11.722126	39.398648	-38.560203	-11.314884	-6.318001	-25.672538
	7.605154	15.287682	40.906122	26.356040	16.657937	-22.915759	19.412511	4.573769	16.850152
	0.309414	0.577113	37.904091	-0.401527	-7.427577	-36.145575	-1.186409	-21.951181	-12.349236
	21.327545	0.337838	64.725648	-13.127623	45.186358	-32.914867	24.347113	-17.189911	30.622986
	22.714455	0.300299	67.829828	-11.680218	67.666697	-23.626000	68.207825	-59.350708	52.039125
	25.769037	-35.606526	78.349244	-57.932305	92.456633	23.556995	60.840115	-34.257223	87.974263
	47.094121	-45.764351	54.668513	-13.099968	65.591408	12.511160	88.903827	-10.597581	59.197201
	39.562876	-34.287547	65.277332	17.994946	70.606533	30.185252	47.058189	-1.185543	82.039079
	13.522109	-33.724538	74.212143	9.377805	41.810713	-3.930113	25.663894	9.614707	31.642663
	9.892883	-25.526952	74.354938	9.962113	57.046262	33.868666	7.267248	-21.137740	22.278115
	-16.867168	-29.051496	43.027574	-18.450431	-2.817992	15.674222	-54.515236	-21.156528	20.040580
	23.254274	1.990838	-3.062705	21.003555	-34.395633	-1.826930	15.245820	-4.444251	-14.174790
	20.671999	-2.217749	-52.559417	57.805548	14.778257	1.375892	43.302040	9.761849	7.978303
	30.595324	-10.071619	-58.694237	59.577323	-50.970906	6.204920	16.042016	-3.496845	-43.896488
	12.723635	-0.989750	-97.988909	100.262535	-46.811053	23.147305	43.450497	35.015170	-5.558110
	29.989628	9.170125	-108.018411	113.173437	-18.787704	37.776201	13.659637	32.355808	-14.870992
	-9.024418	12.086199	-96.687020	53.362973	-35.594993	-10.085353	-31.746350	54.427295	-70.927223
	-41.712233	21.707033	-87.012292	34.086579	-57.810565	-13.812605	-74.216164	71.331379	-96.140776
	-60.824019	30.557405	-39.719706	46.014848	-59.821391	7.488657	-60.215559	38.342448	-62.177665
