	14.048074	34.009382	26.881395	-33.079042	61.983059	-4.441812	11.811868	-30.373271	62.493075
	4.840619	34.275744	22.150967	-41.038577	43.538869	-4.133024	8.576182	-33.455358	52.649890
	-46.441982	-0.238446	22.802157	-55.169022	-30.294806	28.347207	-35.778253	29.541781	47.574004
	-27.624122	10.351494	-0.926904	-21.556347	-22.407441	-4.349661	-12.249288	35.394597	5.526882
	26.277664	-6.480212	21.200258	-43.417931	-5.103465	-5.748170	-53.553315	-1.691925	-1.220245
	-15.428233	-37.897305	3.014516	-95.648556	-3.112561	-0.106812	-47.394926	-5.458944	5.451037
	-22.686507	-38.206653	-9.474220	-87.259102	-1.811532	0.361333	-36.232853	-35.248666	19.297609
	3.785061	-43.482115	24.072937	-89.167867	12.032407	-3.468056	-38.972867	-66.701848	44.020294
	-3.904451	-24.493812	-14.502365	-80.231251	-12.800779	5.178880	-63.377679	-34.920459	37.600531
	-20.917143	-9.737299	31.211409	-94.283018	-22.253676	2.164220	-50.799096	-19.788925	33.848598
	-34.919846	-8.138853	8.036656	-129.426709	-51.177583	-4.772338	-88.944003	-4.051550	-2.119842
	-21.697658	-2.908553	20.907194	-69.263850	-49.425006	4.506338	-60.089808	24.055073	11.983217
	-22.224783	12.438429	31.711781	-48.359749	-6.634752	13.989804	-34.764573	8.311055	-1.884589
	-26.631150	-3.268225	23.661835	-38.387595	1.942655	25.918458	-11.770925	32.748634	-2.260479
	-3.472023	12.498214	26.583798	19.082139	-7.004004	43.028708	6.395722	42.853705	-14.018748
	-16.869733	-3.450616	32.226231	-2.180969	11.468872	37.824723	3.743622	-2.231896	46.826123
	1.568554	-12.441858	52.535526	-21.847675	7.957487	39.324014	-2.425742	-25.606548	68.934865
	29.041836	3.870196	27.225380	-14.502893	23.662105	38.643955	31.273383	-18.998936	88.729846
	0.911231	20.381045	-19.952419	17.659696	13.472615	10.634518	20.954319	27.181803	11.415247
	-20.599299	41.761330	-6.246963	34.675341	-17.648149	1.950571	26.132420	28.446924	-33.360523
	-18.714244	63.081476	-23.995769	12.090674	-36.738765	1.968883	3.203233	27.889938	-104.452231
	-31.042875	52.314602	1.893421	-13.516829	-30.566055	19.631346	-8.391045	71.416931	-110.861326
	-22.047040	57.398742	22.326254	-13.564773	-46.810985	34.098432	-27.547897	42.212829	-69.256257
	-19.851673	36.864246	22.321758	3.316387	-43.098968	8.871825	-15.894900	47.394351	9.015166
	3.590899	32.404021	25.227375	6.546001	-27.304304	23.908330	-9.433346	34.973846	-14.453410
	-14.730106	20.411840	7.221025	0.408437	-35.236028	5.927575	-6.938725	43.880176	0.867960
	-4.018479	2.389551	16.913897	31.090711	-12.468287	-0.795672	6.415227	25.651559	44.010014
	-3.375126	-8.477478	-21.670554	-55.474950	-3.650271	-23.487310	-7.770397	-17.217901	0.906685
	-47.366907	-16.930324	-2.900867	-63.840553	26.512730	-12.184682	-12.603237	-50.782902	-1.725953
	0.903514	-28.711180	5.435021	-67.959894	26.595011	39.810053	15.718853	-48.429690	0.158932
	-10.728502	-50.245521	32.429968	-65.632563	16.392083	19.467710	-11.950232	-43.022271	66.755073
	-12.071473	-69.673007	22.199535	-47.221063	28.071872	-19.450326	-15.727128	-62.254569	59.109389
	-26.679419	-63.261312	15.575207	-32.944156	-6.979943	-15.368546	-31.436051	-38.198622	44.922844
	35.652043	-65.739463	34.625526	-10.147284	44.035754	-1.539555	40.809672	-68.178224	101.533823
	25.097928	-99.251782	29.059767	-104.036290	40.150489	-5.481973	-1.566784	-88.308306	50.782574
	37.662066	-9.319357	3.589947	14.868763	48.678668	0.971163	55.600851	-56.230335	21.560224
	56.359829	-12.198983	27.383140	37.502327	47.249555	-7.856694	71.920587	-35.769807	1.481204
	51.755179	-14.584401	-14.936102	30.282726	43.014339	-37.272549	30.559294	-20.150696	-9.909850
	62.973802	8.426344	3.988754	81.780438	43.668878	-22.176296	49.745729	-3.335020	12.274920
	52.606472	19.562286	12.954238	60.442769	44.979498	-22.704745	45.678732	-8.602660	-6.291475
	6.863228	-34.195854	27.144411	38.644600	14.009456	-18.089129	80.504559	-27.029233	22.739968
	13.426334	-23.874835	35.028562	24.860666	18.660454	4.382771	22.476541	-21.524340	46.391426
	20.136632	85.721755	11.392776	47.623414	16.222205	22.123367	49.320386	39.859617	-11.131534
	-8.420339	-35.242582	27.865028	-27.867866	25.375155	-3.428593	15.222512	-41.197363	76.665817
	-10.565000	-31.207967	49.292370	-45.273076	-21.292710	-16.564294	6.067452	-43.524115	102.625559
	0.109843	-15.003754	88.139473	-44.559223	15.134404	-10.343029	17.440706	-41.631179	86.415100
	21.235047	13.117413	55.920098	-25.720798	15.223652	15.152575	13.481166	-23.561525	25.030967
	23.779009	20.463587	65.929727	-3.654712	6.781295	8.110851	29.233926	-4.413979	13.254939
	-30.966431	43.227558	40.388720	19.554608	-5.344850	-13.486679	-14.627628	12.754999	-22.685932
	-95.197282	-20.832334	54.325926	-113.266574	1.613101	-29.637247	-65.606561	-7.883803	36.960956
	78.628390	167.862816	42.769246	130.077934	27.498810	29.626706	71.788735	56.767349	-65.162951
	-54.671081	-25.547821	11.074313	-92.530608	-7.372132	-12.189893	-49.360288	-7.465175	-28.798543
	34.078526	4.132393	57.459518	53.973842	3.237819	10.511729	26.163789	31.414610	42.147188
	32.112953	-0.141524	67.184246	90.366735	-18.260254	14.174665	40.852193	6.837814	61.230808
	-6.867097	-24.999951	60.763714	85.771802	-12.512241	7.256916	11.963522	8.057603	54.399545
	15.629005	-3.352925	43.471316	3.985475	-0.061345	-12.279308	3.133769	8.122164	74.739071
	18.943775	2.521199	8.905376	5.831677	33.916747	-9.865692	18.024259	-16.190845	46.719006
	-5.955828	21.960549	19.625826	-1.314020	9.788002	-16.533986	33.699711	-7.419772	33.347388
	44.731251	57.143664	26.104757	76.172971	36.012906	-17.773137	77.731639	-0.576547	-0.550696
	22.071421	28.968506	-15.834223	48.839686	53.913296	-7.179672	53.100678	-10.428977	-47.245679
	12.216817	37.294439	-16.096871	74.676231	28.140571	-29.744919	57.740229	7.857996	-4.632867
	-5.565706	-36.105682	2.880838	-19.530108	14.865386	-15.287969	0.608439	-2.348422	23.154743
	-29.426472	-25.444322	-12.625825	-47.530483	-25.400022	17.512415	-45.631304	-19.759107	17.096710
	-3.206597	-98.257086	-19.952992	-18.518866	-26.884235	4.369333	-40.560386	7.177271	79.820131
	-5.235012	-25.846745	-5.387996	-63.029397	-2.110784	28.781065	-9.001270	-15.515908	75.450493
	55.070522	-48.233617	4.729502	-35.792870	-11.322171	71.453495	0.489270	-65.454221	82.186594
	27.017145	7.346870	-5.516230	-11.237367	-1.254392	69.629672	32.656570	-41.819791	40.147620
	2.771750	38.485618	-14.911941	-29.865297	4.322133	80.374093	17.266148	-31.668350	48.010085
	-14.278116	-0.730115	-6.260134	-25.012829	-12.101663	42.057158	-15.882017	-8.278781	34.755791
	9.660837	-9.203101	31.535935	-24.366502	-8.922795	-0.942666	-1.608426	-36.852078	23.028170
	14.036494	3.854722	35.872657	17.588289	-1.433729	-21.325014	17.469316	-18.669675	48.513977
	6.440794	-11.598470	4.069040	19.876559	16.367873	-22.363637	27.796486	-27.166343	17.402834
	36.025625	-25.943933	27.462699	8.312623	61.653673	-0.940117	37.709348	-60.598295	36.827362
	43.601939	-37.986572	30.110642	-4.005869	74.467778	-10.415070	25.779295	-63.773761	15.537821
	-2.467355	-32.241580	-0.174496	-19.619011	68.543935	-31.400687	35.240799	-62.437424	-4.951780
	13.052733	-14.293399	-1.010338	-6.970007	75.003317	-2.000733	28.510226	-68.593928	14.197319
	-10.162927	-4.473688	-14.897397	-3.160119	42.897064	-33.685823	20.895445	-44.317581	-7.042022
	8.345174	-9.179829	-14.423491	-10.038998	44.530404	-5.706429	45.957296	-53.003859	-5.837387
	2.372557	5.765145	-10.179918	16.697889	33.311517	-35.493529	31.971401	-47.516041	-33.647158
	-21.740169	-54.099032	-25.941731	-29.044253	15.743408	-16.640124	27.953672	-44.991018	-32.981948
	-27.552278	-52.097160	-26.427617	35.453022	16.776105	-29.876571	37.329461	-22.394536	-11.422261
	16.028751	7.111801	-6.221481	106.287097	15.553948	-34.766065	34.267246	-2.098133	-16.188821
	0.764173	39.465853	-2.730893	47.050478	14.103070	-2.068891	28.885271	6.652035	-21.816986
	33.720583	-8.087001	17.921116	74.468389	8.768847	-17.302962	47.204999	21.400928	11.266803
	45.482672	-26.328037	33.548856	27.024495	-5.003898	-5.806345	34.482832	-46.503117	36.042020
	25.342786	-20.507395	18.307835	-25.506411	28.456007	6.049608	-5.462059	-52.436231	40.817045
	-20.286324	-5.510341	14.967089	-52.585661	-1.991222	18.244428	10.681583	-7.708504	36.100190
	-5.512832	-21.100140	36.413915	-43.590814	-6.469372	11.221830	-0.903554	-52.190099	28.931247
	-40.720040	-54.801510	10.961544	-78.968460	-9.769496	-13.230022	-30.523638	-76.461616	10.881485
	28.273188	9.611957	5.530654	-7.986563	18.143675	-6.520453	-3.204339	-37.624383	18.067034
	24.122652	-8.197027	17.254668	-24.254868	17.134660	-9.609789	3.221658	-62.499796	30.094541
	22.015543	-6.359735	25.447167	10.800698	14.970370	15.582668	17.014246	-19.750569	-6.437482
	-9.096193	4.225322	-12.974542	26.220975	4.225072	-49.313412	-35.561555	34.687623	-32.214265
	16.630851	10.887077	-12.454300	56.351649	0.102343	-30.695293	-31.322109	61.142464	-42.543411
	23.022318	58.517275	5.735461	61.489897	6.646689	-33.399084	-24.776926	34.940569	-67.550779
	13.810718	40.943874	3.112211	23.624452	3.432922	15.074609	-6.572813	32.545663	-52.269922
	-57.964074	49.284838	-0.743629	-56.003811	-26.386569	-10.285594	-16.647236	11.670561	-66.155959
	-18.705845	48.498790	26.631406	-51.526643	-1.199952	-1.154790	-35.992096	16.548642	-12.284855
	-2.580079	14.115914	33.693148	-64.532899	11.578822	-14.843422	-30.324263	-8.688287	24.331317
	2.112419	0.009590	39.244455	-25.761560	9.798529	-9.849359	3.771628	-11.829907	19.401928
	28.304605	16.143191	29.035636	5.646068	80.956763	-0.742048	41.752845	-32.687021	15.530089
	62.344894	40.128148	23.992915	31.076040	17.187760	11.980263	18.926403	-0.408183	-4.268676
	-10.782238	-17.096957	56.966147	-20.548319	17.745750	13.597281	36.141394	-26.319529	13.443837
	-33.414800	5.251015	48.644800	5.377432	8.945267	14.939613	21.118454	16.051044	1.982813
	-58.549626	12.632535	36.584959	-36.552706	-15.307669	25.862873	-41.116743	31.438136	4.132279
	2.498325	10.481978	83.671164	-22.602987	-4.360884	-20.105963	-43.687762	17.611230	1.414009
	-47.239196	-5.450203	115.371707	-37.434005	-41.596548	26.600320	-9.268806	10.243019	64.222606
	-22.274982	-31.213823	84.128855	-58.702842	-33.771336	4.497706	-27.297095	23.427747	70.112765
	-9.952275	-38.361547	69.838231	-28.406536	-1.608415	42.423020	-6.133390	1.220330	79.063711
	10.218335	-34.139151	2.443135	-22.484600	11.932514	-0.467035	14.766911	-7.323279	82.889600
	29.718524	-23.550497	-45.245173	7.568314	45.905812	-14.742100	16.156477	-6.090348	-6.662154
	10.792626	-27.879985	-68.918773	42.179712	14.469500	-45.289783	3.545429	13.107858	-23.976224
	-7.612409	11.950403	-105.801408	55.486164	2.682081	-56.866807	33.387109	18.307405	-89.635230
	-5.116933	20.444083	-95.082249	70.805569	-3.543809	-34.332918	52.894016	17.686351	-98.167457
	9.595615	20.071367	-83.759335	49.778926	1.017682	-24.311630	0.478845	12.028160	-71.584860
	-16.082269	15.353065	-101.880591	41.557709	-0.604449	-23.028429	12.449486	17.030620	-71.450725
	-22.976559	39.505172	-81.676749	44.137936	8.751983	-28.869084	15.163975	47.248159	-49.594920
	3.433694	46.624670	-63.142109	77.963103	3.578509	7.744075	-6.267261	46.883595	-34.072674
	1.258422	43.986347	-67.315379	30.351822	-42.713856	2.116162	-7.506687	60.136235	-48.081593
	-5.734811	29.325852	-36.531189	60.294344	-67.024807	27.620375	-43.187504	74.616586	-66.761995
	-13.760768	16.644415	6.957655	10.434561	-45.239094	16.772471	-41.328753	62.495036	-13.016797
	-28.365647	7.492532	23.032672	-47.012394	-46.122220	3.866509	-35.425208	46.982628	3.019508
	9.028064	-8.856036	24.858101	-53.472061	-51.661455	15.669840	-40.875004	24.163037	-37.065424
	4.792566	23.776124	24.144661	-49.663276	-38.703192	33.797044	-43.948308	29.198869	-52.047740
	-15.894179	30.401536	-6.266562	-3.321511	-34.051424	19.113727	-22.128645	53.029237	-47.618716
	4.270256	54.497101	-39.575417	29.968725	-46.614467	32.134975	-13.697519	90.741993	-56.304405
	75.458912	106.604153	-8.416672	109.817298	-30.177341	29.921753	41.521606	89.194464	-52.221565
	53.440891	-0.558923	13.640057	87.580602	-6.554519	35.944519	61.983017	23.182478	30.442362
	-48.673680	-103.671423	56.066145	-68.530834	-14.773176	35.918830	-5.074424	-50.575957	99.899582
	-9.142694	-116.343304	100.581593	-57.390543	-6.493170	52.779680	-11.422855	-93.059970	162.240086
	13.832613	-91.663462	102.726861	-103.233435	15.992458	46.755130	-16.913429	-112.650460	177.135637
	-20.482854	-59.588375	58.317321	-91.905924	14.455311	15.695872	-25.710728	-74.944714	118.128672
	-33.060639	-36.187825	36.797489	-65.150956	-5.146053	-11.218070	-23.264910	-67.031613	87.602504
	-6.197816	5.403654	25.099147	-16.194011	32.245136	-5.017431	31.230095	-50.658477	85.167958
	21.488086	22.608814	-7.770956	3.117240	32.541480	-2.774023	21.690147	-52.339274	-4.283343
	5.068442	-15.158571	13.288190	-52.179490	21.696239	-16.347410	-21.224371	-7.621273	-6.607906
	-20.388913	-20.990921	-5.880123	-43.609751	4.548628	-20.462254	-26.693566	-5.272523	-1.978622
	-35.428322	-11.512564	-2.375252	-38.546688	-21.898958	-10.749978	-2.098384	-22.875605	21.042564
	-23.020386	-8.053474	-16.883749	-18.904198	-28.015285	-10.206381	-34.508572	-14.395371	10.491070
	0.717032	14.745229	-0.593216	-30.988164	0.133707	-7.828837	-12.348798	-20.846455	-7.671787
	40.957788	32.809238	37.512509	-2.332001	7.110662	-18.677576	-6.425517	8.568839	18.698001
	31.058560	36.204239	-4.673620	27.643855	-2.118356	-3.916775	-3.304818	-6.351380	21.951745
	-0.733291	38.824728	-9.912995	-23.057687	-15.086735	12.612318	-19.429704	16.937655	-58.702200
	16.619331	32.799307	-20.468951	-7.755336	-19.925513	11.459063	-0.620552	22.557851	-7.095167
	2.923731	7.543667	-44.470852	57.220706	-33.147518	10.256328	6.889785	48.775748	-47.344560
	5.333984	-6.133232	-61.181713	79.602826	-25.986390	7.344873	34.882198	31.534676	-17.783457
	11.295551	-24.740409	-71.194510	59.610195	-20.316081	7.010563	35.948186	60.154608	-52.499835
	67.725833	28.514906	-41.751369	137.421701	46.890901	9.674859	117.104364	30.753897	19.789021
	-29.476642	-20.433822	-42.213368	-40.688051	17.549287	-8.451084	8.763980	-17.624572	-6.877260
	-4.483651	-5.277472	-80.616512	-27.639630	5.648977	-20.798779	-48.826079	25.927692	-87.831726
	20.262512	45.713763	-2.765649	41.046313	3.789905	38.276010	44.640562	15.273177	-17.730767
	27.749045	-15.106563	38.272362	2.727166	-25.919130	-3.558318	-47.234302	-16.700791	7.645384
	-39.215410	23.246442	47.948893	-28.378333	23.830992	-21.191484	-7.371078	21.686058	6.063381
	6.650940	30.383098	3.243712	10.129560	-1.495533	-19.371178	-22.498220	45.651744	-27.578788
	-45.875923	-5.399257	20.513150	-19.390738	-25.283854	-43.070745	-48.962054	27.141033	-66.993884
	-7.194092	-15.902618	27.785057	-51.699207	-12.076947	-5.181617	-20.094924	16.711741	-33.433705
	-17.154037	2.622116	67.503071	-7.713419	-14.669565	35.422154	-17.978529	44.149709	28.584026
	17.443721	14.372369	69.586813	44.736547	24.856712	34.211554	9.656686	26.289350	-26.197705
	1.176894	12.375950	8.189678	-3.927589	13.660843	-0.684849	-0.707494	-15.178898	-15.437276
	1.174086	15.754160	14.433729	-30.251693	56.796489	-0.073285	-3.769933	9.232813	-100.809910
	-28.367965	1.306732	17.642194	-41.367037	35.519274	13.813865	-8.178574	-3.887474	-50.256592
	-35.061224	-10.134153	40.128872	-32.118053	7.775347	28.179429	25.004792	14.750842	8.181804
	-49.816240	22.751795	22.615725	29.716295	7.771299	15.609468	14.107495	8.002805	-13.631592
	-55.853116	49.096741	24.995961	26.855454	-14.690942	22.064184	4.260572	40.725985	-31.310392
	-37.416434	45.935564	34.878793	43.965137	-5.552411	-12.623469	-22.514577	40.764869	-38.021491
	-12.949777	27.307809	5.765743	17.088625	-6.726052	-12.550161	12.858847	32.163980	-58.527998
	-15.998090	16.311454	17.634631	15.269416	19.081102	9.528214	-5.596019	28.629272	-14.436066
	21.549899	15.704198	-3.144265	-3.440475	33.505393	-4.229968	-4.710199	22.466099	7.129472
	-3.920429	-8.685581	-17.227210	-48.280559	15.188825	8.207822	-15.120201	11.566610	21.183640
	-4.760511	-11.466383	4.729133	-40.780204	0.627051	-13.007614	-33.960415	-4.990426	-19.938249
	-30.274891	-6.378936	17.395575	-10.644658	-39.762301	-11.114539	-8.845591	0.059563	-13.306255
	-2.042472	-4.221144	34.838926	-12.057581	-30.219526	5.949437	-11.030210	-1.403333	25.608990
	5.906391	-5.860888	20.653900	14.984593	-21.046722	25.883579	38.683475	-0.546524	-18.570530
	12.156586	-5.792866	-20.040357	30.365594	28.008975	11.114893	34.779097	-26.378113	-28.337378
	12.288428	-19.455359	-17.212122	-8.764323	21.753803	14.792959	35.488910	-2.120832	4.145132
	-0.756538	-11.456909	-33.169750	32.174125	17.763559	31.277340	43.074879	1.140815	-23.522221
	26.876064	-12.913720	-15.434226	76.848014	4.602556	16.773450	27.399450	-6.742817	-25.448192
	45.955660	-3.057082	-13.921673	105.437308	-20.497044	4.718176	3.311132	20.707719	-29.096475
	3.012067	-4.235094	7.817674	74.343262	-18.369085	20.374742	32.849104	17.551599	-55.316255
	45.930925	1.244274	-23.951358	70.613543	-51.699766	3.153346	56.886704	20.845960	-55.096910
	20.526605	10.404272	-25.752381	73.213867	-33.104030	8.843209	-17.757269	37.637677	-41.093087
	6.558581	8.863819	-21.809570	89.232440	-37.018238	-6.671453	-11.106870	57.281185	-47.277879
	-23.520828	41.926414	-24.904288	74.986159	-24.196422	21.215556	12.301182	60.855739	-18.033268
	7.485552	61.797528	4.604702	96.215494	-39.072945	42.466950	21.784516	53.926564	21.913374
	13.317762	43.077758	6.106818	81.877443	-57.331055	45.263879	17.882643	79.824536	4.340676
	71.825949	65.197782	48.960089	183.759024	-11.274926	88.409328	95.232987	65.628311	41.084169
	10.757544	55.449005	-5.407464	98.137805	22.293817	78.508321	70.523639	4.052977	17.787697
	47.230905	-25.448395	5.013627	55.781012	4.642690	84.306573	52.646532	-52.316228	87.762344
	-5.344450	-67.527137	-3.759216	13.470886	-2.411114	69.795105	19.717749	-34.324127	117.731294
	-34.594066	-54.689172	-2.689975	-17.574507	-0.145948	43.435598	-6.351608	-31.375634	104.442947
	14.861528	-35.893463	-17.822538	-8.088865	4.397741	25.121802	-21.288911	-24.879560	68.370388
	-9.196421	-23.792709	-34.566047	17.920040	-11.357262	20.830578	24.308812	-10.574831	18.133896
	-22.591662	-13.389483	-19.715268	32.478602	-10.509451	4.326016	7.066698	-26.364728	73.275950
	-7.968400	-43.746061	-27.168701	-21.342708	14.531781	1.813194	18.476796	-39.488784	53.098299
	-6.704845	-9.517289	-51.607963	-8.809840	9.380771	0.874578	-5.687366	-8.919272	16.716386
	-47.559198	-24.028462	-43.700828	-53.880688	-29.467665	-2.980597	-29.317585	11.275894	21.105358
	-27.963707	16.595560	-53.613158	-21.158683	-38.471804	-49.686492	-42.868796	32.292249	-2.942276
	-37.174273	4.116163	-62.206986	-45.246704	-44.415401	-35.949724	-60.267773	37.284028	-61.843988
	-33.710494	25.548675	-52.132308	-2.972038	-20.010722	-34.595929	-59.185935	49.506259	-68.400065
	-38.762448	20.954707	-64.697892	-3.219360	-35.448675	-30.832577	-34.944944	53.937112	-61.161960
	-47.850470	21.057401	-49.520723	10.851371	-4.273490	-16.970947	-54.758025	62.861377	-67.138725
	-15.626051	7.974458	-34.850421	-17.491978	6.408588	-34.666159	-50.201727	37.277086	-23.276401
	-27.200984	4.840359	-33.874262	-20.498025	-0.181008	-48.007682	-23.834787	19.047628	-0.604563
	-10.949770	14.188584	-19.209625	-30.183892	22.910398	-36.831367	-10.756727	17.135241	-20.945072
	-51.111529	0.075673	-46.001282	-67.357059	-6.751461	-37.507497	-35.908134	4.259199	-59.294040
	-34.531793	-1.882242	-48.130470	-57.376235	-2.755674	-29.048787	-42.272039	-2.812525	-74.554700
	-3.794481	11.312724	-27.341736	-63.651144	3.672351	-53.073471	-42.970228	5.773897	-62.978215
	9.591117	25.544989	-33.656608	-33.184108	26.208584	-41.054158	-10.612297	-11.513953	-48.935487
	-0.607389	26.335325	-40.270652	-26.308369	53.319984	-23.172546	20.285510	12.722305	-40.947102
	-3.351327	22.211004	-46.492511	2.179402	26.217925	-41.533307	17.460655	16.389432	-84.550149
	-46.416762	3.210883	-29.046364	22.647714	-13.933198	-23.927922	32.819706	24.377347	-48.114290
	-5.141129	-2.004615	3.323579	11.297119	-37.814765	-29.926376	13.052942	-10.968938	-28.281568
	-13.928837	-7.831174	-10.210801	-45.943867	-19.098282	-26.975547	-15.313070	-7.018725	13.369710
	-28.228002	6.998718	-16.757214	-25.742213	-38.434634	-13.299317	-36.784354	0.155644	-21.455197
	-9.199075	1.354061	-31.124657	-56.191906	-34.147984	-11.756235	-78.492566	2.380150	-74.749623
	-19.283091	13.591602	-34.652616	-24.587077	-3.474917	-17.304381	-42.932267	21.871765	-31.083615
	0.328465	-18.081223	-67.683983	-51.135390	3.263425	-25.682124	-31.337901	19.938308	-37.735400
	-38.266752	0.449027	-37.210783	-67.860901	31.902714	-45.213337	-13.724806	-7.158582	-20.431753
	-4.615447	-34.588476	-15.513851	-10.769001	40.176229	-16.691346	2.239873	5.522321	19.855427
	-6.718505	-45.607856	-18.084245	0.353557	29.122664	-35.094995	-11.719500	-17.084561	5.048587
	20.960749	-11.630334	-9.979180	43.734611	63.493923	-38.688657	29.510888	-9.099188	13.823161
	2.597925	-50.217085	-39.475114	0.503838	45.956407	-23.544757	0.411351	-22.255816	-6.217163
	60.797933	11.916600	-24.463994	85.677562	49.118047	-36.854733	30.605015	-24.926388	9.871490
	-11.877465	48.546262	5.724177	4.028998	11.572462	12.407842	25.210518	37.180742	2.583213
	-24.564479	45.528772	-11.605719	62.019586	-62.533359	2.532124	-18.297644	42.815006	-17.752566
	-31.360170	-6.556180	-1.566045	-43.887641	-50.069485	40.625267	-33.974041	20.793154	13.950083
	-6.055712	4.151519	30.596266	-22.253875	-48.315602	25.609816	-30.126597	23.944642	30.326807
	-8.926326	4.103004	-15.176580	-45.596730	0.230117	-11.827760	-30.887154	18.711740	-21.022996
	-3.791927	27.108872	-37.126637	-7.459602	8.593842	4.134141	-9.967309	29.146672	-39.011768
	19.205583	37.933673	-19.564393	-22.386753	59.756359	4.410141	9.344940	-10.263354	-29.607383
	-3.434357	26.302411	-13.555123	-2.197336	9.936338	-16.133822	25.259751	0.500521	-37.538583
	-4.491862	27.011812	-31.331101	-6.575730	-9.428169	-16.854184	-0.061004	20.529688	-67.218365
	-10.945921	35.939781	-16.171157	1.129473	-68.223291	6.779260	-38.652266	53.933958	-70.956678
	-27.197271	25.380798	-21.867635	1.408040	-77.765163	-20.346425	-79.383003	75.083518	-42.380901
	-8.698539	28.480687	-13.724101	23.896115	-86.612081	-23.633746	-41.456382	60.391213	-27.816407
	-15.508905	27.876460	-19.290054	1.534050	-68.434245	14.289606	-39.480315	54.255057	-45.110140
	-21.199087	29.061419	-33.098149	-12.509135	-53.044001	25.739703	-20.598089	36.574692	-44.059537
	-33.888565	11.773249	-46.923533	-48.730340	-46.999531	26.041162	-26.842307	35.084679	-56.116413
	12.070771	23.874543	-39.567115	-23.574563	-38.458800	15.888951	-25.719549	29.346805	-83.510906
	-2.866651	28.120971	-37.712738	-26.289889	-37.065618	40.283040	-50.786760	16.002837	-40.819923
	-4.188869	18.339957	-15.362300	-16.464136	-39.947147	16.630434	-10.955314	24.349158	-74.143866
	-50.751400	19.436352	-10.902556	-25.615101	-30.215340	10.114693	-11.813476	23.880346	-27.834084
	-19.247498	7.795325	-10.613306	-11.195806	0.999543	11.556957	-14.668856	7.503050	-31.151260
	3.145353	17.726223	-5.859103	-21.465829	-29.752354	-10.151919	-37.792731	7.840382	-47.176732
	5.769429	8.310786	-20.597436	-1.647286	-33.240472	-7.295918	-5.644526	20.406244	-99.751287
	10.112593	5.404123	-18.797544	-22.435923	11.739783	20.407209	5.560701	-12.551867	-73.270917
	23.848821	7.422595	-36.821270	37.417080	2.830610	-12.235698	27.767642	40.100437	-51.731947
	-14.312445	12.018720	-14.384174	61.358322	-5.529129	-2.829333	13.258426	14.387605	-18.917445
	-19.026385	19.743232	-9.341367	46.217958	-3.315748	-20.567289	8.392825	16.623855	-39.072804
	-1.273891	23.680259	-9.728350	59.198777	16.152322	-5.286029	14.089501	34.629908	-26.952635
	-16.910169	28.045832	-4.677884	70.798127	14.114851	7.688015	33.125455	35.511303	-42.601991
	1.481059	18.959587	13.500094	60.376664	40.697210	19.043604	37.204284	45.226530	-9.497872
	13.883322	-11.667067	-0.295650	12.648698	16.219349	29.203851	4.227876	23.141781	-2.459275
	-5.367064	8.905284	3.659834	33.582663	8.240486	-0.532058	31.296882	24.387255	-1.012193
	-7.517058	-19.069254	6.990105	14.741792	16.812651	-12.241799	-21.080567	28.937949	-28.037880
	-23.283371	-10.866225	19.749377	22.283845	21.525165	-20.196572	-2.681743	21.654636	-12.949056
	38.306622	5.579252	17.753551	93.697341	24.359324	-16.617057	14.078817	53.324291	9.842841
	22.730816	-43.055299	9.184436	30.988319	21.190232	-25.478854	32.159062	-51.010504	6.598262
	-14.030281	-42.136734	20.634841	-39.009609	14.457066	-5.027693	14.061210	-26.317212	32.616793
	5.327566	-31.290134	10.402449	-8.191717	7.189220	-36.141272	-15.181437	-0.301943	6.215643
	-36.651873	-23.682060	35.526787	4.382608	-26.741998	-20.441614	-12.346587	38.767041	17.126261
	-0.534046	-8.212073	27.060604	37.371866	-13.899608	-31.700908	-13.828242	18.136047	16.514887
	47.539510	-12.498534	-30.066827	57.264445	-14.810047	-9.496918	21.134515	38.020685	-10.530329
	14.113842	-21.205029	-43.311585	69.218206	-6.231912	-25.872056	0.515970	37.767724	-15.265528
	-24.487680	-36.073009	-6.983048	39.122943	6.508118	-11.785488	30.025662	26.664354	33.716963
	-29.597906	-34.429650	-1.053192	51.529557	26.295292	-23.977561	43.480422	5.194295	-3.299552
	-27.440322	-11.073989	-33.883026	66.549500	49.308170	-1.659669	38.006716	2.928993	23.677949
	14.779870	-10.919487	-32.630899	58.891815	44.853486	-24.971367	59.862237	-3.901549	-25.652785
	-12.750702	-3.234191	-37.027201	50.527273	9.563944	-25.463518	57.031294	21.136119	19.435302
	5.869605	5.278554	-12.054160	40.537887	17.422344	-0.664727	47.392197	1.229267	25.024974
	0.695857	15.427628	-5.108029	42.317517	38.708946	-6.504444	31.164353	-3.435053	-17.307093
	7.066871	3.026882	-23.702725	0.900932	28.862051	-21.026246	43.649157	-7.365041	-41.010083
	-7.071752	14.248313	4.969296	11.006868	-6.988095	-18.878582	3.234341	16.082839	-14.674402
	40.813596	-7.093031	32.283755	-11.604330	-1.630488	0.128456	0.479754	-29.235311	46.533457
	94.327932	-66.137381	28.624922	-0.242856	-12.065366	29.401355	-2.897413	-81.434834	74.890665
	98.517933	-23.544496	36.794408	59.082302	-11.302172	39.364366	58.046330	-44.047624	79.910714
	79.718209	11.875528	44.399426	56.614903	21.673480	31.552771	62.856305	-42.344292	91.090334
	-1.421084	20.614503	48.761496	5.832231	-14.102446	18.150953	24.054752	-31.052034	43.030844
	-11.225261	3.187536	0.723883	-10.905825	-38.128392	17.953438	-2.414677	-48.351311	43.160768
	-6.029810	-0.470469	-21.850308	25.006167	-1.352535	-5.501306	5.689164	-28.863847	34.209272
	25.073486	2.370059	-5.337277	38.577766	17.143977	-7.791530	2.935819	-43.866638	9.412827
	10.471603	15.481749	17.507114	-14.366192	-5.136329	3.514017	5.593365	-39.364173	6.576877
	42.369208	32.482304	-2.217412	18.598454	-4.482149	26.132906	14.944162	-10.078252	-52.742692
	46.802168	36.510983	-27.531391	29.103551	11.396796	5.520705	27.894694	-6.265597	-62.025877
	23.697924	40.735507	-25.609790	56.226930	14.090727	16.884000	47.259458	20.814405	-51.656952
	30.257795	28.066103	-25.223033	58.497135	10.694851	1.454959	39.845689	17.068928	-77.373887
	41.589547	17.825081	-42.697956	69.556095	17.211823	-19.153716	58.297168	-0.584013	-35.559382
	32.127887	6.504472	-8.324644	45.885559	28.673107	-0.562054	41.971533	9.419872	-13.651712
	33.024942	-1.339973	2.610512	43.395858	34.965176	5.485001	31.581812	-29.845337	8.118760
	57.613031	-22.663008	-14.845113	43.178225	35.655723	22.770152	15.013277	-18.142868	-5.241022
	32.549804	-32.543809	-5.834277	16.299371	18.250982	41.654846	12.922351	2.905433	44.664935
	45.171732	-34.457876	2.118313	4.131676	6.721831	12.258881	29.642452	-22.366208	41.807009
	24.291986	-40.830186	15.008152	-4.489030	-8.762157	-9.622456	28.835634	-62.887332	43.209299
	27.468733	-58.637452	0.066026	-18.673356	5.181912	-2.817075	39.210858	-68.754335	34.472842
	60.375271	-51.024233	7.433423	7.690469	6.685106	-4.034634	21.491198	-78.737734	76.467805
	-9.257005	-61.524249	4.145381	-32.871346	18.828429	14.777145	16.334199	-71.856183	75.975971
	33.641483	-43.271247	4.928383	-25.846648	-14.596520	8.580659	15.354761	-42.335343	42.815901
	-7.526932	-40.292482	-6.316782	-15.346946	-29.663744	6.975558	14.528958	-15.424048	40.442801
	25.329217	-21.494720	-11.424841	28.474686	-31.533804	-25.764968	-8.715074	-13.903689	32.645718
	20.686182	-4.490240	-22.595441	-4.792256	4.317585	29.310183	12.562289	-47.431834	9.885340
	15.245250	8.660807	-3.682494	-19.691513	14.554500	-15.466193	5.646857	-29.134531	-24.381083
	-0.386765	-8.567185	-19.932938	-54.709898	-2.531220	-10.567126	-9.418182	-69.554370	-5.515009
	-15.361883	26.636950	-29.107942	-25.545311	7.713267	5.849813	5.161498	20.312394	-71.642142
	-5.043982	-0.702713	-13.451104	-47.232173	-17.930771	13.406599	-19.909317	-33.397906	-1.419122
	-3.089087	-0.436156	8.430763	-50.293335	-7.935815	39.365986	10.994320	-20.423164	-26.040531
	-15.700269	8.042095	-22.815227	-77.658665	-19.713800	13.416554	-40.577311	-22.968222	-62.782883
	-36.674734	9.854819	-19.039651	-102.042572	-22.430295	5.305826	-86.204851	-12.150747	-11.582949
	-72.261075	19.754376	-11.398861	-98.596260	-32.848136	-13.924167	-85.451885	-14.750702	-31.577131
	-18.559862	15.274932	-23.391049	-99.252213	-18.552119	-16.002399	-83.437289	-13.398224	-24.917166
	-22.146548	13.590758	-30.770108	-83.145975	-15.468485	-17.601491	-62.031205	-14.975985	-33.296780
	-20.331982	18.133901	-23.337500	-102.177642	26.091705	-12.083252	-69.273706	-34.485707	-35.201255
	-10.452193	2.530261	-25.095405	-62.835103	14.142874	-12.380435	-45.519809	-18.157873	-11.574033
	-31.232253	-2.168818	-7.138545	-68.577613	40.816187	23.805718	-34.215205	-28.399844	-3.984425
	20.315868	2.971540	7.190593	-56.339358	32.173373	4.363825	-9.796360	-30.634245	10.321965
	17.575800	-30.936950	-6.511982	-89.469328	19.605022	12.156064	-31.454652	-49.833025	-32.751322
	-13.019689	10.137735	-27.254961	-9.798492	55.075683	14.834767	38.450761	-23.126938	-49.007893
	-10.024217	-6.556912	-17.817585	22.351641	20.845864	-5.183068	1.707177	-32.394923	-42.781671
	-12.052609	14.079138	9.547347	17.236431	-13.632038	-14.968970	-26.491250	-17.234615	14.672272
	2.351752	3.607259	15.191199	-21.792426	-30.257838	-10.629322	-27.294006	-26.705495	-1.378127
	-23.992011	24.355194	31.804753	-31.068008	-38.125553	12.001025	-25.381347	5.131869	34.975089
	-3.603280	35.264281	27.023375	-15.468344	-44.564525	10.341922	-10.741594	17.853765	-4.957727
	-3.651319	46.411451	0.259644	-26.605605	-36.626063	-9.336661	-47.072686	29.137631	-24.089317
	6.695922	48.398804	-19.849618	-24.621953	-17.061902	6.225528	-41.827063	18.747725	-33.937226
	11.804183	38.726562	-15.321022	-29.106348	-24.442212	-9.740979	-32.835981	21.704409	-14.093219
	-28.124856	12.921385	-21.307742	-52.967889	3.341571	-17.883599	-45.911605	17.745516	-2.923005
	-21.053140	-3.779660	-22.351932	-22.571588	16.756984	3.120895	-27.717600	4.763798	29.374219
	15.175050	-28.954104	-9.358637	-24.303008	-5.198615	-5.962433	-33.499181	-28.117793	59.210605
	-26.047133	-41.633223	10.940255	-13.508725	-4.239790	3.534114	-19.171448	-42.265616	38.744190
	18.924277	-55.266842	5.926193	-49.336746	-16.202068	5.973824	-19.758858	-47.002569	65.271343
	-0.255447	-41.430417	16.735958	-0.553707	-8.515572	4.716399	3.633327	-23.702364	16.406558
	-23.581384	-44.713781	-22.055297	-34.134147	13.379947	22.037780	-7.493886	-19.599676	25.783024
	-21.934519	-15.512408	-10.918608	13.853949	-19.518607	-23.560406	0.142953	-4.727639	0.790107
	-33.647262	-3.283477	-14.808889	3.679159	-19.334788	4.771550	-19.826327	9.792872	9.509156
	-6.832891	0.234914	-12.851225	11.266430	-36.854945	-16.340120	4.000976	19.080255	-25.699149
	-17.236448	13.164374	-37.597966	16.235019	-13.849759	12.866969	-9.290151	1.087712	1.781603
	-24.748176	7.610775	-35.164033	-23.433371	-16.578564	-5.204669	-34.391900	-1.269592	0.859516
	-9.819689	31.454213	-37.339973	-19.413875	-10.652067	-37.898260	-42.738795	-6.294800	-87.426424
	-31.010261	-53.134846	-55.657870	55.285528	-91.413830	-47.949748	-51.276213	39.440261	-48.394291
	-32.546877	47.681220	45.416281	80.509864	-37.418223	-4.643486	7.592555	40.478847	-9.431855
	-20.958024	-20.120682	25.458427	69.645167	-75.152502	-29.474355	-37.561408	41.304824	17.529437
	-36.733539	-9.195407	24.068074	109.725948	-58.577939	-14.138567	-13.621358	50.922484	29.985533
	-11.973090	23.210631	4.189289	154.804748	-51.669154	-16.882685	21.485026	70.785960	-29.065769
	1.725342	26.510130	-1.303286	120.378819	-27.395265	-24.422472	34.582860	84.216578	-17.893652
	19.758620	19.365380	-23.127381	80.417276	6.547342	-7.615075	12.456732	70.243654	-27.563122
	18.238005	21.544028	-1.765651	41.200138	27.287323	17.985235	0.392197	44.287130	7.121429
	7.750537	23.358475	48.398891	14.146942	27.792975	-0.823348	30.873684	33.223523	13.401415
	12.321030	0.693571	60.603600	-39.004852	28.407889	-11.757055	-4.437258	-6.228015	19.428216
	9.660007	-14.465858	32.453398	-16.815616	43.870542	-18.787713	1.050530	-9.125879	28.595820
	62.427635	-31.029859	-15.950489	2.543775	42.405766	-18.624877	12.440144	-0.795177	10.255232
	21.916196	-26.631697	-28.384020	3.811535	48.140577	-28.178541	18.099732	-14.291121	-8.670026
	-10.708888	-40.947082	-29.018744	-27.516049	35.963082	-35.130859	-11.352530	-2.992872	-4.339840
	16.633650	11.768783	-27.851406	9.356186	22.298069	20.877106	-3.005646	38.927906	-12.732781
	31.968010	-1.694857	-38.835317	11.194707	22.964096	17.679586	-0.749503	39.068536	-24.533132
	47.561688	0.031471	-20.023352	18.349464	35.044427	24.962637	-1.120335	25.727654	24.202949
	21.430074	-35.213702	-2.934414	12.953634	43.882963	-2.414117	-1.384025	-4.350756	0.054539
	8.537883	19.328766	20.174614	17.607861	33.757191	29.161045	39.445787	-12.967881	40.968218
	37.806214	20.790994	20.181235	19.539872	25.027088	16.758995	46.998210	-0.264593	-14.938094
	64.313170	35.090169	39.134487	41.011317	19.837013	16.054657	45.002015	9.043107	-0.595410
	32.621749	27.527045	26.583019	0.943626	5.549819	43.397843	39.928709	4.731787	-7.942638
	50.296869	22.316503	35.469210	35.217175	22.222814	46.204971	38.922858	20.543529	29.006406
	-3.486515	-3.484729	63.339659	-64.591094	12.905192	21.961470	-19.300427	21.810479	46.440463
	-16.716467	7.025418	46.667090	-13.619278	-15.235727	16.369205	-18.225238	2.859163	48.972566
	-3.003025	-12.695241	26.465807	-40.740565	18.733563	2.893913	-38.661995	-1.929200	16.609546
	31.413022	27.833112	29.893505	23.557539	-3.934420	20.162297	-24.149925	13.506350	15.279147
	-0.654644	3.207957	51.881377	-9.120569	16.402416	27.756052	-10.044027	-11.970279	49.347495
	60.969274	-0.440605	49.727700	22.462488	20.340017	24.777818	4.947676	-4.108106	10.595760
	27.671281	-42.658059	32.403361	-67.991467	11.332873	-2.956793	-34.727810	-61.933217	45.417292
	1.010287	-27.650291	49.169688	-58.725153	30.543264	-34.665174	-32.909757	-23.835624	35.874672
	-1.658598	-45.590529	55.362785	-121.708000	14.154362	-7.977072	-36.181128	-44.471283	53.497361
	-23.225292	-32.172091	104.710307	-95.445756	5.083580	16.015903	-34.013901	-32.695575	46.495751
	-10.721363	-38.227083	106.522046	-70.398977	-26.915567	-5.735749	-54.653308	-39.789660	37.661040
	-7.632313	-34.983107	63.838049	-67.227326	16.402186	-21.667768	-31.435020	-40.319142	20.029818
	15.080966	-21.910357	12.088144	-11.569713	24.040503	4.314745	23.598895	-33.793249	31.852736
	26.403380	-2.936117	6.353883	4.359903	19.771537	35.052678	55.028296	-40.838413	12.448392
	20.352296	-27.879831	-23.697101	30.243727	6.397093	-0.793078	33.525592	-35.703751	-21.107827
	-0.240283	-13.289617	-14.069309	34.886558	19.234563	16.613147	77.460306	2.163615	-11.393902
	17.060967	-3.965959	-35.374760	78.300389	-2.616210	14.146999	43.971933	8.163133	-53.842080
	19.226508	-5.557686	-50.555949	68.293140	-11.314325	-10.969396	13.662353	4.901346	3.965130
	18.049901	-8.171795	-26.636203	79.144362	-24.984756	-11.802353	43.765553	16.131197	12.139763
	12.743708	-9.300344	-16.456455	47.517031	-35.222852	-8.540491	8.927212	-4.645852	-0.703357
	-16.788016	-16.248923	-70.174812	19.294268	-45.419097	-32.213833	-19.232441	-3.378425	-22.566704
	-0.193310	-68.584907	-20.728159	-22.694003	-22.731976	-36.611060	-48.337624	-8.379632	31.395507
	3.536542	-57.376009	5.919487	4.222110	24.006105	-19.579599	-3.683489	-44.078213	55.572031
	31.725232	-64.824851	23.100891	-8.357955	-7.380409	-25.090953	-8.822673	-95.033744	39.710517
	36.534083	-88.921621	20.388161	-25.349595	30.745079	6.392313	-15.546812	-82.332772	46.895217
	-1.503149	-65.040353	20.291347	-23.411167	9.998020	5.191097	24.292085	-95.612543	70.534611
	-3.745135	-49.661535	25.063214	-49.822514	20.335110	-2.150946	-24.656877	-58.528615	66.575778
	-47.202691	-9.848661	27.381719	-38.143078	12.079511	-0.809886	-9.352320	-62.520018	53.970669
	6.376725	50.396750	16.808498	-39.324272	-19.577283	-13.135537	-24.650599	-12.512883	-19.190327
	-46.461577	-28.609236	9.157060	-119.132963	-5.865823	-41.809914	-76.793362	-60.573073	-3.539406
	-6.690866	-2.664119	43.828119	-103.217567	20.489621	-40.949022	-53.537879	-73.015479	7.693580
	3.652716	-20.643567	29.742326	-51.587430	-7.264947	2.788754	-5.574590	-82.025760	23.888741
	-14.734675	-29.224887	3.648688	-14.228406	5.066506	-13.554264	30.880959	-72.941598	16.762751
	13.956914	-12.751844	-18.791613	16.096691	-14.366348	-41.830573	-10.777052	-54.452426	-44.030873
	22.147266	-24.222478	-48.433528	-2.504903	-16.678729	-42.410910	-6.796898	-27.770020	-17.505201
	30.594200	-9.578643	-49.554455	28.794835	-4.518129	-14.799118	-6.902761	-24.830065	-28.844531
	9.814437	-37.850582	-42.164599	23.164318	-15.214385	-33.727897	-24.098933	-24.245649	-0.582567
	7.960201	-55.173866	-50.072601	40.606805	-21.628573	-23.551764	-17.019665	-33.664587	-10.404395
	-12.672259	-78.581096	-44.371339	63.940234	-30.834310	-11.018904	-4.116909	-26.400216	-20.405427
	-21.004291	-50.754112	-22.270857	57.297610	-7.948987	-1.362728	11.583020	-27.472743	-17.256797
	8.291922	-18.561986	-54.909839	56.397542	-29.923847	-8.960465	18.460903	18.243326	-56.030972
	-14.096513	-3.427270	-59.874835	51.055354	-25.560298	-1.730870	2.180019	33.642387	-54.625496
	7.281069	30.558720	-45.425357	44.621188	2.435062	12.832232	6.098811	56.180712	-87.174781
	7.981210	21.798897	-56.808262	37.284599	-30.300122	3.353411	-17.420756	65.486913	-79.218267
	-1.138071	29.385557	-21.609941	-13.593134	23.688874	-9.424639	-33.125420	70.254135	-46.910324
	-14.693753	7.781024	-37.752903	-21.561240	30.194990	-13.140750	-55.208922	41.881548	-39.243931
	-6.633438	-23.532953	-42.642877	4.892166	4.756955	-29.352667	-32.717821	54.317274	-42.937015
	39.718184	-41.624715	-70.157290	49.281196	23.351291	-16.320746	-15.039373	24.785340	-55.380953
	-7.737951	-41.175789	-43.467483	55.056562	-13.023958	-0.684312	16.131896	12.603880	-60.536314
	11.571624	-40.464969	-32.581612	41.825410	25.019582	-22.937176	3.337961	25.423090	-42.762606
	-37.849634	-22.776688	-36.540973	9.109320	-0.804177	-35.234971	-3.672405	17.598750	-32.383020
	-27.751768	-21.929135	-11.422605	-6.137307	-10.121168	-58.767240	-17.597061	21.636461	-47.189863
	-35.054148	2.266895	-36.431061	27.652941	8.248240	-36.295976	-21.470961	33.984024	-43.429610
	0.902169	3.337773	-40.662939	56.871714	22.214561	-12.175294	13.183192	26.818848	-46.829298
	22.728344	16.911439	-33.076634	129.963645	-1.288233	-18.431258	36.014382	35.137822	-43.378542
	5.916326	16.276126	-32.730008	134.488341	14.457900	-9.312524	46.811154	25.772337	-46.104723
	7.059612	21.838755	-35.450465	139.237053	31.295351	-26.479404	57.935228	41.757436	-5.164624
	49.002467	-15.798384	-24.255327	104.320068	14.443189	-13.647835	22.504217	36.694606	-19.329379
	28.202493	-7.046894	-0.082257	83.159529	38.850394	-2.676156	41.633140	4.912477	5.557706
	40.888771	-50.769300	-20.177547	20.151503	34.030722	-15.346079	7.134726	1.502566	15.631619
	62.551091	-18.585192	-4.153603	49.743799	45.535371	-6.477637	25.480000	-3.535931	5.959957
	13.456143	-8.848740	-26.030830	-7.752299	6.433760	3.439600	-15.176629	-10.999491	9.292585
	25.882355	-9.654653	-11.556634	-40.741604	29.786225	15.895939	2.673665	-8.855886	3.909698
	20.154547	29.458743	0.351978	-23.350134	0.002707	3.497191	-10.201310	29.643674	12.458304
	-14.761373	20.310811	-2.748259	-55.995256	0.659638	-11.876710	-24.734803	11.020905	-6.802248
	-19.119203	32.053627	-3.565487	-9.690323	13.924069	-18.243532	10.066498	9.370214	-4.276574
	-12.227793	33.012779	-31.894903	-21.504714	44.994471	-19.377970	5.777991	-16.119845	-19.331860
	15.349960	48.917628	-43.741068	18.235666	27.239805	-18.967641	38.049788	12.509031	-31.060583
	2.831122	47.339102	-63.259132	19.382046	25.521484	-21.377914	33.251857	15.953410	-29.983187
	24.768696	60.178164	-52.751561	22.311260	22.929590	1.245061	9.140127	13.975026	-57.965391
	4.367991	41.771911	-10.439073	-1.944608	-7.484260	-18.624462	-7.112270	40.945679	-26.380189
	-4.639654	16.637803	12.077939	-3.826576	11.057185	-1.127480	1.494741	50.962270	-11.491225
	-15.902768	5.159659	25.599318	-16.351230	-14.953466	-26.390404	-24.903435	18.603715	18.766610
	-9.166364	10.211606	25.537544	-34.721739	-14.200037	-16.426361	-23.229602	3.117604	2.641025
	-2.322173	-11.684427	-21.151108	17.633245	-8.995592	-21.702138	-8.342061	-1.561550	-42.114705
	-41.370525	1.502352	-27.633049	9.683182	-33.320588	-1.699417	-12.015669	39.412231	-45.301097
	-21.053786	19.026981	-25.048449	5.647981	-70.507158	-3.842571	-14.683526	45.006449	-59.007559
	-36.159963	24.381214	-10.731140	-12.332934	-54.902890	-7.496071	-57.095053	70.794062	-19.757797
	-22.127920	29.560620	-16.936072	1.504073	-51.762446	-6.964876	-53.143641	67.730153	-54.597379
	-44.113824	24.215994	10.711247	-8.075239	-64.327206	0.904445	-60.759858	68.602909	-0.851500
	-24.669986	16.877095	18.767621	20.659107	-68.103465	-1.518709	-54.789272	95.569523	-4.872860
	-15.555954	13.427782	7.705563	39.668455	-64.992072	17.947376	-17.720386	64.044790	36.322691
	-29.868119	14.223993	30.707607	42.358399	-53.415828	13.146444	-17.246216	40.852727	48.630435
	15.665561	-9.684129	2.923134	84.482508	-0.356407	-25.338601	7.853463	25.294233	19.543645
	10.649145	-20.675509	20.737819	42.341110	-50.140885	-18.577129	34.047839	36.599475	15.504570
	13.306229	-34.255936	58.125670	43.178333	1.717103	5.067921	53.045205	-29.208734	79.710617
	-2.882342	-40.205455	106.332645	-43.563214	-21.241166	44.465015	36.202283	-56.748953	80.517669
	-48.333093	-37.501293	79.331140	-46.398406	-14.890271	34.983934	12.945331	-46.966343	59.520352
	-0.940841	-12.945933	63.609985	-1.120717	-6.801628	42.929095	18.941431	-26.173535	55.919653
	-12.536483	-19.824683	75.446834	7.374562	-28.656911	16.750615	15.974009	-34.953834	68.122727
	2.898723	-4.992401	40.303317	6.609265	-32.642108	14.054286	1.067406	-21.707173	40.989490
	43.913654	-5.607442	37.495109	10.695481	-6.514985	17.920484	17.339521	-2.039702	11.351286
	47.533134	-18.684413	14.367364	-50.763566	-14.869944	19.981853	14.031678	-36.090373	25.355125
	44.323561	-35.818872	-19.593046	-37.383961	7.409941	24.151423	25.116336	-50.078763	57.464979
	-5.363632	-46.803142	-5.705508	11.979996	18.369328	44.842784	50.667856	-52.799248	72.793219
	7.653358	-48.545921	28.706640	-14.347521	-16.059584	28.079944	31.199529	-50.960606	58.756104
	-6.946459	-37.268126	43.884612	14.004520	4.472794	5.618468	29.506526	-39.086768	67.846261
	17.677132	-9.265446	8.494004	12.793337	23.260572	22.760886	47.528176	-34.567002	22.483587
	-8.533433	-16.095465	-28.200684	40.509066	10.739626	20.268782	18.181585	-15.149375	-6.086881
	14.434313	-21.449829	-46.202231	17.684924	25.418617	35.581916	48.835733	5.038681	13.639410
	-44.469965	-9.036579	-45.531817	-21.116319	20.209024	6.925812	3.900195	-13.883620	4.485426
	-4.603574	-5.793832	-59.854743	-17.021136	14.370630	12.482248	30.963210	-1.630609	-3.089293
	-14.544538	-8.635359	-76.102625	-21.944050	24.214457	-6.737036	27.121922	-8.668379	-37.579254
	-46.814173	12.111005	-57.731277	-42.848678	9.145711	22.575662	18.083319	-1.155287	-41.240723
	-27.177485	6.925223	-45.871085	-27.659493	19.973454	18.427639	-26.835054	-6.586771	-26.598265
	-27.186562	28.444961	-27.265328	-12.124642	18.428640	38.425404	19.144872	1.371748	-25.426145
	-24.454445	29.412779	-25.404344	-6.987963	12.422368	24.393996	14.253638	9.830190	-27.934779
	-24.765700	37.590177	-31.430579	7.806888	-17.225959	21.191906	9.137892	30.025413	-53.845102
	2.319329	30.806127	-23.738636	-16.018744	-15.819034	-3.207937	-18.019573	14.811847	-56.236202
	8.306677	21.045693	-26.356744	-39.492063	-12.737945	14.138047	-38.249845	2.761231	-42.169257
	-1.154003	13.889661	-38.012436	-51.383751	-6.197381	-5.323051	-39.088338	9.831629	-37.738078
	19.287997	18.077021	-12.088870	-52.953683	-19.876486	-7.022250	-31.009462	26.898892	-39.530110
	-33.749661	17.097196	-9.657243	-28.046648	-23.412996	2.994290	-45.523543	40.848236	-39.902631
	1.922350	32.725516	-46.196572	-39.795204	0.051429	-1.147578	-34.721342	48.577833	-42.250811
	30.873357	23.663846	-25.995391	-79.917306	13.470951	13.695674	-17.375256	6.590278	-36.326606
	26.324616	32.182863	-7.554464	-25.130759	18.542879	12.184391	-1.490782	15.360206	-6.510977
	-4.788362	38.463727	16.295211	-54.880930	13.945109	13.439591	-20.889978	-8.200827	-56.800798
	-5.840782	37.509818	50.333783	-59.256141	-8.486203	37.429141	-18.077262	-12.036896	2.986532
	3.604473	85.417904	84.765771	-52.306065	35.795432	33.339555	16.787355	-16.904701	6.396254
	15.720188	79.078364	49.016174	18.332787	17.154802	33.353623	23.118033	7.605128	20.381048
	-29.431801	32.397373	79.868621	-44.540489	-7.103399	48.681347	-11.625875	16.779005	42.129504
	-43.259540	0.758170	82.713689	-74.973725	-4.836951	23.856650	-21.726344	-12.197187	81.400810
	-25.473398	15.063136	29.562775	-66.558422	8.158338	-2.404304	-36.487412	6.940955	26.660760
	-10.580144	16.428322	11.890354	-23.877470	13.833631	-13.761538	4.010740	1.182867	-13.622827
	5.460477	4.037132	18.665861	-49.271301	4.964705	27.064796	-20.474839	-21.979459	2.465840
	1.627262	1.917496	-5.437745	-35.201291	5.164602	19.036937	9.220950	-6.927106	35.905131
	35.275188	-11.758863	4.674493	-55.154733	8.757119	24.990468	-34.461867	-17.291159	31.982958
	16.352401	9.921273	20.656550	-60.411155	30.603484	33.154122	-11.992055	-23.852547	6.897699
	-2.542813	-3.604562	8.608483	-34.292116	30.856334	19.131993	5.103751	-24.212136	0.661784
	9.928457	12.611910	9.846531	-41.800304	54.359727	41.860257	14.928657	-39.778930	-14.776411
	28.081981	27.574490	-31.603284	-11.425179	26.561054	10.053703	13.040670	-4.504888	-28.729636
	9.364854	11.684524	-26.929032	-10.999203	-5.612596	15.364479	2.358133	-20.667880	-52.863950
	12.765108	24.226762	-47.822818	-0.258770	-18.529045	1.820786	-22.021654	2.521184	-64.857657
	-5.680557	3.034303	-33.733681	-9.905522	-35.974687	3.627582	-54.868206	10.460131	-33.552256
	5.250363	-6.462336	-19.240104	-6.976253	-19.327411	11.717374	-12.276446	27.386013	-11.110732
	-39.331902	-2.655083	6.209876	-32.286949	-5.704624	13.572078	-5.709059	-5.665930	-1.903440
	2.316217	25.661781	-15.898242	89.678984	-33.140544	-0.898479	3.031885	37.232770	-16.224301
	-37.612175	62.394122	-34.380146	92.513635	-28.002182	-8.541851	-6.753709	52.053776	-42.354855
	-24.759240	41.550792	-31.683155	60.818504	-45.699619	-24.712018	-20.225195	55.381646	-21.625200
	-16.119904	26.398886	13.724325	21.562587	-48.410781	-6.016269	-16.973897	36.515769	-5.616657
	-27.338539	-10.936754	20.739445	-29.910358	-59.813122	-16.195679	-54.116377	-2.246933	40.336126
	-16.728433	-37.360354	-3.433124	-48.953079	-34.065124	12.685196	0.537301	-4.446686	16.219191
	27.031348	5.762933	38.514271	-28.120310	-6.239871	6.432285	-16.621059	-29.076182	25.830263
	8.100926	4.040736	72.012241	-65.916412	-9.756531	65.336870	4.395198	-54.289403	89.864879
	-6.484718	-20.313320	-0.838219	-0.030187	-40.224718	1.608277	-60.320917	11.408386	29.821578
	-33.753765	-33.038439	0.298851	-27.201367	-48.578337	-1.215517	-45.135210	26.162623	51.668423
	-12.755038	3.211138	4.528442	46.894313	-66.913066	-30.973901	-27.477235	36.741986	32.725999
	-30.951006	10.943453	-13.736737	40.847001	-68.582144	-34.292203	-10.691011	60.265689	8.072019
	-1.078476	15.683980	-24.032849	56.633029	-47.911356	-21.910126	15.899505	66.473162	5.633272
	-22.193955	17.664537	-12.382484	32.218407	-19.942182	-14.080207	21.146438	31.478947	-22.567351
	18.698609	10.447757	-4.748655	47.190911	0.759615	-37.442415	30.222047	-16.606730	9.300129
	4.320465	-33.550078	7.295402	27.495990	-14.313510	-19.100131	10.089402	-20.946920	-14.092044
	-12.045362	-39.926226	-29.805958	63.604539	-4.350546	-47.387473	24.025722	1.997738	-23.703232
	14.662995	-5.063528	-30.643656	64.204864	-6.018111	-19.544935	38.204404	9.012502	-68.832216
	34.029917	31.390813	-37.360539	101.481143	5.490872	-17.170537	-10.891826	36.455685	-74.049465
	48.193300	35.965792	-3.307716	17.177860	-15.846924	-2.241533	-5.119297	39.700432	-35.331454
	10.452479	24.961679	-22.194567	1.818331	-15.360887	14.192040	-24.831870	46.080203	1.738286
	-36.341336	24.477392	-6.286067	-25.983965	8.710157	4.884790	-35.125656	11.713068	-20.703578
	-20.667243	30.124606	0.345110	18.537151	20.410028	2.778870	-12.563413	29.042226	-2.580520
	-40.548875	10.207811	-11.659844	-13.000550	-3.482703	-20.976966	-38.034950	35.785837	-33.578658
	-7.018893	24.126020	-21.776387	8.545025	-2.296189	-14.160392	-13.744925	31.768632	-52.200835
	-32.231203	1.962124	-20.296249	-11.287606	-5.958488	2.412471	-16.726359	10.505397	-58.862792
	-38.192957	8.669850	-24.928349	-29.630416	8.436831	2.128493	-29.192222	4.813540	-44.950136
	-37.298207	6.374090	-28.313417	-4.861232	15.422557	-41.540539	-54.398286	-0.429569	-37.198976
	-15.837577	14.645457	-10.286061	27.465682	4.150039	-19.861922	-27.324348	16.192108	-51.435133
	-46.542608	21.601087	-12.986636	26.364866	-9.216219	-17.000403	-26.075608	35.564964	-48.539566
	-30.826785	34.240832	-23.517072	45.285874	24.436877	-6.238881	8.866289	35.364338	-35.824987
	-38.285284	18.592574	-10.155548	14.459728	-9.568032	15.063510	-16.901169	25.852561	-55.344667
	-25.433047	18.694161	-7.503698	64.536902	34.046979	-3.229816	-11.773187	18.424808	4.833710
	-16.293317	-13.399407	6.049289	-24.206801	20.353030	-17.918122	-45.435224	0.916293	32.685851
	-15.512400	-14.464585	-5.134992	-15.455885	32.683079	-28.593511	-35.627644	-8.515207	1.507569
	-11.877632	-12.261885	-7.428988	-20.134337	34.398363	-16.019427	-34.285920	1.088681	4.645697
	-10.162040	-8.774824	-22.809977	-2.229161	53.576816	-8.381966	-10.286772	4.965059	-31.533970
	-10.137653	17.034056	-2.538184	28.532598	30.674805	-2.741999	12.413299	7.116991	-41.991458
	3.652474	-4.099665	-8.487787	26.946406	12.539739	-37.413796	-35.277562	8.482339	-65.880227
	-16.583345	-4.749222	-20.386870	-1.288250	-9.616106	-47.472263	-61.783291	0.109715	0.144087
	-20.188080	33.378926	-6.909027	3.319189	-19.316991	-43.639305	-40.408743	13.457741	-13.673310
	-2.898295	36.536055	3.436135	-33.692841	-35.266708	-16.685242	-43.660757	34.095427	16.349337
	-4.836419	23.484309	11.225196	29.822515	-60.379599	-2.408982	-13.419090	32.089372	26.163299
	17.863371	-13.715293	29.417887	18.399731	-5.495730	32.756800	14.831796	40.541823	97.986566
	66.143279	-14.925190	39.439585	-3.204880	15.036767	24.748495	43.004175	-33.540984	126.653281
	49.254437	-36.958001	41.755179	13.373610	26.974875	18.206416	61.719250	-52.011086	133.099588
	37.740214	-59.130143	21.730448	34.989808	10.370585	-5.189020	38.640913	-16.508236	109.136313
	22.109392	-41.027207	1.193993	3.853060	-7.853815	-22.710997	-2.975250	7.986304	42.808845
	-5.057561	-23.310234	16.139359	-20.219590	-29.159016	-19.611018	-50.317252	-7.823738	60.883642
	-12.839667	-2.240349	7.430696	3.957856	-30.243051	-1.812360	-32.116335	27.896237	22.577543
	0.089559	-35.796833	-1.678227	-42.734386	-30.835700	-8.467647	-41.494288	4.385270	42.615223
	17.510003	-63.771367	2.932422	-34.819028	8.657524	-20.389619	-12.602025	-22.536884	67.062935
	32.386441	-60.496010	10.886413	20.724897	12.352148	6.020244	45.002340	-38.075667	67.396139
	24.132905	-77.065820	45.886625	-18.927557	29.866645	-27.915609	55.455104	-83.423886	78.978717
	39.119131	-71.879786	23.441479	-3.587827	75.790471	-18.360753	47.899481	-81.612352	119.364055
	47.966955	-72.895130	49.582654	-39.106903	54.296062	-2.245001	34.577472	-72.549499	128.536628
	0.422750	-64.698060	11.067133	-55.994062	37.452924	-0.346515	7.192382	-81.250881	108.131913
	-7.493389	-1.000411	-18.954625	-33.373443	14.549475	-1.043014	38.071190	-55.303454	37.997715
	-2.763232	25.908072	-62.533648	-17.095636	-3.949506	-17.611587	29.319978	-21.709669	-35.815943
	-9.048732	51.463567	-55.045353	12.994825	-4.567136	-4.086364	8.968745	-7.521461	-81.000164
	8.455891	48.802251	-44.551895	-20.885472	-13.189705	-14.089129	11.481345	-9.916430	-69.003236
	7.171507	34.630522	-11.415907	-26.743230	6.192224	36.520152	8.533185	3.402094	-29.137415
	-15.431089	19.649456	-11.754828	-58.146221	-18.063503	43.417395	-18.324526	-46.549888	-6.449685
	-5.664038	-9.478085	17.017467	-6.930953	-12.425986	44.446779	40.263596	-22.089043	-0.129778
	16.256111	-44.615173	-2.562812	-36.839176	-1.011722	30.255182	18.794976	-62.649866	3.586852
	31.232600	-49.374374	15.949024	13.914006	19.059670	21.867522	27.342514	-46.953814	47.450005
	0.223318	-55.149329	-0.464505	-15.228606	5.071443	-1.237034	-22.171160	-46.130628	37.949670
	43.409324	-15.297683	-7.206849	60.208454	10.396420	18.270491	23.572883	-21.793258	-7.482312
	4.211321	-14.243799	7.756496	26.136603	-20.723679	7.951369	8.884437	-30.002253	1.896051
	-16.919812	-15.055948	20.590448	24.559382	-45.637126	12.342498	11.423669	-5.108443	-4.883786
	-10.879950	12.217642	31.737253	-19.032015	-6.418818	8.647858	-6.857246	8.558717	21.351232
	-3.265022	10.206086	2.153735	31.210146	-35.948519	22.842645	14.608235	29.914229	-0.428056
	-20.027066	27.051780	-7.026212	92.193847	-18.025166	32.833656	40.772256	42.798717	-22.075931
	17.725823	4.146412	-43.150222	85.060682	-11.736943	2.880035	24.967147	56.593362	-45.578500
	1.698248	18.891190	-14.788396	117.694608	3.299655	27.108549	67.265131	83.638505	-43.252673
	-28.817288	9.044152	-50.959924	87.225965	0.008793	4.496924	40.791765	35.994392	-38.133942
	-29.283436	30.074098	-28.348064	60.096939	15.224980	-7.628507	63.537229	42.294174	-36.349688
	-18.546188	28.603619	-48.615119	34.396307	39.800809	-17.934452	27.118747	33.078457	-32.515781
	-8.877275	27.441597	-22.801293	21.334729	14.455854	-23.935131	17.933207	17.648583	-28.962178
	-59.104248	4.733749	-14.780132	8.474239	0.774584	-12.333909	29.596947	23.969865	-58.147485
	-20.946879	34.484333	-8.034239	53.132280	9.769778	1.439243	70.314129	15.741989	-51.028615
	-25.913682	62.736983	30.730544	-3.520153	48.727118	-17.459126	27.249210	-20.091135	-40.187295
	-35.919708	26.441215	-20.252935	-25.710749	44.915060	-38.359636	46.966496	-16.434618	-50.978240
	-40.282764	3.434121	0.348256	-78.174154	40.842396	-20.090166	11.843919	-32.399661	-2.423204
	-55.796115	2.054375	-2.573867	-18.208165	30.116037	-50.677444	12.734771	18.959740	-15.312261
	-44.177275	-6.290406	-2.653574	12.679955	27.478131	-31.102171	30.095471	-16.219733	-52.692491
	-33.984148	2.170591	-22.800116	33.410735	28.275483	-37.245865	26.103750	-0.980262	-48.109825
	-27.462218	14.009529	0.019361	19.083537	17.761905	-1.552602	33.791618	-6.575933	-54.612711
	-29.113990	7.200026	-4.014781	-5.342280	17.166848	-11.201825	-11.733600	-15.765093	-17.896572
	1.219026	24.585020	-2.537472	36.888176	25.900050	23.309870	28.630435	18.374895	-10.961319
	-6.440309	23.257446	-7.195250	-1.914923	5.474705	11.602083	1.701531	1.067092	-65.756282
	21.962674	39.187550	-23.851189	16.662811	15.724135	-4.452914	-6.428643	44.583994	-45.767675
	-26.042372	21.545987	-29.481571	-17.294205	-11.458527	-13.644088	-23.896422	32.134220	-35.175103
	-34.492081	21.177788	-13.602170	-16.018620	-19.800790	-28.745555	-24.783600	52.029411	-7.678428
	-6.915312	22.943838	0.184982	-5.081907	-65.067220	-23.752935	-51.383544	76.853919	-59.532558
	-19.577248	42.536872	17.844192	-22.893719	-57.277765	-10.142732	-31.036791	73.521632	-2.291742
	-51.358557	26.987490	13.004412	-45.432427	-44.290841	-4.854916	-50.338608	57.384364	-21.070591
	-15.259959	37.822398	-2.913192	-67.373705	-19.746002	7.299748	-48.291193	53.880190	-24.902033
	-6.456138	27.655005	-18.766646	-47.092852	-4.412285	1.393547	-18.008710	18.939907	-37.996746
	-20.371757	22.161241	-11.880618	-46.976544	-2.726681	-5.421090	-15.376537	13.950961	-18.255305
	-0.915830	4.558755	15.710515	2.516098	6.371052	5.287833	8.854723	-3.120588	-34.661270
	10.390914	10.344467	6.789816	10.887022	17.455045	5.898165	16.822511	-21.069903	-55.954133
	-14.146382	-21.301909	-11.693441	-48.659908	-18.018564	-16.590503	-22.415143	-19.909827	-56.070818
	15.097631	34.914987	-24.640873	101.504778	6.900648	-1.121228	34.342490	29.544116	-35.411104
	-29.135499	19.220477	-4.965067	54.685026	-4.884665	7.533150	-1.908347	26.252161	-47.438836
	-4.727013	-7.411745	-19.797783	10.411495	-34.985737	-21.834555	-10.094887	2.031954	-14.280977
	-8.953784	16.422833	-20.469707	11.140619	-20.481011	-23.341496	-2.369690	14.695567	-39.938906
	-27.472747	18.853717	-12.682053	5.320386	4.670385	-7.255570	5.942230	-3.824589	-30.508184
	-45.833442	13.590610	-20.133053	40.743452	9.936188	-35.736488	-14.336106	32.799318	-61.933982
	-5.984454	20.102500	-41.833253	29.737357	0.017446	-32.384141	-6.165528	19.925105	-49.780014
	-6.427956	34.047709	-40.255472	32.705061	0.240473	-9.864536	-22.767728	39.720993	-80.842682
	8.514267	62.775050	-62.671966	27.171827	1.262033	-26.906408	-27.770975	30.963496	-78.301527
	65.948171	77.720928	-36.819175	79.745585	-3.943991	-11.974552	-10.925252	26.538137	-79.037715
	20.629119	12.053959	-12.060181	0.516295	21.022168	-31.893083	-30.636234	-30.596317	-59.843686
	-5.939857	-26.217220	24.055577	-67.480708	-13.439600	-5.031615	-30.382109	-4.454188	35.620847
	-9.776909	-49.959604	4.806734	-61.775443	-14.393426	-16.432336	-59.189398	-21.731088	1.098070
	-16.679493	-16.555855	20.000558	-48.821165	-3.262574	-31.660574	-11.341630	-8.126564	41.426828
	-9.768367	18.462968	1.615317	-42.426877	7.746461	-16.483078	-27.488795	-17.449648	19.958047
	-15.986604	3.234761	12.506272	-35.359812	-28.922117	-10.522373	-80.400796	15.558183	-21.508369
	-0.129447	9.223746	7.517787	-24.513269	6.644904	17.328368	-24.382110	25.319323	-33.312057
	25.368348	-1.005169	12.908947	-9.441215	6.481365	29.540329	-0.281735	9.385288	25.967504
	25.679699	-34.269175	18.728832	25.467099	-15.697603	41.681308	50.704109	18.676489	69.761462
	23.929701	-2.251576	-4.319397	41.608536	-29.476058	42.269695	59.004066	43.179940	75.624966
	-2.908676	13.668581	-33.438748	76.384615	-66.961782	-10.005340	33.543969	67.659394	45.281691
	-24.997310	42.377097	-13.048131	45.475536	-87.026445	26.555116	25.792390	85.411956	4.107602
	-18.673333	70.665267	-30.328773	45.897064	-83.786063	13.547757	15.499752	77.642609	-36.034799
	-29.248186	74.597640	-7.387408	34.418800	-86.691079	36.772153	-33.253266	88.480977	-59.989691
	9.973893	76.181103	-23.772865	31.022517	-75.264927	31.039388	-17.920393	111.940671	-42.416641
	-9.571584	89.691361	-14.997199	39.741579	-51.976434	44.854898	-30.707187	95.115412	-60.742709
	4.728572	85.985561	-14.870492	32.800433	-65.628683	33.033682	-24.249733	94.990803	-54.627842
	6.342933	61.089715	17.335539	3.551792	-51.858746	34.127103	-9.754844	42.106799	-19.609197
	45.182598	7.364372	36.883400	5.115975	-22.844121	-6.182997	6.274693	6.893226	68.127943
	41.396944	-46.804670	75.178029	-13.393977	38.117966	21.994009	34.938378	-46.175503	130.337386
	34.711602	-80.190640	80.914531	-14.776883	25.324401	50.789711	44.588257	-73.719692	93.935960
	24.366061	-78.023673	96.728241	3.653479	21.019652	36.926951	49.414276	-85.794737	101.950900
	34.833169	-53.025959	59.910585	17.510081	26.915781	15.591436	23.988150	-55.074912	120.759924
	19.123069	-51.574497	75.557701	23.887569	39.199535	15.578344	64.162793	-63.538513	125.494968
	25.673167	-69.902489	56.491586	-14.405618	57.062826	-11.589845	26.873557	-53.371242	105.205697
	55.088406	-64.501994	40.974013	-44.145964	42.234830	-4.708723	27.442801	-92.629893	109.455512
	32.589793	-71.870341	31.032710	-75.725629	36.208836	-17.307823	2.405944	-87.794536	114.344614
	25.798858	-59.113578	27.210733	-68.808497	7.651693	16.973444	26.492135	-55.890466	82.075872
	18.117156	-62.489991	63.114019	-48.770071	18.038585	-0.716199	13.978124	-73.129999	93.551468
	3.059073	-44.636224	77.588187	6.537630	37.422204	16.731898	65.259580	-57.804333	97.308184
	28.866069	-54.611942	60.278337	30.692118	2.365486	41.530097	42.757108	-35.105501	43.289343
	43.296087	-32.581817	54.523985	47.425924	-17.245004	11.794986	60.334885	-22.770442	30.952149
	49.799761	-37.455353	-12.332221	9.117449	-5.253530	4.498284	30.918583	-55.429827	23.765029
	26.793634	-51.818167	-32.799723	71.877578	-23.093360	3.847663	34.045112	-17.733864	-50.506085
	-11.476085	-18.936751	-19.197529	60.917446	-38.391812	20.498151	44.366500	17.957629	-28.923912
	0.252151	-18.717844	8.283345	18.116693	2.410760	10.219156	23.743853	-25.214173	16.935379
	31.673057	-6.685603	-32.005722	109.488730	-5.637036	-8.290367	11.491152	-4.271177	-19.339879
	-7.545373	25.775799	10.804527	0.938979	-12.682024	7.466573	-24.390131	24.818490	-50.901681
	-1.348197	46.865198	25.949866	24.464712	-23.016456	6.648013	-9.501241	30.058670	-11.481122
	-32.490596	-4.224469	27.139496	-43.308715	14.950569	6.738450	-7.142434	-25.181806	28.947701
	-18.911868	-28.448245	-29.566330	0.152638	-8.316033	-15.700638	-20.159843	-13.980410	10.577046
	-32.843483	-45.732383	-49.296500	-2.541733	-2.869011	-15.191732	-56.376217	18.117094	-14.233602
	-32.363564	-70.575560	4.861959	-87.601095	5.804794	-53.252869	-47.065647	-60.902184	58.102998
	-14.840057	-31.224471	8.051105	-59.101941	-0.953403	-34.693968	-39.773792	-5.938237	30.352160
	-53.341078	-90.033294	-19.862449	-155.191012	-16.123888	-25.525961	-112.937864	-87.356882	65.514250
	-21.262232	-79.212551	26.534729	-85.623911	-41.849672	-7.660991	-85.926604	-63.522036	80.473120
	-11.172771	-63.950190	13.803352	-70.536460	-32.722428	1.992516	-45.139788	-70.573230	63.981768
	31.752895	-23.684931	-15.823997	-30.785942	-0.658239	30.505467	-9.748728	-54.826417	45.355577
	8.434462	-13.529031	-5.581454	-27.575155	29.553545	17.979012	7.178512	-53.531570	29.673959
	-18.594764	-40.400708	1.414832	-50.297141	18.195396	11.764619	1.262543	-73.294789	-2.289832
	-0.029901	-48.452077	-19.146776	-39.722597	25.186319	21.952820	-22.781528	-63.920058	40.576487
	17.218452	-39.604216	-23.857793	-12.319227	27.618619	5.740849	24.844559	-32.884750	8.097705
	38.042091	-6.278360	-49.338412	29.849237	24.571530	-5.354924	37.531419	-5.582694	-18.264705
	31.592173	-0.773558	-58.495082	25.540074	31.318213	-1.994097	19.685811	-9.193872	-17.508709
	36.377581	18.512804	-52.498009	27.734240	32.955547	15.539738	32.453306	10.348481	-42.164697
	13.972434	23.684157	-48.112504	19.626938	31.585514	-4.755461	15.250941	12.511240	-89.576581
	6.038240	25.002030	-6.329311	-1.233540	23.060196	6.148503	14.639165	-8.504178	-82.370163
	19.831010	8.855116	-28.626880	-37.334922	-0.883908	-7.108518	4.772574	-8.997705	-34.507643
	-3.291357	7.356889	-29.055514	8.586650	8.305833	13.214594	10.958158	35.152403	-23.019708
	27.929242	-6.353361	-7.237498	-35.621064	18.411678	22.715386	-9.079348	-46.844507	8.989155
	37.230844	-27.717062	-12.085605	16.675276	26.951793	18.824628	32.706502	-16.114901	-18.389055
	65.991027	28.679858	54.623354	80.968180	48.593270	44.157144	92.861553	-42.320907	41.033526
	24.968551	-41.675005	36.227272	-6.383835	25.930062	27.640003	34.508270	-79.791814	60.396234
	58.045008	-21.012438	-10.643120	8.395892	35.082195	2.316429	38.978923	-78.853361	10.772822
	31.124250	-30.282321	-7.661888	27.277598	-3.434864	48.485449	19.820386	-52.019062	25.084956
	5.135127	-26.343184	25.714738	5.024572	-19.307868	35.315515	-28.096875	-29.239832	88.436314
	17.007082	-12.318486	26.352658	3.496433	-7.251941	58.894120	-17.230271	-29.376060	70.545034
	61.185388	4.556972	-2.188259	11.168649	2.039549	52.083471	6.808604	-18.085330	59.169561
	37.512181	3.637811	-13.895000	-10.928244	25.359876	13.976195	-6.853319	-28.737765	73.387618
	24.214869	-19.662612	-25.497399	-23.233152	3.158298	-0.914981	17.719253	-37.795738	80.519874
	-16.971961	-34.966483	-20.434738	-23.441017	33.735115	-9.530388	23.135056	-63.869406	107.255253
	-15.555128	-48.968162	-6.947414	-7.554012	45.604432	-36.991363	16.154175	-39.076963	84.713106
	-35.590012	-21.642467	-12.641060	17.927776	64.439418	-13.043087	1.939085	-32.881410	109.438688
	-28.218668	3.090829	-11.216545	50.962803	45.340792	-30.033547	11.057459	-5.597159	76.571847
	-8.179764	22.189191	-31.569297	45.064092	26.849016	-16.013925	5.970211	19.683571	-7.979744
	5.592204	34.429608	-53.655614	56.060865	10.879907	-3.894988	36.962929	7.147482	-24.103329
	-16.852952	50.770023	-44.802179	34.596209	-19.345402	0.727251	33.088485	20.192042	-28.713343
	21.690948	75.233864	-33.120913	55.140732	-31.648630	-21.112502	14.502251	-5.064206	-85.560464
	-2.056327	84.188085	-26.043727	53.637806	-52.093970	-5.610293	23.397575	37.301150	-123.996039
	-4.697968	75.944613	-1.049055	53.847026	-33.190823	-22.554060	22.672380	28.796927	-110.271398
	46.485687	55.740840	-17.493901	49.423558	3.836974	-39.904388	-9.145699	-11.829296	-54.504962
	23.157633	50.732303	-20.181374	27.243251	9.847217	-44.110940	21.689810	11.720977	-44.704830
	9.239297	48.033401	-26.672332	28.500375	21.163972	-31.647599	-0.288474	17.746159	-34.781222
	4.445295	27.385037	-48.831644	3.592063	1.355851	-12.125549	-0.151764	18.098433	-93.059717
	-11.454942	24.330375	-52.653417	-20.639160	-32.813265	-17.986750	-52.627219	4.900293	-89.994316
	7.207368	11.422243	-26.880025	-31.142321	-24.106930	-27.786765	-54.576468	36.613945	-43.514643
	-32.755497	0.583937	-29.040893	-60.518258	-27.368301	-19.017608	-62.916523	7.694157	-58.921601
	-19.241400	-18.071621	-42.349920	-43.014372	-25.125505	-43.769887	-61.306813	-1.516225	-26.078606
	-41.767339	-25.574146	-8.763914	-56.165816	-32.985525	-27.384209	-50.247227	-24.651066	-30.488954
	-12.397589	-22.465510	23.655010	-75.469888	0.145938	-32.849935	-39.550075	-51.085666	7.469159
	-25.818318	-6.353127	7.678300	-48.177132	-30.276325	4.948590	-6.466902	-27.617707	48.264782
	3.514517	-20.047806	15.083087	-76.500992	-6.651904	-1.499898	-18.066115	-48.920826	24.611684
	15.709882	-66.713412	6.425813	-25.224416	-14.723431	25.076135	5.669462	-39.642327	71.833336
	7.860023	-50.598302	-3.503319	-41.804320	-0.929601	-1.544588	2.224707	-37.827567	70.200881
	-15.579802	-30.150445	-6.029176	-33.866480	-20.582259	25.379228	24.871012	-44.882487	33.157660
	1.753798	-20.704828	-4.322401	-35.514666	-7.372049	7.958946	12.526420	-40.731119	50.975197
	-1.709003	-19.017048	-16.244098	5.114878	-33.211210	16.883695	4.933849	-31.882584	45.884145
	17.968352	-22.060515	26.214224	10.190808	-2.704046	2.695578	15.850295	-0.315832	67.219644
	18.919876	-34.492563	27.565910	41.890081	2.203127	-8.172485	-21.678781	0.260871	27.539095
	5.715352	-56.289841	3.591111	10.999186	18.853834	11.446584	13.154697	-0.266040	4.988767
	-1.923964	-52.774194	58.435895	-26.911525	36.519679	7.427437	2.572611	-27.202133	9.405090
	-5.142412	-60.888686	63.158784	-51.637650	19.638272	7.671285	2.080960	-36.554642	4.704345
	-14.612339	-74.935136	41.394520	-74.327366	-10.770781	0.183235	-2.413144	-27.789182	58.820363
	-7.601166	-29.037655	37.273326	-45.951010	25.641657	24.517301	-27.205418	-42.521489	59.253937
	66.849586	-19.928564	22.388805	-2.385431	13.988228	-7.408523	11.598299	-28.640781	-25.180884
	41.621673	11.936932	10.092095	40.148229	41.461980	39.384501	49.884379	-25.884658	-17.039127
	30.005081	21.614009	36.957846	73.832693	27.118874	42.691202	45.213560	30.020911	30.632699
	17.905976	23.011718	25.627576	44.893871	-7.097662	-0.799664	22.147165	35.399184	29.384101
	17.971388	24.697707	59.112008	33.215098	16.227082	-21.572139	-3.171362	37.260005	-5.311355
	2.575679	71.492917	0.196461	19.496843	6.334605	-10.260332	13.198662	51.401238	-35.218433
	38.241589	25.495031	36.190918	19.875310	-13.554554	8.169566	8.165484	34.935025	-45.681329
	8.319364	18.961631	17.161942	28.630239	0.096808	40.338955	54.862298	61.523161	-30.542263
	10.869237	11.371000	51.388515	40.896612	4.656589	28.377984	23.904474	52.332573	35.116458
	24.066087	-15.908740	27.020007	64.900744	13.498497	19.404804	31.224156	35.719970	7.971992
	14.471177	-12.658614	42.566094	48.081025	28.658833	16.594366	44.300097	54.546156	40.837799
	-7.596177	-6.386588	24.269203	16.816447	9.292966	-22.187417	12.785744	34.655536	1.775117
	10.069574	-4.444548	33.032249	-21.379029	13.960985	-22.275689	-19.476903	27.445471	-32.495259
	-11.155196	-9.645259	37.424830	-2.398536	-26.532509	-4.187810	-54.519107	36.756777	0.771588
	-5.098680	-10.996611	84.468121	5.459442	-18.587965	7.548918	-10.016711	26.671450	9.638499
	-19.958037	10.100683	43.540341	4.665550	20.378281	-23.408447	23.406718	3.973103	32.365158
	-23.926483	16.393759	27.635209	-7.707965	26.234023	-21.141039	36.803996	9.876169	-24.565372
	-18.865160	12.208471	27.156121	-23.714208	48.696638	-21.307984	24.373161	-7.920807	-4.580015
	-30.949442	20.755622	56.526124	-23.072646	47.363548	-8.369524	23.219669	5.891982	2.237738
	-26.881946	19.243819	11.836245	-22.922281	5.038420	17.676787	40.978781	-5.474299	15.682415
	-0.674762	32.112105	32.140560	-3.108538	23.679892	31.348015	56.226308	-7.773929	-31.723291
	-30.376730	29.252621	28.725170	-39.410727	-2.154112	6.210840	11.549467	22.045145	-21.772886
	-21.706681	18.219864	17.228306	-22.297883	-1.063211	9.446857	-4.888748	24.168394	-30.128032
	-26.156237	14.077406	14.399103	-25.636624	2.453658	26.565250	6.978599	11.933744	-3.230298
	-26.901085	17.831148	24.702746	-29.592869	-6.202698	22.496480	-7.897130	-1.996283	10.941409
	-58.319205	-13.768029	49.893506	-85.801223	-4.499605	2.026312	-36.971085	-28.092781	17.293568
	-28.941688	-0.981574	43.994538	-67.413814	0.661431	-3.034899	-21.538863	-61.238092	23.415570
	-0.936973	26.682242	20.535321	-38.252585	12.587537	12.153202	-3.678672	-12.313836	-21.504309
	33.527202	30.934647	19.583678	-9.908017	-3.669700	20.376858	8.647312	24.554130	-45.281362
	43.294275	27.738743	17.582280	-9.238955	-21.363450	44.435463	-15.478747	40.718561	-8.048194
	30.467917	42.629785	12.840273	-19.562831	2.885460	51.881862	-15.238596	20.400269	-26.233820
	11.514395	33.872788	32.398685	-50.651985	-6.389162	22.707994	-39.389405	47.125016	-14.674895
	-18.967320	27.926757	35.587166	-29.871774	-23.204402	15.403879	-43.032617	34.140991	-23.128052
	-7.183057	24.678750	38.632258	-30.713588	-25.898618	6.428006	-29.866479	26.402619	-6.802681
	10.117532	28.809817	-8.680611	-14.529918	-36.989030	-12.927026	-46.673351	29.656873	-20.110794
	-11.043521	18.636125	5.082990	-21.896593	-21.164531	-17.820659	-13.442634	45.344760	-39.862959
	6.308385	61.420658	5.814310	14.111033	-0.990282	9.528004	18.210008	16.017588	-55.421556
	19.383334	54.574352	47.009918	-20.401740	-13.977317	6.512239	8.358876	2.378282	-34.156408
	7.620464	47.819576	55.932980	4.876447	43.454843	-13.133826	14.974800	-40.326838	-19.243686
	-30.076414	23.404375	69.210961	-65.930923	-6.488874	3.129968	-6.234504	-3.952136	-1.563754
	-41.567082	18.746350	36.353130	-70.364753	-34.111740	-9.970093	-48.823480	-4.881168	5.830902
	-39.723468	27.057982	64.760094	-44.111693	-16.693244	-15.352114	6.226648	5.616284	-10.585632
	-7.925314	48.237426	31.134183	-30.089215	-17.405406	-10.712865	-9.407351	24.642052	-11.990205
	16.853179	51.501899	27.819738	-11.142817	-32.517949	6.248757	8.300468	9.955928	17.758445
	-13.127137	64.412969	26.261345	2.220322	-12.038597	-0.245653	9.896552	25.082695	22.697446
	-4.186676	51.023819	32.453479	-4.970512	-12.800371	25.406108	-12.411249	31.978921	24.934799
	-7.745418	56.588025	30.868070	11.216829	-2.606983	16.599332	17.735869	28.307863	1.374273
	-12.618272	52.946010	26.527840	42.472207	-7.828391	-6.790783	14.817212	29.630332	-13.924620
	4.767302	35.177279	10.115119	31.523896	2.449187	-0.400677	8.321087	57.202778	-37.798999
	-1.186911	32.357530	-5.510673	25.557371	-16.095749	-8.876139	12.272407	56.242144	-35.861669
	-2.575176	19.847859	-31.502294	17.053900	-45.781244	-25.654661	-18.436316	67.150571	-70.252081
	14.014867	35.173325	-57.881054	61.282281	-59.929335	-16.921826	-3.098020	90.428630	-40.044333
	-21.442350	34.644462	-59.110981	44.780211	-75.122080	10.444668	-28.457051	72.336560	-76.775732
	-15.091806	49.926824	-44.366754	50.932453	-44.469251	2.195311	-10.418989	54.129237	-49.989263
	0.888520	18.590054	-17.890850	31.964764	-43.190676	-2.568514	-20.222607	43.299133	-31.451785
	0.454978	26.778454	8.498827	49.954343	8.194540	5.290009	15.804544	19.782536	-27.655676
	4.776198	7.959664	25.614320	52.141471	21.726192	7.223534	17.449136	25.521235	39.332783
	-14.168821	-8.894445	49.147699	9.596840	20.626874	1.087535	30.109805	7.794659	46.387682
	3.719948	-25.169231	63.073877	-10.983487	44.288009	11.660685	-8.025353	-21.902251	53.641257
	-26.057810	-50.619765	26.618150	-69.920540	44.153926	-19.238864	-40.084736	-40.487845	49.569214
	-39.965726	-68.753491	-12.089931	-101.101232	60.845351	1.947389	-57.702870	-57.410560	77.650529
	-73.928405	-62.610108	-0.042217	-88.932726	60.900205	2.951381	-47.083672	-55.157448	57.195418
	-47.122768	-63.389763	-15.810221	-84.569908	33.226990	-4.904029	-34.626070	-47.374159	69.871696
	-22.783152	-39.427370	-2.478670	-58.718553	56.349263	-32.156861	-19.359012	-31.694303	28.882151
	-38.945103	-37.595083	-5.938343	-78.576659	46.245750	-16.821893	-28.826012	-43.196141	49.019956
	-28.266933	-43.211140	-23.528191	-66.169788	36.170514	-3.147205	-13.605798	-41.748483	64.775319
	-26.544723	-67.900451	-12.294176	-86.409266	34.807909	-11.496492	-42.234248	-44.212847	81.170053
	-7.325324	-70.295096	-4.786205	-75.323237	35.381214	-5.699280	-39.197353	-50.148666	125.163818
	-16.233677	-67.057970	19.449336	-67.574083	24.959797	-2.975919	-11.842697	-49.690402	64.387019
	4.989242	-70.686431	-10.757382	-71.303599	28.001336	-7.940412	-41.113179	-60.800837	52.149715
	-10.446822	-35.295041	22.030047	-46.998895	34.146737	-18.358729	-13.215081	-39.862544	-0.756120
	-25.458087	-35.279898	-28.140502	-35.332306	47.613116	-55.797041	-35.169266	-37.485788	14.378716
	19.244744	-7.042568	-26.140385	6.853111	50.515172	-31.684357	7.206064	-6.353594	-4.077673
	-14.211973	1.190678	-45.127316	5.505364	1.703995	-47.837494	4.955755	21.464143	-57.914424
	-5.107319	22.212289	-66.986589	23.787266	-4.915915	-19.247815	-12.917157	43.773972	-55.805465
	-5.197378	16.665741	-100.923214	38.489313	-3.538897	-48.592382	-0.937495	44.633777	-95.227329
	-30.630773	20.833030	-86.736800	30.212951	-10.384077	-30.591897	-11.300436	44.847306	-83.832693
	-34.792416	12.782959	-72.641281	38.873616	1.002887	-48.000985	-33.906301	41.619692	-92.699721
	6.702872	9.136288	-103.379079	29.144231	-43.483112	-49.039038	-37.948883	8.424605	-107.952109
	-31.559481	60.655548	-58.804234	22.276489	-14.000824	-6.342870	17.269197	23.860176	-84.910851
	-12.332918	51.892097	-78.273002	144.096897	-58.137788	-38.663132	16.932712	64.268488	-126.388204
	-23.335982	5.088803	-29.103956	41.404163	-74.998826	-23.808841	-12.607205	10.235842	-86.359184
	-37.208522	-16.089613	25.470770	-34.965020	-37.704340	-27.817596	-11.431755	-19.902762	-8.680935
	-28.412992	-14.373340	16.130315	-48.214394	2.289410	-31.678197	-43.333623	-19.834347	27.764502
	-4.430196	5.032088	-16.538828	-33.389469	-13.181330	-20.509296	-13.404795	-16.650548	2.116103
	-15.811904	21.911861	-4.131611	-48.947672	2.639688	-31.115691	-23.285396	15.787101	-14.232468
	13.755969	-3.170149	-23.109519	-71.367630	23.129737	2.340224	-17.193601	-13.092654	8.659331
	-7.542215	-9.397476	-36.245022	-78.500364	39.334951	-23.385498	-56.204117	-20.255853	-41.360573
	23.737080	-10.570825	-29.183953	-94.152299	42.215522	-17.718027	-41.293294	-38.028967	-21.025466
	-8.680602	22.969237	-47.980578	-54.555808	36.891038	-36.893152	-15.696270	-35.779763	-42.495153
	-14.200440	5.271861	-56.670973	-41.096800	44.775964	-47.829192	-8.826747	-30.409401	-87.565002
	5.423544	20.980501	-62.501033	31.663915	22.429859	-49.779020	35.311325	33.290173	-50.729552
	-17.587979	6.478041	-17.558316	73.419753	-39.136294	-27.604984	37.416588	55.088970	-15.952212
	-4.640043	-11.438594	49.182922	90.682195	-44.501162	-20.268991	33.559635	33.368405	14.087355
	19.002305	-10.634574	82.240825	57.873533	-30.999838	5.320271	38.040439	38.873113	5.517645
	-6.873716	-6.259826	69.566938	79.848964	-3.354191	33.759851	36.160384	37.050707	38.671120
	-25.263772	4.613351	58.352441	78.633430	-26.413827	37.660977	50.852007	24.860105	20.938453
	-28.846883	-3.589689	25.546485	28.394601	-45.682423	15.253414	26.353264	31.195511	-33.586605
	-18.409467	8.062544	2.718052	31.222393	-28.858997	25.287165	2.156713	39.863663	-23.037998
	-17.386612	28.154247	-24.726060	44.161758	-32.416625	15.717985	-11.521812	63.695810	-45.659029
	-7.841937	31.888649	-35.368059	41.243249	-27.485316	-6.348612	-48.826056	52.414885	-63.957379
	-17.516235	17.800898	-27.825508	44.311532	7.136796	-7.276885	-22.122750	37.069412	-26.878666
	7.461632	3.784862	-9.922267	31.627165	-6.178030	-4.051694	-8.652184	43.014856	-30.093953
	24.745606	29.337868	32.704514	26.936017	-53.972103	-4.624517	-20.645528	28.012273	-1.696177
	16.267155	36.956570	0.082789	1.289645	-67.117250	-1.599408	-26.824192	49.734215	-18.887841
	-0.443933	43.514041	-37.284030	2.837987	-76.101811	2.232939	-1.433505	60.591752	-32.504314
	-16.692417	64.452668	-43.708135	46.909163	-72.308731	61.590075	14.985050	74.656361	-62.936670
	2.146852	26.116809	-62.269646	21.720378	-64.337951	16.107633	-8.864875	46.467776	-61.532402
	20.577249	22.146426	-71.253373	47.808448	-42.589892	9.689569	-2.132288	57.977615	-53.549268
	3.896906	-3.922543	-58.270417	34.913553	-29.237055	26.510345	-13.232400	48.585404	-52.660370
	16.926769	12.532984	-39.467415	47.212586	-39.626004	36.586644	12.456387	23.374171	-35.682842
	45.024764	7.408818	-49.864203	34.268319	-60.138651	5.336724	-16.997255	16.111303	-74.708534
	21.124133	28.213206	-39.511561	60.903134	-7.537718	4.085735	21.610009	26.365595	-70.743994
	51.948037	22.295752	-34.750889	48.897797	1.278821	29.958015	40.307315	28.341404	-25.341871
	16.883830	12.071325	-20.347104	56.019216	-9.182557	9.856272	27.677370	23.592179	-6.847664
	38.319805	37.652063	-18.415071	21.299098	-4.921440	19.925841	12.173084	-17.626631	-32.572054
	-10.891092	-36.606950	-53.718866	-46.953628	-19.764438	7.373283	-10.379598	-52.738462	-21.242964
	25.556642	29.538569	-25.615566	-29.856719	18.271386	3.521399	-0.759491	-28.092957	15.132184
	-62.205906	-16.378883	-25.222261	-115.475767	-1.973429	-20.884061	-65.603010	-39.133796	25.830492
	-8.907173	-14.704862	-11.914668	-98.753687	-6.644452	-52.924250	-48.566452	-33.103144	4.835374
	-10.145507	-44.566187	-46.925700	-99.681299	-35.097963	-41.211472	-64.090094	-34.958588	-43.371449
	14.523681	17.606816	-20.433554	-35.269851	-11.846984	-35.043392	-31.347297	-22.001842	-31.532678
	23.745217	-10.028469	-20.406617	-64.350241	-12.725365	-20.057322	-51.661774	-46.130989	-23.074119
	26.580006	-9.282686	-30.195914	-43.857932	16.033056	-10.815347	-27.692194	-12.534063	-74.317389
	35.969604	-36.894945	-27.201734	-79.375308	17.780078	-11.813585	-55.541874	-54.966412	-16.277946
	30.250157	-13.815414	-8.888313	-76.264375	36.657676	3.813790	-22.982831	-33.551380	12.457331
	55.553255	5.504372	-33.052196	-26.361527	29.470866	-6.823363	-37.115098	-21.571814	-43.105654
	19.094820	5.053528	-39.778341	-41.959697	9.715448	3.481783	-15.308700	0.957000	-56.454506
	7.636763	-5.659346	-55.631937	-19.732999	-7.056881	-14.390645	-20.039705	-18.716820	-46.558467
	-26.572533	-36.840701	-47.982748	-48.825491	-12.276684	-1.833444	-47.557679	-5.559220	-0.718683
	8.529133	-94.177686	-27.395851	-58.749480	-25.900669	-5.392371	-17.050753	-56.144034	-7.935944
	8.436726	-75.494330	-22.882223	-39.565568	-22.242327	7.973103	-34.207427	-42.796645	-12.509343
	-8.238940	-51.740279	-0.004223	-13.570144	1.118984	-2.441567	-24.426772	-41.849437	23.141007
	36.984158	-49.585767	31.476584	1.383822	36.084043	-12.429871	8.168598	-56.425278	32.177721
	2.703401	-39.629725	24.689425	-43.039348	33.333184	14.166190	3.989326	-35.949781	30.071474
	22.212307	-46.837850	33.667147	-21.135333	43.340724	22.271927	31.813670	-34.766621	55.511485
	9.568730	-22.654557	31.819376	-43.581412	16.653621	37.604211	18.849869	-45.594655	43.328823
	23.193945	3.269494	-30.696701	1.437154	10.561348	11.993261	20.770947	-22.358301	11.242306
	-1.898999	0.172685	-35.729389	-25.352210	-37.300390	-7.838029	-51.398090	38.848546	-17.438687
	-17.280351	56.171926	-33.174533	56.904377	-27.087305	-9.517910	21.640280	37.048988	-64.957098
	-10.533449	16.154880	28.578218	13.100917	4.937614	44.827493	23.041966	-6.983322	62.646213
	-5.468812	11.511031	36.164442	14.295812	2.843574	50.054937	34.174780	-15.908382	41.765134
	2.060178	19.068039	53.095601	38.010045	14.428478	59.262798	22.711666	-12.138192	43.499272
	-18.930478	5.161701	78.994837	10.840431	-4.044205	47.799377	36.676447	-19.667514	58.636573
	-13.002891	0.498060	47.433088	25.626537	-6.449943	1.517430	13.938617	-31.319667	6.929946
	-31.358373	11.324514	44.807098	-65.423377	19.740434	15.767899	10.781774	-48.268556	32.621930
	-19.793086	4.810640	-47.261087	25.176620	-2.620522	-13.425806	-33.353018	22.364265	-87.543768
	4.234487	-1.159142	-48.611816	35.367154	15.043844	-8.595030	-30.891689	-6.359808	-23.223261
	0.535252	-23.659459	14.559855	25.652017	-26.472857	-9.066560	-40.179996	12.837746	18.003683
	4.455317	-39.371756	56.421400	19.188031	7.379840	17.473763	-8.143608	-10.674645	86.972987
	32.069315	-48.502498	54.705079	29.264149	23.049757	10.071685	31.858520	-10.348511	120.071091
	39.531832	-24.310747	51.863818	26.303905	36.434769	23.032614	40.768292	-24.916855	105.954339
	19.517726	-19.396707	56.370471	57.317345	27.838686	26.840990	52.637209	-15.410923	73.639291
	44.060787	9.350965	40.616513	65.277438	44.297809	16.456432	76.686541	-0.501124	53.399322
	17.844862	22.156670	75.206760	64.943746	55.864325	10.293064	74.070428	1.541331	32.409496
	-5.972449	35.403004	62.589661	87.941928	35.012568	-1.069940	69.524799	16.872357	24.711168
	9.868283	9.796357	68.442368	64.749958	16.275477	-4.418559	83.295875	14.801646	31.332733
	1.476373	-16.205911	63.288253	62.034366	51.456563	23.105733	65.787634	-9.788112	51.380627
	-2.232642	-24.419844	43.793075	12.244799	24.959758	5.801433	60.314672	-29.948484	80.921376
	5.798948	-53.624101	44.593655	-28.577788	54.947575	18.363765	56.114277	-74.779423	100.997235
	-3.500521	-22.183878	31.302429	-38.413099	25.784336	7.180158	49.001571	-20.254193	90.097735
	-6.585167	2.483845	4.363509	-37.958549	25.536938	-1.406942	17.796395	-11.565393	43.005425
	-13.557357	-3.780049	7.611681	21.996973	35.437682	-21.651863	23.017275	6.726730	15.837200
	-21.906374	3.662597	33.405219	-2.143695	60.794156	-21.177924	23.847776	0.744999	26.029920
	-8.094252	27.697813	43.881200	-9.486897	52.371949	-3.013196	13.145706	-14.586884	35.787623
	-37.299101	-40.245151	30.491702	-43.468723	22.760341	1.146232	-15.753568	-41.473126	48.328315
	37.985770	40.219142	95.010182	61.782338	48.562984	38.413009	87.892397	-4.450937	64.984490
	78.500669	-0.360105	65.271568	66.914208	36.169694	24.289759	51.274797	-16.234223	71.626953
	30.492323	-87.111306	97.817759	-58.449739	37.758213	-10.544172	1.279705	-102.724230	134.700367
	21.802011	-11.401421	45.610504	-44.292670	-1.445087	10.427658	7.115650	-43.018627	84.048079
	-40.176251	-51.068881	-4.334434	-46.066518	-23.113551	-35.084998	-30.686055	-31.932358	-34.511847
	-34.050018	15.819817	24.178075	-7.594603	-17.922576	3.442967	5.615793	1.721477	-13.609967
	-44.688792	31.230076	72.707801	67.178863	-34.336303	-12.614467	7.235546	4.852679	25.000437
	-23.985363	34.556564	67.011764	46.822670	-5.473307	-1.145372	12.705276	12.418731	33.551740
	6.904243	15.804820	75.252409	34.466971	3.031397	16.342387	17.451146	19.543964	20.245271
	19.026048	-8.799927	54.798612	13.850777	-1.431434	32.473015	28.619150	6.632274	35.456413
	15.239550	-13.558652	57.861434	-40.702846	26.875730	32.060303	5.612235	-9.257779	45.100665
	23.679667	2.116907	-8.683221	-24.721630	14.985417	-6.576121	0.069475	-6.517592	16.910559
	-17.252881	-7.989663	-5.711198	-8.129422	23.414594	10.495666	8.679814	-4.253584	-7.749060
	-42.506699	0.424082	-45.960492	6.245607	-17.870301	-9.384383	-5.136984	-0.475020	-6.273359
	-9.956907	0.353916	-28.689472	8.866766	-8.466478	-20.704873	-5.533604	18.525265	-29.008670
	12.381046	2.836824	-29.111163	25.855990	-21.354041	32.598829	19.402166	35.999099	-19.023890
	15.688259	-9.388882	-45.902893	6.117526	-36.688307	20.907688	-16.217429	14.636874	-33.563622
	57.968487	26.943826	-32.414875	12.503123	-2.552855	35.704318	6.991908	38.816861	-56.207323
	42.149087	22.274985	-58.651068	9.893285	-3.442179	19.107985	-45.546592	36.721152	-13.308198
	42.702659	25.829931	-68.938527	2.977475	27.382180	-18.655388	-23.546712	15.584902	-15.511171
	-16.833379	3.889758	-40.817574	11.277734	22.613970	-4.547843	-15.340597	14.240379	-35.558454
