	-40.892064	-59.655466	-40.302503	-16.733559	-35.185465	46.032788	-20.713527	3.196130	-4.517723
	20.022613	-101.889024	-1.363538	0.304505	-28.563792	41.026498	2.519090	-4.592264	62.443847
	11.681093	-97.861647	50.422784	28.282838	-9.572690	70.939202	21.024951	6.555762	137.836226
	6.377198	-63.897306	79.892769	-11.123566	7.263269	72.093878	15.272839	10.881363	135.591240
	23.489946	-57.768036	75.652290	-8.166865	-12.778607	44.970826	12.956491	2.126207	103.096846
	31.922587	-52.294693	53.413745	0.076745	12.486824	50.440234	59.878164	6.435031	97.843850
	23.239245	-51.803467	69.354189	53.237539	-33.690043	17.691326	66.970332	9.053433	87.408716
	9.372743	-50.083247	52.426804	37.682194	-59.020014	-5.688440	-7.273835	-0.406543	28.058163
	2.249569	-33.153451	8.868172	41.777047	-65.842841	-10.751655	-7.790508	39.059337	-3.557525
	27.067884	-22.916747	14.101847	12.326599	-79.714607	41.895911	23.024249	-11.863236	-10.013132
	9.407517	-5.482842	53.805093	13.658049	-49.204329	59.926119	30.086250	7.274300	13.097274
	42.047791	-15.810102	44.055917	-0.842736	-10.247416	50.627012	57.947352	-37.471661	21.579897
	2.616579	-8.275674	65.792973	-2.238411	-9.835325	16.463237	38.702885	-3.419155	47.071660
	-3.113205	9.248909	38.944878	26.527712	18.484399	-36.432289	12.026938	-0.690792	58.399845
	-6.722355	-11.520736	-15.645619	-0.156525	32.318582	-31.710784	20.252522	-15.703036	21.457750
	-5.685134	10.736017	-65.086746	8.751284	24.325473	-50.442662	-37.901794	-0.835667	-35.965423
	-2.779010	43.403982	-98.288552	16.791311	45.853994	-43.747107	-46.382667	9.456802	-40.148599
	-26.834459	33.509352	-48.340174	24.666589	18.828820	-45.446244	-35.234794	-2.611667	-64.252655
	3.749604	51.557991	-77.025067	58.341313	51.942430	-7.742146	17.609428	37.597906	-49.224003
	8.589050	38.993502	-72.900675	44.276064	16.467617	-19.415453	25.957996	12.029201	-65.497781
	-9.531620	54.979931	-75.627979	45.163937	34.252546	-25.637617	34.531144	-12.963004	-67.528343
	-12.169716	77.040373	-107.653381	30.599395	67.062371	-63.556592	-5.133750	2.716865	-73.778729
	12.545780	73.330685	-64.796671	21.724049	84.658695	-66.154652	3.171712	31.998980	-43.108868
	36.730338	98.161534	-57.359088	5.281590	94.740663	-48.256599	3.288522	-10.917144	-39.854145
	36.523957	103.365079	-70.372882	50.850893	72.212846	-71.168382	3.511773	29.975277	-37.661856
	17.392942	106.286357	-57.513502	49.930780	60.025070	-42.121304	2.738165	35.101589	-81.492769
	15.091272	111.781604	-57.980786	57.247867	50.527405	-42.471653	-5.572461	46.869373	-47.246053
	-1.367453	123.628557	-43.997022	74.670649	25.348440	-36.148807	-6.519919	46.813464	-118.268861
	-51.439108	95.557326	-43.969121	45.480212	17.085873	-42.347529	-7.905048	20.340903	-94.027393
	-37.345901	65.097241	-69.302935	38.344407	-29.645411	-48.677907	-0.366417	12.194720	-130.450744
	-48.645127	48.977103	-91.321979	-4.355165	18.596617	-53.312900	-38.270385	-29.813207	-116.154844
	-65.871881	51.237738	-113.170068	-71.151073	-2.658752	-47.106306	-96.498327	11.214023	-178.665126
	-43.644742	22.179595	-104.753848	-63.413711	-47.303581	-62.263296	-95.354642	-17.193172	-148.762655
	-46.960621	0.378106	-65.267665	-58.174365	-57.095849	-4.292666	-87.432182	-1.429723	-123.294027
	-53.883166	-30.757001	-58.782146	-31.402061	-58.435164	-26.429845	-73.669800	-16.497565	-86.861111
	-25.304452	-3.633081	-45.965676	-12.355435	0.939212	35.799928	-35.674735	15.501832	-67.375121
	-25.060475	31.727480	-11.412627	-74.131241	7.504089	2.825685	-82.755799	-24.786046	-66.689368
	-4.247324	48.516916	7.547857	-73.652695	-18.270713	-17.453003	-105.336220	-10.101200	-82.967135
	-24.856469	28.807869	-9.329654	-83.667234	-45.254832	10.068798	-66.030780	-39.204391	-81.637078
	-43.336186	13.741897	-22.258740	-81.332428	-84.203134	8.267398	-57.488367	-10.581691	-53.660233
	-19.049108	-17.390016	-17.820946	-62.801635	-101.999530	4.164469	-42.405858	-23.913940	-41.865294
	-6.644621	-7.196518	-43.196069	27.386638	-50.606187	6.837373	7.201845	-1.818718	-9.699931
	-7.425940	11.888793	-63.741023	54.989315	-2.074744	-13.307142	25.000104	37.663809	-7.584689
	18.774932	33.905948	-71.067237	55.522203	31.821621	8.706875	30.730879	16.988442	-39.283650
	21.605730	44.458096	-65.238859	57.171251	45.569978	-5.823035	13.891977	24.195771	-27.102792
	17.589880	48.670024	-39.250104	70.618843	49.840643	19.268500	28.613361	8.378061	-48.497824
	22.700413	53.821375	-31.482838	89.210833	59.512782	24.900637	36.938029	-1.701738	-15.337668
	22.698174	60.272015	-45.043845	88.091100	52.370531	8.280988	38.238295	8.504485	8.664636
	-5.538047	50.040969	-27.181400	65.248807	41.359009	21.163353	45.978070	8.947267	-19.370043
	-18.425292	51.189493	-37.805185	63.979006	25.553299	-33.164779	18.189065	-2.323859	-57.912329
	-10.873506	60.528872	-30.031168	68.974572	24.331227	-0.999966	38.299235	32.177101	2.748310
	-25.834925	44.751620	-56.132894	65.913560	4.991582	7.044008	53.495114	-5.114426	-23.516245
	-10.301701	32.578704	-48.599153	61.052131	-5.439424	-4.167179	78.090725	10.787574	-30.997925
	-3.301346	18.610289	-34.079695	76.918336	22.887034	4.125223	62.421546	45.410515	-23.460905
	-4.416983	-16.790598	-47.340904	44.526382	4.927838	-24.800738	57.741297	-1.697911	-4.931540
	-0.836764	-45.510728	0.907462	10.149278	37.332889	-17.110230	36.164511	-9.092565	27.319348
	-2.124104	-37.742555	-14.537619	-20.914024	23.367267	-11.795795	39.216826	9.897643	9.394373
	-3.529218	-43.291542	14.929836	0.093469	23.661825	-2.332323	19.307081	-17.150784	61.431523
	-10.894898	-15.993733	5.896123	0.378958	21.334008	-16.349720	34.632929	6.136138	43.304387
	-10.413310	-13.552505	-1.937715	7.377601	19.025162	-4.699538	38.132310	19.409671	26.462491
	-12.233712	-13.280055	-27.525963	6.904028	21.388064	-10.973590	17.883850	19.710418	5.344754
	-12.012627	7.271571	-49.287277	37.693753	10.830798	-28.796647	31.190860	-14.246440	-68.366517
	-42.183035	25.682991	-52.760748	-9.528933	14.979577	-64.813885	-10.616172	14.124301	-32.092049
	6.345487	34.417786	-66.905016	8.785779	-49.095365	-17.477961	-3.887140	9.577590	-39.502015
	-14.212031	19.056720	-8.911179	-74.395121	-1.931229	16.016519	-28.541949	7.657600	-2.838995
	-24.668097	-29.803501	-3.255116	-95.719750	-14.801277	24.980305	-28.883845	-12.483089	-2.004095
	-12.196051	-92.932983	55.307784	-75.446231	15.110464	62.254979	-18.199748	-28.623966	107.069533
	5.588631	-96.041869	62.446707	-75.161658	54.592522	67.498451	-25.051999	-41.271698	112.394981
	-15.721552	-50.439679	64.115187	-31.660872	69.808925	44.112475	28.995333	10.232208	107.871171
	27.379717	26.407880	93.528978	7.976070	41.224519	-24.382392	11.575248	22.608417	68.584797
	12.874275	65.417028	69.316653	61.417558	0.624430	-29.157926	13.726779	43.751945	76.362792
	46.258314	90.920635	46.400558	66.943471	-110.529238	12.336248	-21.089319	54.590876	6.514619
	31.512844	107.436428	13.855636	89.064788	-146.494406	-1.080826	-18.961221	64.028303	-17.144537
	8.435695	77.443364	32.578141	69.516883	-102.727873	48.666608	-6.271861	61.354116	-0.838124
	-13.078516	24.443497	46.159394	50.722524	-72.226597	13.076169	3.047964	35.820174	28.297303
	14.642771	-65.460232	95.316803	-42.594544	-21.310526	48.091630	-4.246452	10.132334	75.355252
	-9.812093	-119.815328	132.271161	-121.848439	-0.394219	79.109425	-10.307621	-60.772848	100.102916
	17.422008	-130.996477	152.006481	-142.240136	19.740491	58.465369	-51.964723	-25.961116	80.634281
	-38.655389	-98.456793	141.998224	-108.734774	12.130875	37.795487	-56.595512	-40.948009	100.625496
	16.103094	-112.741397	132.423496	-97.690392	-29.871047	29.534184	-29.909330	-33.592741	94.591940
	12.485899	-153.259278	122.518281	-67.071744	-44.954944	75.370095	-32.169571	-9.086926	111.059473
	11.556067	-90.149489	103.846154	-29.546146	-59.287511	89.061389	10.110907	-32.443258	108.712846
	-12.830254	-48.350900	29.815060	-18.149287	-43.641484	36.172547	22.028582	13.643910	48.781727
	-22.975882	-10.962904	20.766671	-29.716313	-61.536478	-2.361407	-50.934430	-5.509172	-24.519976
	-26.557444	-0.945022	1.840680	-66.087907	-28.918022	-24.668328	-112.154379	3.149681	-22.939055
	-27.587173	-33.746777	4.392486	-124.091668	-14.299810	-60.059085	-120.811249	2.816888	6.175456
	-24.646559	-33.847189	6.638876	-118.011750	-4.526572	-74.829435	-133.834451	-17.059188	-6.685920
	-19.633997	-42.888490	40.237098	-130.974515	54.540445	-62.133607	-86.637426	-9.184514	32.956330
	-33.292105	-29.699562	39.294588	-73.000896	31.832526	-58.367228	-80.426941	-51.151906	-8.357073
	-51.449773	-19.510154	14.426195	-60.625627	-2.804300	-31.738627	-47.543362	-35.621695	-6.714228
	-24.483008	20.503231	7.705608	-37.873666	-6.209596	-62.927071	-52.113470	-20.514364	-90.749525
	-53.919456	19.142393	-6.126726	-1.612351	-55.606945	-78.797683	-19.838693	2.083150	-53.003516
	-31.301036	16.225606	18.867484	-23.442936	-55.433539	-29.479640	-16.942182	-30.665079	-35.354766
	21.845933	3.406954	72.188820	-57.229344	-42.784474	-33.108416	-26.864601	-39.737004	-23.754391
	47.042222	-42.257723	83.223954	-151.281309	-34.907315	1.819512	-17.344781	-68.577196	39.470178
	18.181026	-76.461271	85.774150	-104.387746	14.712720	-6.292240	-17.725233	-23.775436	78.410244
	48.048689	-68.234778	62.144112	-108.736900	43.793741	11.659703	9.639240	-31.065876	138.081941
	74.774090	-8.339928	-22.383358	-65.802211	51.930696	-37.271939	36.040425	-38.741368	114.344978
	9.608656	19.787239	-93.127377	-0.054317	54.976627	-67.201610	50.305486	-18.219628	28.164364
	18.135046	55.965718	-82.210020	40.886929	35.481602	-49.196856	67.548842	-13.649732	-47.994182
	1.256106	46.569430	-82.448788	11.356991	4.611172	-6.891108	40.126684	-15.178182	-102.311526
	-16.298745	22.794242	-55.170563	-14.064990	-51.139518	16.969050	5.618101	5.329066	-91.040278
	-13.077563	-35.198391	-20.540420	-60.865011	-37.658862	21.658150	-38.207007	6.699422	-25.520524
	-6.129308	-60.941212	-21.639480	-22.523266	-13.311568	-17.905012	25.387876	-26.364039	9.610024
	-13.090178	-59.053260	-37.054603	-1.503565	-0.255085	-33.259179	33.585845	4.438138	-9.797602
	1.422198	-41.264198	23.614107	13.453097	-15.130143	0.397140	33.787631	-17.721054	26.298371
	16.609678	11.483652	15.388471	42.312299	-17.869988	38.983813	32.898275	-25.852698	4.469021
	35.002352	32.744030	0.878848	54.995866	26.866148	12.687854	36.919281	0.897592	28.744639
	17.706052	43.504623	9.909399	46.691717	31.006595	1.443829	10.791635	-5.739495	46.609020
	37.042670	29.630199	-2.752606	52.547802	8.609455	-16.797871	13.004787	5.701268	10.637377
	48.441614	26.387956	-21.229108	26.011298	16.916564	-3.791943	-3.287525	-5.781517	-26.619458
	14.028642	39.979386	-23.888259	58.042209	14.238111	-27.675078	12.965986	7.314952	-74.219007
	30.765525	42.299181	-12.507151	33.829994	-4.451826	8.692913	22.958294	-10.890409	-43.925340
	7.168170	13.871947	8.157112	2.736725	-22.823570	20.874072	-4.082131	7.308979	-31.362639
	9.096799	15.452179	5.554199	-33.634383	2.501891	54.470414	-34.513007	-0.293641	6.665237
	16.006279	-21.798659	25.897879	-31.038114	36.145141	40.786797	-39.264010	-9.655425	14.265798
	-4.478274	-30.428565	9.190718	-41.172005	-14.893265	11.226610	-77.612352	-7.247038	-34.168779
	16.301083	3.760422	-42.873058	38.448181	-33.556204	-2.126081	-33.481552	26.670480	-82.583224
	-29.010295	28.946604	-31.708230	15.641789	11.199157	11.889228	-23.864800	18.117068	-54.749227
	-12.353689	70.589494	1.435052	-3.595362	-8.816706	36.297430	-69.402563	28.389056	-92.777289
	16.250635	73.184054	7.637475	44.023704	-23.859861	53.024112	-40.834293	14.405896	-56.881675
	10.094454	79.954628	-7.369677	14.427008	-7.130394	35.410198	-63.633924	56.841439	-33.063671
	-19.046127	92.219367	-10.334339	26.366045	-42.792123	30.163775	-66.799652	26.334542	-77.859924
	0.899677	66.073639	-14.732264	58.224068	-32.939355	19.323065	-15.291407	45.854841	-10.084130
	-19.293369	63.195871	1.190840	44.992061	-58.549062	-6.847013	-6.259189	16.793849	-7.763066
	-14.617969	40.678635	29.872002	21.966311	-47.833432	-32.110873	-31.618911	45.363524	-54.905477
	-12.565470	68.347036	63.279675	14.395842	-55.926628	15.350136	-61.230448	60.696802	-79.138815
	-20.590456	34.217381	77.185916	-108.841597	-53.626648	4.874020	-131.734483	-4.159149	-48.338347
	-16.660249	26.818188	35.440148	-67.468667	-16.780461	6.059475	-109.786024	1.198252	-6.534953
	10.519524	16.778656	80.553139	-90.678825	3.243515	6.120485	-108.584997	-15.893697	15.289725
	-24.194852	15.409766	53.212091	-62.762961	-18.234565	-27.107595	-98.622971	21.013229	12.535715
	-26.684717	15.772828	49.573603	-30.498850	3.169731	9.041422	-63.528440	-20.282000	-7.523982
	-33.123945	6.457925	26.902552	-45.080327	-5.889798	-6.129888	-40.595371	-18.503397	5.287141
	-33.734570	1.986589	60.696091	11.971620	-33.207344	22.912610	-6.233290	-8.160488	3.312512
	1.641497	-33.143216	75.054695	13.742057	-1.106854	30.597895	15.241451	-32.777706	44.219814
	-7.830878	-87.016700	17.622501	-2.244063	-3.917001	28.683950	40.509867	5.848359	41.732272
	6.311344	-119.244775	47.885782	-57.351416	-27.269675	42.507529	28.203441	-55.370644	77.610405
	41.743208	-115.852606	54.300771	-74.757799	8.603573	55.081175	42.621154	-38.294134	109.803925
	52.184421	-85.640690	31.289359	-22.950708	42.405506	20.160182	61.294859	-19.047376	84.291614
	45.950577	-49.558811	12.213202	41.355879	57.617381	8.561851	64.753378	11.706115	77.017350
	54.647837	-36.141169	38.978214	18.522112	79.350763	7.318345	97.316393	-16.084396	78.890487
	78.611129	-20.303111	41.054946	87.267042	49.300578	25.595355	94.829051	23.261553	121.978040
	57.334630	-16.716497	56.745656	127.522415	26.959551	31.792557	109.314814	30.181965	113.693961
	47.339367	-37.570910	-6.847196	114.276137	53.736349	20.675902	110.892704	-2.879305	48.567791
	12.949369	-51.564176	-76.508518	94.583967	53.033439	33.592935	96.080397	17.749934	10.524844
	12.152988	-61.999656	-46.737847	46.294854	62.741720	8.845756	67.256491	-13.157116	36.306953
	-21.674937	-33.266400	-85.657695	56.991198	-15.920511	-16.887928	38.879285	3.115206	12.186709
	-10.972488	-35.626241	-84.088955	63.846073	-35.302623	-10.175842	60.833630	-1.167962	-12.379975
	-21.691947	-47.314866	-121.777539	56.352191	-22.682960	-28.146219	57.334744	8.053318	-3.892413
	1.024259	-28.971347	-101.527512	79.417551	3.935572	-7.424707	84.989675	8.285518	15.005462
	-0.071968	-94.491235	-84.830924	32.068702	26.823432	22.587677	89.276549	-16.641437	54.268748
	-12.828178	-115.782849	-80.902059	-31.068992	50.139219	9.548153	97.738808	-26.370240	45.398711
	25.452025	-62.121678	-78.201039	20.164444	22.324037	1.576564	48.115951	48.968556	58.197254
	66.366642	-25.558571	-35.283393	47.594613	77.017351	11.553870	102.284332	-5.725065	88.322574
	58.449086	-6.435159	-11.790832	26.272608	19.689119	1.195636	71.296675	17.090746	57.534389
	4.676934	-53.380480	-31.917838	61.740592	44.994483	8.819812	86.563027	25.840969	42.618431
	-27.097866	-76.670439	-26.045588	-7.930309	53.735339	4.436044	59.818484	2.446909	45.593429
	-21.501074	-48.287786	-20.706112	31.520864	34.631144	3.507260	72.485644	-17.888058	12.285744
	-1.304894	-46.119468	-35.404140	41.146768	56.541959	-5.632126	82.130541	-1.610409	52.041143
	8.836603	-20.480796	-9.379829	58.302621	34.380150	-20.693491	100.439719	2.250390	50.693981
	10.605653	3.554062	-5.899802	70.814663	48.318530	-17.447379	66.772018	14.476381	55.455384
	-8.012069	21.494139	29.247553	32.735974	16.710682	-27.861185	57.904232	12.491564	28.606333
	34.473042	41.550992	34.691943	61.762628	-6.455127	-2.632301	49.935146	21.634595	23.659526
	-0.510911	13.524452	52.667264	42.086264	7.286046	-10.308932	78.896603	3.329718	56.048567
	15.365772	17.236211	62.766499	39.860760	21.330035	-20.640170	92.103411	-34.548103	21.891742
	-6.143066	-6.369948	1.886633	25.116678	-3.178026	-8.819690	53.459137	5.580763	12.656015
	3.516680	-32.071821	28.754804	-45.258659	-4.261450	21.366484	44.772145	-40.072754	51.714587
	6.086787	-36.446004	41.645914	-57.107289	-25.838918	24.361940	33.389305	-59.936870	51.233576
	25.208259	-29.400975	30.938673	-17.447766	4.104818	26.308500	43.360476	6.967837	9.415730
	-2.518751	-9.084818	-3.550486	-30.591831	11.693083	8.099191	40.746952	19.842651	-21.805120
	-1.592449	37.430600	2.111350	12.690482	-6.670482	-3.391814	51.618193	0.804741	-52.132020
	18.240796	48.342438	-7.019420	38.052522	40.194015	-25.608439	50.165959	-8.157634	-22.549494
	-19.820338	51.019985	-42.555086	75.119731	20.324970	-34.119586	42.820726	30.865064	-65.154861
	-2.362073	77.143403	-41.466346	-1.343707	-10.308801	-29.593509	-24.285540	15.941087	-66.540763
	10.855503	65.107781	-0.265937	-4.866860	-15.935265	-18.576212	-33.233330	10.441520	-26.966296
	9.822746	58.417543	31.772140	3.366641	-35.383020	-16.539510	-13.018834	-26.239184	13.504578
	26.053538	23.308713	8.639922	26.883974	3.406866	-5.519223	12.758262	3.776992	8.076308
	30.249287	-22.229743	78.995062	12.343215	-25.300784	4.467950	18.771786	-21.053509	96.980561
	-13.778749	-68.740004	76.328078	-73.268551	7.996402	-11.204800	-27.130874	-67.824651	72.832607
	-13.492508	-63.333830	75.729728	-121.762813	14.771616	-37.097251	-63.058495	-44.493350	61.513528
	21.085557	-42.981406	33.550785	-90.397893	34.415715	-49.903401	-48.454970	-55.436471	51.659591
	25.966856	-33.717796	-14.981020	-58.193897	55.509122	-65.998036	-35.849049	-8.610916	-2.493499
	24.546724	-11.671188	20.253195	-24.713354	27.918247	-18.630183	-1.566726	-13.098613	5.530740
	32.368367	-35.536898	36.758007	-19.646760	18.684268	10.699715	0.011006	-36.009109	35.064526
	22.903022	-51.324561	55.798862	-13.883240	36.727523	33.796269	-9.887755	0.066385	41.305124
	-1.012119	-71.888072	76.480029	-59.809066	5.273820	42.228352	-30.645917	-17.515984	59.737867
	-10.988845	-80.546532	56.469435	-116.091768	-7.338909	-3.211274	-72.424879	-40.031239	72.507674
	-20.914034	-52.965281	19.716439	-83.896714	-2.681525	-41.352283	-51.336843	12.514189	26.059594
	-25.362461	-71.878885	8.012731	-92.172466	4.199511	-73.174056	-81.374853	15.309960	0.834860
	-42.015742	-58.570638	-43.300275	-98.577498	7.839165	-78.857348	-123.230541	-28.059258	-27.080838
	-59.355771	-40.808862	-26.881478	-51.620975	-42.123659	-42.534312	-131.938995	33.716619	-40.249103
	-19.485274	-35.524351	-12.351821	-112.592828	-35.833827	-27.015251	-77.999778	-20.561186	-16.584026
	-57.584598	-8.484573	-50.256163	-29.037662	-62.594509	1.108344	-42.844045	-6.406767	-65.196820
	-46.261667	36.563433	-11.442523	-21.985608	-36.456152	-24.008923	-30.260087	-19.697371	-75.765441
	-40.279058	40.089773	-3.058774	-25.427668	-52.108177	8.871222	-41.413593	0.838548	-78.663034
	-44.545412	75.724918	-49.714198	-44.919205	-39.867149	32.781316	-70.592899	4.991915	-96.007582
	-17.246647	84.920482	-68.682768	-2.209984	-27.060704	17.712127	-50.702664	4.144004	-128.532010
	-15.185350	72.822986	-38.694913	-6.730180	-5.067355	4.187987	-47.165787	25.815133	-91.604610
	-7.411504	90.740755	-35.924444	9.694007	0.246536	-15.992034	-23.726498	7.114040	-89.080898
	-0.594763	78.844342	-22.174053	10.967948	14.478553	-0.974803	3.026192	-4.578627	-78.695968
	-22.482945	43.389120	-19.426033	18.092209	15.240374	23.234739	-14.743422	18.891739	-115.198204
	-37.058206	34.863733	-10.574338	21.422160	-26.495137	4.103208	-8.509206	-19.648886	-95.246008
	11.613574	21.340465	14.519242	21.003799	20.210114	35.712632	0.943989	-12.142599	-39.775739
	-0.611991	1.290736	5.866757	13.333228	9.434616	7.248565	-33.276762	-7.368164	-49.636355
	3.240579	22.374675	21.171282	-51.706693	3.901599	12.697954	-56.056913	-34.031637	-7.768328
	-23.179776	24.246697	65.583832	-65.901744	33.594485	20.717957	-65.431128	-16.499033	33.241339
	2.191975	33.400419	37.789761	-127.691200	37.383811	9.437314	-65.319285	-5.535766	-1.152318
	-8.545824	64.296146	-11.229377	-1.483028	-38.097343	5.529414	-42.702652	7.660618	-104.506000
	-49.070085	99.661503	-37.360564	-7.946278	-68.116323	-6.354073	-33.279184	-6.095794	-140.037405
	6.501801	118.296207	-49.208512	29.767257	-72.589317	-3.754655	-21.174557	1.723138	-150.184817
	12.406663	110.341929	-48.427463	69.936360	-48.490609	-7.551535	-3.635397	34.791270	-108.203526
	13.030544	108.117493	-18.806115	75.382045	-54.918769	9.909002	6.863447	2.639098	-87.099012
	0.439845	103.845845	-40.253537	96.820791	-14.240929	-10.785707	3.944777	14.806351	-46.862992
	-9.910531	43.166264	-31.254648	45.987459	7.255724	-15.839670	-0.332565	-26.763001	-103.112755
	-44.524273	2.797074	-29.213244	-7.780692	-12.761352	-18.311407	-31.476121	12.022464	-64.850681
	-63.835028	31.538898	-43.481542	-14.317162	-74.044860	-42.871993	-100.140980	6.116367	-128.788179
	-19.651996	32.209814	-36.361842	-8.884260	-102.252501	-24.843466	-126.504949	5.017319	-162.481004
	-60.342772	49.069499	-37.377101	-13.055920	-103.184045	-19.551254	-113.824154	52.986347	-170.380533
	-3.873394	64.461168	-9.604451	-28.114330	-105.021950	-8.815245	-70.410182	24.316449	-89.151706
	-8.657972	45.339613	15.139923	-7.743588	-70.521975	24.627253	-22.993499	7.157022	-27.284037
	28.747800	74.720484	11.527616	62.416542	-51.668638	50.016160	24.167765	17.958332	-27.928115
	10.686948	84.041442	-36.461867	96.524455	-3.768899	49.310303	74.962718	35.198596	-2.355724
	39.447678	60.084698	27.343833	87.891891	4.973690	42.138156	57.789114	21.469630	50.695018
	46.515723	39.607860	78.903522	71.644867	37.379048	20.059683	65.631823	27.041579	41.667933
	50.377180	-7.866192	68.512643	73.348156	-13.068847	14.722173	30.109281	13.389434	54.295515
	-15.344165	-44.270145	59.077858	-30.616882	5.878579	5.606222	-57.643779	21.461283	5.461791
	-5.400289	-33.121659	-14.539157	-45.810972	-11.765162	-14.068569	-81.076374	-6.493527	7.575230
	-15.386513	-7.123907	-68.378459	-19.158602	-49.315535	-1.168561	-48.291003	24.217041	-90.634709
	5.232893	25.094487	-56.884615	45.021802	-5.261522	3.428688	-15.387230	30.802645	-42.718025
	7.284922	59.192645	-26.462639	65.063915	-25.069272	-42.426127	1.000140	6.146781	-26.735031
	0.317193	41.465737	20.055614	59.310566	-46.110656	14.621795	20.377010	-9.480675	-3.516775
	38.843366	52.692959	56.947248	62.049990	-23.442039	13.075119	30.546334	0.059787	41.620537
	27.157479	31.146784	38.518935	40.871500	-32.975122	33.799229	40.731013	-8.105497	5.147565
	36.087665	24.234749	21.435790	22.487226	-19.963893	18.809930	67.193004	8.224194	39.353743
	7.591709	52.655533	-17.370169	18.550352	14.904338	-23.485226	52.013443	-6.957543	14.358693
	14.176114	84.117136	-88.031302	13.690792	46.448792	-48.828704	13.334001	-0.440917	-9.151577
	52.690720	89.721638	-86.552440	26.492495	63.286664	-59.243740	27.784076	-14.422493	-26.831507
	15.334803	96.512438	-60.226653	28.966655	40.576839	-19.458283	-22.861245	34.019634	-56.789774
	-16.167964	107.193148	-28.363472	27.223272	11.656797	-10.205913	-0.258998	-12.319042	-61.494348
	-43.198001	18.509545	-26.116740	7.334118	7.338379	-25.907303	-0.839228	6.954524	-32.141616
	5.935953	-31.739145	56.630703	-13.526389	35.578626	22.376241	45.009134	-12.752454	79.565578
	24.215310	-97.400878	96.130261	-42.646542	13.809751	78.196729	70.734354	-24.702845	142.864814
	25.161678	-122.413545	101.629258	-70.901246	33.418700	85.314383	21.514315	-34.914783	88.540491
	58.536745	-85.964564	99.827768	-93.756676	57.025108	83.749571	19.841214	-44.858024	116.647302
	37.528372	-62.450498	70.103024	-73.688718	36.054153	44.010861	7.723565	-8.798078	72.523991
	5.007926	-29.548526	-13.438676	-10.952267	41.549162	7.875204	-11.693779	-1.275077	31.606835
	-18.866055	-20.973520	-32.175567	7.795853	45.305460	-9.607471	42.348382	-11.540779	2.249154
	1.237699	10.020270	-35.483170	4.435533	40.103446	-28.146522	33.836235	-11.851243	-7.527901
	0.901244	5.889152	-48.215768	-6.091464	10.775911	-11.722857	8.705195	-25.865142	-7.308376
	-14.791319	16.778023	-40.330219	24.989094	13.423993	-22.214704	11.967319	1.273266	-15.875761
	-4.359921	-18.664925	-22.184633	-21.501290	-23.469630	-7.180606	-8.469871	-32.087114	-21.888302
	-16.036176	-51.484873	7.256074	-34.775442	-25.677277	16.669177	14.604262	-3.152855	4.702621
	-11.729832	-122.660529	51.051957	-58.056951	-26.019994	54.117659	3.848550	-42.009630	40.784476
	-3.612060	-176.496620	78.518311	-94.625046	-11.842865	15.470478	-13.976098	-27.432342	120.968923
	-23.045644	-144.034288	88.071348	-93.231953	-23.880385	-4.918209	-23.688589	-32.303200	93.110309
	-4.706704	-82.570516	71.157441	-93.053457	14.225275	-29.816505	-6.583889	-40.485079	111.512001
	-28.277223	-74.872933	103.917499	-88.592007	46.149394	2.457469	-55.653327	-32.916192	123.339042
	5.512346	-64.956036	111.230898	-97.997320	43.126600	39.770743	-56.401499	-32.229291	117.605931
	4.768886	-76.875640	112.268267	-29.937723	43.337285	32.952016	-19.054294	-31.135468	82.888332
	-13.939456	-73.313917	98.498009	-49.865543	14.930847	27.847375	-20.618673	17.861300	73.941642
	-35.111639	-92.894179	90.627829	-44.666937	18.380731	3.478195	-37.276294	-2.173348	66.757111
	-34.092221	-107.044829	47.890322	-73.169621	-4.285079	-12.527379	-59.403760	10.611395	59.899176
	-6.276875	-53.508599	39.114594	-74.326918	5.935362	0.148216	-45.724000	-26.653775	31.541702
	-5.115483	-29.120210	-12.214379	-12.797221	-1.503857	-24.198161	-31.193302	27.367390	27.370227
	12.662790	-0.482370	-23.591606	15.588261	-29.554005	16.118564	-26.641789	7.035786	-23.915639
	-2.068065	9.558222	-13.008365	7.478108	-22.661470	-9.138596	-38.949491	32.463081	-50.527760
	2.704457	25.995941	-44.229884	86.622942	-17.095671	-10.248410	5.297174	57.593605	-54.019501
	-16.180259	6.922853	11.811496	43.558015	-53.258369	11.765946	-26.204644	26.178712	-14.138644
	14.529425	1.327369	-10.571632	82.254066	-27.351947	3.278162	13.480772	34.782033	-26.451705
	17.410653	13.443831	61.997303	39.029124	-42.582717	58.509345	5.099456	-0.555139	31.563948
	16.162012	-15.422376	70.645177	64.821387	-21.041051	87.161321	44.042069	29.114258	64.133603
	32.071417	-42.993319	95.567289	26.457731	8.053344	86.401098	66.279599	15.579615	133.190751
	27.154700	-44.658104	78.949496	-43.272651	29.527976	76.781284	18.835149	-8.830451	126.201866
	76.211695	-22.069374	65.538263	-12.242716	67.801537	49.779342	52.483851	-16.627263	133.325470
	27.322258	0.999841	-6.059190	38.052619	46.720743	-1.758879	66.265459	-0.450977	80.138930
	38.456278	21.328063	6.979994	49.235774	51.332425	-12.589331	49.206693	-29.073400	58.660175
	45.995488	5.656004	86.195680	50.145968	12.478555	60.355154	81.205498	-3.034285	70.477992
	20.357577	-29.216668	62.782512	45.557196	4.714470	31.096000	47.013413	2.957711	62.482962
	-0.103941	-24.821550	74.595062	26.172930	-43.823530	36.568100	30.872888	30.503626	49.667820
	5.833035	-28.048049	46.494520	60.872002	12.377859	32.672614	43.403098	19.833133	86.555012
	-8.472812	-23.183737	60.362126	84.242340	14.924101	44.951750	43.973376	50.217671	99.683884
	-10.717754	16.334695	64.819546	106.436929	30.025727	25.813823	60.613117	58.312888	95.681684
	61.947400	-3.646387	75.996656	136.762194	38.239757	67.937812	92.547181	40.251073	107.839249
	29.078203	-20.896683	70.977608	113.005032	48.089862	78.712788	92.418207	51.272606	101.409669
	-11.518170	-38.891168	-37.005534	168.602699	22.155410	60.203407	117.209722	83.809995	37.646279
	37.139401	-27.115234	-6.562939	91.275226	-15.524843	47.190585	78.989353	39.230483	55.936468
	-3.504407	-52.081730	52.714289	28.588319	-63.192379	54.536287	28.136537	5.592396	66.733010
	22.628607	-36.491581	-14.100057	71.975924	-50.390928	33.425762	58.725960	-15.446526	39.927015
	-8.221693	-26.009770	-33.256448	67.021468	-33.676760	59.376288	43.043705	21.759017	65.507756
	32.484370	-37.092577	7.523605	65.765800	-39.694774	39.675533	19.966433	-7.631653	51.302646
	4.761067	-45.284572	17.906158	68.217318	-45.311206	65.510987	55.531382	0.506874	60.854543
	12.113529	-37.855543	46.224568	39.232689	-32.213656	51.927905	28.179409	13.723588	62.762795
	-7.099127	-13.766324	26.616969	87.475991	-7.418914	42.751306	51.416745	20.379469	72.252601
	-16.136463	7.696985	27.943439	72.275215	-8.067149	21.454180	17.033875	13.239598	11.392176
	-12.268192	23.667174	-12.364899	37.713822	0.525478	-18.628018	52.118424	31.034405	-27.182298
	-30.047281	29.948657	-72.409170	47.518777	43.224898	-38.739294	63.806450	43.339179	-16.555270
	6.370535	65.459799	-73.709647	43.261199	66.436763	-60.974608	70.223433	1.289050	-9.926428
	26.593175	77.608034	-91.107655	38.054176	105.716003	-31.956394	55.542406	-6.695635	17.617203
	43.563130	38.439337	-90.278533	60.966463	84.807985	-36.584253	51.236826	-1.044429	16.589669
	3.505221	44.440068	-89.850011	27.704573	105.889557	-26.353016	17.015621	-31.871595	-1.937593
	-5.999192	52.707311	-67.875175	-27.640851	91.689135	-38.088413	-32.308212	-20.617928	-28.740841
	-33.467558	5.476385	-37.252377	-109.672560	53.456284	-25.329993	-103.202995	-48.840404	-61.132679
	-29.892747	-45.365840	-52.148953	-132.715678	1.194668	4.514991	-79.844757	-29.302449	-70.440955
	-28.674467	-76.866635	-90.819007	-19.973011	7.067750	-16.792374	-11.925191	11.404082	-64.690574
	-13.840381	-43.813127	-62.834591	3.252011	-16.051864	-32.655091	31.968716	11.457239	-12.147067
	21.632860	-40.783619	3.635059	30.834116	-17.701492	-34.803289	57.427808	32.050952	-6.364697
	8.287006	-20.799626	-3.433865	66.154768	-29.989871	-41.274375	112.498334	9.010696	18.767685
	-0.933129	1.259510	32.994385	37.518358	14.153070	-42.880210	42.718124	8.456647	16.415271
	11.639149	10.967035	0.446373	46.617297	26.065419	-6.364178	48.388160	14.405819	-15.147567
	12.280755	6.797614	47.797012	-22.692108	-21.597975	5.006903	2.371108	8.142386	-42.795514
	6.412096	-11.087586	84.142550	16.096642	-47.657529	2.886079	59.454932	2.072637	-8.782712
	4.069970	-0.774481	50.954913	82.405534	-45.502036	-17.849919	86.789924	12.472398	-13.011910
	13.366244	8.762447	46.541055	89.481960	-11.162169	-0.163165	97.695201	49.419951	6.255940
	-15.005607	6.403102	9.016082	54.635339	-5.403767	6.162492	78.448837	7.829782	13.870834
	-15.244480	-21.491315	-33.874817	55.749407	14.031509	25.555549	61.201052	-22.621040	40.129969
	8.119943	-43.884680	-43.073469	19.851980	35.651890	0.648233	52.451391	-10.001706	29.680641
	-11.895359	-39.407960	-50.248275	78.605470	23.285348	-30.136494	87.981490	3.362076	61.942286
	-21.204854	-6.769015	-58.247017	53.553621	42.475242	-65.589545	55.077578	3.170411	42.404063
	0.688324	-51.833675	-44.970632	31.463696	51.327331	-45.880128	31.976732	-19.147816	6.806625
	1.675156	-66.364716	-69.885203	38.396047	58.054625	-30.875296	111.460160	12.128666	44.824466
	15.631662	-69.092263	-51.148464	20.141643	59.183581	-52.240765	96.392376	0.830223	29.577015
	16.096042	-83.938750	-7.816787	-22.867008	61.354816	-26.262700	59.797311	-24.133604	118.894535
	49.076275	-92.316217	-20.007110	-12.529236	35.606028	-15.967602	67.477673	9.841976	96.161215
	24.596506	-58.803786	-14.877657	-8.178922	36.600763	-16.534864	68.669969	-12.235619	100.726427
	14.492964	-51.074319	-20.088206	-3.454935	41.539505	-8.333607	67.962213	3.255592	83.275693
	-23.949913	0.570282	3.356650	-7.785856	9.512845	-2.573474	66.154727	-20.209281	1.524238
	-14.455026	19.697561	-10.025387	-22.228188	-6.897112	-21.389261	48.796280	-11.806835	-51.728155
	-6.910786	33.271969	-22.575185	5.963980	-5.921109	-9.728322	47.199211	17.943880	-44.876672
	25.888346	57.545870	-21.870934	6.844489	-17.571203	-16.059749	66.696136	-19.888627	-6.706439
	26.544054	56.536198	43.545316	-26.377236	-20.972977	15.373501	34.595665	-14.228659	15.746716
	-11.157627	49.758827	36.954362	-52.412712	19.309887	5.618971	25.492475	-26.671561	55.346104
	9.700130	33.743838	80.382655	-74.451567	2.398750	26.984277	-12.450372	-39.700385	26.509303
	-23.004464	26.715369	85.790715	-89.145031	-23.106501	30.671642	-72.849200	-34.976397	-4.697222
	5.749228	19.972130	89.540837	-72.096487	-26.082538	43.243618	-93.785598	-21.857610	0.854433
	-7.079800	-13.118626	94.394159	-25.228804	-25.307145	49.424682	-45.782917	3.602633	15.366911
	-18.043093	-16.067753	60.285373	60.433850	7.080744	37.870769	11.498079	4.674959	81.814310
	15.424109	-47.967266	46.997077	13.770217	6.850295	4.435216	10.623693	10.267810	86.711723
	18.886055	-20.887159	12.571541	18.989954	-0.721234	-27.451106	31.914123	-29.381067	78.507579
	1.488489	-5.547383	-6.245124	-5.348544	13.613789	-32.480350	13.768077	-24.355403	22.424069
	-9.379217	27.752632	-6.561101	-31.686527	25.327991	-13.310816	-24.495256	-0.381395	-12.366473
	-26.367057	46.596285	-13.721729	-29.542118	33.481763	-30.243644	-56.221481	19.155970	-88.401167
	-37.137637	28.129373	-24.591043	-25.016877	9.159399	-32.963211	-55.374406	0.058131	-78.691674
	-28.568242	47.263125	-30.564338	-18.207869	10.652606	-58.223531	-45.621773	-9.705405	-98.521548
	-16.493551	48.678403	-55.513141	-14.433514	24.498064	-64.947432	-23.277698	10.531108	-97.351870
	-3.118575	56.692875	-31.504697	-20.024287	-6.547080	-75.736106	-11.069323	6.905486	-104.744817
	-0.877091	36.506071	-59.953664	-6.722579	7.354328	-57.191575	19.476795	20.885710	-88.607058
	-54.005638	28.551503	-115.689349	36.461870	13.789554	-54.613687	4.651875	14.963061	-109.443784
	-68.499541	-5.912876	-97.805597	14.979022	36.275484	-50.589640	-30.444178	-25.785700	-98.617250
	-102.190057	-54.126275	-59.399703	-130.348525	55.309280	-30.268764	-68.864327	-52.906568	-39.809964
	-72.718095	-95.932674	-73.381060	-162.775521	23.280998	-39.523403	-98.493867	-60.689733	-66.646089
	-41.457463	-69.027328	-87.976813	-113.058079	12.505269	-13.605474	-64.397980	-40.772924	-76.057289
	-36.019049	-47.502776	-109.211003	-13.558795	-16.359460	-20.181116	-39.988056	-18.006235	-75.286390
	-12.903239	-8.970037	-47.142052	-30.275219	4.880469	-32.984673	-29.071827	-13.244986	-51.700902
	8.079883	-8.131517	-14.516379	-67.411070	-14.160596	-1.344837	-41.919857	-75.696877	-8.454099
	-3.958301	-24.109984	-25.596058	-13.460175	-0.013885	-4.947998	-8.143177	-13.460462	-26.032330
	-1.727876	-16.316007	-2.482673	-12.954969	13.083632	-0.482571	-25.706475	-29.165241	-46.803137
	-2.658121	-39.651644	72.981999	-56.930726	8.696611	24.831655	-88.891851	-51.752972	40.974587
	1.039423	-87.082775	35.468141	-79.046493	-27.978134	20.610434	-110.819059	-34.891747	-4.056486
	-41.073588	-68.968015	-13.208566	-102.717717	-10.153917	5.234053	-121.660357	-50.061022	9.289545
	-36.425755	-57.890611	-60.786445	-95.365254	-3.917598	-17.684306	-107.450638	-22.110708	-4.286662
	-48.842720	-48.342056	-52.287135	-78.955937	-20.403643	-2.496118	-115.509824	2.084598	-33.708550
	-8.199942	-20.136828	-48.372152	-75.291847	22.527557	-23.239387	-94.946390	17.891511	-39.492988
	16.885861	-16.193069	5.209597	-80.682605	0.543064	-28.629011	-104.074973	-2.529458	-23.040654
	11.451206	-17.782826	13.329210	-67.870242	-21.568798	-49.586007	-91.682532	-9.849455	0.203749
	-41.906804	-30.623863	0.789676	-46.326523	-26.164772	-49.964719	-79.022463	17.803736	0.594218
	-60.110948	-65.910873	29.481813	-129.721683	-30.566445	9.379226	-145.817959	-12.223487	-5.841391
	-69.837376	-105.507855	-1.262156	-143.806843	-50.512707	-2.100543	-126.569331	-8.273977	3.821236
	-75.544596	-124.210644	-6.533401	-144.346502	-25.613247	-20.884185	-112.821917	-17.646390	20.471736
	-51.834630	-108.804795	-9.622281	-95.298540	-31.866946	-25.554284	-111.967425	-10.002540	14.990054
	-41.033932	-87.777166	-36.652697	-44.049465	-36.521870	-49.884936	-96.854937	19.842666	-16.592639
	-16.859841	-50.749466	-34.959793	-33.150047	-47.976330	0.164584	-65.011848	11.446634	-46.731013
	-8.394444	-39.169412	-20.014495	1.329029	-41.164378	24.931472	-32.570192	14.980718	-11.312148
	-1.926497	-28.001328	-22.423183	-1.733806	-31.733083	50.224385	0.849172	4.567243	11.043624
	36.354860	-5.566518	-3.002844	21.506441	-21.512280	51.318772	10.587701	10.298710	49.222709
	18.422120	5.270051	33.050279	6.825053	-22.320521	67.188038	5.599374	7.661146	43.427678
	40.038590	15.804342	-18.065978	-1.078548	-13.855522	-0.304450	-7.772858	-3.955545	-5.476319
	43.351535	38.094761	5.123567	24.982404	-4.663835	-20.089051	-10.579944	-4.997930	20.143765
	59.312181	41.960093	-9.395476	20.325306	33.318288	-22.618560	12.667092	-5.648852	16.617308
	14.565990	59.058186	13.946809	-4.578050	17.514418	-32.988461	8.512230	10.046959	22.929287
	34.736688	79.334618	10.672119	23.055373	78.693778	-26.761771	20.688761	-10.858903	-3.454804
	65.633304	82.261960	-2.696432	37.196665	55.045091	-8.310327	49.406864	-1.493916	26.139017
	48.133502	91.890979	-43.053878	25.197060	49.885600	-15.923320	44.743911	-5.752517	-6.582410
	52.062459	105.063681	-50.773026	71.444695	43.331881	2.636752	22.215354	30.449147	-27.442462
	26.850552	101.251554	-89.537063	77.925505	13.527960	-12.902108	37.971932	14.394047	-47.991924
	2.804312	85.761899	-3.682459	13.151304	-32.967240	7.141850	2.091963	-23.582894	29.464351
	30.195769	62.501721	-10.018451	-6.100978	15.173213	2.899809	40.472473	22.989209	41.653882
	55.157536	22.919444	73.986882	-35.038611	56.300509	13.302805	18.170341	-21.999953	116.002140
	28.490468	-60.343512	106.305928	-80.017214	20.564440	57.552187	24.561950	-57.198043	79.840881
	3.325532	-81.516832	151.440642	-98.252697	38.413522	56.721639	-10.260216	-7.859203	102.348625
	42.415227	-30.088658	147.828458	-74.793621	12.235028	39.100205	6.841676	-20.594089	62.962068
	25.408056	-6.371945	108.770258	-32.595246	-1.602069	12.169481	-20.327615	-7.613958	-6.273390
	-9.561832	9.269826	97.450889	-21.374019	-43.484385	13.750096	-17.430831	7.004790	9.092720
	-12.021588	75.732996	-15.868288	5.318499	7.713463	-31.242322	0.003649	-11.802061	-71.659844
	-28.653561	76.529241	-37.504441	8.346772	-42.142183	-28.904855	-36.650202	22.239308	-131.549909
	-41.136936	88.876117	-73.144894	27.774696	-29.279653	-13.555954	-24.933619	9.813060	-129.618152
	-37.980458	77.602157	-99.279229	16.871475	-48.785550	-13.180794	-42.142022	35.742136	-179.559073
	-41.693283	49.339648	-67.397395	16.553689	-32.555212	-28.477688	-26.980470	38.198008	-120.773722
	-35.911004	32.301842	-33.240466	42.852853	-52.957469	-25.647229	-30.217820	-1.633319	-76.060567
	-23.908449	-9.256691	-6.358435	17.606720	-74.173211	20.235887	2.652390	13.840254	-32.061439
	-18.512244	-15.361484	-13.573289	-5.638362	-58.124898	-0.606123	-29.844043	6.454577	-83.893520
	-26.829986	-0.682406	-0.790831	-48.829152	-9.313853	10.052546	-8.079462	-23.631058	-42.687748
	-48.666115	19.769969	-36.642001	-59.190732	-10.173563	29.753924	-20.461911	-26.137462	-106.145770
	-34.761281	59.872938	-23.572645	-48.704107	3.406004	-6.620343	-68.638396	-30.093161	-123.827514
	-14.169693	41.490212	-13.361856	-83.198880	-16.091743	3.705579	-116.858117	-42.016093	-102.775122
	-35.075233	47.015808	-7.033904	-40.145867	-36.569826	-26.034521	-104.567574	7.882889	-117.403528
	-14.724788	69.734233	-4.694090	-25.046659	-71.041092	-33.649143	-82.917391	-1.180061	-111.591961
	-1.623196	87.192794	14.336867	-23.377351	-46.463570	-30.358214	-85.112253	5.440807	-89.681807
	-1.585866	69.682886	-4.721093	-58.668263	-41.225061	-6.184742	-63.323411	1.164047	-63.656884
	-9.925923	78.633261	-17.437855	-27.131949	-32.848660	4.808454	-67.798178	-13.358564	-88.719606
	15.607446	96.615271	12.860047	-14.989718	-55.574643	18.642895	-74.648675	19.041884	-107.525116
	20.312273	40.768499	29.290089	-17.351084	-47.608829	56.119709	-55.434357	-7.330047	8.391467
	21.589724	-18.010916	35.992996	30.138932	-13.600766	34.501387	37.953017	-18.395576	47.632259
	29.172583	-29.417909	13.612360	34.026133	89.447075	15.266803	84.532671	-39.136030	68.468172
	40.962964	-12.332976	-24.941889	40.675922	83.078006	19.817364	126.249466	-13.655404	119.879037
	45.632599	-26.739543	-31.798267	63.281596	56.694892	35.227604	142.599487	-44.974245	102.264653
	-0.475553	-28.223749	-44.211501	62.777571	51.612505	14.763900	123.583841	-31.081068	61.260791
	18.607702	-75.041593	-21.308089	51.379933	77.667347	46.461355	114.683870	-18.715572	111.800546
	19.190459	-101.468508	-17.795707	-12.360054	73.487684	25.302044	96.726433	-45.114130	132.935292
	-3.553154	-77.728253	-17.068123	12.923950	73.753703	16.342208	87.020727	-5.679840	89.723831
	26.294739	-68.209251	0.126593	-42.108430	59.001732	-5.933552	50.137513	-33.756802	108.272128
	45.573191	-92.017191	-26.828278	-17.688468	51.821725	8.732418	69.974715	29.054485	99.497458
	46.820312	-54.585229	-63.630660	40.616045	79.395432	1.497091	121.111547	15.555678	65.677776
	42.204104	-61.135883	-81.071104	63.732228	78.244534	14.459181	101.464693	-0.101204	86.698519
	15.848835	-48.359121	-91.799667	65.758239	82.218291	5.981506	132.364245	25.752373	90.597136
	17.052872	-33.903476	-49.768978	91.861117	72.749444	-11.167920	145.954743	-17.677935	69.863645
	32.726070	13.996451	-38.204646	100.360072	54.227781	-22.430746	118.066274	-4.623516	6.342460
	5.948107	51.478830	-38.928338	106.521017	18.339238	-40.968464	67.706260	13.495535	-24.046997
	63.846193	18.753820	17.357446	18.834662	-2.137645	-6.679585	-24.244101	-3.433797	-40.240774
	54.181457	31.034817	-1.825388	-18.649950	-17.163209	-13.584368	-46.283300	-13.554754	-68.839432
	14.921968	65.376041	12.994123	-17.040409	0.606117	14.679174	-9.705360	3.468011	-34.559796
	30.426991	48.534367	5.373054	-29.402117	-15.364589	1.111410	-51.756992	-35.286054	-23.508685
	11.917620	61.475989	28.261376	-27.046451	4.918362	25.599957	-78.261613	-11.680937	-20.924443
	-1.516179	53.575215	-12.524977	-44.396853	-50.955148	27.750383	-74.635440	7.814975	-58.756949
	-28.777206	75.425483	-37.504882	-30.209900	-38.387552	11.581410	-69.921206	-12.432208	-65.441433
	-15.040139	91.959992	-52.669861	-8.600703	-40.472981	-13.218594	-69.980111	16.645897	-81.059834
	28.318745	96.041895	-37.214632	18.985307	-41.158370	-61.843927	-50.021718	17.474070	-48.706790
	22.800458	76.390859	-13.603211	-1.536678	7.373069	-50.832871	-42.243122	19.995830	-41.797575
	1.511095	63.074033	-12.587542	-25.354242	26.394703	-31.660907	-22.785100	17.461241	-4.853219
	19.578611	55.546351	7.060862	-3.674052	22.008907	10.682227	6.434906	5.662887	23.090495
	36.434698	46.857101	-10.947280	14.516348	15.454797	38.055700	3.725538	-14.992832	-7.377230
	1.154477	31.562374	-11.341433	4.536393	-22.602970	44.411508	-11.719280	-24.660183	-5.471570
	-6.801378	34.506319	-75.929233	65.995782	-8.281022	28.634369	14.995495	34.038102	-16.045727
	4.536206	25.735786	-59.540677	74.842358	-2.396018	11.645258	42.967743	18.150144	-39.486583
	-10.123460	26.318776	-77.150154	94.151324	-30.614068	-62.138146	12.780416	46.418422	-63.526657
	-17.741141	32.833807	-77.910362	24.790892	-32.335752	-99.660186	8.459646	36.451943	-57.900693
	-47.920331	20.245183	-119.633794	-2.003476	-20.332859	-103.217896	-21.515456	-0.898677	-112.113633
	-15.352576	50.954204	-124.066708	30.067580	-69.256925	-79.127117	-33.853234	16.073289	-112.299403
	-24.098701	53.974466	-68.012351	51.885711	-108.444776	-34.473758	-35.003263	26.390514	-111.643582
	-21.278196	27.799084	-17.672978	-8.162719	-182.847405	-3.523515	-98.274915	20.848936	-104.085415
	-22.354660	5.892935	1.097229	-19.996944	-177.851542	23.464971	-95.363682	61.901167	-63.838876
	-25.756670	-0.180114	3.071457	38.928860	-115.742855	37.290604	-51.407119	6.140795	-47.335416
	-30.087993	12.742348	-32.571105	33.094463	-79.409452	-6.799709	-53.727983	53.370663	-73.423320
	-16.191916	20.989964	-33.359761	29.676748	-107.467309	-27.100237	-24.113757	29.012903	-87.932693
	-18.224157	25.051705	-33.507958	36.159912	-121.204712	-33.115298	-49.254271	25.377695	-84.606366
	-21.579224	23.591540	-43.926802	14.884383	-113.552312	-12.917474	-43.238379	25.948175	-85.316762
	-5.832097	21.465919	-45.431464	-6.367035	-21.528950	-12.523829	-49.384283	56.733023	-80.025531
	-32.384682	23.126699	-28.758247	16.374563	-25.107250	-1.333581	-78.219073	-3.484294	-72.444970
	-22.904525	13.054657	-6.254700	0.277826	6.550934	15.052165	-61.467005	45.946687	-19.109223
	-55.334628	31.655566	3.910559	-22.442325	4.138560	-35.109195	-66.693104	20.297829	-43.402957
	-9.217408	59.908587	8.985960	-12.587938	4.225242	-27.490040	-67.371586	53.287890	-37.998246
	-36.340733	48.484035	20.435411	13.135733	41.185834	-12.830421	-69.913623	3.914089	-75.973291
	-15.325033	63.317413	11.211608	0.694349	-1.302330	-26.333255	-45.328454	29.846240	-34.882201
	8.765851	82.151771	11.032255	55.786759	-6.354858	-14.565618	4.810693	30.365924	-32.888906
	-1.590716	94.064670	-4.059049	99.981893	-10.781296	18.831525	24.944458	17.421886	-63.852986
	7.754201	121.878782	2.749271	69.772092	-6.928668	30.634322	23.242186	23.030865	-54.944060
	15.947521	123.367897	45.558386	84.923182	-46.176879	64.377346	35.252911	5.302096	-46.985619
	0.318627	93.109116	24.964253	22.491626	-60.700653	52.519203	14.991826	32.406202	-27.684851
	18.807829	79.057510	14.869072	-63.561713	-52.250625	60.917142	-41.746981	4.059493	27.707004
	-4.083409	27.351797	-2.635930	-54.624443	-18.105730	22.479165	-43.742879	28.594958	53.216946
	-3.697602	-44.044254	33.844296	-95.698103	27.199652	34.780464	-53.756651	-20.342445	89.325080
	-14.029721	-46.353318	21.265055	-81.514886	46.611961	28.042301	-55.856210	15.652239	77.450547
	-15.717958	-44.412468	12.082452	-68.032044	13.213906	-31.073028	-52.617037	17.022458	-12.538566
	-43.559029	-25.586000	-3.317705	-71.307690	9.850979	-44.822715	-74.471913	13.818888	-22.469742
	-2.270423	11.714365	1.659936	-50.269766	-11.586121	-47.824385	-67.298451	24.242822	-50.405588
	-10.368442	11.258369	-16.361229	-56.035240	12.399526	-50.397392	-75.789194	10.750655	-25.041312
	-31.491503	27.678480	4.181518	-23.273072	32.778464	-44.611690	-93.998344	-7.805080	-37.337627
	-27.451876	32.804537	5.709244	-50.987258	-4.619719	-5.754164	-97.042293	46.026814	-43.351001
	-47.786958	27.424782	-1.462688	26.472247	-44.988971	0.628859	-78.800769	73.423965	-25.596001
	-62.566011	18.880403	-51.332404	26.968033	-72.868920	8.030740	-56.997209	73.293767	-61.130810
	-24.286266	43.273511	2.655244	36.570212	-96.882135	2.541718	-62.898715	37.264592	-52.657711
	-13.783688	22.267517	30.544184	5.237993	-90.523537	4.321019	-39.206405	52.561494	-30.212297
	8.779331	13.945358	28.585700	64.431319	-74.535626	-20.241881	-2.389037	59.357522	31.897143
	-9.937249	-6.773055	-48.207421	90.913774	-42.957487	-10.682678	50.840475	58.159433	24.705828
	5.393879	-28.178811	-61.850813	79.299950	6.332031	11.615461	85.503764	36.411734	34.099562
	23.966276	-35.020445	-107.426723	96.089230	22.897736	8.607463	103.782670	51.033375	0.852043
	11.637976	-31.718084	-61.538627	107.783020	34.766337	19.395066	150.555778	-8.994600	7.973138
	35.812875	-25.691587	-51.025275	148.460573	41.984721	2.299207	153.381905	-7.561719	40.476799
	18.683014	-52.995112	-21.268843	104.889493	31.658794	-21.180998	142.831496	19.538170	26.156663
	50.170114	-60.460050	-19.435046	67.680727	81.888638	-1.038953	114.503189	2.708042	42.742100
	26.441271	-60.350108	6.782981	50.455527	97.390604	-10.719862	99.598238	-31.924220	93.618219
	-2.802873	-60.705930	-22.301714	29.939591	63.267172	-0.814477	92.705024	-32.130285	31.324741
	14.519096	-81.922265	-45.873397	-21.057132	54.083923	39.645433	55.181605	-32.480098	23.070103
	-5.612679	-44.074610	-39.457039	-1.444955	17.468237	42.822248	37.080660	-42.680892	49.981934
	-10.080862	-37.202986	-48.899539	33.355825	6.221018	33.173269	50.884602	-20.594322	28.800261
	35.477912	-13.010218	-19.581196	29.424896	11.733992	-2.587122	75.113017	-32.463811	17.824879
	55.062868	25.427764	18.869672	-13.560446	69.900202	2.403153	47.592056	-18.717767	98.450040
	11.872687	19.266902	17.018744	-3.400255	47.339401	-14.642680	34.641338	-53.392683	52.038121
	38.521691	41.773572	30.058167	-18.111901	20.823915	-5.239494	10.499236	-37.532771	19.752770
	35.732439	29.610466	12.806243	3.434771	-28.885296	5.511410	0.127098	-9.736204	4.750086
	-3.263414	-0.234975	20.751244	-7.268965	-6.380375	16.233433	10.449171	-34.368951	-13.092919
	-24.180556	-10.019529	-29.321599	-6.443167	-16.249233	-13.799779	-21.896138	18.193177	-29.470677
	-33.513843	-23.227448	21.931841	-40.440264	-36.173821	-32.284431	-78.404990	9.325098	-48.799131
	-9.724731	-43.459743	32.652330	-82.830186	-6.834267	12.678896	-81.486062	-2.152011	-22.905347
	-5.816889	-52.904938	59.513656	-80.122242	-30.343275	-7.850051	-99.449329	11.065659	-18.357278
	-12.505935	-26.627037	53.772423	-51.048991	-76.594199	-10.754471	-80.291993	12.781670	3.807898
	25.806364	6.105681	27.777087	-46.908328	-88.018260	-4.857457	-99.963796	-11.188234	-27.236137
	-13.913486	58.371130	-2.533717	22.731122	-100.967137	21.774680	-48.414157	38.107065	-43.289463
	-5.345885	74.995914	-32.934926	19.311341	-73.593143	8.935882	-63.231156	25.381164	-98.922316
	-13.797258	39.166843	-17.521106	0.740125	-49.614157	22.960420	-44.509607	7.608703	-94.196148
	-9.642382	40.718223	22.910885	32.628515	-5.031576	9.439662	-24.211696	1.850982	-53.731261
	20.806183	19.542557	19.812274	18.868534	12.703187	36.638884	5.748677	-41.740456	-64.601700
	13.887551	36.450194	34.747145	63.764471	26.045728	-4.368587	27.804042	19.597496	-39.722441
	26.846933	28.584985	29.350918	68.101310	19.610272	-15.085024	44.033951	20.986391	10.263485
	22.541141	-14.879814	52.435331	59.934118	32.308020	25.372931	97.506659	4.841333	72.357328
	30.430079	-47.220305	27.051937	106.083509	46.368814	21.962570	131.617773	7.703577	123.532590
	4.837775	-80.270922	51.577863	49.965563	28.002967	36.301194	91.215411	-30.456285	115.819310
	46.169126	-81.412340	58.277627	48.533603	78.651951	55.483036	135.017560	-45.693234	137.231399
	6.362712	-73.355776	42.843391	-27.477299	83.068929	40.156254	59.207633	1.459429	80.111549
	14.795644	-75.909832	62.971041	-62.220515	82.048934	29.232919	-1.634790	-53.699544	73.292495
	-6.225944	-128.474182	101.361000	-92.656626	66.638551	52.570750	-0.649709	-60.111162	85.612744
	20.290542	-112.321211	83.844997	-35.978111	77.552161	44.246737	57.286422	-56.179365	115.305375
	35.345160	-94.758141	63.446530	-0.226720	51.748324	37.045132	69.085360	-15.161347	114.435345
	12.817017	-59.151303	5.721611	34.041926	88.518970	-2.660931	98.607580	-27.088418	98.572453
	35.560941	-30.763989	11.644709	68.351718	90.770302	-21.999299	116.112644	3.507818	78.103179
	27.022259	-5.255642	-15.274602	81.065019	46.076922	-11.211106	93.571581	-7.091127	26.183541
	16.123445	18.962802	-1.574213	69.258897	-13.732784	15.907109	50.255780	15.074831	-44.456162
	-3.484679	19.791989	33.137504	2.860659	-35.591758	15.660687	17.272739	-18.243003	-6.306302
	-12.106808	23.364321	56.350147	-21.788352	-55.441686	38.999624	-19.912125	-30.168191	9.703579
	5.662979	38.128842	15.833936	-24.949788	-33.659382	5.916470	-50.775723	9.935001	-13.484274
	7.869120	52.478336	13.450561	-49.118600	23.105339	3.593756	-21.971740	4.542278	21.737399
	14.059045	59.371455	46.645233	-31.434521	-15.345755	-43.753430	-47.579475	8.124564	15.819522
	37.309521	42.103959	63.892462	-81.852825	-10.563711	-43.007117	-53.696020	-11.857728	31.928558
	14.382105	53.097085	63.881920	-78.889618	-13.798306	-17.757954	-51.629167	12.205331	-3.369978
	1.869951	32.735693	77.988561	-68.386827	-30.127922	-27.317618	-45.085090	-32.624085	-4.365021
	5.584231	16.933147	59.891130	-56.959343	-34.300352	16.152964	-33.394358	-27.357677	-33.154219
	-20.355559	-3.523036	70.483328	-39.643083	-14.374796	16.316892	-29.522765	-30.234180	7.411023
	-15.938729	-14.894913	51.967154	-76.425916	-23.917849	28.355120	-40.434551	0.053111	-24.866682
	-5.180951	-46.416938	42.602591	-56.600268	-15.214823	39.440206	-82.210730	-33.613758	20.499290
	4.866606	0.666858	2.392666	-0.993497	3.203665	6.944137	-55.245611	-20.496466	-8.985398
	-10.890257	-10.057482	15.304144	-38.111744	12.654506	-22.300950	-40.914703	9.633909	-18.436138
	-26.477639	-27.032711	33.378231	-74.900868	61.415837	-47.255491	-54.568453	-39.577444	21.121124
	-19.684170	-65.676089	26.145464	-90.552284	19.221588	-10.948041	-31.181622	-51.072928	37.835692
	-17.929412	-86.920540	44.582393	-40.598115	14.946638	0.286704	-7.025355	-36.251255	24.658565
	-6.923521	-109.735170	66.083524	-64.136971	-0.764157	13.159302	0.247810	-36.660598	61.014778
	19.896054	-110.920795	103.108998	-69.115387	23.109957	11.410652	-15.117950	-32.421735	103.102665
	-13.543579	-90.427983	69.380748	-74.174643	12.419915	-1.392516	11.273760	-30.016338	88.166212
	-9.743127	-95.413295	59.500034	-100.460812	46.794589	-18.512713	-21.956028	-20.864766	103.556477
	-83.159980	-55.564239	41.144157	-109.977722	-23.223954	-58.665323	-59.074969	-25.795936	56.232852
	-69.196376	-10.767845	53.658958	-90.069130	-17.217458	-76.055490	-69.414412	41.640180	20.093968
	-52.961600	3.777158	23.335602	-98.779419	-22.286640	-40.468657	-90.232736	-0.766998	14.361299
	-39.603259	-4.573190	28.818657	-73.324911	-14.893356	-8.684695	-78.606412	-27.408840	-12.149677
	5.046147	-19.086351	36.249690	-6.919272	-26.235485	15.303730	2.332397	7.889286	57.793587
	1.581187	-58.001697	51.497583	-15.075659	50.763282	79.770210	33.163755	-13.142029	48.051275
	41.279057	-86.961324	52.647538	-26.534713	78.010706	106.498680	18.650502	-103.461370	45.354242
	40.292414	-127.427736	69.489241	-128.551629	40.912230	97.791172	-25.536099	-50.882551	31.483011
	65.249079	-143.955166	136.761516	-179.548389	95.205841	89.562425	-16.455929	-62.471491	164.516659
	19.460946	-109.883049	161.140944	-173.774240	67.037254	18.925050	-58.750982	-36.544205	108.672484
	54.971939	-55.211840	176.731457	-54.894597	34.351381	52.955320	-56.226735	-38.600712	98.812367
	68.245409	-3.491027	96.598254	-8.396820	-12.234228	60.111609	-14.895150	-36.963460	69.461598
	2.095679	-15.529217	47.244801	-11.497508	-53.520255	20.130988	-33.633947	-21.338060	-39.646246
	17.933614	11.393538	70.573295	-18.542397	-35.452794	28.947122	-3.589293	21.615623	4.830971
	43.330436	-38.139980	92.003342	2.316411	-18.153879	34.571787	-10.645235	-47.918057	67.684178
	40.821839	-33.128613	71.431156	49.371848	17.363809	8.293175	64.255453	-5.415567	80.970317
	37.642275	-36.844297	64.399350	2.974109	15.564205	10.258930	27.289386	-31.011466	107.351750
	16.310025	-10.453010	20.431317	32.974616	21.845511	-10.657322	16.912535	2.045161	70.271419
	32.682993	-0.661781	6.402596	53.098702	33.093926	-26.157299	51.871682	19.909636	97.857221
	38.494836	-5.758521	-14.158625	69.179112	39.452255	-19.763637	37.842904	30.202631	58.695440
	30.443835	-14.757225	-29.413281	51.533086	49.898665	-28.695988	19.425527	51.405503	64.825682
	27.300109	-51.363302	-14.932246	0.585875	39.120397	-18.669767	41.156001	-7.012453	44.874446
	56.024533	-62.992089	6.179637	13.010930	43.121102	-1.458038	44.896355	-9.297569	70.792383
	-8.973287	-97.874783	-21.605173	-3.141460	37.070663	-30.106170	48.259889	25.088046	41.387985
	30.206939	-45.397679	-3.273839	30.312711	63.820232	-40.417967	70.627456	22.618309	40.328792
	10.087444	-2.281095	-1.820633	44.849568	46.760497	-37.240456	56.284993	19.567117	-8.068220
	13.620521	21.325352	-26.557249	69.286609	3.695615	-14.118706	53.224429	20.396420	-16.400514
	5.185011	44.803571	2.178219	57.294386	9.860473	33.984893	30.029775	43.396859	-2.422201
	21.896203	87.765527	-15.952015	124.138352	11.807711	-3.991596	51.507279	29.253182	19.011658
	22.052592	71.447472	-11.335458	131.952173	16.957833	-24.244523	45.513796	80.536176	9.282866
	35.390676	8.556555	37.113563	71.529089	21.258459	10.406027	57.597411	67.108800	72.401437
	6.579028	19.701117	25.341490	68.629297	3.678417	17.838730	47.374919	43.935506	22.125538
	-27.046722	36.121430	-26.689401	61.277573	23.209631	38.056445	29.850068	17.243572	-57.457856
	-23.184843	59.638360	0.864417	46.546076	11.953376	24.437128	-11.137761	24.769109	-56.645921
	-38.314953	36.681217	26.021907	10.221726	-10.429603	27.970807	-53.230780	32.527245	-22.103331
	-3.053929	33.046940	20.513973	10.998475	-39.561365	36.633800	-31.614375	24.140591	-17.627337
	-19.978406	75.331037	49.531724	39.190735	-41.694033	21.528404	-36.152771	30.011911	-30.882127
	2.522253	42.058016	37.740381	62.005596	-35.213005	2.219256	-47.032564	38.769962	-23.160263
	27.017843	8.415226	4.449479	66.869281	-70.365888	5.710296	1.946366	70.342084	-24.195474
	-6.449888	-4.368286	3.113524	74.113650	-76.473386	14.768981	4.422323	41.236628	-25.879403
	-8.202956	-1.622710	-52.595606	59.456961	-69.511399	5.147361	-26.434595	49.167415	-84.057803
	-44.365743	4.297158	-31.547221	-10.356079	-103.204442	5.522448	-64.070555	34.459754	-37.827568
	-61.518493	-19.911238	-71.872604	-22.992140	-92.227965	-16.164804	-17.400690	34.378790	-36.395185
	-59.471798	-15.562018	-33.194143	-26.855721	-47.928278	-23.042457	-24.798205	-16.950237	-8.252737
	-27.409562	15.615312	-20.487955	3.507318	-2.214282	-9.156603	8.037832	29.347645	16.258623
	-28.044232	47.922956	-46.610191	49.010367	10.657257	-15.494505	32.600383	32.156566	8.562738
	-20.064581	66.231991	-56.367366	54.353205	8.204562	-6.170427	65.395115	21.801156	-54.073328
	-15.329926	37.980318	-30.327054	21.685849	-4.421613	4.139141	21.079018	14.264523	-2.208015
	-12.992213	49.053626	-68.311726	8.476933	33.525631	-31.738837	41.504799	23.772467	-46.233329
	2.997640	70.857649	-79.408191	-11.017152	38.527234	-49.527269	45.160123	9.469316	-31.377079
	-16.698731	64.332504	-103.955513	-0.115180	32.123629	-66.254368	20.609642	6.614884	-50.245119
	-40.163000	38.884017	-93.692121	-28.557702	52.680561	-63.387242	12.183770	-32.419143	-59.650063
	-56.822514	20.137895	-79.254771	-50.537975	34.333501	-72.742409	-12.402935	0.466064	-69.587939
	-28.240316	21.124485	-61.779485	-33.134119	-3.328103	-63.202053	-53.982576	20.988901	-62.482926
	-41.055979	27.344832	-89.227112	2.969879	7.447933	-51.183949	-13.545922	19.972104	-53.015880
	-7.518996	61.102374	-86.042020	34.932728	14.770798	-48.023284	-10.996042	24.863715	-132.717758
	-21.342688	74.185683	-85.585435	-3.018013	17.103886	-37.025745	-5.928210	12.203242	-110.123151
	13.610949	84.684428	-69.103198	-10.757332	25.890432	-60.764780	-32.806370	11.209060	-110.415508
	9.865015	97.766463	-41.953054	50.538835	45.775648	-55.101765	0.641101	18.128006	-43.268480
	-6.340716	112.867023	-8.328095	32.218094	31.022820	-39.993350	18.455424	6.931488	-59.677016
	-19.582738	59.627560	-15.957680	-15.058925	-30.338455	-39.880923	-15.972035	-12.572609	-39.400081
	2.452361	2.280547	27.083648	-51.340167	-17.630255	-2.070636	17.219690	-45.008610	24.168206
	-1.002351	-72.519849	43.776663	-46.377349	-11.675758	23.609145	-22.940481	-23.615179	26.587596
	52.122073	-107.297863	88.722046	-70.248441	-25.403897	23.584730	-35.078376	-36.167758	89.860547
	35.153185	-95.161208	111.791464	-88.492338	-18.976846	-6.239844	-54.826873	-12.528371	80.570210
	31.637006	-89.465829	89.827188	-154.309046	-33.151016	4.058997	-97.237348	-6.573577	83.364798
	45.209211	-65.466562	18.927729	-123.218031	-28.735606	40.694644	-69.244744	-29.099034	27.749921
	15.375394	-18.017777	0.217491	-77.183589	-61.678699	37.968792	-44.813219	-32.285611	-4.874732
	10.022708	8.168206	25.744403	-35.942344	-92.307055	61.297444	-43.507706	-11.837647	2.617971
	-37.923282	10.665713	-10.867058	-40.706678	-111.642461	24.429713	-61.886706	-25.298980	-62.139369
	-27.138180	-4.968324	-47.682615	-62.902234	-81.990922	-2.944787	-57.660725	2.280436	-70.087758
	8.993305	3.143875	-40.003518	-67.427881	-52.645491	-1.913244	-88.715607	-30.388699	-72.464540
	0.059682	-4.611485	21.528837	-123.891754	-0.786069	-27.945218	-90.621890	-54.537487	-38.133806
	-11.467570	3.324513	18.934706	-115.998275	7.932648	-12.140103	-105.224053	-63.519673	-38.046534
	-7.900424	-7.908355	26.762382	-102.312000	21.111410	-21.512612	-72.042535	-63.899900	-28.826378
	-10.634889	-13.458179	-1.498443	-81.223193	-25.088533	-59.227808	-68.179425	-31.426314	-67.807283
	-30.486709	-13.077893	1.274027	-75.699698	-21.684290	-10.013919	-75.829663	-22.124498	-84.007110
	-32.006386	-30.056670	-20.497599	-33.789547	-26.048238	-15.230977	-15.554054	-20.631668	-68.622222
	3.125798	-69.228153	8.144986	-39.903140	-53.479323	25.571580	-10.985789	-23.155419	-42.021804
	-33.123412	-58.577464	-4.990638	25.449585	-122.998453	58.083839	13.745910	-13.979605	-47.382089
	19.954101	-19.812156	11.860306	86.887839	-79.290533	44.888247	53.110512	0.245007	-3.122972
	7.940945	-11.466314	24.204165	84.370780	-66.698013	59.087878	45.090682	-12.851800	-22.588234
	3.625714	-20.765773	32.469273	38.217431	-49.573084	12.498470	16.114188	-22.171694	-6.274620
	4.893031	-16.715487	40.152028	31.367551	-14.871709	5.266931	24.052084	-20.401267	3.906477
	24.561930	-27.699414	57.057430	52.926303	-55.501231	42.808991	48.513216	6.871245	-1.058134
	12.622435	-11.689255	11.215449	86.225385	-45.464995	28.486856	91.961483	4.020953	33.113352
	32.979664	-13.323858	24.715521	47.925197	-47.041007	41.784236	63.395247	-9.444412	69.789477
	32.483271	27.405564	-28.075156	81.771942	-13.677564	-3.806340	54.227106	18.147817	36.898486
	39.339622	55.497019	-35.771824	133.764051	-16.773780	-5.666132	74.353337	27.711310	30.174676
	37.097704	59.791892	26.284620	145.958783	-24.641924	-8.513733	70.017349	40.937158	40.306210
	34.158416	65.427998	29.514118	121.012157	-29.238531	15.995434	74.772489	28.802990	35.223900
	39.502101	70.697138	-3.291788	126.267574	15.662101	39.891805	119.743438	31.029166	42.231752
	43.091883	41.182036	-7.339848	113.259262	24.526123	12.539451	113.346548	24.264635	4.935376
	19.585170	-5.023048	-92.165606	55.549040	76.257927	7.365832	97.047120	-12.371029	8.322452
	13.971815	-9.407353	-112.769028	68.338343	111.987673	-70.867580	84.047924	-18.621056	18.768547
	-5.180223	-40.658524	-107.265376	27.566246	94.169465	-42.232684	43.259531	-11.919033	0.088969
	-28.601801	-59.844703	-57.587850	-27.730108	75.648580	-43.251745	7.607158	-17.681833	7.864140
	-40.485050	5.376825	-44.937330	10.195366	65.202867	-55.204693	6.476736	-4.083179	-68.296462
	14.318031	24.198055	-19.904095	10.647721	48.996673	-39.021370	4.041984	10.343982	-52.453415
	23.170248	50.977069	-20.444819	33.851165	64.736331	-8.394625	47.443695	20.609319	0.456358
	22.211920	38.486992	2.673635	-8.150473	77.754682	-4.613320	11.167808	-14.771313	-17.974264
	-1.992135	55.398013	-2.916307	33.915220	68.861216	-11.800358	18.331753	-11.477716	12.610469
	12.760319	81.786480	-55.959158	75.835951	31.095617	-36.872832	34.134882	3.040256	-47.493058
	-25.178348	109.514462	-64.374017	86.839352	12.087738	-43.383856	22.862661	6.647422	-72.438711
	6.259356	74.658461	-24.914461	21.559272	44.582217	-17.626457	14.408665	-2.467003	-37.649240
	-14.971339	55.288434	-22.824693	7.260985	41.534922	-3.912424	21.537522	0.563513	-0.600295
	-11.588296	25.746216	-0.367350	-25.631972	41.821572	23.518055	12.434121	-27.794627	-2.146261
	-45.292887	-22.001789	5.580252	-8.231619	-15.758594	33.599253	-30.869732	-17.847076	-21.931560
	-12.365053	-45.897871	28.006792	-28.498856	-89.849713	57.565016	-41.243437	-27.652614	-43.352331
	-48.373226	-26.452146	52.340857	-29.931635	-79.899827	40.251899	-46.524939	25.899908	6.437421
	13.600952	21.477977	-7.868880	57.879469	-50.518182	13.773396	-0.670597	4.645333	-48.730339
	-14.938575	60.198711	22.045422	2.234257	-35.034817	-30.131771	-51.377175	-2.697649	-49.398395
	3.742772	70.837868	34.243568	-2.732073	13.030615	-31.930858	-18.302165	1.510722	24.223311
	30.058020	82.981772	1.237221	46.031711	1.481011	-16.046537	26.752548	20.651784	-8.874042
	51.756079	87.177892	9.174690	44.203131	-2.209930	22.360932	35.192189	-14.449277	9.950605
	22.337156	92.219290	-11.450228	60.738073	-31.255917	-17.433419	21.149687	-13.017846	-24.811794
	9.351696	66.090892	-54.344964	75.407086	-69.193437	-43.130121	28.916761	6.170218	-49.046265
	-9.760616	105.064193	-32.183673	29.526257	-74.434431	-31.891754	5.009240	-0.276107	-39.497151
	1.209022	73.722172	-31.420292	4.893963	-69.923787	-26.987715	-22.294760	13.933657	-83.824748
	-22.291636	127.264403	-48.149737	9.484051	-84.941626	-4.041698	-74.221925	44.042322	-193.894054
	-4.474679	163.261964	-37.236821	-21.742956	-132.066016	-10.550253	-107.139602	50.492993	-156.971522
	-9.799395	127.854790	-5.246534	-19.308291	-108.400611	2.820340	-109.370557	40.522546	-113.978388
	-17.834811	94.127803	-15.569510	30.296587	-81.940577	-23.223034	-85.263171	22.012061	-81.962532
	13.643644	108.610833	-26.509752	68.391941	-44.178364	-21.521190	-26.276456	45.751104	-39.923411
	34.793171	70.553474	-3.725508	92.011239	-1.506390	36.568645	26.406083	74.999417	13.214074
	49.624645	0.915462	25.571755	41.620390	73.332507	37.697630	20.352483	7.596009	62.654063
	27.673674	-81.491060	51.549774	35.585581	75.393394	44.745401	40.523170	-3.328304	95.050162
	13.023456	-97.229458	37.018240	-30.547127	120.273612	41.432949	48.909521	-21.599609	83.296221
	10.259919	-97.734171	22.178558	-82.407089	106.491090	-28.033787	-9.734644	-16.598190	73.595922
	-1.796941	-118.222748	34.254270	-93.210066	150.003312	-32.593555	14.423506	-20.107275	109.966395
	-48.214386	-98.194222	31.194271	-96.512881	132.737638	-30.270301	-4.919418	-33.860490	63.778972
	-19.273528	-88.096359	17.994745	-88.850619	151.225900	-19.199969	4.072106	-34.445880	54.802368
	-1.259839	-86.182768	-44.975004	-14.221951	148.439793	12.915883	47.424633	-33.250255	78.310502
	-12.031275	-112.390256	-7.197688	-62.639926	82.179764	28.454672	17.072677	-20.528587	86.878946
	-11.829047	-129.151669	-14.650147	12.005797	67.256571	56.907094	24.406391	-3.909530	110.703971
	-17.339077	-107.521484	-20.986911	16.288580	-1.212046	64.953111	13.376563	29.741507	49.199438
	-18.233557	-68.963179	-5.933982	47.786148	-43.060159	43.337098	6.239247	40.589613	73.778981
	-28.466126	-79.475036	19.065490	58.682282	-73.160265	41.312691	39.290658	52.056788	45.534176
	-12.207226	-65.328357	-37.868569	74.938713	-27.439703	10.536985	54.538143	58.230569	34.778827
	-27.232204	-31.293348	-49.803080	99.099024	-29.002902	-3.162802	75.855063	62.922802	39.708701
	-13.107657	-63.038316	-56.869272	62.919934	-7.553377	-10.147662	58.733172	56.752958	-1.838768
	-4.305347	-50.098556	-41.994190	16.561701	11.047343	1.873168	36.785285	5.187930	20.037635
	22.066992	-2.722453	-0.396936	46.996239	-5.646249	27.090297	22.268007	9.344944	-11.155543
	0.943930	-1.636127	5.607658	51.536169	-41.836608	49.298696	14.620440	25.215218	-70.553127
	-29.940404	1.057466	-32.320881	50.417750	-55.479954	28.072631	2.840004	-11.621731	-24.433362
	1.988724	25.080336	-1.216447	33.452234	-43.698541	19.127544	4.031769	7.887974	-55.543629
	-2.620839	19.484993	-24.353158	59.745517	-39.337266	16.337816	46.191512	1.831654	-68.580774
	12.074663	37.238429	-30.297289	30.006482	17.252301	13.142853	58.552011	10.883975	-56.132165
	34.753757	86.508702	-39.968892	84.176971	28.380153	-5.661334	88.257809	-34.757352	-18.003842
	37.184210	63.850694	-45.473307	73.068817	67.944185	-0.107285	73.642186	-54.411029	-43.382794
	17.915551	50.838275	-3.536332	-22.742491	55.850389	-10.498286	3.004056	-16.811296	-61.306930
	-14.351340	28.066217	-11.964041	-10.407860	35.856431	-0.316777	26.420812	-28.722505	-44.724634
	-3.410965	50.191450	-31.298298	-23.162708	63.197384	6.821898	44.745847	-39.755813	-40.863152
	16.861384	55.572288	3.106009	-0.323697	26.928965	-1.788890	21.254272	-42.447236	-23.875581
	-16.656650	12.181668	-32.979549	-6.580519	78.300960	-0.508850	55.321142	-67.255934	-15.500820
	-20.128767	34.403187	-22.517197	9.015923	41.278440	-30.178274	37.690600	-27.231539	-41.056510
	3.454430	57.361406	-7.275816	21.684801	44.833358	-42.339236	66.973390	-13.143207	-28.904802
	11.235043	61.922807	9.034301	56.053326	-9.397913	-58.627642	26.286734	6.666099	-61.061355
	-2.272123	40.782168	38.150313	19.729262	-62.187039	-39.661070	-34.761569	4.953857	-0.604770
	-35.127199	17.996183	1.156980	4.948086	-78.704671	-24.988095	-32.382582	23.132523	15.214096
	-19.515596	-30.321334	-80.248653	-23.851154	-48.083672	0.206456	0.950458	-2.147046	-10.091091
	-38.136670	-54.240923	-90.113168	-71.836455	-38.681247	-24.750209	-3.764794	-26.203537	-20.163130
	-12.458516	-34.764907	-42.107395	-67.084486	1.791199	-75.649793	-31.579591	-15.286976	-51.447834
	-19.553310	13.857878	-34.864616	-22.895330	-18.269952	-32.624172	-4.384779	-2.658313	-64.808217
	30.725867	21.075298	47.113573	-95.011897	-37.762927	-44.870516	-68.799096	-30.499842	-85.942997
	22.940705	70.863947	29.837623	-59.675782	-77.884437	-16.828957	-74.836944	8.869288	-58.161527
	14.904481	77.908891	19.176746	-35.081549	-52.970299	-1.272080	-49.332161	-33.133280	-63.229193
	20.418757	91.070869	-28.951044	21.779335	-34.143594	-7.412677	-6.352339	38.722474	-60.697818
	9.527881	70.441131	-20.554123	13.306447	36.755351	-36.867018	13.263046	6.983541	-50.220805
	9.182774	24.025929	27.303555	-23.285817	52.337465	-55.986401	-41.983663	27.334992	-42.925817
	11.330344	11.258574	23.632837	44.919730	17.015525	-30.059834	-53.542244	1.096655	-60.181116
	-17.577345	19.544142	13.116226	57.042642	-12.374941	3.501516	-69.441749	63.703667	-58.899571
	-8.222520	-0.550012	42.078492	64.570001	15.240141	4.426354	-48.673777	14.946603	-41.130327
	-5.937396	-24.305449	54.374695	55.245109	-14.784901	28.318657	-1.476033	-27.722516	18.451617
	-10.154722	-75.628315	13.932340	24.817672	5.901762	21.129415	23.231472	-3.305961	37.988221
	-2.957997	-60.149574	-23.605563	9.237917	16.950795	12.624357	10.192311	8.726913	49.456715
	-16.810788	-32.457127	-81.740947	42.492967	50.689957	-36.343394	59.692073	9.545254	34.683452
	5.171270	9.606376	-65.009575	63.954877	29.624701	-41.072550	45.566323	25.241045	28.762982
	-45.181708	39.526909	-36.496515	72.469133	58.332562	-69.880801	65.067714	25.603644	-23.925171
	-1.927058	-7.468140	2.618127	-29.731525	72.673002	-57.778110	64.346535	-23.730967	46.627054
	24.139839	-18.872192	9.163475	-88.394845	90.733993	-55.315239	33.340383	-14.627720	42.300547
	-17.029659	0.787874	-31.317544	-83.935003	56.338075	-39.465596	40.987276	-31.665409	73.142157
	0.490493	-13.805437	37.733911	-71.703586	77.946804	-36.632427	-15.225003	-9.997288	75.627453
	-11.189938	-6.758052	18.267995	-28.021756	70.996059	-32.789106	9.186484	-4.306075	30.649400
	-3.626266	20.881153	27.178994	48.454464	39.888739	0.962102	14.816180	4.706828	46.656000
	-43.979244	-7.201992	9.634160	41.430046	16.815983	-14.736119	30.498105	48.335470	26.070678
	-3.276435	-67.963464	31.740642	-17.627879	-48.701541	32.881236	12.886241	-18.177789	53.157686
	3.419544	-73.683589	-4.357058	-39.997116	-69.144147	40.808273	-6.918435	19.132044	13.110798
	-34.702026	-138.708956	-43.397718	-122.840197	-62.950205	27.194027	-81.335735	-5.333153	-17.150779
	-93.838701	-118.857190	-84.970433	-90.729031	-40.028784	-52.462873	-96.101479	9.090100	-36.645805
	-17.575842	-55.548166	-51.268926	-60.401867	-31.248627	-38.319863	-71.647225	23.116239	-55.594924
	-21.786275	20.243737	-31.465872	45.993697	-16.444333	-0.611063	42.709200	-27.841680	-48.289618
	-1.881985	8.790527	-20.177606	10.220771	-30.444036	10.500999	25.574982	-1.964763	-7.175885
	20.433507	18.651273	-19.034087	50.862829	-20.557440	10.972095	45.566852	11.067050	-18.524557
	-2.447279	-36.366180	10.953965	76.901543	-46.021985	45.519837	30.658758	21.971908	76.909908
	27.404646	-55.645685	-15.939073	61.416751	-45.777947	51.459097	19.810229	30.159801	52.662162
	-0.439164	-9.704914	-17.881501	108.492085	-39.617991	70.070334	6.956243	16.156246	33.021715
	13.623819	-4.677383	-29.172106	46.583376	-25.969785	33.408044	23.692479	29.611187	25.825119
	-50.616210	15.919874	-32.824515	-19.201432	-22.446268	18.471916	-45.376229	16.395655	1.933519
	-49.960650	24.514867	-1.929441	3.279883	-62.973939	13.296747	-29.519009	39.932879	-45.255809
	0.187088	24.378783	-21.167160	27.729311	-12.055702	-3.666471	14.823117	51.801394	1.797339
	-15.137782	14.366456	3.534379	20.325811	26.191230	-0.661512	26.865337	-1.932680	34.239264
	26.697600	5.596272	5.489335	17.903174	50.871763	11.060875	25.860461	11.326913	38.671960
	2.828587	-8.576667	-3.096067	-17.280730	24.189945	20.540455	26.658284	-21.047315	39.928746
	8.437414	15.672180	-3.067724	8.076197	39.898288	49.119813	0.263947	-15.018331	67.260912
	19.309734	20.786249	-54.163371	-21.583165	29.779713	50.243716	24.496896	-25.743330	49.572176
	-0.340085	79.761846	-96.697524	57.242794	-12.071714	42.321937	53.998913	30.607604	-43.892738
	0.272951	68.299221	-66.765744	54.062481	-47.503365	17.556530	35.131611	20.799601	-91.135671
	2.451613	47.146966	-9.815171	18.413184	-46.708775	-9.195610	-12.425395	32.451897	-96.646003
	-49.038686	-34.059149	3.672706	-75.011716	-40.860720	-2.262674	-77.410618	-10.367246	-77.969216
	-63.718405	-100.175148	54.650068	-177.049559	-14.088895	2.768109	-127.262403	-36.624825	-31.779955
	-29.692458	-57.531298	31.469557	-96.832952	14.524981	2.515102	-56.178513	-41.744637	-4.810407
	-26.065996	-20.210424	-6.444241	-14.847826	51.703563	-9.686103	-41.304487	5.483860	-47.376757
	-7.944779	-27.366757	-36.484578	-25.110202	67.870042	-4.579040	-26.816934	-19.212173	-11.727195
	33.086190	8.651446	0.706755	17.680031	52.464453	-17.454555	-27.999585	2.165045	-47.985335
	30.789976	-12.704144	-20.133137	-32.477175	40.047063	-39.778562	-43.016448	12.623395	-50.939084
	1.926016	-17.912171	-28.649832	-40.445293	17.689758	1.274824	-45.998230	-0.870654	-42.581078
	-1.107733	-9.703697	-45.167376	-23.015100	10.314777	-6.136392	-31.337087	-18.259582	-17.338429
	-27.246775	-64.158553	-33.736059	-45.309856	32.396608	-6.616044	-6.593370	-31.145960	24.799954
	-4.727144	-56.815936	-1.228351	-33.499272	65.030522	14.394069	25.940159	-24.333149	23.801568
	2.543936	-42.287623	-26.866882	-36.962656	81.392656	17.804879	27.768760	0.665262	44.832824
	3.667875	-31.489674	-52.935203	-56.518465	50.746363	3.624081	17.474415	-38.398042	31.363343
	7.609064	-2.891485	-48.097562	-42.664370	57.938538	0.937888	20.230807	-8.229339	13.462097
	14.987385	25.755067	-58.726175	8.721930	49.612611	-37.602961	33.535014	7.298335	-14.077887
	22.104112	-0.016925	-48.492191	-10.940679	48.449457	-2.178345	32.281040	17.042761	16.937678
	14.684692	29.319126	-41.956312	28.554699	40.320905	6.157112	29.228433	11.546792	-13.141488
	5.318370	27.924765	-22.567350	20.371472	30.067319	-12.832071	47.629943	-20.440752	29.210426
	0.148467	22.713871	-18.654116	19.335306	26.582833	-9.943883	31.977023	8.061441	2.690624
	7.539602	7.633283	-41.163217	16.624572	42.348529	0.845851	22.704238	16.483622	-2.119735
	-13.360322	-3.404069	-3.727386	-39.129500	44.455368	26.132558	38.982824	0.520658	6.636084
	-28.780016	-28.289710	-7.588402	-83.214647	35.041092	1.265689	19.867868	-58.231177	-42.460068
	-54.838216	-79.478027	7.641295	-114.777079	4.054216	-23.325723	-41.331362	-46.259949	-48.100380
	-30.555607	-72.114110	-11.356935	-80.915694	-4.052918	-25.129942	-44.403712	-19.049752	-53.195063
	-14.718511	-39.826513	-19.379537	-56.822720	-14.821357	-29.900165	-55.479260	-5.179576	-40.365496
	-22.320262	3.763024	-21.393094	-40.229977	-5.932876	-23.449583	-38.541031	1.581501	-7.176636
	-1.925688	22.064537	-30.237197	-23.322316	25.286179	13.013062	4.970664	-15.466609	10.679095
	-6.181141	-2.661945	-12.173362	-23.471923	13.143227	-2.002467	-35.580175	-13.930367	36.048190
	-2.596255	-25.438136	-1.976560	-92.420779	22.024156	2.515500	-68.911351	-1.439821	2.588343
	-33.059561	-25.137910	-11.865132	-106.637183	38.958970	-31.014075	-89.436772	-38.804979	-1.958202
	-29.541405	-45.419257	-22.205419	-178.483110	37.040148	-45.827473	-80.011648	-26.419340	-62.456537
	-54.234346	1.012230	0.454710	-109.560589	-6.177727	-11.488391	-51.500516	-38.629761	-43.527406
	-21.254715	11.737441	13.923765	-75.159181	-29.009074	6.033448	-44.998539	-16.013900	-14.943284
	-4.756679	-19.776413	54.358735	-119.154476	-1.559231	3.101406	-93.069365	-53.883247	0.607958
	10.784595	-10.007038	113.088473	-84.349661	-50.559574	10.798721	-80.956045	-24.230330	46.593442
	13.809448	-20.742899	105.476124	-22.042183	-71.839625	15.145658	-31.114930	-20.271797	41.440677
	28.762393	-42.606636	72.950495	21.380267	-77.210960	23.909708	-5.422113	-0.016237	96.874161
	1.111255	-22.604510	68.732264	52.076221	-101.943328	33.583183	-5.722168	-5.407782	35.157440
	6.737381	-31.364526	60.270996	46.402599	-51.437271	29.418908	41.643310	-13.031088	65.889161
	-4.369682	-5.769609	65.447643	14.240524	-29.355774	25.035629	-25.929703	-8.700126	59.116889
	13.351070	11.178638	70.809299	-22.504215	-38.294813	19.415618	-24.251453	6.023990	53.332267
	24.938080	25.117245	119.325699	2.049088	0.937211	37.049515	5.383562	-4.484718	80.031073
	36.620456	-14.611273	79.845418	10.468832	26.505098	4.655316	34.704393	-5.123865	100.744698
	46.995460	-29.539874	63.712578	17.981783	37.864354	1.312940	6.895385	3.134977	107.930292
	48.088541	-51.094467	43.191382	-20.693162	42.462020	12.969054	0.952578	-48.905680	81.446632
	-3.498043	-55.297300	59.711295	-25.811668	41.026309	-2.770073	0.166784	-48.933002	61.048692
	2.077497	-28.155161	81.129006	-32.725455	-3.103719	19.088720	-7.546333	-27.155588	26.604596
	25.613382	-47.366479	80.377482	-22.166294	-50.074415	17.252926	-42.928260	-19.670464	-5.621636
	-8.385787	-35.550746	83.407292	-47.676002	-57.904349	-5.500957	-95.941422	-35.605111	3.582926
	-36.817289	-33.041172	79.190547	-75.248386	-108.091681	-6.198816	-113.151496	-1.986503	-13.603011
	-34.684191	-0.991195	35.506726	-27.103154	-135.603201	6.481236	-71.876486	6.406443	-24.046021
	-25.219030	29.506721	15.569048	-32.433487	-98.377153	-8.883462	-85.423524	20.789310	-47.398477
	-13.114268	34.545912	41.941318	-20.590638	-82.640412	-13.194521	-57.645157	37.496032	-28.249729
	-5.635283	48.403301	52.036837	-3.632056	-48.484537	-4.642065	-13.021221	8.668794	13.641798
	32.911911	68.424970	54.120276	27.584784	-33.242727	-12.774357	11.664432	-10.172210	29.491002
	23.251285	93.497610	48.594297	38.158362	-80.227341	-27.392921	-6.316436	66.546763	12.048162
	5.830975	107.643189	83.539851	57.141341	-50.989781	-16.430850	-14.304731	32.786160	28.153895
	23.597176	78.029115	42.175465	25.961593	-62.712946	-28.230336	-36.100386	22.363338	11.583163
	-22.008229	54.171348	-5.849433	-28.953394	-45.384186	10.652991	-79.294138	31.455848	1.257341
	25.728209	97.376389	-21.033582	14.175391	-84.697378	-0.047544	-48.500101	24.749590	-35.802772
	-1.902786	81.839413	-16.883929	9.668557	-62.782543	-30.158748	-25.053857	13.434434	-42.718941
	21.414604	89.358719	23.881178	22.664206	-83.242368	-3.330799	-26.573042	25.673671	-49.774329
	44.235983	46.887247	47.634869	30.548192	-87.547554	15.163205	19.953178	0.706228	27.119413
	12.450483	30.127314	70.006178	46.923234	-113.591910	27.254632	20.468624	53.167726	58.565614
	39.195069	4.340145	77.759385	76.286350	-65.538904	68.045673	22.794260	30.791658	43.908354
	9.786312	-3.960399	20.956993	93.978271	-55.350707	29.333948	65.576293	21.727504	-8.428699
	11.259829	-18.179399	-8.930271	97.520400	-12.856724	43.199685	57.888131	22.519151	-0.200134
	-7.376104	9.451448	-25.351432	133.310384	-19.406877	27.508344	57.522429	51.437536	-57.580806
	0.644738	-34.642925	-2.077237	57.839557	-4.819701	41.799809	40.140018	5.954891	-18.922269
	6.602429	-33.800076	2.410598	59.032529	-2.735733	4.316866	46.407330	-5.120310	8.742494
	-14.912403	-50.424989	3.399042	36.779769	17.711287	14.834724	16.869699	-4.278595	22.688212
	-8.761518	-26.330470	5.493959	28.325970	-4.947148	13.763311	-1.283451	-8.358308	-32.453582
	-9.594979	-18.545461	12.687533	-3.438500	19.716433	39.973984	-15.553656	-9.056114	-6.848536
	-24.649489	-31.762745	11.614016	-49.050257	46.757231	-5.827517	-18.990811	-15.155976	26.812984
	-33.922634	-65.558041	24.703057	-97.197378	13.256042	-18.318718	-55.603814	-48.568984	-14.111712
	-3.218909	-63.368050	50.729442	-113.845335	-19.855160	6.518269	-73.340990	-45.065483	44.189129
	-5.338953	-81.179878	48.733033	-101.593384	-0.349847	-11.313246	-71.039402	5.432044	18.547838
	-5.654853	-78.827840	72.099735	-85.446463	-2.005247	14.757608	-57.074879	-25.974649	37.779139
	-27.624858	-59.229901	54.130145	-89.585274	-5.459401	20.184883	-33.711190	-8.886149	-1.895837
	-25.804924	-79.957484	33.771668	-168.783844	27.547709	-0.379343	-55.372400	-29.672158	39.170490
	-28.168563	-67.857812	60.610563	-154.433142	20.347917	20.769197	-53.186708	-18.850704	49.222451
	-36.456797	-50.183487	89.903698	-109.969244	51.855330	15.021165	-59.990769	-20.507616	54.827111
	-4.214371	-42.677958	69.043465	-78.516967	47.524507	15.979838	-10.279140	-25.611227	79.133760
	-33.998415	-31.158435	90.931909	-90.215571	35.584536	7.395711	-12.699594	-43.277178	71.199506
	11.873377	-30.919511	45.659573	-110.681376	54.080513	-11.274054	0.503216	-40.109355	61.456042
	-21.045521	-43.602056	27.970331	-142.643992	69.715056	2.269918	-35.483893	-44.463373	48.022501
	2.389501	-19.509986	-25.452144	-79.659645	38.918780	10.305047	-23.729386	-28.591656	-21.423038
	30.428135	23.458869	-91.804321	-9.274699	9.372080	-29.903004	-4.373832	11.758493	-92.146984
	8.420518	19.925623	-99.656195	10.797020	-17.230512	-30.484996	14.482094	17.132854	-120.909745
	-4.179243	9.635675	-108.681547	84.301722	-42.349253	-45.281750	7.542080	35.113432	-104.772424
	9.819047	7.276937	-64.620064	85.515012	1.119531	-16.941268	86.648000	21.363444	-65.436602
	16.071188	-8.426781	-52.484286	72.970493	38.439964	-0.841596	75.783630	-3.576747	17.656939
	17.037572	-13.057578	-12.467430	64.888442	34.686793	41.102735	59.045531	-19.705136	14.393855
	3.650214	26.536813	-53.648805	109.243791	6.836694	5.864861	47.733440	17.965677	0.170237
	27.322940	32.555564	-56.591360	62.795529	46.259564	11.438617	65.591489	8.257225	-18.162269
	31.612687	43.248169	-42.996703	80.155208	29.458290	3.274849	47.920017	53.941158	43.864380
	42.712776	-4.958365	-10.756901	67.803333	45.492936	43.466096	68.422341	3.489909	78.210024
	26.929584	23.905777	-7.448589	97.299422	21.997763	45.838827	93.223873	8.294955	50.850395
	41.372037	25.378785	-13.072467	85.577013	-14.089177	49.717338	110.173600	8.912002	66.428637
	54.430403	-4.170439	-12.618307	46.299784	-19.685069	9.757933	71.801356	0.162166	96.644597
	57.645960	-2.496354	-3.650014	-6.218335	27.286442	-9.923912	55.577572	-42.663180	81.677117
	27.091745	19.550663	-50.214848	-22.371296	20.850299	-40.736166	-2.634563	-2.697557	41.729176
	0.105311	-32.741123	-44.620898	-47.388009	0.261565	-9.056512	-25.553333	-6.508257	57.957146
	28.883469	-20.980763	-60.029748	8.343605	-12.610444	17.364173	22.323507	34.158242	26.640377
	4.868376	1.641390	4.024718	-5.258049	2.430454	20.722728	-30.027040	7.757755	67.720114
	12.042760	-29.730023	22.042331	-32.248320	40.018290	28.688583	1.841334	-39.166877	110.225672
	6.663170	-46.392460	32.162351	-38.389010	94.361397	25.785635	10.096620	-19.046209	84.223717
	-9.862600	-67.372409	59.060908	8.685081	84.511904	65.231093	28.587404	-38.200389	115.475319
	-4.562298	-56.248769	22.829631	27.815895	53.053884	34.696461	19.687528	-4.199634	95.692917
	0.699830	-47.769000	39.250093	43.439511	73.395693	43.434629	37.594130	7.591696	77.776697
	-0.090702	-30.091736	2.778581	68.487503	71.678098	38.369808	74.736371	-4.887168	65.704553
	34.426294	37.764284	-4.113608	110.064000	101.705918	-1.201974	95.921826	40.364624	59.244419
	45.450456	52.753351	-18.029197	146.037558	91.598160	-35.713847	70.587731	53.760450	-35.240423
	61.934156	41.460817	4.533721	118.482546	87.506793	-58.654059	56.924893	22.427589	-0.444477
	57.399475	22.825945	26.596351	119.549299	47.354177	-27.211393	66.796933	25.770004	53.851221
	28.987560	-26.240750	46.259589	121.352918	18.785538	14.773469	46.818369	40.230008	58.415236
	1.444667	-35.421880	-2.921227	151.002974	-21.105102	39.282363	79.698682	28.939247	57.016349
	-30.934290	-9.670406	-15.764722	150.064403	-19.074821	45.193261	56.844994	19.865846	-4.240097
	-30.684201	2.563842	-39.965330	79.600047	-52.985616	61.180820	5.227344	55.854975	-36.242452
	-17.498926	27.264055	-40.648972	56.988992	-27.634022	28.521630	-13.438245	35.823954	-36.546938
	-14.761789	42.054873	-57.992483	48.245113	-20.748508	-1.275676	8.952465	6.123991	1.875596
	-6.344855	22.946725	-89.116710	73.749326	13.845345	-71.811060	71.259108	23.816694	27.292665
	37.472053	46.399289	-57.791527	116.262489	-3.881240	-35.743125	83.418927	37.093299	-19.453794
	37.573052	16.419435	-13.461786	91.675168	-30.653642	-25.812509	85.925364	19.664475	-14.557541
	-26.216876	13.905184	-12.580677	90.859587	-36.113714	-21.824179	34.886790	5.924110	-4.305449
	-9.087892	28.177278	-42.791867	31.060214	-50.435816	-31.803413	-19.769736	29.593794	-27.312266
	5.185168	7.979079	-40.129778	2.123843	-24.522121	-27.355403	-8.328018	12.700897	-39.792203
	3.109601	27.577521	-45.354554	-12.885315	-23.208580	-15.129925	-12.197745	-17.717975	-57.566250
	-6.122986	32.897469	-41.327464	-18.174082	-12.035820	-35.951969	-34.952986	-6.529933	-77.305096
	-25.203599	11.646479	-5.209815	-72.327962	-24.761137	-39.779793	-103.812905	17.803966	-48.512892
	6.352350	7.523702	1.870647	-70.286043	-20.034489	-26.279152	-66.906044	-2.151038	-61.210062
	7.785972	9.060146	10.804230	-81.246098	25.600895	-32.524078	-79.468064	-4.730214	-30.927124
	18.208873	13.679069	-12.197928	-47.476000	20.756575	1.226362	-15.810243	-19.235430	-74.909887
	-24.810983	-2.198490	-28.207975	-53.116614	43.757971	-13.140583	-10.872145	-48.422534	-72.163266
	0.993395	16.150470	-38.282140	-46.130172	3.669555	-11.754059	-32.801310	11.526318	-64.254237
	-40.940840	-9.988650	-5.701929	-71.675517	-29.020965	-37.925469	-31.244681	-24.253927	-52.780285
	-26.055879	25.846874	-7.778609	-49.729854	-56.227655	-51.493950	-4.000488	-38.441951	-99.369854
	-24.982450	24.935885	-27.083112	-29.912695	-22.750293	-28.708649	4.244352	-25.580745	-102.216454
	-33.862764	18.998757	-11.745146	-25.225394	-22.540055	-17.272442	-12.623544	-27.876835	-65.018490
	-31.588822	35.619014	2.374102	-39.282159	-32.999932	19.158241	-18.456962	-26.719876	-65.299914
	-14.565419	27.669660	16.475839	-16.991890	-25.792111	28.562621	-38.909253	25.219509	-37.779578
	-12.712213	45.955601	-4.935270	-33.006383	-20.612410	25.113409	-27.811609	19.939168	-37.422508
	-39.433560	32.682044	-10.069154	-60.691411	-11.389226	14.209856	-54.174235	19.874768	-45.145824
	-32.259490	9.551395	-22.936395	-91.403548	-8.966747	-41.332596	-41.067267	-5.912758	-100.620446
