	-114.174374	32.328056	-10.763492	113.732032	10.508684	-43.803240	10.112209	54.347337	-56.151093
	-59.812590	24.279281	-11.907556	52.592526	-32.980669	-44.246472	4.889162	7.597466	-55.623751
	-54.728832	27.417712	-71.725335	21.795347	-34.170202	-3.809542	24.623237	26.474397	-81.783448
	-32.458705	43.956323	-25.428077	22.317714	-26.261166	13.460882	11.750796	19.374337	-26.485884
	-25.476432	15.484466	-62.272348	25.355879	-8.609647	-23.514182	-9.565112	16.293481	-45.626968
	10.231248	-7.894218	-34.030666	-11.105642	3.150874	-2.576906	30.971194	-8.137071	7.353124
	11.374375	-25.747009	-18.902848	1.142460	-20.488918	-20.366766	31.206735	4.756479	31.801806
	16.596102	-11.591266	-15.687191	-14.891495	19.567660	-11.192697	-2.420598	7.883165	-0.824135
	-1.738817	3.535353	1.023184	13.963579	9.649050	-23.982665	9.925281	15.427131	34.773047
	49.838697	19.324263	14.840767	45.994389	33.780322	-27.153307	31.057987	-3.675903	47.418716
	5.508565	30.812412	18.137728	5.606016	67.033593	-22.723740	18.587692	-23.229014	61.026287
	-24.426003	51.837294	27.281046	25.345979	66.788276	-13.017568	52.896983	-10.858384	32.364340
	-19.662962	58.727626	7.413909	23.456728	84.933280	-14.491794	9.298716	4.897110	29.094569
	-13.585080	59.639402	87.379529	-5.965903	45.117489	30.913313	4.855423	3.818451	15.917207
	8.926114	24.437994	109.122687	17.262119	37.004971	22.873471	30.158672	1.817202	51.245790
	-28.818017	35.026959	117.222613	-46.433394	23.988179	-9.712365	-14.798568	-35.930016	25.669379
	14.842181	38.073590	91.060339	-50.504046	11.425027	26.592960	-28.403057	-20.393366	12.655673
	-25.916004	16.904582	96.079663	-33.923525	36.807643	41.427098	1.766433	-24.958484	47.842571
	-22.874048	9.620535	52.250828	-50.183638	28.469637	-9.909217	-35.264450	-1.524074	109.026749
	-6.794654	-1.200804	93.974745	-22.224167	37.338402	49.039292	-3.530082	-6.186212	119.179762
	41.322929	-8.571047	73.853394	-18.213308	39.998846	18.474210	-4.675513	10.594145	105.131908
	3.760279	-31.966372	31.355251	17.510697	12.963404	6.159127	-34.838359	24.965884	42.246168
	-34.303621	-33.213076	-3.903887	13.169711	-59.623058	0.091864	-55.270419	24.896466	-12.683524
	-20.540813	-13.229536	-1.335760	15.269705	-7.411832	22.333238	-15.400901	8.000193	19.158388
	-15.619895	-0.756542	-26.391737	3.878572	-11.468459	6.613378	18.035441	23.022971	-5.091933
	-16.241528	-8.801776	13.083221	-18.640711	-25.404344	-43.050769	-15.792119	-16.056642	31.056690
	18.468122	-22.508721	43.569197	-21.465648	-34.354208	5.124338	16.067228	-3.826803	-15.387421
	14.380911	-9.773319	1.777229	-12.924693	1.300698	9.997535	28.249697	3.860203	-28.474884
	9.250264	-9.046758	-55.994504	13.818621	-20.145557	-6.472564	6.151040	22.989697	-50.122786
	28.380753	-22.186932	-48.781068	22.677648	-9.534617	-2.458145	-5.065386	1.926787	-47.031064
	61.136658	-19.030284	-24.615591	30.239204	-3.150507	-21.282955	35.021823	-7.803766	0.392099
	-5.370779	-42.463920	-95.354489	5.483904	-40.115272	-42.870326	4.818375	-24.086630	-24.611232
	20.980182	-31.846323	-28.281338	62.272922	-44.954760	-43.342562	39.537228	9.348140	22.910206
	-29.031079	-41.677344	-20.054014	-32.416146	-19.476351	-41.863848	-38.285731	-18.985543	7.522698
	26.997784	-98.058032	-18.567981	-42.764031	-45.381084	-16.107453	-25.532440	-36.845545	52.567089
	44.027134	-83.964666	-68.497889	-23.096885	-73.964482	56.136323	31.109499	-10.901235	-13.830792
	81.718246	-81.508429	-41.229127	-53.551111	-49.418475	92.354597	41.565444	-33.245586	-8.525944
	65.458008	-69.082297	7.806153	-42.096373	-87.158913	88.352519	45.434335	-22.845283	69.691742
	80.942213	17.304523	6.112521	14.354821	-13.304120	103.718469	73.494787	15.192467	27.833461
	87.683776	4.876565	1.821512	-6.671146	-22.091420	101.872129	30.464163	19.958680	22.521212
	42.047232	-20.495585	-12.269839	2.505541	-53.455214	64.799266	10.090090	9.509515	23.284748
	33.268476	0.660150	-66.002319	-9.872154	-10.727474	15.920317	72.380559	1.979816	21.086282
	-27.458286	49.905820	-13.852252	23.759050	-19.798812	-8.279002	22.552662	-6.460351	-29.698614
	50.820545	-23.023620	-12.109664	-6.928252	-1.136636	-17.281208	17.267774	-2.930347	12.903205
	39.390196	12.238072	-34.063925	8.983269	-13.960443	-11.388023	-17.596724	-2.707298	-9.885069
	-21.511376	-41.716015	-54.479505	-47.893622	-34.403624	15.221185	-57.026246	13.495836	-21.492437
	9.491637	-33.259139	-25.452054	-80.793797	-26.070379	28.845375	-37.950241	-9.362111	-57.061394
	36.369203	11.826631	-67.413643	-34.783638	1.886014	74.832529	-3.544594	6.523010	-30.250634
	12.057794	-2.950600	-18.613256	-71.036226	-21.788122	75.797679	-6.222987	-14.974530	-51.158020
	32.647508	-14.590826	-39.357018	-58.805672	-15.907446	59.345748	-7.140454	-2.728569	-21.435000
	-2.807521	-22.595399	-42.598254	-52.326846	-33.420003	59.809965	-51.427605	-3.325236	-23.727238
	-8.549033	-14.255743	-32.348052	-25.076351	-39.647578	22.340180	-65.033812	8.260712	-55.482313
	-40.445536	-2.754679	-37.858908	19.816504	-39.114263	8.288251	-38.798951	4.783761	-78.214671
	-34.237907	16.470897	-69.913006	55.424268	-59.688324	-9.716000	-9.895506	24.632502	-82.666768
	-28.179576	0.275684	-69.992484	34.785904	-12.679299	-70.821939	29.157524	40.601670	-70.991332
	-17.989089	-6.272836	-55.114567	92.012389	-4.159195	-36.851726	-12.683182	27.101880	-102.963793
	-38.493250	-32.815879	-67.609457	45.950107	-14.845752	-30.893840	-8.172938	9.251821	-104.242970
	-15.115132	-43.378777	-44.943984	6.374259	-14.265093	-48.893763	-36.064785	33.106067	-80.997147
	-53.981711	-23.096591	-102.259002	54.299538	-39.241223	-59.853220	-46.791743	17.090703	-80.496471
	-41.823232	-38.431647	-99.888145	27.852924	-20.425044	-59.496065	-5.238683	36.796556	-89.025566
	-30.868610	-11.354721	-114.863761	36.553353	-1.561125	-72.876566	6.814555	44.766330	-165.871650
	-61.161801	-3.657423	-88.121095	43.768864	-15.374868	-42.167175	1.528643	36.265998	-85.532460
	-41.122775	-16.378581	-87.800242	-2.455222	-18.854937	-77.137445	-25.517300	29.969553	-82.280492
	-5.479320	10.823902	-47.255477	35.430480	-22.700494	-54.603050	-22.891795	17.941776	-93.162182
	-22.002694	26.563925	-6.074983	33.584217	-16.819791	-17.581237	-6.752184	33.478863	-48.524162
	-15.877186	20.686886	2.427861	42.800545	-7.902332	-13.178356	-8.702117	26.952016	18.548463
	-4.555008	54.913617	37.425744	62.278936	-34.523345	5.720008	-32.662481	38.961479	-31.511899
	-9.731194	28.557324	-52.955471	72.561080	9.601988	14.915946	33.512798	26.614482	-51.858430
	-53.755743	54.452892	-56.518987	58.771410	8.605184	-39.057510	-23.498844	54.723429	-88.500380
	-39.544982	39.439909	43.132914	34.284975	-0.255793	-36.124624	-59.714895	42.904921	-9.824600
	-13.814009	43.713860	47.592031	-3.731642	48.653690	-40.478081	-46.706360	10.404460	3.051520
	10.529837	26.783412	61.309813	-41.446200	51.682835	-7.355950	-22.289286	-11.107478	-8.072496
	-26.417060	34.764499	34.805538	-30.392906	63.387533	-9.529429	-59.620953	4.154740	-21.146517
	-4.876439	39.866546	46.132541	-15.030067	26.031638	-5.558472	-4.864892	-22.540843	-8.626453
	-13.505633	36.237390	65.712115	29.934115	27.231742	12.619101	-19.883248	11.627831	-23.800961
	1.483700	36.201154	52.104098	6.926093	30.736167	-11.748438	-25.277180	-13.468705	4.062691
	54.113771	18.624898	45.039287	-4.489782	22.803604	-16.845789	0.164576	-17.611927	12.203327
	31.648909	7.164980	23.204776	-1.433851	72.199515	-8.305142	-0.508588	-50.324000	10.232053
	17.002114	-2.546489	42.571391	-16.253978	8.361538	6.452970	-41.827730	-14.056957	11.541078
	3.896275	-22.883184	59.663027	-30.607479	-20.254282	35.539682	-44.719813	-23.103048	-29.050631
	-15.193670	-50.452722	20.057769	-59.534174	-52.239371	24.446999	-48.762937	-23.501176	-43.582221
	-31.057161	-28.862349	19.829371	-60.650305	-40.599450	42.678889	-32.896829	-26.795992	-50.755375
	-28.186424	-21.214326	-5.549690	-34.665402	2.799965	10.776423	-1.130088	-53.895232	-32.833277
	-28.196343	-34.451619	-44.561466	-22.060173	45.742470	-42.826101	-14.371545	-15.009090	-17.817241
	41.762513	-26.855807	-52.749973	-33.309406	44.239128	-19.857961	16.236838	-31.324612	-15.469958
	61.832336	-19.330516	-60.865310	-9.112149	17.419867	-22.369051	-25.375987	-26.784215	-37.603772
	-15.246707	-27.444245	-58.503381	-35.896952	7.495575	-30.100582	-38.111153	-25.104929	-81.965254
	18.562372	-41.491760	-45.915329	-42.053313	10.971101	-48.762912	-68.836524	-36.045912	0.472836
	24.450070	-23.156317	-37.340719	-25.365322	9.734803	-43.221217	-13.190924	-22.172448	28.045847
	27.188271	-39.324352	-11.397661	-22.733337	52.335841	-25.973663	21.000371	-30.634066	83.148456
	75.517726	-35.320308	-37.630421	-10.900010	38.144211	-14.391058	32.201718	-41.745290	90.428557
	95.131625	-33.207966	-54.945360	17.922110	62.172072	-1.200730	97.157188	-24.758804	73.155160
	75.219012	-32.566775	-58.848151	-15.962158	41.293903	-50.169605	43.806582	-36.862410	18.984755
	79.463532	-39.850153	-44.371778	37.232132	-1.521020	-40.993260	22.464878	-30.664870	-23.546669
	45.847482	-37.972820	-11.207016	36.381167	-12.048478	-0.081908	10.426026	5.313572	-51.609561
	18.855530	-33.359787	-46.315905	25.059736	-22.446143	-29.726399	-26.873181	19.062516	-60.625394
	30.266761	-39.648842	-77.660587	24.539885	1.571767	-32.461988	-15.698373	46.426773	-61.540211
	48.513888	-2.825007	-40.244405	13.518633	-21.931986	-10.599689	12.411230	7.966911	-38.147275
	-17.066701	-0.079022	-34.369129	4.457642	-22.004398	-15.507771	-47.946893	33.734132	-44.420601
	-14.738229	-6.370789	-11.869321	11.159141	-49.972793	2.995133	-23.742486	37.697413	-45.502657
	-8.085544	-22.696343	-11.423283	-14.374033	-57.511918	12.932117	-15.279799	31.715064	-26.673472
	-11.438292	-13.794921	-9.915305	3.064523	-45.714134	-5.867063	-28.279498	41.961457	-53.899482
	-3.996577	-19.511959	-10.723298	29.903677	-60.765455	-3.311988	8.121479	27.453700	-36.712566
	-0.120257	-28.667489	-9.846095	6.014603	-40.957795	-15.272310	-38.717942	-5.923635	-24.424093
	-7.926533	-30.731850	-9.489690	-23.369382	-28.175337	15.030313	-37.402656	23.544906	1.409949
	15.760020	-13.940362	-21.115256	-38.261448	14.910069	-11.450592	3.749277	16.043745	-5.926041
	24.359887	-15.394350	-22.803876	-10.799164	33.415012	15.956627	1.268859	6.164452	7.193800
	25.602391	7.478018	10.195549	-10.244080	47.527436	57.322471	-8.492663	-3.838182	13.796636
	31.917793	14.098692	51.410310	18.021899	72.520976	45.850496	12.154997	-1.028096	73.680653
	42.443765	29.850374	60.177654	23.377676	18.966324	45.297572	41.317233	-3.233264	46.041238
	8.600408	8.295058	31.082883	-3.152105	-13.526512	37.264194	-7.804363	-21.198483	66.065423
	9.179218	17.282003	77.705257	-12.484821	-54.432973	-2.877341	11.129489	-16.150240	42.685743
	12.938882	-12.831421	79.145165	-50.920271	-5.807098	27.014462	-8.742587	-53.014919	68.003035
	-33.747067	6.285218	110.085019	-32.995552	-21.262223	36.758478	-9.354389	-28.445087	60.593944
	18.585550	9.413553	123.490628	5.782450	-31.876615	53.798203	-15.663113	6.761394	83.369976
	0.605460	-13.439060	65.328259	-36.622336	-8.531827	24.495528	-33.140301	-7.629576	39.436106
	3.183859	-19.710886	66.042340	-46.529730	-19.338837	65.507920	-2.760748	0.031548	40.977359
	-7.931310	-38.286885	80.068076	-86.113541	-9.825597	56.201565	-39.606440	-33.058000	56.446484
	-27.593715	-21.133930	107.237601	-66.964799	24.232860	67.451366	-26.419966	-35.518364	90.546142
	15.046037	-27.590328	109.140353	-56.354297	6.827111	80.496170	-10.823274	-61.256578	75.117900
	16.833833	-45.102103	73.120459	2.276882	-7.978072	32.478887	20.236210	-21.691684	64.548782
	2.134741	-44.623762	9.473919	-4.736979	-26.875854	4.867139	24.427507	-26.398722	1.814058
	-6.383657	-39.964464	15.597697	11.808866	21.157207	5.406259	21.052924	-0.489793	27.964456
	29.220874	-32.736895	-14.965281	-21.852338	4.999391	28.379100	-29.936878	22.250590	50.668434
	45.962421	3.952177	13.082239	9.805794	7.155214	20.407575	29.889418	-0.628579	14.077487
	6.941139	15.945780	-32.210982	48.616829	-0.839967	-6.837498	41.411835	28.627719	-18.281008
	32.526138	34.272144	45.916338	43.653880	39.238180	25.550023	38.715984	-21.833629	58.465412
	-7.168228	17.753630	26.542675	12.635711	15.892519	31.077144	26.841599	-24.285433	-7.605974
	1.477517	-2.578634	21.932105	-2.144445	-20.078374	38.762129	8.413141	-30.097958	-21.511488
	40.048920	-0.675128	-19.470882	-20.372128	-6.029552	-26.882791	-1.301623	-3.376104	15.437445
	2.883691	-1.063942	-22.702872	2.051529	11.593633	-23.527405	-22.774800	5.170204	23.027346
	-23.854508	50.955858	7.853358	41.658311	78.924753	-22.244076	8.477126	-17.273652	-47.211481
	-11.601446	40.326472	8.477093	46.812703	66.711752	-43.126937	31.821362	-17.643023	33.937826
	-19.491751	16.905000	-48.895762	16.953634	37.712314	-79.052456	4.455656	10.608792	-13.234328
	-0.268363	20.009105	6.519528	-0.498860	-21.204843	-9.145276	-1.783892	-19.852197	-35.901173
	-6.537218	15.864629	24.159228	4.102218	-2.944281	17.333918	-11.893679	-11.949342	-23.943755
	-8.117232	14.154644	31.457536	-14.036044	-38.725264	6.508318	-22.799148	-21.916753	-19.628502
	-54.781149	19.328082	-9.860653	9.086246	-20.026545	-33.393819	-7.675601	5.747480	-28.989707
	0.037017	33.290888	-39.974512	39.452246	3.063801	-82.496165	-8.376203	-7.755406	-24.482142
	-43.216311	48.717348	17.929922	32.579203	-20.757725	-18.400655	5.240263	9.749765	-1.739948
	-18.532021	59.024623	62.659636	-16.276075	17.203159	-7.659596	-16.130089	-13.450746	-4.254530
	-36.256066	36.885903	61.578759	17.720077	1.141698	-27.604313	-34.098333	-34.218691	57.231519
	-15.828019	37.536086	108.821393	-11.772244	37.942463	-20.915489	-5.799947	-8.829860	63.083877
	-3.224892	29.625977	54.054197	10.895959	30.794403	-35.344709	34.990610	-8.611360	40.641616
	-32.637079	43.639862	57.720796	-13.033600	27.987599	-44.117805	-3.179402	-12.934912	31.360510
	-26.050541	45.268147	77.697311	-25.825582	35.107043	-5.002079	-28.015599	-32.866350	54.822203
	1.019657	15.755282	82.999420	-38.890763	25.095982	25.584100	-27.229567	-35.105276	44.190567
	-35.142873	13.056939	125.177866	-78.666909	-4.098537	47.755581	-27.809502	-28.720496	72.805739
	3.329253	12.219656	73.247570	-107.540572	34.262991	71.126413	-24.048530	-47.018282	89.392572
	-19.712376	-27.189118	94.858305	-91.867744	30.704988	29.727774	-23.909184	-51.730347	82.130309
	-25.328122	-23.563324	28.114057	-80.564556	4.525442	16.519660	14.891649	-26.931692	30.693132
	-22.163416	9.693652	14.706491	-61.490087	34.100249	-26.759199	-8.134837	-28.701690	40.425426
	-55.237749	-30.180295	21.036397	-95.272155	-26.309577	-23.586692	-15.520192	-29.521488	50.053242
	-38.273117	-27.705471	36.197424	-109.806226	15.767022	-23.765369	-17.838593	-64.185567	19.416999
	-68.087777	-20.344594	25.910704	-111.780749	15.582090	-14.075226	-24.455142	-72.475005	-13.430532
	-46.253081	-27.070787	15.009964	-82.988200	-14.703515	-42.953792	1.330938	-53.161497	-42.039085
	-9.830879	-16.587796	-44.054136	-41.053247	24.520009	-2.714490	35.360378	-32.257691	15.063212
	12.712444	9.409848	-13.523345	17.806561	-11.290999	22.921658	74.043670	11.845262	13.395222
	72.302584	62.519468	-19.525520	31.984039	43.474820	41.446035	104.169458	9.202847	58.111864
	77.295105	8.046788	9.000787	-9.563673	3.005597	44.503061	82.732994	-21.150624	86.319566
	112.566579	-1.256869	-27.358260	0.045017	35.901795	61.332969	48.116722	-26.189129	28.117397
	88.102332	5.520632	-10.485828	-21.102666	33.136543	37.204287	72.061164	-10.751794	-5.453499
	52.681702	17.182815	-44.629525	10.892415	9.974632	-24.490405	42.951113	-18.773606	-38.547969
	34.027259	27.780089	-13.657337	8.202847	0.273890	-54.326787	14.713288	-21.121607	-1.807320
	31.724529	43.561232	-3.730631	-33.484375	4.136076	2.578850	9.231465	-17.001543	-21.291062
	-3.348000	12.923002	-1.924598	-73.093932	24.367475	28.648702	-13.481843	-25.048669	14.943984
	-6.357070	-0.011525	-8.939943	-62.993048	30.350521	-24.426224	-20.373215	-29.884190	13.549796
	-35.885725	19.994355	-48.181884	-33.529041	14.440659	-51.129709	-11.957772	-10.357651	-46.647177
	-55.859047	-12.524761	-76.563517	11.279947	-51.980609	-60.858232	12.233546	-0.333540	-21.008389
	-6.569442	-38.232955	-92.021921	-13.418504	-24.899186	-52.535615	7.441067	1.479255	-71.878950
	0.260581	-41.136145	-72.867513	46.489434	0.903554	-34.446283	31.883634	4.547789	-25.088824
	-21.979940	-33.263194	-28.461929	61.111646	32.482343	-48.044646	45.673755	19.513002	-7.496684
	17.389776	-8.925371	-80.685348	80.826278	-2.044514	-49.725318	73.123580	44.352701	-14.768085
	39.516816	-1.415432	-78.251471	80.830527	-39.238341	-22.994375	31.703991	62.169478	-37.750649
	-24.847824	-39.422954	-58.169723	59.008564	-80.768444	-28.844820	3.717916	4.860992	-111.826790
	-61.483679	-55.706971	-19.925782	-28.650999	-63.290624	18.743938	-56.954718	29.201208	-78.153216
	-55.444126	-46.288109	-4.212075	-66.272798	-61.366605	-18.963659	-49.498998	-0.717684	-30.520110
	-56.085969	-17.271644	0.640074	-62.224485	-42.158564	5.698174	-25.799048	0.494914	-51.916164
	-69.722498	-41.683397	1.058437	-68.530667	-61.400212	-5.467041	-29.712157	5.885165	-11.918290
	-30.323130	-68.847568	14.612515	-30.552080	-45.908375	30.166830	9.310983	-2.246919	37.932482
	-16.917711	-24.767377	-23.209837	63.049624	-3.134664	18.796828	59.020359	39.607067	60.180694
	17.150418	-20.578249	-16.865465	60.513072	-31.372700	-10.888010	33.530164	41.970723	5.342289
	1.121360	-31.769398	27.006320	28.003077	-27.977319	27.303607	-6.987893	37.557072	2.555286
	19.381559	-9.389628	40.322887	-31.997551	-5.016312	34.520762	-21.297531	17.110916	5.204335
	-14.119339	-46.952695	14.988795	-52.491093	-22.393491	16.295201	-10.085591	13.185783	7.278133
	30.088864	-31.734999	10.914269	-30.926924	-29.460096	8.315575	8.636165	-2.422579	30.472982
	37.578314	-32.571567	-6.936607	24.075562	-41.221757	68.441042	38.262342	24.115677	59.080141
	3.674797	-27.671376	69.540237	-47.895114	-32.084579	52.667456	-14.214678	-1.007247	54.724858
	-3.270943	-35.964994	48.350292	-54.437747	7.969056	73.372660	-24.515122	-6.747234	24.434803
	-8.989394	-32.725301	43.824595	-71.349269	-44.356156	27.516270	-28.057117	13.895996	49.546824
	-1.349124	-54.149221	48.567774	-59.156297	-49.204105	39.632926	-34.441410	19.941635	-2.756266
	31.729386	-47.422419	-16.903389	-2.009603	23.881759	8.364913	-40.179164	-11.043387	49.409643
	23.000439	16.045189	-48.587776	-9.745211	-2.399263	-42.813088	-61.467228	43.227837	-30.409513
	9.033467	-2.811570	-20.082367	-7.148069	-62.020306	20.657847	-68.368414	23.826604	-95.495005
	0.139460	-12.085131	-20.565524	0.768181	-83.439323	57.455314	-52.090713	14.584312	-55.380986
	-30.161591	-15.019608	15.391104	-41.035761	-72.178069	64.754245	-65.804176	11.089374	9.439667
	-39.363653	-57.644800	-37.000129	-36.101399	-7.774463	38.639665	-23.472385	-26.465309	21.805174
	-22.817107	-37.147658	-21.603309	-0.558470	7.553389	13.593000	-20.953782	-13.679629	36.489927
	-19.283008	-47.090079	-13.185858	-13.238364	-4.969625	-19.189693	-24.099507	1.506306	39.421719
	-15.313415	-74.635666	-10.945984	-28.013963	-44.270160	30.660209	-75.566970	2.914446	11.930837
	-35.269031	-23.062466	21.778333	-16.790702	-12.777035	-15.497395	-58.356809	28.231772	25.895831
	-48.374793	21.992327	-15.061650	-17.412382	10.296182	-10.785212	-21.274322	10.268971	28.369801
	-58.725922	-31.293851	38.158134	-51.332584	-7.501781	-15.433128	-103.386077	-2.664159	-43.429549
	-46.046127	2.019132	7.371845	-18.366817	23.971170	-4.265375	-11.776022	-6.047826	-0.186543
	-44.085041	31.108336	-17.588431	11.501444	10.571179	-27.410599	-40.507140	-8.553018	-85.821494
	-76.440868	67.989665	-64.764383	-4.520086	-4.273429	-57.226063	-52.024426	-9.169579	-133.978919
	-33.201445	84.981313	-52.652136	26.779810	28.403216	-43.714623	-35.685671	1.578101	-92.638295
	-89.375639	82.210492	-67.732919	51.829998	61.472117	-80.720136	11.019713	-3.339801	-93.895011
	-95.520744	77.871852	-44.769991	-0.561491	28.524767	-84.226738	-11.829416	-21.371256	-10.530000
	-74.464234	21.906779	-15.109560	-23.091166	2.420871	-56.463238	-30.007499	-31.705369	-40.673525
	-33.379578	18.978623	-42.347774	-17.710159	-10.583658	-64.309577	-88.606784	-36.840310	-68.050041
	-42.059684	23.464971	-42.402898	-14.042814	-6.471734	-60.696317	10.102215	1.247836	-64.026361
	13.936380	23.674447	-42.553342	23.857935	-8.776629	-73.422896	34.593896	6.212964	-33.945673
	10.762333	35.529948	-26.150290	11.093817	-23.998006	-66.283750	-18.381348	-8.758235	-33.369816
	49.327961	49.667657	33.507151	-4.280609	3.441348	-5.843364	4.355102	2.572443	-13.761407
	71.060520	62.495578	29.336004	-19.255945	22.708569	-4.234100	-9.355155	0.568472	5.831361
	22.751672	37.236491	136.257190	-0.803394	25.538388	-14.303916	-19.884220	35.528366	42.898880
	-11.848000	19.104659	87.650495	-29.121859	-31.492543	22.149992	-18.619587	19.007970	51.407564
	23.385412	-14.032437	56.030119	-51.465294	-2.754382	47.993211	-18.633350	15.501575	130.424046
	59.965855	14.598989	63.566279	23.097175	19.619828	26.576894	-21.891199	-0.704312	82.173124
	21.723660	38.632237	18.406053	19.214857	27.568315	28.801045	-4.604524	26.620641	88.113489
	43.080392	39.217067	15.266655	50.237517	14.507737	47.864620	-2.998588	30.172270	42.694335
	49.753179	37.053498	-1.815884	88.710157	-27.395974	27.377813	58.191767	40.674583	32.544089
	44.299458	30.016830	37.095706	103.741673	-21.068481	23.830020	71.387769	4.311950	30.216108
	28.301830	15.235410	14.924146	6.124958	6.438713	45.475307	30.121747	-3.584527	50.100366
	83.706944	18.220214	-8.785039	23.025483	46.965109	50.980016	81.640495	23.465469	91.733432
	38.650023	-17.422493	-26.408281	38.646668	8.649748	-32.088485	68.214260	-4.083565	34.463509
	3.344825	4.335142	15.970475	65.693747	18.585861	-37.597870	33.373640	4.646131	19.485577
	10.733058	1.627682	-30.119581	4.177949	54.692863	-52.199305	24.518809	-22.685039	15.182233
	-24.766097	19.506068	-27.988002	-2.534374	2.417736	-61.865813	4.774270	-18.386751	-7.530171
	-36.067139	17.970818	6.465627	-36.607151	18.702652	-13.263152	-40.856844	-18.432536	-6.158199
	-22.751599	9.033372	42.278744	-6.474177	-22.427193	10.341616	-49.141144	1.659914	3.968359
	25.329999	25.306452	32.142160	26.929062	22.362442	-6.631123	12.228948	-16.971854	50.812222
	43.472713	36.795418	78.378953	19.586841	-1.765590	-15.669697	9.276078	2.884444	45.352611
	22.472223	35.340868	68.441294	14.742887	3.657422	-13.333862	18.236185	-2.644583	71.793467
	-3.239382	-6.146661	22.970809	-50.672276	-2.200304	-10.028304	11.381624	-9.097125	52.874936
	19.750707	-11.117990	6.520245	-52.838157	-39.301960	-4.687336	-50.752728	-27.342438	32.952169
	3.890783	4.440537	5.695266	-4.416696	16.711602	-16.661242	-4.080627	-1.727827	3.410352
	-10.322292	23.827614	30.992997	36.568234	17.685429	39.130603	3.895889	-4.606180	32.836231
	-5.124442	39.006998	48.601488	43.052621	4.569715	22.375382	18.312487	27.907946	37.818323
	-24.792191	7.801060	-7.975958	89.779130	-4.612765	-28.067692	37.151293	39.507318	61.972903
	-18.031500	21.417966	15.482034	77.310465	-59.441559	-5.342482	26.872121	51.470649	40.182114
	17.043247	-0.630159	-5.605677	67.009332	-64.216235	-20.837085	17.150745	61.625626	2.782156
	1.812969	7.796533	-8.561962	61.557062	-20.201645	28.078614	-16.599687	17.150578	-4.796235
	-35.843709	15.081226	-27.699918	52.637187	20.323212	-29.160915	53.043964	49.665934	-64.095945
	-37.803562	26.485386	-71.563395	51.152796	38.340413	-61.564315	20.420317	-0.077488	-18.623494
	29.112699	23.760908	-67.370463	64.093473	42.713755	-22.704410	45.810605	13.013608	-22.543150
	9.927402	36.210962	5.525005	54.555652	14.440636	-30.061477	16.310406	-15.489362	34.794253
	19.552013	35.856514	38.935942	36.136764	42.540134	11.402108	38.627703	5.973243	52.351021
	26.751168	8.633339	65.951341	-4.274671	30.171892	11.454645	20.979933	3.659275	128.478311
	79.597499	-43.275343	60.318827	-31.556607	17.334684	30.069922	-8.068290	-27.589439	126.899496
	52.402032	-66.763047	59.512273	-67.323854	-10.882745	77.307525	24.734601	-39.033661	163.611849
	69.401015	-44.314257	97.595939	-51.120298	4.009465	57.366425	28.354962	-50.834262	110.932959
	37.639501	-36.110078	27.360993	-35.858185	39.860047	31.729095	18.722080	-20.722196	56.756159
	34.325621	-61.927055	26.618515	-23.390415	17.855652	35.199329	-1.713736	-25.755111	34.155723
	37.251806	-64.765352	11.582932	-21.645122	24.937852	6.541051	18.053229	-17.380173	63.480501
	36.941725	-106.972333	-8.424908	-9.898011	20.403801	-4.915090	4.294549	-22.747767	25.976633
	29.722396	-90.490874	32.285054	1.645125	-12.340144	65.083091	0.051077	-0.075557	19.795192
	55.063572	-70.777622	65.435508	-29.771548	-5.389414	50.421293	-0.380048	-25.825444	61.723278
	62.419200	-72.981007	93.309047	-32.948619	-3.337847	69.271661	6.728440	-18.420551	71.429362
	41.947935	-61.886901	95.993761	-42.825222	18.980039	60.235243	-13.230551	-26.950651	82.956073
	47.975572	-48.734019	84.195436	-54.268365	17.483060	24.637930	28.385945	-19.082638	143.529535
	48.015013	-67.286077	87.045793	-8.071546	-13.841339	29.932258	24.682274	-2.844409	79.625259
	44.415595	-69.877894	78.563949	-7.493339	-21.465511	23.090307	-1.257177	-22.533114	45.217577
	59.518881	-66.779218	75.048061	-22.372253	-34.387070	23.061515	-34.447688	-10.708271	99.248994
	14.031373	-48.602821	83.827862	-52.321628	-3.187394	22.024773	-34.315366	0.092838	47.883117
	25.952944	-45.269414	24.175257	-0.119777	3.743390	15.335474	-27.723127	-3.694227	56.824075
	3.161394	-42.988800	1.408303	4.141549	-12.242491	29.846924	4.890844	17.292251	52.728782
	55.668817	-67.191077	-14.150484	35.950105	-8.371292	-16.721734	10.300303	18.520885	35.763348
	50.499041	-29.148098	-55.132708	19.041429	-15.243462	-7.360249	12.297042	31.202132	-24.054511
	57.679133	-58.864710	2.645318	-8.261922	-39.506206	3.194348	-14.312132	4.835883	-8.830748
	43.538852	-57.098892	55.358856	-26.355498	-30.008862	68.161175	-27.894853	7.376900	60.443675
	105.337885	-60.173318	29.374382	-34.201557	-25.614713	23.869672	25.799493	-16.474317	19.988148
	38.599432	-52.854604	76.548809	-8.149180	-31.536643	63.490761	-22.040655	-38.189902	42.663235
	98.113921	-44.037001	44.063172	-43.997780	-39.027058	41.797569	-2.855244	-27.438714	40.808772
	83.815228	-75.986964	9.600728	-78.752595	-56.425307	55.849894	-45.057612	-17.562110	29.132432
	74.251116	-51.388046	55.919821	-69.923726	-27.260514	103.796675	-30.689955	-38.186034	37.470966
	87.663142	-66.077866	4.605786	-70.424064	-18.169917	102.841694	-48.692119	-62.700605	35.443236
	96.318463	-68.539620	-106.017344	-32.029762	-19.786831	48.544903	-2.824337	-18.957062	-46.516365
	51.825384	-38.675007	-59.319625	-73.993268	-71.858992	35.095791	-20.467153	-21.482408	-84.103393
	54.224306	-47.554758	-22.876244	-51.019403	-39.152538	18.748405	-68.653216	-33.592435	-31.569495
	34.611418	-12.045257	15.595824	-90.870759	-8.527189	76.053878	-65.774768	-54.834858	-9.694557
	-19.431255	18.223198	-34.406602	16.671909	0.332373	3.019523	11.641259	18.483552	3.605790
	32.141767	81.879106	32.892525	24.347306	75.795939	52.192189	49.406758	20.689948	-35.077393
	-9.685066	83.814016	15.628608	22.940723	9.219337	46.512572	81.344537	15.298178	-16.509916
	-30.375619	52.540829	-3.526401	-1.703793	-4.933158	-14.799907	32.345992	21.236997	-43.335362
	-20.737777	37.517653	-26.872126	0.635548	4.747887	-48.240337	2.968726	3.742279	-1.208658
	-36.632893	5.397855	-17.085701	-16.790262	26.292589	-75.698442	-19.949061	11.161241	-11.140111
	-48.988075	0.058429	-40.599282	25.785150	43.386637	-122.135321	14.280555	-9.460551	-24.019217
	-55.557535	-17.553060	-58.003646	20.936584	20.221254	-104.223498	-11.743896	-6.239259	-80.122435
	-40.233023	24.005610	-43.484522	-19.862457	55.203261	-50.396543	52.267748	-10.274421	-64.196598
	-64.405800	8.185541	-106.951471	36.214798	26.371878	-96.298780	64.417606	22.057302	-102.202453
	-44.146469	29.861397	-45.035043	12.073273	-7.222482	-93.129361	49.803466	7.113584	-38.254452
	-59.987762	55.002438	-28.231922	52.635052	-15.758548	-68.713518	18.317800	14.870178	-17.096197
	-36.921634	85.444354	-40.213015	46.641984	-13.417244	-55.399145	19.160632	37.592290	-71.786184
	-38.614590	71.719298	-56.207047	44.769406	-38.511114	-62.215866	-5.470907	12.846168	-136.339821
	-60.439602	75.273933	-86.781050	30.107743	7.885876	-46.416652	18.162692	30.434698	-138.147667
	-70.112904	55.087810	-91.424122	89.109497	-20.286277	-74.822222	15.937927	41.283368	-85.073927
	-37.129903	39.371746	-79.501601	65.325725	-16.405248	-36.036429	38.265949	53.847787	-92.228711
	-67.079473	50.625872	-76.983453	54.352610	39.264130	-49.488997	32.325142	53.473223	-79.405431
	-48.134743	66.537019	-93.350213	52.682365	47.901682	-74.514309	38.011444	11.697015	-83.303508
	-55.374215	74.565055	-47.928731	54.810766	66.817181	-43.222518	43.437099	5.855238	-115.647402
	-22.843078	69.203036	-39.534445	53.610499	69.918818	-42.691688	24.027472	7.025798	-95.742527
	-35.243577	54.051195	-48.634550	54.237972	39.958636	-40.417452	12.700605	17.794240	-87.896752
	-17.911557	26.041849	-41.310342	30.899551	36.100468	-15.430198	41.422021	1.705967	-55.140396
	-31.090359	14.108364	-22.600442	44.940254	18.295975	-3.126931	37.981327	-18.432395	-74.373666
	-31.131213	12.541381	-18.120757	69.783112	29.450296	4.245482	4.703887	0.922766	-20.796763
	-11.354645	1.639932	10.238478	85.692729	41.722946	17.957401	47.379886	1.012116	38.083660
	2.444597	-28.888459	-2.066847	-19.225905	-2.158870	40.365075	40.332460	1.123007	66.328350
	-36.112495	17.378220	41.358299	-120.164551	5.655896	23.319559	-32.250943	-35.520321	59.887985
	-21.258078	-8.121732	35.995430	-164.170960	11.117553	53.038063	-57.196803	-76.051953	88.630765
	-62.833920	-26.750458	-7.099935	-97.545149	2.548765	61.647441	-44.157072	-59.177656	96.127086
	-26.801620	-47.244533	31.694411	-82.846022	-39.086951	66.111158	9.223199	-54.315830	59.859561
	-10.954634	-38.472185	20.423129	-37.941972	6.762614	12.426450	47.220298	-39.175152	81.954630
	-22.746136	-26.862399	-9.330285	6.470991	-6.154955	-20.902679	16.725928	-6.430786	35.829003
	18.818886	-24.445919	-21.049841	-12.959055	-6.299353	-4.873721	-13.496041	7.129226	6.118427
	-78.089760	45.677160	-11.162803	-5.364399	-18.102707	-14.895959	-4.040878	-8.620785	-86.234051
	-71.289328	23.540522	5.919792	-25.142725	-36.388729	-6.432360	-55.576514	15.416763	-38.428367
	-61.714839	16.753634	61.366066	-25.903481	-65.817415	30.896492	-30.024685	-0.150486	24.379069
	-80.849237	43.968724	33.120771	-15.651780	-45.937064	9.118134	-56.228106	3.035450	-18.230318
	-79.351269	-10.604301	-5.866550	-25.820115	-93.643497	19.575240	-88.685429	7.659797	-66.933379
	-148.484153	-2.001476	1.271274	-73.254389	-80.578243	-16.752126	-103.653128	-37.604902	-78.162684
	-134.486565	23.534251	-14.549914	-81.970451	-49.566944	-0.558834	-69.557500	5.708120	-97.486441
	-129.049530	35.167816	42.479818	-57.154517	-54.972891	-6.372480	-48.511923	-3.764873	-54.811879
	-89.473252	5.531291	46.771184	-24.827916	-51.702200	8.978228	-60.035240	25.320289	-56.948361
	-99.511948	42.747278	-0.197012	-7.995006	-36.338205	-14.211346	-43.866851	-11.265789	-22.307316
	-41.701926	51.951928	20.231924	9.531655	-0.475807	-48.376411	-19.608744	-1.796379	-23.019143
	-66.169087	46.785745	9.808717	22.104998	-7.468177	-50.938740	-14.576265	0.320491	-42.255673
	-11.111123	7.467216	14.310739	-0.362969	-52.714235	-6.887723	30.101707	11.299489	-3.966430
	76.888436	3.491627	-21.550843	25.902648	-2.620526	-28.393013	58.606895	-10.206265	-20.452542
	85.753279	45.829818	4.068130	10.496058	67.839387	-9.307691	81.584768	-22.152382	22.274704
	48.679273	71.268423	5.331111	-8.683316	61.860771	-29.375764	51.363274	-24.766789	-9.646655
	58.128203	52.769935	19.518945	7.663159	67.659785	7.385796	13.064666	24.600805	-8.429333
	29.639626	54.121350	-6.047422	16.193058	22.788261	-11.436557	15.338331	37.454395	-60.008106
	67.426974	56.826766	-26.642024	17.846032	18.604780	1.719746	6.110613	15.253541	-57.302099
	71.124644	32.219982	-26.420170	27.340046	18.875129	28.364840	16.594997	11.113189	-38.661038
	16.680772	13.074894	-65.926360	36.724033	10.851576	-1.847627	25.923812	24.207119	-35.897506
	76.980421	9.794800	-55.277076	50.489271	45.645297	-17.588470	45.755981	-5.915366	-59.792304
	25.709296	2.638607	-98.718330	69.723244	54.851352	-13.820018	50.987886	44.534330	-87.167598
	11.358817	42.100547	-48.555701	75.836629	52.450694	-27.821817	11.005609	36.048624	-34.306842
	30.071422	28.050571	-40.890323	70.962254	36.573460	15.190423	7.414541	29.629833	-31.378191
	10.237389	9.453107	-7.857063	49.921829	16.856071	-19.160328	13.298153	20.809372	-16.518297
	45.320564	-7.010577	51.054979	35.218036	14.448018	-28.514354	15.632250	40.742020	16.837037
	24.263065	25.442175	4.601815	46.101182	-7.381578	22.977619	-9.759220	45.008619	5.343860
	-15.258272	3.670716	14.540087	51.913595	8.177070	50.591297	32.367962	32.052743	-3.643337
	-13.665326	3.087799	47.629638	25.029586	-23.849320	58.820327	-34.770848	34.359523	34.892140
	-42.275834	16.502708	31.710783	21.294996	-16.357611	20.697748	-30.452562	28.845951	-7.628227
	-33.798618	-6.123976	41.526229	12.578906	19.518483	35.980576	-50.536079	8.009475	35.934113
	-44.360089	-21.926626	47.358383	21.526798	32.002929	28.424188	-20.320034	-7.253437	84.604259
	-9.631891	8.470189	55.869574	61.091380	49.523159	2.545541	34.343583	28.942915	17.258717
	-34.032241	34.939827	29.805095	78.998010	20.715431	3.652634	-10.434731	31.731126	23.024337
	-15.288393	0.092137	38.577496	54.554033	12.845942	8.909567	-21.148472	47.828787	-41.549628
	-7.317494	11.961022	1.767750	107.233658	19.713155	-8.633468	18.807719	48.813640	-37.437738
	-16.152653	3.105804	-21.986863	54.763653	22.182996	6.322740	17.973647	46.867626	-25.259565
	15.707882	-2.455517	-31.298378	46.347675	52.605743	-26.424897	19.500102	15.126694	-19.296487
	27.380785	33.432385	10.781969	32.745433	95.691198	-37.620094	23.960705	10.769685	-3.852635
	50.352596	25.718376	-50.436652	24.795436	80.869966	8.918134	39.215921	-5.921305	0.559707
	18.550312	34.676228	-58.524137	32.066792	27.214092	-1.924016	25.772961	9.401390	-25.552228
	0.065366	44.567482	0.889833	24.476022	34.769481	-13.470083	-12.039358	-2.422538	-15.794040
	21.616553	17.590143	-14.363708	16.241113	17.080367	2.694612	-25.201977	7.430039	-28.632726
	25.446767	-8.796699	-11.598386	-24.390773	17.898973	-11.318524	7.784446	-10.162586	20.966597
	-4.004252	1.424441	-35.497771	33.234559	39.403269	-55.972540	1.032533	26.421647	-19.651656
	36.493232	22.275811	-4.431281	10.557360	32.559098	-39.196847	19.323327	-17.404074	-72.285535
	8.945717	42.867776	8.900500	2.159014	44.093332	32.594328	-2.387894	-4.860982	-18.642182
	16.788034	45.673783	-1.633403	2.596934	20.210058	-8.091014	-3.845717	-18.372589	-36.532402
	-9.659675	39.523976	27.217377	8.908323	5.484467	11.447337	-0.657581	-38.242725	-0.625174
	17.230289	-1.633835	66.631282	-23.089130	47.275152	26.427207	0.559360	-8.088382	-25.433049
	9.049906	-2.685903	68.263969	5.014101	53.140262	34.329879	-23.362710	1.223755	6.779579
	-0.209693	-10.500326	87.999402	-14.290818	69.378701	45.360500	-9.869681	-24.287874	24.132704
	30.274354	-29.303633	92.554524	-28.107955	33.383437	15.194555	-58.334690	-22.211490	35.461839
	28.524417	-31.706388	-7.647858	-45.574381	20.324828	7.422309	12.696756	-29.931558	-9.751058
	34.182448	27.812039	-44.561458	42.427703	-12.746754	-28.091675	-19.924560	14.760963	-36.623239
	19.150159	6.090498	-53.497313	1.391134	-9.278141	-2.148441	-34.320075	7.464479	-72.867647
	19.215709	5.463121	-62.411089	8.118195	-10.242090	7.712136	-66.085068	13.991987	-79.155246
	19.343193	-22.874065	-31.998261	26.163266	-14.352407	29.985014	-66.759424	16.251315	-67.035568
	26.771189	-42.605853	-42.478914	-4.809983	-22.289295	29.936417	-35.807838	-1.619308	-48.294154
	61.727113	-7.919696	-14.105059	26.144469	-11.496941	32.901543	-41.248985	-20.177790	-25.916869
	50.091808	14.953267	-36.122495	58.445036	10.700227	18.392128	17.495246	-2.158025	-8.584031
	63.353998	-11.994728	3.088841	-18.488358	-8.323012	39.196370	-46.071254	15.078583	-5.555409
	30.970247	7.097575	39.234260	2.810692	-4.351899	7.909061	-39.652154	-7.916738	46.083424
	4.505768	-1.802390	49.969446	-23.979464	-13.531920	26.606933	-31.946809	-33.356130	26.196757
	-50.153684	7.447968	69.772001	-26.284067	-11.408160	27.569563	-10.252903	-7.505790	-42.505426
	-8.320423	5.153632	48.521301	-42.635380	-52.778026	9.885202	-20.612458	-3.123523	13.238039
	-32.809886	11.837245	-5.105488	-10.018022	7.666592	-10.965319	-7.345250	-22.049466	17.716936
	-14.176094	18.363258	30.845027	-57.277579	-19.773530	-65.825781	-7.945034	-10.659664	28.881351
	-41.709112	-14.065822	-60.199147	-57.864414	-26.137164	-74.512919	-28.948855	-16.417718	-35.978928
	-101.149468	-23.190859	-96.158783	-79.669349	-89.547942	-7.726759	-93.508879	-47.473845	-91.980598
	-26.535708	61.943274	-80.344922	128.064257	22.434380	-23.261633	60.105725	52.508000	-61.794011
	-14.921191	-5.322418	-99.713577	8.195901	-25.994476	-30.135485	11.821454	9.812009	-66.412651
	31.650730	-13.793608	-71.539397	24.645065	-1.664837	35.313832	46.221693	10.216729	5.733276
	41.841056	-23.714537	-49.092365	47.035370	23.135086	34.291496	33.337285	16.705766	-14.259263
	139.355595	-37.005985	-24.524556	10.445079	31.198574	37.737449	72.519871	-9.600884	38.781989
	118.857569	-65.470786	-7.198419	8.780241	38.370783	14.170511	126.506747	-37.846559	84.973065
	99.496489	34.404265	-3.827511	18.607647	71.091392	43.905123	84.955654	-11.181810	102.685943
	69.614763	18.071034	-1.043612	24.211757	44.247961	24.327724	104.480478	11.328161	75.906704
	35.818534	-6.172104	7.979755	31.397850	45.909986	34.897983	79.988465	-2.467578	18.662123
	26.966260	-14.995639	8.339523	31.788462	51.377599	23.485012	45.398573	-15.914462	73.058837
	68.548293	2.475522	65.575618	39.629269	43.593560	5.870373	83.460437	-14.720601	68.731798
	-14.168342	-13.581632	-11.944895	-12.557783	44.569290	-50.038493	14.939645	-1.319247	55.636747
	6.580207	5.375803	-75.478471	0.552954	33.701220	-68.849684	28.877920	-13.631991	15.320556
	13.383610	-3.356661	-82.848428	2.861936	3.378734	-114.083007	1.420182	-28.721787	10.800517
	-4.814481	9.193367	-100.090902	0.212906	-0.570417	-88.756675	16.416244	11.991833	-49.227860
	-6.845589	-11.350288	-57.359994	19.815628	-8.125863	-92.951440	2.198895	-7.007195	4.339855
	-18.530155	-31.383468	-19.788306	7.344153	-31.495447	13.832186	8.661743	18.130629	39.177471
	-16.829409	4.426084	3.164126	-26.610215	-25.048509	72.594299	-20.716650	-47.691113	30.980979
	19.030777	-22.563411	-43.057464	-22.517775	-34.565454	86.713964	-8.043100	-7.276658	8.928467
	-66.106742	7.266890	-16.975599	46.736903	-9.997368	1.887800	-8.983603	48.521699	28.728606
	-63.663666	27.047631	-55.555219	81.516886	-30.241121	-24.819440	-3.199823	54.595326	-96.926281
	-95.087523	59.164798	-41.781827	81.989987	-50.040495	12.166055	-16.190970	62.556819	-102.171958
	-118.167557	68.524012	-48.307890	44.488554	-36.707529	-20.578087	-64.404953	38.743496	-101.182950
	-92.691164	90.204187	-38.818534	45.307037	5.433386	-75.772654	-2.596975	63.972451	-77.304766
	-62.272651	101.449736	-41.514094	38.506907	21.095159	-61.610249	-2.655880	36.670760	-85.340612
	-35.545282	107.311961	-42.954633	13.360822	59.619995	-74.336780	-21.487285	3.093238	-64.063021
	-51.546715	89.045427	-4.595799	-15.343624	35.271211	-26.250602	-27.193661	2.402195	-67.735752
	-65.052133	60.653433	-18.603607	34.254799	8.827265	-37.181589	20.521456	5.644129	-28.085182
	-96.908977	41.756876	-62.814465	58.486868	-8.003514	-60.588268	-3.745771	23.987118	-58.229085
	-123.459545	60.681625	-68.028052	58.168532	-24.315064	-40.877957	3.168615	50.943860	-63.763214
	-92.381394	61.190087	-68.967217	73.598236	-31.321583	-18.319171	-21.998808	71.635779	-90.825392
	-115.991971	84.866840	-35.063773	69.490155	2.989416	-26.017425	-24.666207	55.936248	-95.056016
	-25.147601	55.653159	17.508447	64.992581	-13.345000	-3.040618	-45.180392	47.878699	14.752786
	-59.807756	-11.032159	38.636892	-21.104209	-70.002746	21.006564	-60.216495	54.423842	-58.383299
	-59.418267	-2.882685	4.509939	3.663870	-61.944494	27.999040	-38.630865	5.216019	10.190991
	-72.700415	-16.931972	7.700684	-20.276726	-63.830249	21.633648	-53.006642	-16.837614	-31.361066
	-39.471499	-42.465097	50.248761	-36.227391	-38.365683	-13.423692	-64.223280	-23.540156	-11.595822
	-114.373117	-5.819588	5.038591	-46.536316	-49.056016	5.628101	-109.085112	27.412224	-24.462460
	-92.022833	4.456361	-14.108615	-39.522648	-53.431149	-24.521333	-37.636897	2.930657	-81.815912
	-63.254266	3.506738	-20.241224	-43.638389	-17.804061	30.891055	10.951174	-5.911766	-31.814740
	10.559027	-26.839510	14.265787	-34.754514	41.629053	7.841178	40.122526	-14.301252	8.326535
	37.704247	13.005921	-4.479793	-27.213350	42.985522	2.699629	51.376858	-35.389530	-1.167611
	67.043813	27.279499	-4.107301	-38.403022	37.477762	-25.358559	67.737331	-29.417221	-3.377622
	78.968473	39.754311	8.425812	-29.967828	38.388930	36.919859	58.679767	-49.642479	13.504445
	88.462353	16.085793	2.628491	-41.061726	18.613910	2.959496	-3.827952	-15.662723	10.025463
	40.400143	18.949510	-29.962937	-2.822456	31.410848	-25.198974	27.881432	-4.481317	28.531201
	78.801543	13.012497	6.018577	-49.283128	-11.302643	-11.046795	14.066225	-35.779372	29.321536
	42.762793	-7.355080	20.218762	-80.804315	-25.238967	20.684481	22.045781	-19.984014	7.907857
	32.337674	11.039171	-8.262062	-42.135970	13.945272	8.174599	7.305579	-14.386639	26.575829
	38.471287	1.324565	-37.446462	-10.903873	21.621472	1.301324	8.675907	4.786745	-46.029908
	44.415863	-12.211449	3.072239	-21.882991	8.070155	5.910753	16.385712	-22.567796	-18.548104
	32.579740	-19.187459	47.402451	-70.990261	-15.149851	27.541558	1.226791	-41.994326	28.855058
	23.255008	-23.163072	27.335626	-29.000451	-8.015934	78.594678	26.312291	-26.051288	51.950431
	18.859014	-32.014310	1.945250	-12.863247	-27.151103	11.730948	10.987959	7.104134	49.131650
	17.648537	-16.422290	-17.051215	-30.529780	1.494886	9.724044	12.429659	-8.214595	44.485840
	4.204231	-56.488006	17.771847	-42.193892	-0.792040	-8.757416	-26.201072	-17.712717	65.388722
	48.568548	-101.537105	41.616614	-44.038828	4.137628	-2.450390	-33.128363	-25.322375	122.246821
	65.842266	-105.548344	-18.528458	-70.664382	-23.684884	2.042487	-0.976038	-40.432779	70.245074
	27.344723	-99.429302	37.895474	-67.548028	-9.510958	36.910651	15.948744	-53.772322	44.101790
	37.996341	-77.078645	50.748474	-35.112034	33.924673	28.222919	3.440096	-36.947748	74.106314
	43.729310	-76.652947	87.473063	-47.426817	15.686832	60.328927	-17.469383	-30.962380	116.236005
	1.888372	-48.140729	48.645727	-55.456300	21.770201	9.286518	36.606831	-51.914046	129.568831
	47.306694	-44.767601	9.934951	-8.332031	2.947933	35.792024	21.800138	18.959601	35.616522
	41.096597	-27.201449	40.541988	32.787114	-11.419679	11.261165	56.031526	8.219302	69.350858
	52.502250	1.444148	85.543402	11.693037	25.378619	28.133648	69.640449	5.663948	62.196866
	23.059491	72.078276	22.028441	47.070663	58.402097	4.047881	58.480443	27.245507	55.738700
	-2.687762	93.769006	10.594447	76.143401	57.143241	-28.723970	79.312964	15.956798	6.358651
	10.858145	71.089984	13.263237	31.529332	58.344985	-21.059497	19.860143	-22.525845	-18.503555
	-3.329464	83.396100	-13.913052	32.862778	55.133226	-14.131834	6.572908	4.515743	-63.973514
	-5.728208	76.317139	-40.413686	58.095130	52.324243	-17.568754	37.678270	-4.864548	-108.684099
	-9.609048	38.785582	-42.535687	32.608666	37.198659	-16.077212	12.445970	-4.317551	-105.578311
	30.518838	40.842907	-41.251341	40.671158	4.575056	-59.795601	23.404600	5.778188	-87.685672
	-24.832713	29.484590	-24.638534	9.344307	-51.983160	-71.947340	21.885857	12.378971	-100.177829
	20.046365	-27.945183	-89.832806	4.688157	-49.478446	-62.865085	34.101159	-5.565324	-39.243001
	34.371804	-65.460355	-77.644816	-13.658251	-43.074602	-38.817607	24.885842	-35.963150	-26.091558
	108.955166	-67.443020	-22.846036	-13.220650	13.948910	34.521449	35.794792	-31.157581	49.522788
	53.593126	-104.958339	28.871341	-97.397641	-0.072714	27.334029	0.422041	-31.068680	35.892443
	121.726031	-70.221338	24.161461	-33.286437	4.219416	86.458993	36.369933	-12.268573	114.282132
	164.365796	-61.986462	0.839396	-72.108932	21.262446	50.569722	49.430916	-46.379566	65.774964
	162.881338	-61.537637	8.602279	-33.131999	23.323004	81.370189	27.480563	-21.771286	52.642156
	155.705489	-60.021725	-20.736247	-1.699286	17.317659	63.414352	52.619906	-21.960145	84.199662
	156.093769	-56.943856	-18.119589	12.489384	53.911958	111.851493	53.455220	-14.664985	17.605556
	95.486440	-82.571659	-49.232644	33.502673	3.710317	65.961418	20.360752	21.063333	21.452481
	75.735598	-81.681089	7.249505	22.670710	2.775219	84.642768	-13.225354	3.688274	21.655779
	-2.887272	46.604014	41.147211	27.070844	59.975886	26.808228	38.870506	11.773691	-31.063365
	23.948436	-6.552426	39.824280	7.621773	-8.549077	58.879283	13.932705	-2.504063	-13.912825
	-20.584921	10.818375	10.085507	-4.719893	-14.011442	52.159137	12.095058	14.843017	13.599935
	-5.392106	-29.953290	10.204304	-48.617768	-53.310715	98.809084	-24.273698	-34.642166	10.982393
	19.665900	8.231213	18.960480	-9.346036	-3.624438	-2.905445	24.711512	-9.954128	1.302918
	-8.840151	29.179115	37.739513	-7.374956	-14.302264	13.235253	-3.336749	17.547167	0.929426
	-31.759542	-8.950813	43.372142	-2.616119	-15.181115	59.113057	9.236122	9.275797	19.629995
	-10.367015	9.146881	91.529846	2.299890	36.289840	57.500835	-31.682477	-31.407201	53.891797
	-38.320951	11.905388	93.997240	4.231057	36.571620	7.815975	-10.105558	11.128646	48.636842
	-16.628779	-1.645240	79.801751	-1.612972	40.908138	-23.297224	12.643809	-8.885724	33.151673
	-65.870514	12.120516	108.892719	-11.281036	0.982786	-52.978715	11.189904	17.190176	22.207699
	-36.658124	7.263356	64.633896	-45.268387	1.722249	-36.371231	-16.137053	-15.775576	24.734822
	1.265091	-1.895401	102.733352	-41.563579	27.150729	5.856617	-23.668640	-32.414156	20.028299
	-13.869583	-24.273636	87.366101	-25.607713	54.880035	-3.500402	-33.284866	-24.657214	23.709944
	-47.017068	-31.324862	-18.061096	-5.513715	27.865030	-16.394646	-0.235018	4.706860	-15.701340
	-23.064281	8.288468	36.658460	9.842549	-26.743819	18.399411	-31.715764	27.133206	-13.929576
	-59.360498	26.960780	-6.468747	5.791612	-41.163434	10.442421	7.174307	20.125463	8.696193
	-71.433096	41.533096	-9.346804	56.522955	-17.803872	3.981523	-20.056243	34.924710	15.788683
	-62.889763	2.431636	3.112361	-2.218254	-25.210397	6.718824	-17.756031	22.741565	-6.196381
	-57.912973	9.682335	-10.534674	-3.247532	-60.100019	-10.468221	-51.505140	6.758167	16.200900
	-58.031166	-8.370778	-26.146340	-44.945545	-53.223893	-9.706441	-71.905495	-9.358758	-55.088828
	-39.967923	-11.445967	-20.538709	5.092900	-39.679850	-1.861031	-25.682166	-0.777695	34.842467
	-0.599783	4.748957	-38.574999	25.092275	-23.616114	-29.156507	11.666178	10.851058	31.736899
	-25.534048	25.305499	-27.358132	95.077490	-41.765637	-19.663803	2.273911	50.752743	-18.595631
	29.872395	28.105954	-56.634003	83.172277	-27.423613	-11.548304	61.966447	19.805170	-39.715227
	22.696325	61.883258	-15.139234	36.910872	-32.598421	20.538963	-16.914184	37.203274	-12.959884
	-62.037555	57.381307	4.259561	3.389755	-38.323602	39.556798	-34.042043	17.669096	-15.965118
	-65.821243	34.343306	-54.866763	-45.280363	-52.955133	18.230561	-62.861673	7.952022	-50.369808
	-74.687813	2.860351	-33.960807	-18.214867	-83.244682	-19.715433	-36.967819	26.571403	-69.764419
	-55.364580	-17.708217	-85.334850	-15.354963	-50.545130	-39.538933	-34.972433	30.175201	-47.688593
	-43.829674	-39.809571	-68.847768	64.592288	-71.945889	-66.393182	15.396267	51.985640	-42.622127
	31.116740	11.485977	-26.742346	75.872517	-22.063943	-36.468285	37.528088	48.749010	-35.689839
	4.275540	38.185889	-45.740672	101.661944	-44.558583	-31.715795	27.074481	60.605950	2.294157
	10.212693	70.036303	-24.269821	47.889243	-28.875371	5.282884	-3.055972	38.609137	-32.921856
	-24.140435	83.278750	-4.526547	53.108873	3.856139	46.826505	-6.908805	32.210075	28.212262
	-17.234795	80.538339	84.500411	25.949484	66.093960	22.298640	32.046129	50.984759	99.051819
	-34.489502	61.929540	58.930928	53.596578	80.268044	28.900463	36.591496	38.886214	66.651508
	-37.088778	61.262204	81.193288	50.912803	48.194604	33.315329	39.077956	24.815381	30.984522
	-13.397933	62.133219	29.580802	40.511380	63.691982	-5.219865	24.337706	2.093252	64.694086
	-35.299123	-5.769506	-24.621473	-1.622927	-8.170465	-23.700689	4.690985	-14.029542	-45.175100
	-41.230003	-2.615007	9.809470	-32.521244	29.169605	-23.015143	-61.291030	-34.602612	0.925000
	-19.852994	24.314521	-18.191343	-3.660364	30.202965	-25.896645	-5.400857	-11.277529	5.222971
	-70.737418	52.018255	-40.699319	1.059908	-27.818057	-52.301167	-4.736919	-6.768300	-97.918154
	-30.522467	44.292256	-7.683522	-39.537017	-40.850067	-38.713056	-28.326739	-19.748237	-75.998877
	15.509781	-14.184995	-29.441330	-0.653905	-33.015223	-33.020956	-1.752036	-33.441354	-32.320571
	38.992681	14.833475	-25.144994	50.873407	-8.479685	-12.158650	73.451698	-27.415694	-40.687786
	66.748788	18.578975	-18.309893	31.080415	55.402201	-24.652935	74.473869	-13.267607	3.169746
	125.336330	30.792656	-39.749560	26.175994	50.221227	28.395458	41.401828	-13.426125	17.565119
	92.865727	43.946648	-50.788815	7.808589	75.143650	-29.450636	53.963619	14.380576	-56.162939
	72.678310	52.065932	-72.254505	5.199358	78.959572	-51.690430	1.465903	-23.209349	-46.045025
	44.202079	28.911576	-75.838011	15.335286	54.933302	-52.038425	-0.341721	11.681176	-43.897860
	61.495539	39.345982	-53.027814	17.938057	56.280038	-63.171209	10.784472	10.634998	-22.889573
	40.119915	23.887791	-40.421460	19.405827	2.349637	-31.847875	-4.965013	-8.630024	-40.582201
	58.876156	-44.872973	-45.068297	-47.232811	-7.427303	-16.726986	-35.730024	13.919375	6.441367
	2.602480	-56.637833	-34.474418	-14.941702	-58.910432	-23.772464	-39.908462	4.363231	12.404147
	-36.365045	-52.150087	-37.490132	17.133019	-67.330538	-66.964285	-28.310485	23.825076	-0.925002
	-37.924758	-29.575442	-32.153210	-17.130826	-47.287894	-53.461229	-34.783082	-8.738091	-61.899449
	-40.384717	-41.151386	25.452520	-61.743218	-45.714790	-4.386925	-63.919039	-2.683096	49.643712
	8.228089	-64.334578	20.022674	-97.016821	-67.623835	4.209360	-38.471422	-47.228245	-4.182325
	0.422388	-124.066833	14.609272	-51.917287	-69.214933	23.603712	-36.645807	-27.505200	48.072115
	6.033465	-119.815246	-7.745898	-42.982811	-74.280414	6.846741	-11.449582	-25.450201	88.620731
	5.481734	-66.086825	-38.460737	-7.391366	-61.831927	-12.205245	-14.140359	14.868363	53.287405
	28.338807	7.385877	-43.006228	51.261256	-75.170660	-19.902106	36.572171	35.093778	28.239425
	50.389061	-23.597671	56.748809	7.535652	-58.564608	8.024798	-13.318642	37.119193	48.021273
	41.497044	0.361412	34.256456	11.256783	-31.010753	41.630168	21.903142	27.321384	85.946155
	-12.172780	-47.246241	-2.239444	-7.916181	-39.647114	39.953703	21.821482	3.730156	78.795946
	2.036784	-103.059324	-16.041477	-49.308815	-42.905963	-22.277475	-34.287794	-26.071818	28.021530
	-2.110116	-135.597062	-100.925092	-31.496153	-38.192515	-15.898064	37.511631	-30.211730	8.765294
	11.352466	-156.173564	-36.192345	-39.524451	-41.131200	-25.980869	-16.060408	-17.078206	15.857535
	66.454777	-117.835542	17.489857	-80.901009	-26.346674	5.623694	-13.525937	-45.624421	51.700533
	-5.460100	-81.915217	93.336961	-82.781427	-43.358494	17.912593	-62.130014	-40.365846	78.013743
	-0.748182	-84.385049	39.990498	-45.350052	-43.619542	12.219805	-55.701637	-38.920679	53.217455
	-12.194973	31.478456	50.918236	-15.924859	34.782489	7.077776	-51.638966	-46.290758	25.473280
	-3.514622	52.664090	84.245753	8.205635	44.331160	-17.544135	14.237477	-19.941777	77.883915
	2.356268	85.003738	80.688237	-17.705453	51.294387	-23.614639	-0.503064	-3.299698	54.843107
	-83.434604	88.975099	102.220011	6.501275	102.957732	17.030169	-14.715854	6.011937	44.432236
	-109.942754	72.447246	47.053991	-28.629614	41.640263	15.592581	-43.488182	-9.274188	24.006046
	-104.374731	36.549520	25.724089	-41.094542	7.550415	-28.339677	-60.963286	-17.525382	-37.347174
	-73.640998	19.989061	30.461642	-38.128623	22.784607	-19.760577	-34.777036	-14.353967	2.965815
	-52.998426	-7.174469	24.007942	-71.143487	12.171003	-21.766710	-46.226744	-41.816239	-20.522703
	-71.361487	-27.934788	16.910981	-66.973174	-4.068721	-14.092306	-22.024736	-18.053226	-83.953802
	-47.257085	-82.447248	-14.415915	-52.304032	-39.905540	-1.281298	-26.882932	-29.947408	-29.482495
	-5.715761	-109.997785	-26.930855	-21.099847	-44.798451	24.567670	-15.538971	-0.268074	44.401103
	19.235656	-60.087239	-75.650640	33.163209	-27.307697	-20.755922	82.376150	-2.710826	-23.640568
	46.441001	-73.753788	-35.583745	67.469016	9.175239	-19.070583	16.285029	-29.090901	-26.844809
	58.181338	7.044116	-3.124685	43.279983	42.676772	4.186182	63.513897	-0.379049	28.499302
	18.168657	-25.231049	22.643602	29.330029	-18.779914	28.141240	-15.216525	-6.045003	-7.918333
	7.673570	27.251640	-17.994852	67.512113	38.798219	8.597686	22.216509	52.619062	11.675389
	13.074236	55.874401	-37.277292	32.839354	31.550123	6.349117	29.010782	19.732687	41.551687
	8.934667	40.408972	-51.636550	27.044689	14.983589	4.836299	2.258043	19.031165	40.101052
	30.796016	-2.941336	-35.507453	9.165293	-42.273048	-23.026566	-2.670750	20.428872	14.105553
	-1.107660	-16.045290	-33.946409	79.687592	-27.761442	-44.218184	17.835678	32.603088	12.791323
	-18.367782	-7.223192	-17.871159	64.905352	-4.057167	6.458098	73.676186	40.825539	76.287906
	7.794366	18.061554	38.803004	15.721519	-56.752541	38.281657	9.543306	43.239757	12.140298
	42.924313	-1.391862	36.593134	58.007642	-4.382353	35.906645	15.246102	37.997081	28.487829
	69.240649	-41.361571	116.085362	41.245368	14.714519	82.853618	16.335385	20.949399	90.803286
	42.546852	-20.110415	78.166481	23.013314	22.586633	28.615357	-7.660827	24.421435	103.804393
	-21.123082	56.537366	-37.518925	-26.971029	-70.969836	36.945294	-43.230836	36.887214	-59.073132
	-4.293726	53.337235	-8.014732	-32.977443	-39.651397	27.342834	-59.233594	19.985393	-65.586930
	-19.225763	89.279137	-25.947976	18.557910	-7.343814	-14.928259	-28.372077	29.317229	-65.059463
	-56.113178	74.003299	-0.143512	-33.839011	26.516111	-31.874357	-9.118191	29.370914	-60.451564
	-32.103384	91.324430	-42.298388	-23.244484	-3.791235	-17.416862	1.070100	3.009169	-50.462309
	-29.497079	59.812976	-20.173839	-31.724535	-27.848598	-67.573510	-56.497621	-11.869955	-77.244783
	-97.361471	52.100795	-66.696738	-55.012604	-73.921308	-69.928087	-96.134842	-4.140804	-160.127867
	-72.186547	52.378072	-71.522757	-55.438320	-54.483508	-51.603260	-61.249711	-4.175594	-115.142191
	-98.995080	47.410031	-16.096925	-77.017606	-41.289925	-28.862284	-89.065488	11.541532	-109.279356
	-75.850617	24.435834	-25.036930	-68.062863	-62.719413	-80.024791	-53.485044	-10.911173	-103.867375
	-35.474491	-10.515529	-0.739894	-29.847868	-34.210800	-33.048208	-61.387078	8.598050	-28.403895
	4.422374	-97.416886	15.112213	-36.492537	-78.883159	-12.444901	-42.965298	-17.234937	-25.849691
	-29.915836	-30.902481	-81.854850	33.781401	-35.077445	-48.899250	12.658437	-8.656591	-102.234401
	23.982861	17.385837	-0.261367	35.985930	1.325319	12.550284	90.416358	-8.458732	-30.821268
	69.325885	26.485680	38.534423	38.375752	51.040171	80.792842	70.283032	-20.736813	20.814857
	-8.057983	4.539567	16.988999	-12.476536	32.340231	23.319141	-3.903067	-16.521121	6.958710
	39.879629	25.218471	38.414326	67.488399	30.239187	1.614268	26.540273	21.129878	0.984891
	34.329443	-24.539794	88.448448	60.834010	90.752762	23.854502	101.002613	-41.178127	117.096858
	20.591656	-14.115010	105.564444	41.985777	100.567465	36.297922	72.208996	-22.496547	67.318035
	19.659390	23.012737	98.710883	32.584326	119.123543	29.753579	49.524885	-28.337751	90.947687
	19.475790	9.620569	48.344053	52.244950	78.679945	23.484888	36.587773	3.295081	37.553374
	20.019241	-4.505225	98.387027	27.021443	75.331401	4.763496	51.328736	20.732422	61.876299
	-18.996079	3.303110	33.368191	10.809744	31.764983	-33.621358	17.091783	18.617162	-33.494743
	-70.329361	11.802549	0.835776	-9.828506	3.131091	-55.339782	-29.577554	-0.930030	-57.441952
	-59.987514	-49.720965	-13.357815	21.551087	-14.432618	-4.496008	9.538970	-12.130477	-2.996891
	-18.759455	-11.912519	-47.728488	25.606847	-5.094775	-5.617988	12.255675	18.973480	-6.884671
	13.829881	9.122158	-75.502099	51.560988	36.321524	-26.511005	73.526028	-10.771521	-7.812618
	42.798510	12.677965	-60.329091	52.891220	35.967223	-59.026658	110.835574	-7.357276	20.004852
	33.202712	39.631315	-60.737259	26.195807	18.458739	-57.603408	70.287921	-0.716345	14.559826
	32.143075	51.114192	-29.053639	20.472249	10.367731	-64.123233	50.585659	-5.055124	-10.633873
	20.706769	28.969457	-7.290459	-24.427498	0.619763	-36.526805	12.244824	1.957631	-0.302223
	-3.249657	4.677875	-29.359519	-9.068553	16.297037	-66.768892	30.607324	-25.273400	-2.340918
	11.161372	8.022880	6.560241	22.674005	12.706913	-50.222841	58.538184	-15.385943	-5.614202
	-13.219669	-6.220375	52.886450	17.521534	25.176656	7.639474	73.497816	-5.452903	9.572984
	36.000607	1.715759	35.559411	70.065253	53.334099	-15.898710	122.570851	6.677690	67.245035
	77.370594	-18.770900	51.590766	52.725657	108.036226	-33.193521	113.985506	-17.902342	123.735331
	21.319119	-45.514251	14.608849	13.601934	41.444539	13.357731	36.277562	15.876774	58.457506
	19.540729	29.097903	-46.567438	47.661102	50.828072	-40.953987	70.686274	38.850524	-19.646568
	-19.378022	36.026643	58.515455	11.154316	77.538628	-1.983877	47.144459	31.893756	24.410260
	20.243514	-17.196902	38.803634	12.911641	73.259782	31.045479	61.231456	7.164954	50.107230
	34.368526	-4.175552	143.629193	48.642961	96.673293	90.994624	70.462438	-3.192875	150.109773
	22.982029	28.262691	45.429864	65.094138	37.282521	8.921757	63.406020	-24.548336	78.632963
	-14.006634	58.316015	22.162156	44.989651	67.375413	10.623951	25.850739	32.388642	75.410865
	-22.616560	74.816305	118.450397	25.575333	52.360130	16.563751	48.216751	15.693594	119.390397
	-29.806586	37.716836	51.428921	-6.266201	54.134113	36.601980	27.434102	-30.529771	119.881427
	2.659423	-15.997847	64.948980	7.699810	90.771818	11.856659	76.785548	-2.059514	141.695686
	-3.726446	-9.037809	43.271342	41.224041	34.651233	12.310042	105.128043	47.114736	98.681435
	-44.634926	54.771746	18.021937	-21.780179	-7.956170	15.015657	-18.285957	-22.849738	-29.518926
	-32.616076	71.935609	-19.911231	-13.427057	-46.565729	-41.725344	3.457355	0.598233	-75.484592
	-51.967818	59.912867	29.133245	-65.698545	0.840739	-28.442417	-26.574797	2.927206	-25.882454
	-74.278971	84.317734	56.235204	5.734225	5.428947	-15.211674	-13.783940	17.252658	15.666907
	-82.823760	108.193218	28.245050	-6.552811	13.620831	-24.847875	-4.127944	-2.096830	-2.578577
	-64.849898	73.165061	40.749735	67.595340	38.475391	-13.618135	-13.491084	30.529955	17.803228
	-91.385586	17.785026	38.188620	9.870551	-17.481483	28.916918	-43.088613	6.357153	-9.351624
	-46.186830	58.970872	-28.069176	37.795397	-20.071104	-11.947226	-17.351692	47.255928	-37.738211
	-92.105770	91.905217	-78.094279	21.873348	-23.630366	5.805187	-27.347936	21.009177	-110.068012
	-115.562941	69.427438	-95.763125	14.462199	-51.931708	12.809801	-53.382859	32.000386	-112.122871
	-124.516510	15.012844	-72.859560	5.558932	-96.016562	-7.308522	-66.743905	8.180086	-134.170057
	-84.933277	-9.208315	-62.048575	14.282283	-94.011618	-18.534519	-49.519098	10.359479	-104.183937
	-60.226749	-43.944615	-8.019765	28.705701	-67.268505	-14.582705	-17.378413	15.923392	-52.247189
	-10.814207	-59.101848	12.884173	-5.435884	-26.372930	32.666436	13.298366	0.125377	-25.960834
	72.216401	-27.130322	43.175147	20.582184	-1.827979	-31.656409	38.176479	16.225962	13.266663
	62.030974	-33.086824	30.741152	40.149388	15.060689	15.397363	53.125441	6.708956	39.429902
	78.192183	-29.345511	74.624297	-24.824536	44.797690	-19.992619	-4.303877	-14.959203	3.271032
	21.585989	24.992589	21.126276	-26.701764	-27.142053	-28.862077	3.511675	-5.043114	-23.118112
	-12.077383	38.491244	-43.733978	-19.839910	-19.152866	-14.404904	-4.610364	25.928597	-105.702536
	-6.731281	25.309174	-7.572770	-10.068537	-4.286912	25.942068	-16.350571	-0.794773	-51.878778
	-21.429770	18.689567	75.602679	-16.209116	34.383892	13.658500	8.151716	40.155825	20.052620
	-12.182540	11.395771	-42.367683	-19.662180	13.012273	-7.583337	-12.536981	12.480191	18.840750
	-60.267565	-15.107044	27.035035	-1.775433	37.471571	-19.252304	-36.662531	9.421212	-0.740401
	-47.584696	13.949337	102.411061	46.957314	88.561890	14.346454	23.812488	33.083340	110.114542
	-15.935904	-6.647133	83.559264	51.547187	71.346797	33.036632	12.476629	50.642706	14.801135
	9.653514	13.052901	50.920688	77.066958	44.115470	65.748867	67.504696	46.985311	61.452750
	-41.246491	-18.476828	-26.605702	13.083462	1.068115	79.902270	-27.487594	9.650730	-5.184014
	-27.399891	11.083929	38.572459	48.187817	-25.534965	19.943845	16.364016	7.355299	-29.913697
	-16.638918	17.782833	66.374831	49.743749	-42.230436	31.021211	6.388738	1.634781	-37.084981
	-33.611139	-17.558253	52.882454	22.329941	12.316609	16.488610	4.504166	23.689203	51.219527
	18.281173	4.479831	56.381685	41.305210	-30.109170	43.184930	17.156693	34.436325	75.201194
	-15.504157	12.414991	6.581079	17.960692	74.291719	3.859167	12.378837	17.604691	76.461091
	-44.346011	32.896399	-35.507820	29.933821	9.057001	38.535685	-36.191060	29.607970	44.407813
	-22.281607	-25.861386	-102.952023	15.345319	-60.008948	15.521496	-35.003374	30.852140	-55.747892
	11.607962	-31.462419	-16.302209	42.756613	9.376406	43.810118	37.658535	26.490880	39.161386
	14.892976	-8.483705	-54.576342	-25.429542	-14.664339	-9.500326	7.392938	-9.104597	2.278371
	-10.609667	-42.243926	-21.906974	-73.283425	-31.634874	6.802718	-6.561058	-13.520208	-8.299490
	-34.118852	-43.479648	-99.375625	-49.709786	-57.751001	-7.429021	-60.333765	5.107639	-45.717013
	-56.594430	-23.791962	-73.234177	-3.899338	-34.459145	-6.920790	-46.258606	-20.910372	-53.270882
	19.856924	-32.963594	-54.778692	10.767754	-28.224581	19.921398	0.125823	-4.930012	5.286627
	0.159688	-26.242964	-19.404520	20.895182	-14.758342	3.237092	13.186191	0.125028	16.608515
	-20.245813	-11.859605	-32.671117	24.120186	-8.978090	-10.424712	-17.746137	5.515899	-19.246077
	-22.792880	-4.137240	-58.345772	43.165732	-1.296023	-12.296731	-9.705404	-7.909762	-60.675343
	-5.887496	1.120040	-54.324065	57.600140	3.486924	-43.235303	-34.731366	6.388498	-43.566054
	-44.776332	-3.866177	-66.758575	24.096056	-13.876597	-51.818122	-11.200603	-10.472976	-50.797510
	22.111197	-47.976593	-30.042900	-29.691507	-43.328827	-6.047350	-4.553498	-10.648514	40.416532
	36.810488	-3.501432	-77.343120	60.274085	18.319368	-3.778806	30.836198	5.285776	-76.386968
	-86.508484	-5.369292	-22.112661	-22.787672	-95.558410	-22.902842	-89.420659	-33.477782	-69.311829
	-104.969539	-23.824846	-89.596354	-45.211061	-114.463356	-55.047989	-107.636512	54.285796	-133.130779
	-92.667699	-12.549436	-78.500537	-24.806432	-104.818092	-31.944439	-72.173356	12.246861	-102.200251
	-42.371180	-12.720823	-66.996660	1.625919	-52.355840	-33.767984	-29.491670	9.477863	-30.810073
	27.560926	-16.925322	-79.903768	7.795739	-38.962049	1.776671	1.837686	15.132738	-38.098024
	40.012859	4.075798	-27.346017	-21.822771	10.119798	-43.322728	8.899071	-24.185801	-49.183664
	52.345303	28.078848	18.692761	-39.809440	54.650165	-27.807895	44.238630	-11.760687	-1.569897
	61.246697	29.841624	15.579249	-18.182488	55.832349	11.606809	28.720253	2.151936	6.117953
	22.407704	37.143063	41.234093	-38.938620	33.130303	-8.907363	-7.804185	-23.459896	28.175084
	24.759834	12.369564	10.196371	-39.435453	32.246658	-7.063413	2.979684	-35.123971	23.203451
	8.160263	-6.246260	2.952486	-23.000135	-12.692960	49.378624	-15.521236	-15.969791	-41.759251
	4.256577	-20.310910	-17.373938	14.158918	-7.980328	32.621998	29.837635	-3.288294	-40.442773
	-28.441792	-27.452879	35.636050	-9.138622	7.143751	45.295063	7.361258	12.059802	6.315711
	-41.772371	-21.625246	40.916350	-36.250101	23.882826	52.480838	-3.995997	-19.149742	41.766832
	-45.649510	-0.959157	29.859368	-50.035631	16.656024	28.776843	-17.904565	16.674712	49.378645
	-11.658546	-7.955080	17.857795	-63.618856	5.450544	71.874730	-3.581092	2.110907	24.454851
	-0.743396	-9.327769	33.079716	-56.366007	-9.269648	37.917072	-14.422050	9.446870	-30.515503
	-26.898128	17.359390	76.395228	-9.211678	51.950115	59.763990	-1.822140	7.364050	26.286601
	9.791590	22.893136	82.779953	-6.473436	71.702016	12.861024	15.191427	-7.371325	66.444220
	-32.037814	18.629269	67.938471	-20.654536	30.419322	27.602527	-27.542468	-23.352862	61.326296
	-8.494674	24.962038	31.552194	-7.302394	10.638620	40.489850	13.675231	-5.149990	0.416278
	-19.628682	-0.781711	31.774965	-15.856915	-19.050252	8.105446	-3.694261	-12.091361	-3.213556
	-1.817637	-27.532306	1.130665	-4.710530	21.069264	28.960701	4.674635	19.700447	15.301558
	7.120022	-37.919706	9.555160	5.061920	36.965153	25.296977	3.094788	-8.019290	10.505410
	13.148343	-40.640985	63.560810	8.641673	9.182409	11.122809	2.652415	-14.379330	18.516662
	-19.477767	-47.949954	48.484962	-15.525577	-6.084699	15.932849	-7.884078	-19.733326	8.991492
	-9.039821	-27.926365	67.831489	41.616515	35.885669	21.996170	-23.923348	14.600662	22.608470
	-14.711372	-34.329406	54.239816	-4.864366	-9.684659	71.047476	-9.519347	-3.873757	12.687389
	-21.329195	-72.407761	66.027997	30.379073	8.006406	41.538315	-94.682189	16.248495	64.365628
	-35.222913	-58.282955	43.702805	2.990744	-9.751185	20.514977	-35.966421	23.635311	40.442865
	-22.006533	-50.044544	63.762291	48.445374	-27.370359	5.139887	-48.814417	16.810818	48.063977
	-3.739162	-74.028193	77.096620	62.724948	-15.936231	-15.573082	-25.617721	0.520372	41.201503
	13.592183	-30.892948	93.812125	31.513924	-12.677472	9.628459	3.272078	1.776983	68.626770
	-35.940130	46.438384	-54.048317	7.572676	-36.727729	24.934888	-29.673628	15.786824	-62.890763
	-12.558913	8.326406	5.861479	-30.186745	-18.850140	46.861421	-58.430586	-16.433464	26.034331
	-50.711157	25.751483	-12.115406	-16.306752	-8.315576	22.225442	-12.621405	2.627227	41.728754
	-14.433770	-2.625340	41.501337	-2.824083	35.108731	38.357261	-6.605522	4.432956	26.624543
	4.624268	26.033432	121.220635	36.362391	98.846532	45.462011	24.182483	23.509072	111.930384
	2.275228	30.785403	122.857482	48.744993	70.896844	1.820543	36.868449	14.268634	96.987224
	-40.670790	24.938122	36.714668	-15.690085	60.723775	11.709618	-6.958963	20.372824	49.871374
	-35.423258	31.910407	13.295981	-22.661439	9.509499	-20.056650	-21.768082	-32.101468	-6.385103
	-22.128060	-1.208032	75.562290	-59.169071	44.070739	-54.006922	-63.452795	-28.232269	30.239405
	-70.751656	53.453487	87.479532	-35.363888	43.387730	-22.752625	-17.926344	-8.813558	6.515142
	-47.282009	46.889514	51.727698	17.658179	68.342503	-35.806968	8.084318	10.164956	-0.237170
	-52.640913	66.229170	-17.339324	-41.544889	32.018797	-73.025881	-16.230563	-10.606191	-24.931215
	-58.011928	35.335607	29.303971	-35.521088	42.033579	-55.501789	-51.383403	-35.846535	-2.102522
	-80.967226	33.471737	76.704984	20.828514	53.868721	-15.581197	23.707851	21.364143	-1.597153
	0.205748	22.166721	23.635010	22.871203	13.556893	-40.581038	19.600417	33.275867	-1.333605
	-30.700397	11.291475	-40.803024	3.941073	14.524004	-67.596381	11.627552	-11.046910	36.836084
	2.766707	1.074340	-19.387413	-34.287593	33.227226	-52.280702	3.312945	-46.488430	32.967673
	-8.775816	-24.577055	26.785959	-18.410884	26.228814	-26.302135	-14.417911	-28.730896	57.065718
	13.621565	-4.495962	64.393578	-23.027320	51.539252	13.438678	-5.816478	5.845527	69.713409
	9.734363	40.163766	66.325085	43.240846	17.154576	-3.680877	14.052159	4.169606	47.917753
	26.236108	30.474260	16.411007	53.732985	-26.967130	36.799156	-18.905609	8.349864	41.031343
	-30.153357	4.747638	-10.026126	24.805552	-48.152091	10.550489	-59.344025	21.827606	-62.817692
	-50.550686	55.847098	-52.254713	35.129317	-47.291499	0.253758	-64.566522	19.225909	-40.621157
	-18.396331	25.192873	-21.309488	38.470510	-70.253089	48.695688	-9.821064	51.079964	-87.020956
	18.279772	3.859384	-38.668013	87.212119	-39.891914	85.181860	12.972279	55.241114	-23.078348
	-21.552280	-5.728484	-40.400594	98.083872	-22.148800	62.992391	-4.045599	48.072957	-13.044496
	-46.269831	-9.821233	-80.570573	73.170295	-43.569505	31.263774	-17.121044	38.541669	-22.883492
	26.174997	-24.780079	-76.338507	11.216346	-28.498432	16.553690	-1.235674	17.781348	10.903617
	27.896068	-45.974014	-104.297124	45.486213	-17.844115	11.218467	39.823713	20.763885	-17.473377
	44.883980	-16.176465	-106.583807	1.357710	-18.820912	0.688748	64.623851	-11.513942	-58.096398
	31.648852	-13.923859	-35.716577	15.695288	-43.774889	-12.800841	-20.902045	10.339399	-24.533512
	28.363009	10.055706	-28.692481	33.375683	-14.211563	12.939226	-52.742382	22.106265	-24.641918
	-2.899751	45.673814	-1.414746	23.070461	-3.620868	6.822654	-44.255077	0.124797	15.040431
	-50.973303	56.490726	6.323212	8.762014	-42.444578	28.605078	-50.861987	27.587088	-5.912592
	-55.170302	60.741972	-37.709420	5.680713	-8.426190	70.049558	-0.437526	27.957089	-61.739626
	-53.555371	45.795888	-70.480994	8.287717	-58.785667	-4.594408	-62.329569	46.883054	-107.952213
	-19.024312	-4.181203	-46.251851	5.283030	-28.204582	-12.083615	-41.864072	35.130420	-42.819618
	-29.676633	-45.452428	-36.144614	10.869457	-42.985627	-59.146899	-8.208008	13.165515	-34.826266
	-17.696977	-36.019244	-19.594184	76.007084	-4.542399	-32.946019	-11.020404	36.636562	-29.660689
	1.957769	-39.562984	-18.235590	31.858361	-33.189746	14.279461	-17.461777	19.626027	-47.229924
	17.849218	-19.959965	47.999150	-4.193286	-22.148491	79.439080	-34.130661	8.830432	-6.120986
	4.710698	-5.189148	39.275064	-31.086635	-16.763377	38.093406	-18.733600	-19.017146	8.162774
	7.846777	-18.476107	-28.991357	12.949177	-49.674732	13.518407	-8.361843	23.112947	-27.955677
	23.351186	-50.539796	-6.965584	6.334935	-59.115174	27.953929	-15.412106	-12.440492	5.811606
	-12.135982	-40.031749	-23.786424	-15.242890	-18.651206	2.393688	20.996926	-8.275872	-25.217105
	68.915521	-26.058612	-9.918140	17.681402	-33.305819	28.537120	33.990060	34.868859	57.987566
	56.616430	-32.005454	-37.493104	56.921756	31.454275	30.408578	19.327836	26.576807	61.358593
	10.748817	-44.324660	-123.456786	-22.268245	-23.598829	-4.738592	-40.181147	24.988303	-7.168350
	0.019193	-78.485611	-85.413871	8.085769	-12.619611	0.850204	29.222666	22.786913	18.266206
	0.450739	-37.951721	-68.348488	26.212791	20.037255	-12.235981	33.661178	-12.167881	12.974669
	33.716939	-31.672126	-63.447497	22.541288	38.059551	-23.250844	61.009161	-3.525297	45.723403
	76.470200	-24.793289	-40.667508	18.830961	41.294308	-5.309786	37.344659	-21.501689	25.322594
	52.196805	11.018587	-63.592298	30.794884	47.563216	-9.564000	31.956896	-8.836711	9.342080
	21.400837	10.167046	-40.462438	54.434477	39.159890	-21.576504	71.924598	-13.047075	-7.823265
	-0.420019	-11.492838	-71.129976	5.808141	-4.713610	-44.936516	13.798553	-12.881933	-23.081030
	22.254782	-6.243948	-85.941796	-8.666050	9.390074	-25.618543	7.386050	-20.389123	-11.564138
	24.608871	-3.311820	-60.407753	-7.302228	-9.592775	-59.926472	20.927180	-19.974875	-28.070942
	6.960092	-23.810087	-31.216792	-7.576003	-9.869374	-40.410511	8.996722	-27.602556	-4.628562
	26.257311	12.112120	-4.367453	-43.000063	42.412906	-47.993360	44.078035	-20.095837	18.785798
	36.543145	28.573067	24.812605	-4.777916	35.186097	-34.571976	41.978761	-10.867275	76.176250
	8.105916	1.011717	-8.092888	-8.181178	-14.294000	-2.699244	33.109861	-5.608023	7.281976
	6.171937	-0.954136	-27.830342	3.654761	-23.353733	-17.189630	-17.428560	-26.321412	1.760873
	-13.807503	11.010593	15.891775	16.199529	-27.124798	-31.131940	-39.997350	1.581166	-2.730935
	10.392537	-4.676370	-22.379720	24.639946	-11.118460	6.557400	-38.781914	7.919456	13.368261
	-20.965304	-13.152232	-45.085383	17.280393	-36.779836	-6.187764	2.201234	-8.831617	-56.075925
	-0.502606	-47.374446	-46.545760	-29.115769	-24.465792	3.876559	25.621215	-15.199223	9.802189
	45.296276	-89.041453	34.729765	-38.343268	-13.543713	33.394152	2.864657	-10.618690	61.133397
	-1.825977	-6.240864	49.616730	-9.216735	48.484199	45.128664	1.961324	-1.023840	90.751089
	34.186755	-23.283229	95.494189	-25.667464	57.279448	70.727264	8.607794	-26.947916	99.469918
	10.752665	-32.838198	36.586586	-46.190884	1.792449	56.615565	-9.693385	-23.609042	37.767771
	14.242770	-23.910338	38.827483	-50.623518	-5.687372	31.571834	21.177464	-49.085933	41.435735
	17.443795	1.209746	29.317511	-12.907304	27.794898	0.491072	29.639528	-4.389236	1.896589
	18.418171	-10.486802	58.743824	-34.543888	17.543768	84.750398	23.278617	-13.111607	75.447191
	0.542563	-40.914996	18.308939	-72.648261	-6.649711	42.741801	-26.309226	-21.363643	42.536323
	-23.909787	-34.903426	-18.289752	-58.737322	-9.876732	17.056337	-33.506433	-9.929973	58.860783
	15.195474	-50.032130	5.465890	-40.168092	-2.363717	40.960343	-44.151408	-31.402520	5.681145
	-8.727135	-34.800543	-56.780753	-43.404847	11.069301	63.218827	-23.546469	-5.714179	10.162013
	5.082343	-11.592882	-18.752117	-12.329242	-2.560615	33.797319	37.524551	-15.553328	1.592294
	-5.604032	-12.659765	-42.632033	13.240009	-11.130703	8.172937	8.930517	-33.375215	-69.276135
	2.523886	-19.915606	-32.478588	31.467062	-23.163713	39.116919	12.630624	12.296490	-28.625578
	13.838847	-2.222582	-40.552884	45.537887	14.896007	6.936453	26.070212	17.442057	-24.644714
	-14.982854	41.783877	-34.882325	59.503123	9.683764	-8.004411	30.203872	31.343501	-42.676292
	7.593670	38.709310	-42.004395	62.895927	34.393611	-16.419361	31.475211	-0.058034	24.504433
	14.627134	22.348355	6.065447	57.247292	40.601913	-15.229258	6.781330	-5.693146	18.375794
	18.947529	27.858228	39.749449	36.428558	22.625162	8.869513	-0.856849	13.376291	40.992324
	-3.821850	19.484758	1.149845	-14.257760	19.371500	-10.514119	12.955657	-9.140425	25.479616
	-15.375483	35.146457	62.054901	6.754620	-2.683353	3.679442	-14.682359	5.064175	24.834819
	-26.998131	36.444486	2.706173	-6.434146	-24.914576	3.253281	-35.172403	36.123650	-20.001462
	-56.262409	-16.851615	-65.780516	-15.139624	-41.714646	-23.851208	-51.820932	-5.082093	-101.984539
	-70.487784	7.448088	-92.381378	22.816775	-5.058075	-17.644532	-1.395442	9.107081	-134.530858
	-34.646120	22.443627	14.689626	51.168324	-13.038928	-8.890783	-14.688936	14.144560	-78.406018
	7.101409	17.196538	-13.127747	8.798710	14.015856	14.007213	27.599046	-20.443067	-24.789972
	9.574088	-35.236488	52.729721	-65.285220	-15.448768	35.143645	35.000146	10.318434	74.109069
	43.792311	14.887397	15.490758	-0.615413	-52.412976	69.575707	-17.770184	24.056791	-23.083892
	13.836049	49.327871	24.245049	64.439556	-16.952774	39.002744	36.913924	54.336307	-19.585464
	9.459114	-1.841093	-84.963129	36.817736	-84.546182	-14.366126	42.865000	17.375245	-67.126163
	15.558833	-7.473867	-107.288235	6.668694	-83.361243	-26.848612	11.689013	9.150411	-74.975131
	30.365455	-13.177909	-12.755845	-9.176251	-30.619568	-4.500187	37.981858	-21.584029	-52.272888
	55.076853	-23.452552	-24.957657	-1.751112	-1.054735	-11.949305	18.428538	-24.204282	-12.564697
	41.239341	54.494569	20.526093	-23.741515	23.793256	-11.045043	16.519503	-26.554870	-11.954573
	15.983220	75.203765	52.754161	-72.540833	43.944445	41.449758	7.662300	-27.247855	-2.072707
	12.997596	27.620801	37.375676	3.695576	9.395781	40.296603	19.783966	2.423616	-5.894008
	76.064732	21.041105	17.801171	19.624888	32.929411	28.746516	34.195632	3.926179	-49.428040
	38.507930	57.712480	-25.149178	41.650121	25.686719	-24.279496	-1.442678	-14.303912	-33.385310
	32.702959	59.027442	-18.204635	49.088227	58.687687	-27.861349	47.286150	-1.513543	4.973103
	47.190659	55.348350	-72.031924	48.447031	10.268364	-12.718360	34.356428	-15.998924	-45.427590
	35.447837	21.270980	-55.258543	-70.167894	-11.037717	-11.038957	0.109435	-3.220168	-18.464196
	17.111641	7.310005	1.735183	-60.014030	-18.208106	4.485945	-4.715330	2.711288	-33.448774
	10.955941	13.829698	-26.863793	-41.878268	3.875651	-27.404282	-15.145224	-9.671467	-58.911760
	-4.089555	10.473885	-69.952579	-51.692976	-32.328613	-37.491284	-77.033327	-32.145588	-80.960994
	-46.699942	25.587887	-63.225770	-37.101225	-21.323542	-29.659652	-47.113679	-4.320354	-83.763693
	-29.494436	27.981685	-73.745643	-23.776936	-25.012937	-10.089595	10.989743	-1.176199	-75.401775
	-27.537682	5.686266	-90.764632	-22.791724	-17.153812	-25.626407	-23.443212	-21.743309	-85.531072
	-6.798478	13.214688	-120.887903	6.232975	-34.630632	5.524635	5.669749	-7.859340	-76.981302
	9.775751	8.821164	-71.128274	20.560381	-65.160269	-8.144521	5.777869	-3.750160	-52.791134
	13.648923	26.230918	-93.341866	22.939152	-73.137561	18.314329	-0.591946	39.504990	-87.069339
	-9.954111	32.203109	-57.347168	11.358482	-67.180014	34.899369	6.246879	7.333067	-101.396957
	-17.355663	48.514320	-11.592275	21.184766	-78.936471	-15.653601	-6.095075	6.185662	-30.088865
	-19.973487	40.538166	-17.448986	29.333818	-33.652639	-3.677255	-9.117475	14.439081	-6.674470
	-18.580196	-40.737698	-39.605649	5.289958	20.731734	44.241592	-12.185132	-27.504660	23.792922
	69.770677	-93.999196	-126.216849	1.927702	-17.202580	-26.696828	30.247624	-12.958676	-7.548815
	10.805047	-59.595441	0.925551	-1.754153	-12.248122	6.804813	-5.068867	10.338722	58.790897
	-36.899855	9.681361	-9.287543	-24.883414	-15.901274	-31.138524	-53.723259	21.031133	-39.173189
	-6.761063	0.463355	15.963857	38.120576	-7.653117	-4.042980	-41.423586	16.831689	-7.585564
	0.772353	23.858995	92.827599	25.529549	14.297694	-1.265202	8.087598	23.411816	72.832794
	-24.008775	-16.326552	88.326529	-41.538544	-18.227343	46.866823	-22.690039	-14.360912	64.361181
	-44.512981	-15.696045	74.073852	-72.110103	-31.401349	3.622316	-50.858267	27.535305	2.824952
	-46.026938	-56.036552	53.119546	-76.402622	-15.950697	6.167845	-50.111955	-24.879099	60.043410
	-14.654562	-24.084324	118.553589	-64.188810	7.210838	29.740507	-38.471685	-43.516957	51.029296
	-10.747600	-11.966967	146.920629	-26.691865	-1.852232	10.653155	-13.285680	-13.517448	18.988095
	27.773180	-45.806602	65.466086	4.973512	-10.842862	-11.033739	-34.731192	-2.199183	24.395564
	43.076910	-101.324570	63.788629	-3.666262	-13.807755	11.712100	-19.660556	-37.099156	23.929408
	28.283921	-54.059787	97.607900	-4.418630	9.033643	-17.312972	-3.893352	-11.803170	83.828640
	1.675046	-40.353846	27.322763	-14.784588	-1.411814	-46.897653	60.590917	-25.952116	51.647736
	4.335614	-30.186716	-13.022823	-40.504574	-35.409771	2.012425	-0.400135	-33.852628	-49.462099
	-34.391911	15.912551	17.898517	-51.266043	5.675412	-25.088506	-28.577344	0.950846	-7.480914
	-31.108623	-5.329849	22.701764	-20.467737	10.638814	7.042103	2.049550	19.303732	39.758338
	9.660587	-12.714311	31.772279	-46.677989	-1.079540	58.353110	-12.595261	9.430687	41.544390
	-22.482639	26.228067	-3.387785	9.272561	-12.655908	25.095702	-21.500908	6.891757	8.787696
	8.089937	24.219879	-85.019355	-27.331664	-42.747064	12.288080	-57.539835	34.675992	-26.333486
	-3.306054	-4.698149	-140.269192	-33.030561	-122.474757	-39.842746	-77.468612	11.071811	-95.075297
	-31.886165	1.704717	-136.115671	-37.933281	-110.831910	-8.789710	-107.690791	13.842947	-112.567364
	-21.732467	-10.522029	-5.218715	-61.486048	-79.679898	28.102026	-64.807622	-0.294281	-55.756964
	6.650033	-2.012260	2.202385	-48.841889	-47.141210	29.249773	-14.986312	7.765947	-5.455581
	-18.695069	-18.833729	17.965834	-21.452137	-30.290969	4.915105	-13.290417	25.498987	9.789153
	25.503506	-49.449268	-19.572769	32.421786	-19.340058	-14.480400	14.095919	28.109102	5.325246
	98.246476	-51.500529	0.374287	19.079351	50.950500	-28.430076	56.446773	7.057597	13.564598
	52.342733	-55.224019	-6.974923	-12.044095	23.103285	-35.441315	34.321910	-48.040501	33.120811
	103.437709	-70.238041	-23.016073	3.464019	43.330362	-53.591074	50.648951	-34.239311	50.605302
	103.239427	-67.702827	16.531486	7.219607	47.612840	6.269104	37.636865	-33.202334	66.309461
	101.851015	-89.476130	27.313531	-56.333299	17.176353	13.084316	14.499957	-38.602324	46.408510
	79.333095	16.384356	9.570038	-23.779286	-69.214885	-68.655752	-6.269851	5.640296	-14.245397
	7.749761	13.468656	77.318348	-79.960695	-35.504350	-34.147640	20.233311	-32.433266	4.310461
	-45.199777	22.476308	-52.723637	-9.685547	-25.306132	-92.278577	11.914844	11.639252	-68.696141
	-37.676162	48.276652	-43.779185	36.842991	25.744787	-47.821682	63.060733	6.660546	-58.880001
	5.343286	66.586608	0.958882	49.015380	5.158321	-38.582667	45.716657	34.070517	-48.504829
	-10.556812	26.571122	-46.801639	-21.489926	-57.383949	-34.407750	9.255404	14.643832	-85.324534
	33.930745	8.721522	-70.228724	25.927497	-33.688600	-51.428020	-17.444942	19.000605	-33.807910
	-2.003598	14.174223	-31.601600	17.927538	-16.543503	-60.259421	-7.528434	24.460937	-29.665259
	0.770327	31.097800	-20.279414	39.526208	3.365034	-63.758079	-29.520085	14.956946	-18.347352
	-9.042526	25.538714	-3.163346	18.866115	-2.428431	-27.939899	2.984483	2.414329	-25.195567
	-44.989293	17.538882	0.046223	36.501049	-27.247128	-34.403866	26.361704	6.273866	-8.117297
	-36.701851	20.462190	5.895292	19.725758	5.253617	-28.912198	20.249961	18.332878	-40.932027
	-3.791244	8.578437	-5.230782	7.371367	-10.014433	-35.119670	-11.061649	21.804638	-18.324091
	-44.478921	-7.990735	-61.212346	-5.547583	8.180400	-67.740340	-13.557232	13.451044	-48.039054
	-44.632120	-3.323460	-32.137037	-10.652389	-2.815445	-11.780030	-42.555613	-1.160549	9.998397
	-25.106963	16.013375	-47.036203	14.780019	-15.334479	-33.157706	-25.773538	-21.210319	-19.537585
	3.877000	8.407156	-31.509184	-4.768202	3.412050	4.226542	32.224983	-14.298575	-50.656954
	1.554316	6.687981	33.587762	-18.742162	17.901223	27.599470	-12.323186	-22.879970	39.933352
	-17.650063	-1.920125	22.243285	4.463588	28.813239	34.569837	-4.908688	-17.099993	-1.110860
	11.870381	19.752309	-6.028640	32.679704	2.317145	-0.677931	13.816374	-10.562127	30.474881
	4.499878	39.194373	32.843609	12.391208	64.736652	26.731547	27.008365	6.470900	31.271554
	46.429377	37.540935	103.827518	-17.192128	107.753695	31.228840	59.201708	4.791445	118.378313
	16.092176	1.855434	123.168802	-19.445934	68.285561	55.327586	9.137573	-10.251356	111.465922
	40.216080	-13.162771	114.606437	-19.266195	79.888023	54.223625	28.464852	-1.054751	155.153298
	51.401853	-54.289333	93.828707	-52.351592	26.017555	100.445164	36.620956	-7.109478	157.295079
	56.728902	-35.443279	110.331952	-53.164903	11.708721	21.694122	66.309527	-16.253394	108.311256
	112.167509	-25.610497	87.981559	22.136027	17.020542	39.695272	71.904628	-29.908615	72.678690
	93.990186	-43.517973	42.068653	-22.560320	13.888425	24.564771	62.221488	-17.730542	57.435580
	77.489660	-24.417231	12.653534	-28.199662	40.888040	-22.354801	35.754963	-20.410358	84.624897
	100.507441	-23.143509	49.563051	58.385240	51.192465	-29.603019	88.761085	1.387748	82.757715
	73.173582	-16.973940	51.334016	-2.301718	60.399815	-16.722018	14.701929	4.529155	60.080655
	49.988101	-0.964082	75.134658	6.478212	100.670446	-17.332757	26.863353	-1.777112	21.813173
	73.550296	-19.774514	101.769342	-1.501346	69.898920	13.245740	8.215412	0.248446	70.830297
	76.904482	1.845443	63.281177	16.863181	67.454271	-0.723684	-2.488499	-33.368000	31.770099
	10.569609	-2.523525	-45.628155	-23.257830	-0.906302	-50.899106	-17.912568	-35.075282	-76.721276
	3.724403	19.717917	7.710043	-45.409802	27.988743	-4.058688	-43.685379	-5.400095	-82.379033
	0.948887	24.451582	-58.068591	-12.257520	-9.470446	27.589237	-46.912939	-14.175215	-113.606344
	-1.732328	22.294395	-83.173182	-19.741933	9.734344	2.910732	-64.755549	-28.725716	-90.261803
	-3.721510	-0.493784	-102.391384	-34.571295	-25.678799	-48.226248	-61.505900	-32.891352	-83.545284
	-35.317870	22.495290	-104.589822	1.810806	-22.849486	-17.108862	-41.519599	-17.067296	-17.630802
	7.954706	-49.318387	-42.517197	-67.181024	-10.738311	-34.709793	-43.990435	-23.226741	-9.519808
	44.917640	-66.116396	56.505524	-33.042255	42.416219	43.122390	-21.339865	-57.459832	-5.312307
	58.916550	-16.075267	82.209617	-98.315481	39.974044	11.225732	-4.433845	-27.386484	60.201265
	21.201627	-2.100551	67.604699	-61.736348	40.352806	-17.858324	1.131537	-7.807920	5.903243
	22.841905	7.171145	62.600681	3.393379	37.732110	-8.473675	59.365253	-18.498530	35.018670
	3.507175	-3.206676	33.611179	-33.511720	10.159094	0.009365	42.831434	-25.422177	14.262017
	26.475590	-33.545463	75.440222	-34.865740	-1.883070	1.432290	4.145837	-24.585162	23.993974
	3.596668	-18.818569	64.112871	-1.181236	36.885678	-10.570430	-10.892104	-16.941730	54.740787
	-8.264551	-4.458805	104.398977	-54.944539	32.042429	5.182937	-41.964068	-42.186010	88.088919
	-45.082726	-7.846697	32.115874	-63.293372	-52.267135	4.895512	-50.718231	-36.424287	-4.223801
	-37.254963	5.825363	-70.078675	-16.559023	-62.972066	-48.888014	-58.855690	-3.332381	-44.653799
	-67.436086	4.676347	-17.892493	-6.722251	-92.657369	1.262166	-83.731324	-4.178890	-85.772544
	-62.081682	-30.880272	-84.233320	-14.790924	-109.424747	-29.918868	-97.804702	17.767027	-148.218594
	-48.748697	-28.123099	-104.439972	-50.713508	-69.632765	9.143767	-90.226962	-10.553499	-107.236661
