	27.317882	-27.309701	49.493232	13.613359	-24.738206	43.690605	47.562819	-11.072402	6.367474
	16.859327	-12.257851	0.620985	37.676835	24.409423	9.448970	32.048579	-14.344318	-61.309677
	-16.636986	10.786626	-84.281259	37.396973	12.301623	10.800675	26.928669	-6.412530	-73.419960
	30.323338	1.930411	-26.802115	37.202024	4.822709	14.080485	56.546552	-2.630726	-32.154613
	33.190897	-2.377952	-23.743693	57.604696	-10.535518	4.831215	55.094420	9.840382	-18.434506
	37.008907	9.629492	-15.338194	57.322332	-48.473422	13.731973	58.185906	-18.361427	-5.745787
	6.607343	15.343284	-17.912066	23.856951	-59.994320	18.762800	27.988887	-27.201562	-47.575189
	19.043346	11.894649	2.964674	18.422141	-55.642612	14.747610	-2.194520	5.067762	-40.436407
	37.930518	17.033325	19.982508	-11.140184	-33.524973	27.433411	-11.112037	-17.097304	-5.970573
	-5.801315	30.111244	9.242840	18.839805	-25.719869	8.402757	13.232689	3.365882	4.842766
	28.055649	9.132134	18.525287	14.772813	-27.885457	4.622897	24.434921	5.332141	15.715842
	33.857670	23.968678	14.718444	26.791403	-5.850634	9.978919	63.437414	6.097114	20.997182
	40.938887	29.528660	1.418573	27.670973	18.394047	10.188762	62.596314	-2.126836	16.648965
	27.613650	40.294910	-17.474031	25.775781	27.204164	10.804669	70.486752	-24.153774	16.207205
	26.268067	14.318076	-17.345149	11.569682	19.084653	9.979429	56.112055	-1.360867	-7.102102
	33.154821	13.054019	-20.834253	1.276661	-14.181270	30.133150	44.159451	-27.776973	-2.596707
	27.948712	15.288266	-7.544698	7.073031	-4.791481	4.995918	52.695448	-15.260092	0.816388
	74.854548	-19.531461	13.152639	8.437666	-15.750440	26.900716	45.871045	-1.252737	47.150185
	55.091423	-33.408520	20.503694	-0.331263	-16.040235	63.854419	37.914866	-22.056130	31.408710
	23.181954	-20.424994	-28.694699	-21.830581	13.936502	35.853828	21.447935	-27.605910	4.443082
	4.592838	-18.089962	-27.772370	-48.779482	19.865184	22.913475	-19.611182	-20.755508	-37.980695
	14.503738	-29.120503	-14.297458	-57.219533	35.320616	27.175008	-17.212118	-18.936581	-61.458776
	16.356293	-33.356111	-45.704731	-55.159148	12.156795	12.404397	-9.195536	-15.633688	-74.316806
	-30.446113	13.452596	-46.712212	-28.658716	42.600302	-1.177302	1.366874	-12.573817	-50.195628
	-11.970113	12.134052	-33.897458	-16.745849	39.427908	40.202754	2.148291	-20.754506	-74.208570
	-9.080623	-11.706240	-9.087100	-53.831380	42.081350	42.390769	-13.149926	-40.417527	-56.496195
	-0.097409	-1.374708	-17.570457	-36.246779	49.031416	44.522226	-12.574910	-28.548387	-45.371504
	7.517968	-9.812963	-18.294985	-40.480074	29.361368	27.069701	-28.773060	-16.837388	-47.097157
	-17.625251	7.431977	-28.486024	-6.190324	35.424502	30.739520	-3.947656	-9.543275	-62.476092
	-7.605922	-1.776646	-23.606946	-19.013155	20.990009	44.377370	-29.223883	-42.887124	-89.927521
	-25.528720	-20.683706	-13.228354	-41.494656	18.371900	33.088284	-54.336902	-18.634772	-51.970015
	-11.882207	-48.347253	-16.918221	-75.501313	35.860325	23.867233	-83.407655	-40.333087	-43.832999
	-41.979588	-74.864573	-25.529878	-120.225198	47.648743	14.946216	-92.289229	-53.235710	-22.073405
	-64.493829	-53.526664	-36.724139	-124.335527	52.968209	-2.133351	-82.462373	-60.494877	-46.508720
	-61.368141	-49.451794	-37.193458	-103.168017	53.425984	-4.069648	-76.346117	-55.161994	-45.877711
	-75.123033	-30.948670	-52.396153	-94.720382	25.676012	21.860256	-93.773874	-62.148433	-92.608094
	-45.786580	3.241224	-56.952336	-33.617572	24.144205	6.336050	-58.612725	-39.245543	-113.158829
	-25.988805	-2.525709	-32.077166	-14.582139	-23.772357	6.312709	-33.955920	-28.353984	-58.280481
	21.491920	-3.136714	3.679521	23.336059	-39.096808	38.669894	-6.498401	-19.535250	-35.830759
	21.548132	2.815631	-3.454668	43.123569	-56.629416	4.365123	32.131548	-7.186245	-30.557584
	40.229347	-6.241061	14.673015	33.412415	-52.620595	30.292003	26.015624	-20.643218	-21.815530
	71.657632	-27.743204	-3.585853	44.444828	-78.472932	27.786763	41.965801	4.601693	19.743828
	73.770597	-58.232857	20.261023	-1.912204	-63.771665	41.678197	17.016661	-27.605084	49.994401
	49.371584	-63.067587	30.947778	-0.494317	-40.855345	46.438136	14.758484	-27.474011	49.437896
	16.750266	-78.989991	35.861192	-1.627272	-50.593866	39.420877	2.452246	-19.718093	66.488144
	11.919504	-80.156433	35.043369	-15.719906	-47.914881	15.811193	-14.502111	-27.278186	82.780545
	-26.803858	-36.240428	47.264299	1.732494	9.999709	35.399765	-26.489364	-11.573504	75.091524
	-33.947737	-3.054539	20.162624	33.260040	25.826966	24.177028	-14.779868	-2.910578	68.355074
	0.155651	-9.334046	22.692707	4.983819	37.604718	0.286820	-11.453622	-2.350164	79.979803
	-18.231549	11.030381	9.615438	32.895351	34.064669	16.105498	13.836692	-6.061744	47.041830
	-13.213727	12.787364	16.702711	-15.003657	41.567967	-22.313385	13.483267	-29.437370	58.463073
	-1.282756	31.254232	16.704556	30.978383	38.000611	-5.722625	34.648774	-10.015919	53.790405
	9.828363	46.506810	-5.997720	25.987338	13.039681	-1.424029	33.609964	-42.342170	27.860474
	2.662673	62.719884	-10.291154	40.568831	18.387645	-2.473876	40.782553	-46.949907	26.080374
	39.855743	45.228120	-0.344333	44.580536	-10.612309	9.462088	44.739155	-19.406840	-19.960070
	48.009759	21.949197	-15.226134	44.861032	-15.504558	28.320486	40.727073	-33.313994	-6.570374
	14.172851	5.766037	-27.071299	2.936436	35.639054	6.923260	28.285031	-20.507079	19.662134
	41.423810	-37.660021	1.844062	-43.353001	41.155665	-10.089980	21.170022	-49.062884	72.557348
	33.320623	-51.265703	39.162243	-92.494353	49.341409	-7.831386	13.367747	-55.325859	68.518752
	-8.586005	-56.118662	14.019090	-115.653067	43.600455	-15.473730	-18.496910	-68.067870	73.229133
	-21.134017	-28.076904	-0.161908	-108.172357	35.187878	-18.870639	-38.082928	-52.088593	57.287777
	-37.352303	-15.787342	-17.606307	-83.603924	8.911315	-40.685915	-49.831254	-50.445915	4.800268
	-52.174745	-18.332933	-30.731115	-87.075521	-6.805558	-35.211156	-69.439851	-20.572355	13.640354
	-95.433140	-15.830351	-51.755948	-101.856598	4.754562	-42.380553	-87.302906	-24.482176	-0.687962
	-73.935660	-21.656163	-24.280637	-105.278875	15.761154	-37.816035	-64.749093	-38.459749	21.595722
	-72.772535	-14.895312	-12.523827	-96.906712	24.263198	-49.471073	-49.993463	-52.039724	28.062160
	-68.203938	-3.116747	19.537976	-94.226357	25.240486	-36.321573	-31.225683	-53.404310	42.672567
	-54.854815	-26.071025	39.007395	-109.500990	15.752916	-33.314612	-45.806451	-41.441689	25.403467
	-58.467120	-58.002885	56.448939	-101.441098	-43.943991	-32.229304	-73.728535	-41.348998	46.400927
	-54.427493	-70.118800	63.164491	-124.439750	-46.949508	-29.903530	-84.889134	-54.975596	74.897523
	-56.271172	-62.672008	72.722665	-110.013978	-22.022571	-20.431608	-76.386416	-52.452672	96.727887
	-44.446035	-29.052280	57.074413	-75.991939	-35.696088	-10.971325	-59.238808	-33.765183	66.599568
	-38.741279	-7.754517	51.917345	-43.534052	-25.990482	-20.174177	-18.385145	-9.857306	64.160227
	-33.824890	-0.975766	63.335872	-25.946804	-22.615403	-28.532977	-13.712414	-6.129814	62.226157
	-15.667241	7.655702	63.428640	-13.450128	-5.436573	5.209515	-14.322102	11.376558	60.073102
	-35.374232	-7.847130	36.375843	-50.559014	36.264052	-10.531873	-30.052435	-15.669797	55.235053
	-40.325492	-28.645419	30.598385	-101.973426	58.982482	-29.979341	-51.559655	-38.738493	98.072038
	-39.403831	-42.087005	13.896731	-122.992895	50.837774	-50.810046	-52.016403	-54.607805	57.726160
	-50.684824	-47.213357	-4.135072	-122.527860	47.714013	-46.095035	-43.864596	-60.608615	44.969750
	-39.280273	-44.824682	3.114838	-117.464437	37.711135	-50.598675	-48.971078	-61.498405	31.942039
	-32.542944	-31.380122	12.643620	-108.955882	38.855213	-57.856895	-36.344937	-52.171915	34.735971
	-26.604677	-16.872421	14.061319	-68.762887	14.516713	-44.843444	-20.534430	-34.508136	16.486678
	-20.525397	-7.781684	31.755545	-44.630077	41.258775	-32.659250	-14.026527	-30.350271	46.492323
	-47.302191	-10.222549	32.657093	-61.217587	36.562004	-29.226281	-39.276134	-44.876929	57.171453
	-25.507642	-20.421031	27.675753	-53.315705	29.111530	-23.599904	-20.361829	-51.791586	74.832773
	-22.582479	-27.462047	21.670955	-93.010534	20.443448	-39.761670	-14.662169	-56.367253	45.765410
	-20.675911	-28.358815	2.141780	-93.015034	25.755991	-49.145921	-47.811415	-60.541617	-0.324328
	-27.079590	-5.587368	-1.175294	-79.627945	7.807445	-49.732529	-27.772143	-72.747784	-9.186833
	-41.876703	22.561784	-44.462166	-50.755426	19.120198	-51.045705	-15.969088	-67.140659	-41.077350
	-22.323361	25.063721	-9.506315	-39.833824	23.367306	-38.395876	-3.127206	-35.109421	-9.555563
	-9.468974	21.239504	-21.814275	-37.703702	14.817436	-46.694022	0.368759	-43.570282	-19.745467
	3.249282	32.377530	-52.404644	13.161557	6.749952	-7.993154	29.472974	-23.630536	-14.053170
	10.387550	61.315989	-75.029104	39.631861	31.713676	-8.723705	48.595857	-14.308040	-34.060530
	-0.710392	61.816106	-45.005101	33.382276	6.057532	-18.312554	50.764240	-14.621250	-11.172907
	8.854239	77.258908	-17.868715	89.221600	-0.657586	-11.962077	37.215647	1.301668	10.345798
	-8.882089	73.423066	13.716593	55.675433	16.063792	-26.617766	38.573131	-10.638000	22.642368
	-4.209067	56.003026	17.655036	23.417116	42.933357	-35.172639	4.572631	-12.116554	54.345337
	-34.990824	30.310425	18.471783	-17.390712	39.942304	-22.093090	-31.062869	-36.037944	42.321485
	-22.933962	29.055754	30.188198	-55.299029	38.273006	-32.343249	-20.871806	-47.920200	39.545433
	-11.428534	28.219788	13.518456	-38.719784	8.842952	-43.766722	-35.187806	-51.402839	-10.507923
	5.072403	4.404885	6.326816	-28.488189	-30.250365	-24.289455	-29.965696	-45.528405	-20.409360
	-0.169515	-3.232801	-10.220420	18.131265	-70.570351	-29.684136	-10.243498	-25.621922	-5.801360
	12.710093	-15.059185	-14.058130	-15.833185	-51.921037	-36.877592	-3.521258	-27.959010	22.302497
	-3.036037	-32.323793	6.477316	-48.747671	-28.558752	-38.661089	-45.974124	-31.642599	33.400120
	-6.447761	1.370293	18.785771	-18.412198	12.709188	-38.079308	23.295255	-27.505898	26.276877
	-21.195892	-45.416179	-3.991086	-101.711573	-6.129838	-0.861286	-73.867539	-60.603740	37.469950
	-15.276825	71.128443	-24.012683	76.673476	-45.008290	11.803748	16.703820	27.685556	-13.749229
	-4.294769	59.048403	-30.148591	78.296128	-74.401719	39.587481	11.530165	53.763501	-82.240985
	-3.755125	49.194875	-22.960731	48.193873	-100.332297	53.382983	-8.536076	37.049717	-87.921268
	10.316435	86.629188	-37.756615	99.915776	-76.435521	55.872007	-20.650032	113.417424	-115.096603
	5.550452	96.050911	4.160165	148.317205	-61.326606	30.714748	16.356092	127.572295	-59.255201
	-21.172426	112.529568	-23.548359	139.386571	-60.979983	28.614493	0.332965	113.869033	-93.322389
	-16.817133	134.345220	-37.837334	152.731508	-26.132728	11.426240	22.503536	122.133209	-100.407924
	7.451598	140.614116	-31.762558	178.456575	-19.312819	34.154020	42.498557	130.708523	-109.250931
	13.773986	155.916447	-18.000655	194.347569	13.336778	25.658520	44.251657	131.079744	-110.661754
	1.689815	149.226604	-8.519738	188.052860	12.569879	28.854912	39.676563	115.469311	-69.493710
	-8.405057	139.395295	10.086876	169.888002	10.443278	12.533384	46.411001	116.772848	-52.972392
	10.093242	109.769630	30.940917	149.207836	-28.534211	24.834302	26.829310	112.017498	-22.313931
	-15.955193	96.230231	43.065899	100.854609	-20.343812	33.779771	-6.324603	101.468842	-2.410282
	-29.453277	60.893831	34.916455	96.514992	7.893761	10.337333	-14.223425	98.618442	4.095437
	-10.560511	-2.778483	55.561948	28.608973	8.928169	5.103077	-36.773243	53.345879	34.473899
	-9.060776	-14.577387	48.900728	20.883943	0.892784	-1.098164	2.265125	39.530277	32.401171
	16.221207	-17.021225	53.583813	21.295652	-7.430164	-15.552084	13.262707	25.886744	25.068729
	0.500154	-30.634308	25.016861	16.462210	-51.806999	-21.782022	0.173904	41.731340	6.589241
	29.081382	-43.833704	34.298577	-13.353385	-41.679980	-30.022133	-17.688511	69.926840	15.649374
	24.420894	-74.506428	43.238093	-78.801443	-37.786359	-18.477584	-34.895331	20.500843	43.946925
	-9.163283	-43.072176	21.616447	-58.094209	-16.773776	-48.319989	-34.227693	14.497269	-8.329033
	8.289609	-24.050092	-5.185507	-4.065784	8.468595	-30.432712	10.887852	35.102379	-17.971125
	-6.161301	5.294306	-23.491666	42.277187	13.588207	-9.264014	30.591195	52.697677	-35.438599
	10.420550	22.444943	-30.426018	74.703518	17.326001	-11.761592	46.717663	66.999884	-33.106524
	19.859485	10.165629	-8.779843	74.967202	-3.353603	-20.663623	36.010347	50.922656	10.756635
	34.699290	-63.989252	63.423977	-11.240086	4.299138	-22.108141	33.674097	-1.921570	67.119157
	23.092190	-73.771563	48.310335	-37.580164	-0.996020	1.757740	-34.346133	18.980407	47.400601
	-2.527106	-56.748975	39.621222	-45.240205	-9.818542	-6.553853	-35.827523	41.356756	18.953451
	-8.435643	-51.977363	54.811103	-22.423638	-14.077648	-12.838362	-6.724651	23.778916	44.343187
	14.991127	-23.684863	49.145949	24.941594	-25.805993	-0.593823	-12.748812	52.425667	55.216952
	18.336114	8.680067	43.025967	40.601918	-15.888545	-13.319294	10.642812	43.182266	40.592530
	38.468852	-37.929106	65.277321	41.337065	-22.198255	0.264010	18.053371	38.797217	59.381413
	56.867387	-30.279661	66.367587	66.446876	-1.999191	-4.689121	16.991900	60.931813	26.698943
	40.832889	-17.162516	20.691233	37.224050	31.217674	-9.964076	21.680789	27.708947	61.126994
	49.742885	-43.759497	62.188113	24.800905	15.796956	-0.185833	15.775609	28.182974	71.099789
	45.869916	-34.870850	49.450123	40.924654	6.626661	-36.986137	39.782927	41.243953	56.418960
	39.200127	-44.195644	45.250055	4.855812	-4.553684	-50.799207	26.216802	-13.751490	26.501523
	64.422024	-38.520536	22.962568	25.943611	-27.954209	-2.652475	34.776884	12.380573	-8.556786
	51.884450	-23.621466	-19.548117	57.354488	-74.510536	6.858553	36.158222	40.028000	-57.418934
	60.390503	2.890936	-26.272230	45.793466	-73.790205	21.771332	24.745207	27.916666	-50.143288
	7.818298	57.635472	-58.773327	99.814972	-56.893114	23.638193	49.801607	34.477295	-74.887155
	34.691750	55.478281	-30.637126	100.980244	-57.562505	29.121652	48.670849	54.923961	-62.327966
	20.134011	69.111842	-7.437014	103.778936	-63.920363	49.721000	33.993677	62.194187	-1.305254
	1.815896	87.572220	3.955484	120.656466	-46.897165	46.540846	51.682297	61.183404	-32.067675
	12.948581	87.052666	2.427420	118.915274	-34.203922	37.312369	34.282142	64.204647	-24.411904
	26.990513	103.070750	-38.574713	155.517291	-34.011157	49.237962	36.973519	85.752853	-94.568697
	32.096912	110.628827	-31.317352	140.752641	-17.483308	37.559982	41.883835	84.406054	-78.705306
	15.580607	123.673621	-73.227336	138.854175	9.628702	56.503119	31.953794	98.158434	-43.681939
	30.289652	93.370688	-62.677640	137.034637	-28.468458	41.478721	19.206697	96.107722	-52.422544
	-1.997493	91.035963	-54.375058	133.667065	-14.630112	50.066804	8.589868	127.790319	-65.529435
	-2.997291	107.328409	-38.530605	161.482419	-25.712731	52.929918	38.099532	120.835178	-51.498482
	44.800750	96.403845	-12.734384	176.875239	-25.987386	66.195375	57.231383	131.202701	-24.416058
	59.953012	50.411105	1.506255	151.773703	-19.806637	45.141329	69.220916	102.480805	-14.014189
	81.339823	15.031220	9.882121	118.658734	-32.016357	29.058973	74.922114	70.056888	-20.594202
	65.822515	-1.500106	-18.396021	81.195148	-3.812655	12.572961	64.620715	67.556445	-13.280081
	65.965888	-57.216770	-12.363772	23.751027	-16.509993	15.203335	53.174047	44.015605	-13.185362
	63.575030	-85.344565	1.166076	41.026156	-58.048943	-2.041694	46.171502	28.959535	-7.290414
	71.356161	-60.363820	14.516286	53.585358	-44.600092	4.110403	33.513955	51.699827	-6.496550
	22.458121	2.581522	0.607916	81.352807	-50.257010	7.993980	41.158020	52.221463	-13.977117
	45.552975	19.112857	4.941881	101.930183	-33.340665	19.747868	33.051935	51.004244	-19.975123
	9.588974	38.520505	9.895478	102.223229	-15.864269	21.675900	27.378284	71.062327	-33.402873
	-20.083689	56.225156	-19.077942	103.844537	-9.208998	-0.136639	41.530695	62.558719	-43.294594
	20.517643	35.610434	-0.053322	73.770561	-21.472958	13.715463	33.945383	50.960008	-9.189438
	29.007907	19.831734	-5.794444	52.512897	-21.288960	14.004871	11.818762	60.419519	-30.311404
	11.612087	-11.851999	17.598469	1.286050	-32.741884	4.585956	-18.801423	43.671930	-2.724842
	21.457595	-20.219543	17.998775	18.461093	-25.044823	3.814885	6.427747	37.465301	-20.718743
	40.486932	-50.732375	31.044111	16.689895	-47.605237	21.898421	22.522498	25.757679	-7.791119
	39.203849	-46.421714	4.454361	30.954418	-31.312845	20.730106	15.249305	14.136106	-5.432907
	32.349395	-19.063446	20.295777	71.106628	-28.515521	12.214088	23.490399	33.611775	-19.146318
	35.496985	-3.111920	16.626260	81.227835	-11.351556	24.874142	27.655945	10.565225	-16.836779
	32.066456	15.173607	23.045350	97.013185	2.490954	6.651473	16.719343	30.273338	-7.363037
	43.766615	14.908314	25.800961	53.223333	11.169674	17.290111	14.988186	16.346431	-26.068823
	37.865523	6.434164	53.355076	27.285155	29.336163	18.770710	5.836612	10.699353	25.624053
	36.640082	-31.337694	43.601978	12.160502	-2.247943	17.325176	-6.434708	39.160894	9.275595
	44.144422	-50.810841	35.945401	-40.476301	0.984644	36.955424	-2.503068	-3.917124	22.531218
	17.320431	-30.606261	23.590298	-8.862240	19.408296	-10.897322	0.467195	8.109928	-0.405698
	-0.260188	-36.223789	37.038494	-23.938274	23.126140	-7.104117	-17.981652	16.283536	13.430099
	11.264078	-39.574200	17.470340	-6.710896	-13.768831	8.198956	-3.466516	29.400536	19.105873
	11.318359	-51.175741	23.540012	-32.183141	-10.076489	-22.620841	-20.261924	11.066430	20.568532
	15.493555	-28.967903	14.916129	-28.383852	27.454251	-8.361757	-7.668893	-4.436063	31.611855
	19.484124	-39.762231	37.890709	-24.913050	-24.679689	-4.034713	-12.873912	11.298054	13.788080
	-14.836509	-41.722676	18.789836	-35.704434	-46.117978	-1.022134	-53.312916	10.225379	6.243989
	5.392264	-24.605911	24.472369	-16.674878	-53.078587	8.726949	-25.110880	23.254125	-14.958436
	23.517998	-14.368154	16.129334	26.366318	-29.020039	9.938380	16.621471	25.683343	-4.070716
	13.312310	0.056274	18.128210	64.335119	-41.157700	27.167974	35.252611	35.720997	-33.084235
	-0.501037	31.086049	-0.300443	87.460745	-26.343753	11.441147	29.335603	44.141268	-38.679200
	28.836525	43.474939	-9.240078	76.068040	1.139006	22.531403	36.775097	37.324921	-5.598989
	33.880373	46.889986	3.866173	75.907154	15.701345	48.013592	39.138626	45.710040	-9.499646
	22.973082	39.447228	23.954425	50.445561	30.576093	50.635315	30.706802	9.098297	-18.455183
	51.838836	10.699433	18.631798	15.240846	24.097919	27.651368	25.081398	-6.125865	2.470046
	70.173436	-6.926824	21.210226	19.540154	22.057655	33.184774	29.825556	17.893719	46.735881
	57.923866	-29.695899	50.410813	-14.703788	14.217001	41.153220	30.497867	-28.457618	46.604438
	32.494258	-5.940966	49.203070	-9.095336	26.396364	6.799554	36.430752	-33.238375	34.540570
	33.029135	-8.370508	-1.302397	-12.215463	5.393196	-1.445667	10.903318	-18.407008	30.474455
	15.844461	-17.001051	-34.907050	-51.842073	33.925499	-17.054895	-2.608085	-24.971536	6.561871
	-12.705113	-17.746468	-75.592217	-32.273434	42.557128	-10.333452	6.691804	-20.904700	-27.740798
	-6.317193	-18.138162	-74.747466	-41.449715	26.424294	-27.746819	-22.990213	-9.059231	-40.462086
	7.986335	-30.070289	-85.267443	-45.480574	15.944382	-29.403668	-13.915271	-25.453716	-19.139422
	-24.945271	-47.761691	-68.741887	-71.753735	39.983133	-46.133811	-30.615285	-22.725870	-26.408488
	-36.398602	-36.965303	-33.077102	-89.071661	32.044799	-33.507672	-46.783828	-44.574855	-3.166448
	-55.906704	-22.604441	-47.246515	-85.876555	26.754988	-47.744540	-31.768988	-19.990895	0.923838
	-60.471510	-20.384385	-37.768447	-76.641483	56.350705	-49.956296	-32.725126	-43.894514	-15.666321
	-83.817921	4.463269	-40.269088	-53.808830	22.975586	-43.513055	-57.000397	-29.161252	-22.905287
	-81.718746	-7.048543	-23.289172	-63.621709	-9.127285	-25.703393	-58.163187	-12.708828	-38.603173
	-96.021941	-26.301429	-22.599852	-91.710676	-63.533251	-7.571734	-112.392685	-11.924874	-39.185092
	-110.165340	-27.549220	-28.828195	-98.976730	-62.847189	-28.506256	-104.629783	-37.377377	-39.416960
	-57.243219	-69.327847	11.684560	-134.436050	-52.604491	-15.649274	-102.818021	-57.337118	-21.590996
	-57.202404	-93.037948	14.733753	-146.801105	-62.120347	-18.768026	-97.249341	-47.375269	6.314166
	-43.578964	-101.360008	-6.058157	-165.118607	-47.784238	-31.595284	-107.402150	-53.326627	24.494124
	-68.212939	-88.765776	-31.212908	-158.181911	-30.025290	-26.011215	-102.764452	-71.913941	20.521773
	-67.433321	-88.619017	-10.115136	-120.970859	-49.056903	-18.574938	-75.817574	-37.143636	28.927679
	-40.215257	-95.358706	-12.053819	-140.403587	-40.314307	-9.204470	-80.061652	-48.717635	27.408661
	-50.563164	-86.524386	-7.873060	-139.724242	-33.834593	3.791956	-85.469916	-47.616289	29.284667
	-48.808901	-82.055378	-0.287265	-135.318036	-32.758532	-18.062829	-67.057376	-39.617238	22.018694
	-37.375847	-82.001249	-10.184144	-136.291603	-27.682611	-24.237155	-65.453868	-67.187392	25.394878
	-37.407344	-79.357952	-38.496972	-103.616388	-8.730359	-30.281448	-51.344595	-23.158255	31.164746
	-46.660121	-75.518101	-9.324347	-117.085018	-10.758534	-16.581237	-53.324475	-52.891830	43.928613
	-78.172907	-89.977637	-12.546923	-135.833506	-38.696015	-3.230651	-68.984714	-41.774392	5.475427
	-45.698233	-81.508511	-32.231810	-124.313914	-34.863207	-3.871999	-75.079552	-42.800650	-17.358826
	-31.388902	-74.842139	-5.024037	-100.530016	-39.302332	-10.114534	-42.485373	-37.372588	6.155723
	11.297803	-76.874011	-0.620532	-27.384293	-25.709606	-8.255659	2.070525	-35.549944	-3.110396
	32.881744	-60.796473	-4.923603	12.092459	-15.720237	1.347622	41.111788	-0.111745	12.100640
	34.645763	-16.669062	18.508266	67.978561	24.352729	-7.936977	71.212745	26.060352	38.497596
	45.985997	-19.216234	17.687329	72.412521	62.600771	-27.072099	103.382366	29.188784	83.804200
	30.466730	-9.756557	3.911383	88.021378	96.668067	-30.956035	108.227044	20.771127	76.405255
	37.289799	-7.056363	13.757391	58.730921	113.638347	-19.695701	113.661835	22.939434	101.622107
	5.026837	2.327257	20.208691	89.537980	87.049456	-7.545648	95.005937	1.694204	72.827121
	27.537816	10.926922	37.061397	82.752615	80.853156	-0.962557	94.075407	22.977789	19.381902
	14.359866	61.796357	15.143867	94.836051	88.620676	-25.844753	73.300480	36.937394	12.152817
	12.587377	74.134626	18.476303	90.738864	112.579658	-46.782689	86.667634	41.450834	41.591495
	12.471573	88.315719	33.329269	100.420705	89.071516	-28.099588	84.200420	30.573925	26.139374
	8.135983	87.935418	19.346654	101.013561	85.027994	-25.580618	65.772947	33.079286	22.482289
	27.816411	77.519136	6.805075	75.806554	59.949735	-14.417096	57.176143	38.910748	19.817428
	14.659113	73.186501	15.528083	45.176627	29.502918	-1.096212	26.499294	22.436117	50.079715
	44.167560	58.208968	21.345720	24.031940	9.419911	11.709063	35.145302	8.136546	44.569408
	30.976057	39.216576	10.879761	4.048018	-37.310752	7.839319	20.927960	-24.107419	41.599109
	25.990055	21.439630	-14.822036	-8.407059	-19.254442	-12.075004	4.230935	-13.329301	47.692444
	-2.481370	41.373734	-31.210520	13.162649	24.113693	0.746019	27.055275	22.923670	-1.210422
	-34.316149	44.279749	-43.704757	34.127490	26.254498	6.907740	20.873294	9.647286	-23.976488
	-5.230090	66.413709	-62.125687	58.298058	42.494237	-10.039423	52.662967	33.379773	-33.211793
	-27.816895	34.060786	-68.181623	29.705714	68.854419	-6.540887	32.383278	8.504058	-52.396519
	-9.624406	54.629800	-74.998703	51.935139	75.201403	-19.997072	34.928190	19.499511	-74.495201
	-15.646608	58.306278	-72.040185	49.590959	64.564506	-3.171359	16.044953	19.877001	-76.234491
	-16.520571	51.972012	-49.518034	11.419809	46.264013	12.380983	12.045059	12.727101	-133.577790
	-20.780770	39.156390	-28.276278	20.433547	22.504266	13.129287	-8.481645	11.504277	-64.856793
	-18.440871	36.138043	-14.447956	22.708801	-3.471838	18.954912	-19.335417	20.450814	5.473972
	-9.969970	21.253643	35.059258	46.990088	-13.778217	-3.973138	1.119594	33.253497	15.802626
	4.489733	7.937009	23.537051	28.040769	4.295611	11.037761	-6.857128	5.183643	31.626290
	21.673393	5.423170	22.486328	25.334067	26.154319	3.386860	29.424071	2.810694	18.532902
	23.359273	9.881276	32.193501	53.567391	43.363168	-5.390484	19.053810	6.850988	37.923831
	4.087625	26.725082	9.624307	20.110183	55.610838	2.319386	23.786557	-16.893099	30.433201
	-10.793265	35.118914	-5.316373	34.128205	26.352155	22.394123	8.850753	3.853772	12.224402
	20.743258	56.008119	13.507139	47.386171	28.515355	23.380300	37.158166	39.218634	24.144865
	-2.827484	43.825876	3.607491	16.611506	42.043485	26.359806	-1.976311	0.529341	-14.704683
	-21.547206	39.951149	26.184876	-17.210997	43.022440	24.344844	-45.250683	9.680258	-13.626720
	-20.251816	1.460683	12.437937	-60.200757	7.359183	23.455526	-96.540790	18.799134	-42.100344
	-55.157109	0.741501	16.901172	-40.887460	-11.294995	4.171131	-89.710028	24.128117	-38.318125
	-26.818668	-6.965471	8.560572	-65.728216	9.383658	-24.312869	-103.569637	8.065025	2.727174
	-39.924543	-9.919635	-34.801596	-97.133946	12.898416	-6.705648	-99.258098	0.632342	-44.082687
	-60.647814	-6.901441	-32.377404	-83.426837	23.866124	-26.287975	-74.543689	-0.392094	-24.300387
	-52.917255	0.121285	-33.219061	-90.028839	42.706327	-25.501653	-61.112623	-6.864660	-19.812983
	-47.180155	-27.541480	-39.026800	-74.028124	24.881830	-33.790012	-35.057055	-17.065980	-30.066997
	-30.449165	-40.315523	-3.761219	-94.756136	-18.114500	-15.929934	-83.680141	-43.488428	-40.606983
	-10.950142	-33.284671	-24.061150	-75.786277	-40.629883	-30.115026	-66.890615	-34.067430	-31.303684
	-12.243435	-37.393863	-41.635133	-75.571500	-23.608645	-47.472914	-50.419891	-21.436535	-17.207784
	-21.053381	-22.979734	-62.341902	-39.293003	-27.403628	-29.624693	-45.986104	-11.281821	-48.015641
	-7.128428	-0.695559	-37.361365	-16.591166	-43.594040	-25.202972	-44.633818	-12.468005	-35.032338
	-2.730529	10.713601	-39.708463	-32.808633	-33.822050	-11.957755	-12.192529	5.092291	-26.162576
	-3.576206	28.698646	-41.230048	27.295922	-59.620052	-8.145851	11.286776	14.166148	-6.733678
	-9.503434	45.602261	-48.160806	49.326872	-41.598402	-2.115990	32.210806	25.648287	9.362233
	-6.819343	61.788636	-35.960369	42.365949	-35.952195	-4.264278	34.286522	34.632017	6.857282
	2.008432	64.318955	9.490423	91.481018	-27.715872	-11.732048	51.257015	31.418722	9.374230
	-14.927326	50.765481	-35.804923	54.221898	25.523827	6.980197	27.410253	41.447436	-12.065333
	-16.840727	23.158915	-44.295399	22.252063	22.887064	-6.086669	2.155753	49.673598	-9.143790
	34.178712	-16.791081	-6.043990	6.794080	18.067770	3.398510	33.968798	10.664402	30.548599
	27.670303	-28.543736	22.899560	0.862304	-18.312739	25.289353	2.335970	-10.790769	7.675487
	50.571549	-51.416553	33.462286	-24.370821	-6.635210	30.608499	3.118649	-22.360730	40.185599
	5.358200	-44.989488	-23.336560	-38.906684	-3.640114	19.657518	-26.379612	-3.834464	-7.084639
	33.057597	-41.765384	-36.408084	-31.822360	23.391004	0.013935	-24.542390	0.697064	9.315639
	2.011781	-34.517009	-35.124048	-65.001633	4.284265	0.970238	-45.074481	13.629577	-50.738052
	-27.561560	-38.812458	-31.219889	-73.205768	7.530637	-12.334686	-61.848804	-11.111999	-53.784892
	-31.624583	-53.146721	-56.794595	-62.560325	19.908108	-49.598757	-68.394985	-18.040334	-45.754001
	-45.358778	-59.930946	-39.208878	-69.622349	14.086734	-43.698485	-64.278430	2.770871	-66.927033
	-35.750125	-59.757844	-38.023123	-75.352438	-7.553541	-37.202244	-80.981233	-15.388121	-52.847232
	-49.226494	-39.534721	-18.274217	-93.047173	10.722375	-22.399849	-86.536934	-26.541071	-47.189462
	-29.504780	-51.164839	1.289876	-73.841422	17.990498	-31.445034	-82.667477	-30.029080	-31.454635
	-1.731944	-50.627769	7.996335	-97.371261	25.880485	-40.520557	-82.766268	-41.551539	-51.890721
	-16.834153	-28.124571	-24.398452	-76.981830	34.726096	-19.543637	-70.220345	-51.411709	-50.797746
	1.307091	-43.720429	1.382038	-61.129528	57.133735	-45.423855	-38.864636	-35.843297	24.541160
	17.272186	-55.228835	43.919464	-54.867561	27.677873	-11.541160	-27.208550	-23.879918	35.765224
	21.404875	-41.621831	27.316277	-32.090769	7.442269	-5.521642	-23.815220	-26.189792	23.070936
	14.258606	-8.812057	39.971468	-17.069023	-28.848884	-3.813860	9.621001	-47.125853	47.928707
	39.109681	10.749788	42.633024	20.539825	-34.395551	3.784315	40.582355	-25.309853	22.156534
	5.010833	30.723891	35.028617	40.762825	-26.374649	25.777928	56.052309	-40.133119	5.224350
	-12.563468	69.591116	-3.203650	66.532973	-21.025228	23.509788	40.686876	-15.450426	9.980578
	-23.434845	77.917860	29.472941	57.050328	-9.511993	17.577006	44.072327	0.784237	6.628262
	-33.474145	69.162626	51.303707	39.106798	-10.391399	29.450501	29.273585	4.336462	23.426585
	-31.851243	68.885972	20.632788	1.184884	-2.414545	6.109577	-8.494582	11.116088	30.524808
	-23.479605	65.353212	46.080147	2.340462	16.727919	-4.660403	0.379388	-20.254344	48.671432
	-3.890420	57.920702	-4.033836	-7.229445	19.698775	-6.121832	-16.047795	-0.352854	-13.677200
	-32.405663	60.590475	-9.578084	-17.884454	9.000413	-9.359538	-21.381845	-14.216546	-37.666102
	1.575148	33.594487	-12.697180	-3.936389	-5.488505	15.639336	-1.459812	-7.125637	-28.411514
	12.776236	5.074564	11.762345	36.826006	2.765188	15.948594	50.793388	-18.167169	8.852409
	-4.282199	0.321635	-13.259273	50.127007	14.887867	7.407966	49.639133	-10.599668	-17.843668
	9.431539	2.923109	-26.766500	41.037340	47.071840	21.064182	60.140604	-18.296897	-2.983200
	5.144442	8.001684	-13.426745	42.980041	31.409711	23.083227	44.533172	14.626644	-19.950972
	-14.675539	-22.524085	-18.428682	-9.736125	31.753392	25.214604	8.383951	0.531860	-54.076525
	-9.170660	-6.495316	-15.763963	-24.035777	44.550030	8.954625	-15.261793	5.446863	-51.687906
	-1.781992	21.505980	-19.461793	-16.484908	25.466006	9.243838	-42.131146	13.448926	-41.842740
	-28.772059	25.868705	-0.843717	-6.424279	13.799447	-3.320178	-15.194376	-2.050860	-3.254247
	-21.459122	22.019834	34.213339	-5.837520	-0.043280	14.359105	-3.244712	-16.672656	8.808614
	-24.497026	18.037269	43.324828	-5.278780	2.799088	11.798310	-17.999093	-14.364800	24.082445
	-40.614782	33.604953	40.536042	24.968139	-8.522530	9.137859	-20.944456	21.980789	10.949376
	-26.570188	20.665140	26.484997	39.491550	-11.654415	13.390424	-9.998315	15.681908	-2.142900
	-33.069892	16.602174	26.161373	42.809287	-4.349925	-4.051614	-25.534892	19.102437	-6.829725
	-24.665844	20.854788	14.977814	57.265667	6.139118	15.518132	12.103833	30.497513	-17.545141
	-11.142935	0.920995	12.313947	36.707068	22.625400	5.524419	19.836227	28.980492	18.661304
	9.327386	-17.543177	34.118540	26.606956	-10.219043	19.330239	2.268349	36.202757	15.514905
	13.286133	-8.838300	22.053176	16.566962	-7.276573	25.925498	13.033468	8.495073	40.777442
	24.374108	-24.631930	30.833636	2.148556	-29.147316	4.991214	11.879412	-15.732972	55.435083
	41.468683	-27.086061	45.594863	-0.386741	-20.047751	-8.762343	32.337817	-20.183290	30.354418
	29.636167	-20.224954	51.452819	-0.850965	17.411434	-2.727361	32.776405	-64.513180	41.999460
	42.149036	-27.667979	65.649368	-41.391503	3.499330	19.234297	1.361452	-48.924366	67.296153
	29.687554	-18.999567	95.289209	-41.893655	-0.182832	16.756965	13.959529	-71.326057	86.835749
	29.855810	-39.326481	120.966603	-75.340609	-20.816158	5.181146	1.625912	-73.237181	78.489361
	65.530602	-34.412444	132.940159	-10.809367	-6.632261	11.869968	18.532023	-12.923065	74.116535
	40.701574	-52.200830	106.117728	-39.855245	2.264339	23.063639	4.227306	-18.132498	51.917343
	78.169647	-80.412153	98.556371	-64.025975	-48.995453	22.201424	-18.664556	-9.423556	60.279296
	61.137230	-61.689490	38.765356	-46.055662	-25.900968	-10.809756	-14.013871	2.460579	1.901957
	33.351368	-31.096923	23.442036	6.376467	-7.961845	-17.631558	19.856689	18.503735	-12.775374
	15.712307	1.015897	-47.378167	40.635844	-1.710177	-11.511953	20.154758	26.582311	-56.139785
	16.061745	19.669396	-89.036192	48.153583	16.554363	-2.913273	31.725775	40.161870	-40.432029
	-3.717182	50.220644	-67.814284	81.586194	31.152789	-10.372937	44.304215	44.642681	-44.640804
	-4.604451	54.795688	-68.381130	100.841950	51.219110	-6.573027	52.726026	51.002408	-19.876106
	6.906182	47.465814	-70.080996	67.754933	54.253440	-28.664660	50.662145	43.046859	-18.355920
	-26.931180	50.241845	-67.558531	57.195667	69.947945	-30.500682	60.163954	50.456426	-3.202995
	-33.164999	46.228149	-60.354695	35.341575	79.159406	-20.071007	37.274088	30.165429	-14.574622
	-40.538170	57.463704	-71.096324	40.817352	105.315783	-22.244141	43.274088	31.433907	-1.622348
	-19.127310	59.519178	-27.687354	35.800639	106.208348	-14.714929	48.992704	26.766241	21.800820
	-61.193204	48.743068	-26.187622	-20.393595	105.330353	-0.141281	23.206405	10.620691	24.442693
	-38.300345	34.997475	-17.410872	-38.526021	84.617078	-12.751083	10.380246	-9.294893	13.858399
	-44.289194	12.489890	-39.381599	-47.500408	76.224730	-12.416866	-11.264218	-27.918442	15.106976
	-63.739352	12.525153	-59.223969	-28.065364	41.486661	-5.797229	-20.716167	0.228076	-19.434694
	-44.158057	14.234897	-58.624922	14.005816	7.836843	-28.900113	18.023954	2.529504	-47.048900
	-43.323268	-14.959424	-25.701200	-28.992143	2.965500	-27.852529	-7.960201	26.428535	-30.382682
	-22.887623	-7.268565	-18.073379	-9.760257	28.893179	-25.361061	0.759115	-11.250642	-30.650238
	-55.777095	-14.390667	-30.216042	-30.727387	51.796356	-18.686124	-36.727081	-22.822675	-36.391994
	-30.593424	-5.343203	2.208777	-43.519440	69.726285	-12.428265	-10.261385	-20.395928	-20.550127
	-26.469785	-21.608423	-13.382823	-72.543742	85.719413	-25.778651	-22.829311	-33.087332	-16.142330
	-60.096145	-15.127697	-40.123710	-85.589937	99.810988	-41.068572	-19.879961	-29.103854	-24.530843
	-52.385402	4.800197	-60.127651	-66.124640	79.073720	-32.175143	-40.493807	-24.717415	-10.832455
	-69.316794	10.175198	-41.776260	-63.320830	65.809998	-29.164280	-42.399063	-24.553553	18.718540
	-46.287279	37.767030	-66.939972	-45.390188	69.556030	-31.339931	2.901714	-3.716329	-22.458557
	-46.607448	65.455382	-71.795841	10.521598	55.189114	-28.492051	36.673527	-6.108224	-50.553603
	-44.194239	67.774887	-47.690549	24.079714	10.426950	-24.481304	33.051623	-3.984909	-28.989934
	-4.304807	47.806977	-35.312649	32.785787	-34.092517	-19.658692	36.968959	31.474257	-16.839076
	3.037129	17.679882	1.755917	27.101049	-26.493346	-21.787610	47.980521	8.457436	57.027151
	35.423144	-1.991674	6.731310	12.886451	-37.633354	-19.857725	47.855012	-8.334137	42.715910
	44.806306	-36.919672	21.820000	-10.123935	-49.093891	-25.550833	33.508400	-19.524607	66.680673
	15.205948	-63.468129	42.986795	-43.234862	-68.463034	-19.257760	-3.941296	-63.670642	61.325929
	17.981268	-51.020602	30.126042	-52.228161	-101.686652	-6.541120	-26.496879	-47.678620	13.366699
	-6.420769	-35.800124	-2.416026	-31.483477	-87.270894	2.147210	-32.157934	-36.167440	-6.580614
	-24.515554	-18.440020	-45.583085	11.558697	-37.587379	-25.250971	-13.931510	-8.703202	-34.700823
	-12.192503	0.335386	-54.773888	6.603150	-25.289019	-6.187222	-7.867474	16.863276	-48.558828
	-53.776975	18.923323	-24.327938	17.871046	-47.871293	-20.640194	-10.309609	2.424618	-32.375430
	-69.354550	12.830391	-39.042406	-6.638699	-53.942508	-27.664663	-28.146804	-2.063538	1.798120
	-56.292494	10.315613	-21.448552	-14.404668	-41.512032	-0.769293	-34.576740	-7.481371	3.872526
	-36.766918	40.705011	-66.448949	5.956620	-57.234474	-13.961684	-13.334268	14.137973	-22.395917
	-12.629324	47.170072	-58.690795	39.593086	-17.359556	-6.129803	23.562354	-4.562731	4.584377
	-48.123822	79.328918	-78.610585	65.756228	35.968620	-3.618643	54.010954	10.307770	-18.042174
	-17.570006	74.177209	-58.406123	68.477096	24.506117	6.619249	48.618666	-3.671987	13.415503
	-30.295746	105.397603	-22.311409	82.216907	23.608067	8.216787	36.963765	20.333677	24.502710
	-55.682629	100.428170	18.982798	69.238589	18.106516	22.761976	12.336124	25.582214	14.044807
	-49.960369	88.693531	-22.629297	23.762116	30.582460	27.770753	-1.410909	-16.658526	15.122634
	-64.499875	98.264089	-25.443502	2.620742	21.465381	17.186371	-46.476962	-16.946229	-16.727847
	-58.762956	79.588061	-44.732927	-2.266021	5.489625	0.279905	-38.679575	-25.650538	-24.197986
	-39.586688	39.834963	-15.122266	-29.675755	8.367597	1.041384	-25.831003	-30.416200	2.332439
	19.684766	-35.769178	-8.678544	-64.122585	-30.222364	9.182811	-25.007960	-54.571779	23.807844
	29.673518	-67.566908	17.567756	-60.844190	-27.274319	23.373195	-7.502660	-60.543263	32.996159
	55.571601	-51.234204	29.375643	-10.732246	-44.476981	8.934179	25.934593	-45.691844	17.076131
	44.652369	-47.374890	3.042330	-28.169444	-4.552291	-5.335679	32.541249	-83.106546	59.853438
	2.722299	-56.379506	6.244505	-24.592953	13.694672	-29.096668	21.736963	-102.257923	34.252505
	28.446597	-73.404115	-4.599353	-46.175369	-0.562591	-15.954033	39.325590	-88.609921	-6.688469
	47.499712	-83.354878	10.176384	-36.854950	-32.456390	-13.483167	10.267467	-58.429133	-10.715746
	59.563691	-100.807914	27.419143	-30.093822	-58.395091	4.554837	7.150983	-66.035098	4.997502
	30.625480	-132.319059	62.387004	-57.071240	-85.992199	6.360632	-5.596543	-82.781472	42.613283
	38.535296	-142.059061	55.473671	-93.999532	-77.585901	-9.664634	-24.015946	-86.604190	88.282921
	21.812899	-122.339545	40.955352	-105.431509	-56.851200	12.909548	-28.557616	-79.469129	53.150249
	22.468100	-78.420992	42.478396	-102.693068	-71.808930	16.745876	-45.024881	-75.210849	58.961665
	15.023867	-61.851631	33.343443	-94.231376	-102.018256	24.400358	-55.418845	-53.843912	30.870855
	22.507093	-53.522416	57.234850	-51.793285	-71.548585	-7.744165	-26.145351	-23.488537	36.627049
	39.093027	-46.116420	20.812431	-31.463019	-61.899268	-0.318734	7.226128	-31.283749	26.825126
	31.250088	-43.352364	40.598279	-13.809153	-38.459423	2.327868	-5.000430	-26.423980	47.862793
	19.230056	-31.670183	52.359081	1.781743	-17.137614	-17.022739	10.585759	-35.064827	62.165511
	55.378479	-31.534247	59.053129	12.093500	-0.335703	-14.559170	44.533342	-15.153909	54.855663
	34.593428	-37.122174	86.131683	22.600019	0.406975	-7.055652	23.321661	-19.606749	73.221685
	50.448202	-60.532404	94.493705	9.894305	-22.805460	6.030201	42.241671	-26.713054	82.908593
	47.186050	-31.275703	61.286627	25.624009	8.292385	5.714915	35.271577	-7.992659	99.402020
	33.260867	-30.765004	36.791659	9.515258	27.488051	1.708305	36.624010	2.614574	75.168202
	43.252647	-38.685565	33.632184	8.340640	17.815182	8.090195	17.762398	-2.029844	60.753499
	41.380414	-34.779919	22.021397	10.738209	35.614522	-9.674811	29.687422	-16.685939	36.216921
	39.435846	-43.987524	50.936297	-24.180496	53.357194	-18.368263	15.356383	-4.640644	21.177358
	9.184805	-42.097009	8.218739	-10.401867	14.852715	-5.973690	26.024137	1.699553	11.304907
	12.959125	-24.199704	20.599089	-9.486651	-11.871402	-29.230303	9.486822	1.943115	2.258100
	12.374047	-18.186480	16.417361	-11.874020	-9.366258	-21.487888	3.504119	13.849508	-3.581342
	4.351929	-28.796333	29.662842	-52.760622	0.003190	-1.896128	-8.182593	-41.118406	-17.867605
	-0.730006	-25.216113	-11.135178	-28.907927	-5.146276	0.326552	-22.047319	-12.286986	-29.062248
	-7.598434	10.249992	-36.644069	-2.889117	-28.965879	-6.650662	-16.365544	9.037417	-48.970529
	26.646895	-4.272825	-11.675715	-4.429598	-38.690316	2.671666	-2.799245	-1.940491	-24.310941
	16.748480	0.924599	-35.907663	29.213754	-17.473461	16.512804	2.882567	-1.199113	-46.203582
	21.477641	5.412731	-5.921186	20.164873	6.566333	-3.308749	18.561850	9.485193	-17.309713
	-14.444936	26.133622	4.652668	29.308080	3.392176	-1.363556	17.048233	-1.227824	-13.188737
	16.120104	0.786922	14.700595	2.335291	9.705769	35.785094	17.768845	-17.582885	-9.259942
	9.625877	-42.480231	4.198760	-47.081737	17.009672	15.428585	15.049647	-41.274135	2.568858
	17.299263	-66.848478	-1.589401	-31.632633	32.625410	9.037889	41.554786	-24.022769	-5.065219
	14.455322	-43.342330	1.115505	-26.443365	10.730147	-18.429576	39.484592	-8.578731	21.102014
	26.926272	-30.079153	-4.628306	-20.479781	-11.978614	5.478074	42.998105	-23.684955	7.618846
	27.907455	3.654804	7.234116	-4.440088	-57.345836	5.533935	24.940113	-21.673765	-3.932752
	-7.255201	9.986827	34.349191	-5.033089	-66.094867	13.722906	1.480294	-13.850129	-0.535505
	-14.246099	25.031034	11.545729	13.057685	-56.176881	21.255044	11.948877	-13.542105	7.659924
	2.258075	63.386975	15.892817	34.023064	-49.067986	34.331870	19.001730	17.675275	-6.786407
	-19.721432	51.618828	35.079001	26.549577	-42.278368	42.101674	5.235418	-7.967590	17.695305
	-34.050428	42.248402	38.556830	0.358675	-44.857714	49.922443	3.396093	-16.363079	31.135098
	-23.587983	48.189328	36.350777	24.211215	-33.349862	62.714935	23.725199	-20.441098	8.202204
	-26.257784	41.994105	14.429399	20.677425	-35.191088	33.339727	12.372130	-9.283948	9.579466
	-9.792408	47.083215	22.684214	25.365786	-42.925528	31.663795	-8.867713	-22.279185	5.495627
	13.151427	21.454221	49.769092	-3.722323	-52.674771	39.565551	-18.055573	-4.304434	-1.697438
	36.221295	0.168030	12.734015	-17.248018	-64.460963	19.272820	-20.659939	10.799264	23.962084
	54.620529	-36.792452	23.345474	-19.180915	-46.943198	29.299516	6.060085	-28.522082	46.901781
	46.719111	-49.425176	-2.622065	-32.550857	-48.359362	18.848633	-17.833705	-13.919791	23.872079
	44.428542	-57.018231	3.657734	-72.439862	-10.602003	38.374784	-20.096660	-26.489984	23.141037
	2.765411	-64.516312	20.379831	-86.992514	-31.378359	20.590748	-58.869664	-43.916679	-3.678675
	1.173994	-71.476523	22.507505	-96.528914	-45.873327	21.770506	-77.083199	-41.054775	-7.011637
	36.484200	-101.976699	4.353236	-83.161861	-53.527448	17.139587	-56.790599	-48.292614	-28.247503
	23.759320	-67.980023	-21.835970	-33.216654	-63.836366	5.984894	-30.923120	-43.013664	-50.303538
	36.495665	-57.556307	-4.530416	-29.394929	-68.783151	9.618637	-25.608314	-4.179541	-11.539319
	40.533107	14.975721	11.227183	112.036242	-27.986807	38.322731	37.489851	73.971803	-52.710419
	4.013784	15.924149	-30.918047	33.291318	5.998936	34.452637	-1.234463	18.254557	-36.891239
	-18.632614	37.196235	-20.725644	11.115672	6.192383	16.186506	-16.455264	-9.075266	-32.847535
	12.922678	29.140632	-16.242963	74.135331	-3.250211	23.325951	-4.139114	66.169063	-41.683547
	6.230871	17.735354	22.152918	40.541474	-30.957039	53.875560	-15.198065	42.045063	-61.156302
	34.016637	15.390976	32.190434	49.728692	-56.408001	31.789370	9.503735	50.756649	-44.988684
	41.750463	-24.779256	49.151423	16.326471	-57.051851	38.950730	2.179380	14.630946	-0.390696
	65.518003	-16.802402	19.035327	32.939370	-59.879211	12.481396	0.387551	24.089659	-14.779088
	62.472280	5.377160	-2.742657	71.596581	-48.314413	8.117132	10.398187	34.065141	-10.485212
	13.803987	30.379587	-45.045230	68.719823	-34.518986	0.532498	3.652617	62.294696	-23.861932
	15.572593	30.586960	-52.270674	75.044872	-14.452519	-4.869220	17.752207	48.409934	-48.191061
	6.500144	46.600754	-32.947178	82.024441	-27.346190	11.002992	6.523620	49.028636	-59.414952
	-3.185048	72.059282	-17.233047	100.420808	-7.744295	6.652796	16.328413	62.250654	-35.717538
	-18.799608	103.108271	-50.671101	122.936173	17.483751	-26.674461	18.562511	85.344044	-61.508712
	-27.041715	111.557304	-30.888645	137.631602	18.813057	4.069801	24.418509	102.868088	-54.970008
	-16.122714	117.912997	-37.347646	116.065952	37.349266	8.357628	31.413584	90.124670	-27.231576
	21.462312	112.321377	-43.228799	110.990924	55.282286	-1.495157	20.446392	94.592121	-41.715098
	1.803030	83.417161	-37.456222	94.453835	85.538922	-20.708434	18.679377	82.621499	0.391189
	2.024197	47.734683	-25.346627	15.124323	76.045305	-6.116864	14.103044	52.938833	-3.333586
	0.199719	11.430429	-8.319061	-21.224615	71.784349	-15.126191	-2.674897	14.138569	1.501898
	-35.259074	10.640789	9.527173	-31.830776	61.152906	-6.847448	-16.988771	26.880027	-10.204141
	-26.461058	-9.310329	6.773270	-45.894271	12.951135	-15.378869	-52.494936	-2.669896	-13.741758
	-15.552695	-22.407791	36.129502	-62.382993	-28.670303	-3.116858	-61.840934	-18.386645	-59.092084
	-21.369270	-22.995547	18.405206	-45.592857	-7.433359	-24.507735	-55.871131	-19.190106	-53.292837
	-36.391182	-31.669151	5.848497	-72.272241	-12.398267	17.048756	-62.821876	-3.196023	-56.506730
	-30.168699	-56.627587	43.664227	-113.525049	-16.168532	21.864600	-55.165527	-10.337410	-9.208010
	-12.365019	-61.745345	26.980111	-92.604642	-20.494111	28.788745	-53.565136	-26.194114	12.734916
	15.542611	-43.744309	29.906532	-70.520509	22.656975	39.920630	-20.196460	-58.120254	18.915399
	41.947159	-34.711353	48.542231	-58.804847	7.161814	39.623094	13.634977	-36.069961	32.281941
	19.867437	-35.110526	37.963073	-55.898828	10.595245	18.608305	8.177248	-51.225127	32.241889
	-3.711103	-42.215498	50.467517	-77.211225	39.374716	17.485731	-4.543521	-75.686715	51.606450
	0.859963	-60.531764	44.390158	-81.368466	40.741860	1.867117	6.475327	-22.056884	47.890569
	-2.555662	-59.103004	54.980907	-68.793799	5.129537	5.075194	-6.848149	-32.308712	54.030918
	29.274487	-66.087377	47.148461	-63.363478	-14.615618	13.426832	10.395805	-14.659260	27.518986
	52.041561	-61.771525	32.045078	-10.564661	-20.201982	10.802125	16.171801	-5.929483	34.436653
	69.902479	-80.353740	9.360223	11.453339	-51.553060	-7.964891	33.042090	0.406518	19.851330
	80.909510	-80.983905	-3.880352	-10.576929	-24.271296	26.712931	-3.266875	-20.727748	31.649363
	69.113618	-56.966675	-7.857255	21.765955	-31.196130	22.614670	15.809203	-4.170616	-5.775544
	85.009948	-34.321742	-17.743969	42.553785	-16.605173	4.711634	34.959958	-2.025281	22.367697
	51.567003	-11.736732	-33.272221	48.745969	-33.008360	21.607680	18.934417	-3.139385	-13.439052
	55.178738	23.415114	-34.212390	49.761665	-20.879765	18.523382	29.583245	12.428206	-8.209825
	35.849069	45.065742	-47.994614	52.562844	-28.437313	3.616809	19.990796	25.693291	-60.526707
	18.695204	52.517872	-46.316295	68.519447	-32.549799	29.199697	-2.751870	59.109041	-46.473685
	-25.243278	43.338098	-22.428631	41.858697	-48.595550	43.972546	-3.637333	45.724534	-38.719138
	-24.044922	48.141920	-47.880879	18.473647	-45.970456	34.933439	-11.157763	23.940258	-30.992219
	-11.212871	50.755495	-22.131304	72.101248	-9.090654	30.389946	18.984434	24.544435	-39.073913
	-0.492569	38.572393	-27.284127	38.664657	-9.105664	6.811993	9.398407	25.325157	-16.416168
	8.871796	30.536499	-36.651976	33.765956	21.793368	9.676974	9.463252	-1.860440	-39.441181
	52.708801	16.000881	-0.829740	54.024217	29.651750	-24.606425	39.666145	-0.055517	11.773563
	34.569718	-10.009153	1.500860	44.232002	55.415778	-21.336251	42.181746	8.481668	15.689233
	19.234140	-35.711305	-13.448011	-8.242242	35.606865	-12.946029	12.685002	-33.795199	-1.854459
	10.468149	-50.512101	-22.329003	-24.566781	18.888028	-27.519788	-17.915500	-27.060773	13.219501
	-13.342209	-48.837665	-26.114203	-42.684140	6.756274	-24.108671	-33.478837	-23.282124	3.334495
	-24.081279	-55.227823	-24.434772	-91.019145	25.605202	4.017514	-63.868815	-59.951374	0.701230
	-57.872909	-49.600934	-22.757956	-84.338562	-14.372183	17.546701	-58.163294	-27.636900	-30.633544
	-27.224225	-51.490855	-12.643268	-61.462544	-18.235804	13.724913	-49.834609	-55.658816	-49.590510
	-52.364924	-38.446527	-13.458374	-38.942626	-32.694828	25.343248	-35.232913	-44.072845	-22.009819
	-38.322679	-38.372176	-0.197312	-16.597831	-28.070491	23.137873	-36.305466	-28.718908	-57.020773
	-18.314449	-20.148301	-25.790022	11.451058	-30.621024	25.789945	-35.450552	9.346327	-50.230641
	-24.978151	-16.192711	11.198535	33.791154	-34.113784	11.935202	-22.720910	33.187566	-16.959670
	9.398669	-28.188094	12.029371	36.296722	-53.581762	4.076420	2.598151	34.557016	6.672859
	53.468538	-40.750668	-13.302199	47.943581	-43.104945	4.017144	41.131701	16.236398	7.754803
	54.328859	-47.587292	-30.651165	73.785292	-13.675817	-2.851814	78.384116	33.043570	4.821751
	67.795140	-51.586144	-63.318476	54.759338	-8.164483	-10.309565	69.722042	15.709839	6.199373
	36.229025	-40.638644	-64.794000	36.868282	11.788405	-18.924407	52.043302	25.995252	-39.848875
	-2.431462	-10.677451	-47.213292	58.196778	21.564263	-3.980617	39.558018	67.314265	-28.487000
	-2.159549	15.461411	-45.560394	63.846595	64.574636	-13.268720	57.464008	60.749633	20.463442
	-12.042150	13.843169	-47.207648	31.453665	82.017579	-6.607317	37.215782	22.737149	-23.375663
	-12.397165	29.946296	-47.218842	30.106540	73.758894	-22.364195	43.653857	40.472502	1.964754
	-32.447650	26.916223	-67.639797	28.945715	90.559750	-18.233184	36.237902	56.551040	24.202994
	-21.137388	18.292629	-58.294207	13.748474	81.071830	-26.453909	2.867351	34.782249	-8.118669
	-21.024702	17.324668	-57.845183	14.403121	61.895354	-43.303790	1.163950	63.839765	-30.268380
	-17.192981	15.529116	-32.395099	30.115106	60.784312	-22.337550	-11.509115	80.701763	-46.723322
	-12.701589	5.220387	-36.308871	45.304344	36.629017	-37.802155	12.665438	80.567676	-24.612865
	-23.523262	9.028368	-7.754491	16.531820	29.737275	-31.931737	-24.125739	65.985608	-35.220728
	-35.928417	22.517501	-19.477832	21.126732	39.874995	-44.510636	-25.236768	33.660469	-19.349235
	-45.914382	1.917782	-14.961454	10.715407	51.951653	-31.129073	-17.140604	21.886563	-5.812885
	-39.915546	20.660861	-8.273688	43.952673	29.424694	-52.891555	-1.679246	65.487189	-5.740500
	-8.471160	29.142437	11.054798	49.370922	16.660906	-26.743912	19.979444	25.576497	2.337004
	1.489530	36.739742	22.146807	49.017329	-0.666415	-39.609761	-2.870416	9.248530	30.399481
	-11.204360	59.127698	29.546272	43.041657	6.744726	-45.123300	33.007419	22.704606	52.174274
	-19.289171	61.064568	32.524268	5.882535	15.453015	-50.805950	1.348594	-23.476410	49.054657
	16.093332	52.399534	68.136457	15.492344	-5.948242	-47.417044	20.682780	-36.014011	66.969343
	-9.452360	18.271936	88.878992	-33.600785	24.524349	-30.176857	22.632283	-38.060702	101.287353
	-8.345630	30.782570	60.299296	-11.169564	31.501683	-33.954711	25.548316	-43.779481	117.097544
	14.005544	28.084459	26.846166	-47.490793	15.105368	-27.886820	26.124815	-67.746575	65.084085
	-7.971750	26.375759	26.852670	-26.534703	-4.307831	-24.698004	26.779136	-25.696419	46.475760
	-6.074216	13.544466	2.556390	-8.414175	-0.849640	-29.365359	25.370234	-31.309077	27.098818
	0.866040	-17.774022	-16.074948	-40.571248	-13.352399	-17.049134	0.774411	-22.362038	9.891407
	30.132993	-34.761238	-10.518775	-40.993513	-11.169884	-17.134403	-12.425168	-21.965875	3.330046
	9.406812	-20.119591	16.556036	-45.354410	0.320107	-22.408840	-46.584960	-1.613199	8.889926
	16.668708	-26.251707	23.367790	-35.852491	-11.821270	-30.395982	-48.487171	2.951826	-3.231760
	-12.188681	-59.733226	16.939786	-65.321191	-35.410334	10.696299	-51.240641	-24.270151	-24.102641
	1.634615	-31.573709	7.067045	-46.965367	-24.175108	13.312970	-21.639375	-41.465614	1.875756
	-11.453870	-26.527098	10.920547	-24.566533	-11.957301	17.050156	-5.609973	3.263742	-9.405308
	-4.186213	-16.079051	-19.399059	-10.610097	-30.895055	17.795244	-13.714779	-4.990453	-35.892823
	15.273361	4.010511	-19.833722	19.776694	-55.886767	1.326749	-22.108602	11.715999	-52.869204
	-14.076432	19.340322	-20.769165	68.319293	-52.006388	27.654043	-23.686683	56.753738	-64.033572
	17.539832	38.532624	-16.254050	83.644921	-33.996868	32.712347	-13.967064	72.471531	-27.988833
	-18.781943	39.124399	-40.595094	42.098582	-23.513703	25.897648	-16.344912	66.901252	-55.095951
	-13.886074	41.537646	-42.215083	41.051077	-32.608711	19.668199	-44.234126	37.966466	-56.489231
	-38.310707	68.170109	-11.056281	48.089356	-41.236761	9.756105	-6.266133	42.712287	-45.670469
	-13.014129	60.586002	-16.352589	24.784646	-32.893504	13.523300	-20.684626	41.110525	-57.338464
	-59.698591	64.299667	-17.709760	23.343043	-36.323147	21.345659	-25.303098	56.467202	-62.278895
	-13.188367	57.549820	17.974549	21.573513	-16.701509	23.784048	-20.552842	72.361838	-0.245859
	2.334623	51.950016	21.895508	30.812958	-13.752213	0.086909	3.788690	44.681716	-13.772648
	0.354143	26.364331	-11.667867	16.852656	13.512042	0.832858	2.331337	40.248571	0.349516
	-9.107367	49.814603	-12.686375	25.446021	20.733815	17.935634	-8.241212	39.248289	-30.926725
	-15.071980	65.127462	-31.039340	51.870978	-4.099640	5.082842	-16.012278	57.401627	-50.337573
	-24.486999	48.264022	-17.163268	23.565481	-12.991809	15.265306	-7.803712	39.226498	-33.554184
	-13.640248	46.779060	-40.919082	3.127845	-13.297620	0.590340	-5.517599	5.689108	-31.452548
	-19.238529	17.489778	-4.703193	-10.549786	22.625997	-6.483679	-26.902881	2.183564	-4.670913
	17.721018	15.437068	8.199577	-11.814766	-4.675631	-13.368353	-14.674067	13.908386	7.488242
	-16.883931	-2.913871	1.180210	-10.771115	0.090311	13.150664	-34.532182	15.603824	-15.089241
	-21.382193	-4.786469	29.550673	-33.045985	3.362018	5.803401	-22.089017	12.656376	5.932430
	-19.910814	16.884318	15.509414	-22.459583	16.995751	3.530864	-25.837135	-13.842147	-0.786387
	-5.539240	13.349786	18.962739	-37.462419	43.368222	-7.512937	-9.599462	1.819982	25.843861
	-26.425304	48.147804	13.466502	-3.406687	42.500357	-4.915428	-3.888706	-8.677212	44.319225
	-59.316865	35.772962	8.909498	-26.782709	13.698513	-21.547329	-20.999215	-7.068018	50.288250
	-43.904098	48.239808	10.755359	-50.814393	-4.843134	-17.912151	-31.859059	-37.016582	22.447590
	-51.898344	43.843107	15.305965	-28.350561	3.874841	-22.420901	-19.667238	-58.349325	29.735813
	-20.493507	40.919363	35.632367	-13.892226	17.106384	-19.082209	-0.368474	-28.802513	22.498261
	-13.462675	25.905029	31.668860	9.614531	24.598035	-21.917289	10.455243	-32.037785	25.182126
	-0.797161	28.339920	20.645143	-14.948293	50.313575	-18.803101	25.490108	-41.197591	16.117516
	-37.597399	26.261830	28.974431	-11.204050	83.962254	-9.432255	22.696143	-29.965262	30.464237
	-6.443332	30.983814	60.905446	-6.477152	100.712401	-27.549285	49.213204	-73.960237	72.601343
	-23.899899	4.684961	67.076892	-30.535786	89.709031	-12.359243	60.727331	-66.727616	98.913957
	-6.881642	12.314797	77.919767	-45.253079	75.524280	-8.721212	36.210581	-67.966073	73.529884
	-28.691793	17.000671	98.805713	-48.496458	64.132818	-9.030872	25.749312	-48.816528	94.576950
	-10.921781	17.762086	83.178086	-56.701377	68.551442	-12.643773	20.414075	-96.179776	80.512423
	-33.428350	23.018984	53.061810	-56.755621	84.462292	-42.264271	27.077269	-80.193310	73.093459
	-8.568263	19.044164	65.986579	-37.741272	62.833919	-29.880549	20.066598	-66.890382	68.210375
	-2.022972	16.699449	63.211586	-41.139958	60.284441	-29.716021	20.264896	-72.417202	45.940092
	-10.902292	5.146572	49.465568	-49.280906	35.535130	-26.924940	12.834593	-46.947871	8.199420
	-7.934983	16.693887	25.137706	-55.631971	3.764566	-8.718386	-26.297754	-41.621871	-23.192316
	-46.167433	22.313026	-18.507201	-44.203736	12.203095	-20.984301	-44.609885	-26.315976	-50.115430
	-8.133082	20.621956	-29.748387	-25.998735	25.371826	-11.066594	-28.107648	-17.784439	-33.110589
	-17.892188	42.051673	-22.636810	-6.875374	19.802372	-26.077165	-8.009031	-8.372796	-12.330488
	-5.604435	35.874632	-28.894324	14.798067	11.725006	-11.561910	0.866787	0.808948	1.648361
	-4.647104	15.811146	-55.201549	21.165734	11.020965	-12.526529	8.254649	-6.930219	-16.996045
	38.096773	23.790144	-33.336421	44.547632	36.019668	6.072201	25.596177	29.541023	-8.872197
	21.527457	13.871204	-47.472465	42.667435	34.562225	-2.809953	16.575792	33.917106	-49.111403
	40.089076	0.894239	-18.831281	31.436984	-0.498905	40.519527	19.093259	38.588750	-45.141694
	80.481200	-35.653733	5.887071	50.314893	-13.270941	42.815809	51.808113	26.254228	-16.985090
	78.342827	-51.887409	-8.036849	34.596028	-15.055979	50.335161	48.431866	32.618706	36.132315
	59.349098	-61.142967	-14.284515	43.329495	-31.530674	38.692749	35.508872	16.613489	58.436875
	88.779955	-72.087177	4.574141	36.984483	-42.653399	30.510154	43.809090	-10.044414	71.069552
	105.335286	-60.828451	14.984577	49.136882	-45.429510	35.685427	45.147342	-23.829096	60.331785
	110.651771	-62.302935	14.561103	18.349124	-36.752317	27.014540	56.857769	-43.780991	59.146833
	52.432733	-46.710922	-9.815841	35.763340	-27.858035	23.856133	43.583868	-22.400869	3.835164
	53.842952	-43.922244	12.754083	47.733119	-12.577302	21.474572	26.222867	-6.157549	-31.036763
	24.779128	-46.752758	-16.276771	21.134236	-1.707439	20.455250	21.443508	-3.209990	-6.377869
	33.031654	-57.339952	-21.885028	15.655456	36.572287	35.007577	13.242618	6.570425	1.855172
	21.251607	-31.923028	-39.264026	23.045110	59.934988	-0.466772	19.652092	-2.518089	-2.995140
	3.098839	-28.018608	-48.671953	19.270296	65.050051	-4.097327	14.083971	-25.187466	-41.685642
	-23.687035	-24.288702	-43.317062	-44.832437	51.694342	-5.380746	-27.374098	-27.675193	-48.930643
	-45.778177	5.823901	-20.601908	-33.557105	24.398180	4.391460	-33.126084	-34.330601	-73.928092
	-64.604575	14.684711	1.897336	-18.251602	5.317056	15.654399	-32.309999	-11.114280	-71.217182
	-52.558642	12.862256	-11.437106	-39.629728	-1.225691	0.188775	-65.991033	-19.303102	-65.511982
	-52.581605	13.303479	0.747360	-65.156180	-29.147356	15.074521	-85.700236	-35.474880	-37.432220
	-62.193847	41.859007	-26.839012	-10.239502	-3.121821	12.039382	-48.313030	-36.349017	-28.579983
	-42.783366	53.108811	6.212287	3.359311	-16.673814	44.132523	-28.061025	12.349968	-35.652457
	-51.755363	71.613167	6.994398	8.707328	-63.604145	29.481438	-69.496241	8.011986	-19.552606
	-82.629525	67.467524	4.231393	0.465301	-68.402499	48.679017	-78.267456	2.690201	-63.639865
	-44.599141	98.815777	-37.723345	95.077906	-33.637547	32.253504	-14.806564	49.401345	-60.463954
	-42.224962	90.985531	-19.157815	68.919835	-21.468910	48.197812	-5.836824	22.616427	-41.577219
	-23.207292	90.313981	-32.265880	64.045109	-16.529504	36.355683	-19.827575	45.562543	-12.328714
	-23.878414	79.944731	-24.912094	61.795594	-2.766114	16.098565	-0.327147	11.489183	-11.243845
	-21.288426	87.067650	-47.416794	49.982585	16.390079	7.433308	-9.297926	24.466311	-15.100409
	-29.112472	72.931791	-34.214957	39.354072	17.719986	-6.954836	13.330309	18.020402	-10.209410
	-22.426132	102.269230	-39.421010	61.574685	9.189470	-5.232984	10.224782	43.429416	-4.757614
	13.047934	69.173909	-5.156029	45.972302	13.397448	6.531304	29.586645	26.522561	10.628094
	39.268401	35.182054	12.969999	41.413137	31.875503	1.059192	35.480874	10.096175	54.087545
	53.432546	-23.580027	55.650656	-5.818944	25.667446	29.055009	20.325133	-29.799888	57.318466
	66.062943	-72.380233	56.091758	-36.472056	39.699580	31.779366	56.496594	-33.201450	97.074232
	82.533120	-91.500061	16.740534	-74.628503	17.663270	-6.621347	9.990573	-65.186648	59.368830
	31.917558	-53.654170	7.703004	-71.053466	-11.373881	-7.535579	-21.142029	-59.982688	9.698311
	15.508270	-19.868218	0.565197	-47.014042	-21.757090	16.215958	2.237777	-82.036930	-7.693341
	0.333804	-8.097029	-5.777125	-64.853600	18.001071	4.820402	-24.346448	-49.368678	-15.356778
	-3.011363	-20.613005	-0.332018	-84.381915	-21.785841	12.468396	-42.296547	-61.715932	-18.331798
	-17.927655	-31.188213	19.434567	-114.949609	-12.219055	-1.260863	-60.117886	-63.615389	-34.113041
	-16.430982	-43.179027	25.247980	-125.871447	-33.915077	0.804768	-76.982916	-24.746372	-42.159103
	-3.872795	-51.632636	38.800696	-95.478565	-28.228080	18.430542	-56.193852	-19.797464	15.519516
	30.557663	-67.294360	66.875263	-83.435924	-28.803017	37.088300	-51.332041	-30.374103	19.661247
	69.593904	-69.178499	63.367605	-50.349114	-34.352813	7.920578	-12.291335	-27.181382	54.723148
	73.949667	-61.458102	75.479965	-54.879929	-25.989907	18.988553	-11.928517	-31.446174	57.790534
	59.928757	-38.248474	38.339291	-33.702470	-4.594947	-19.299181	2.172619	-32.731678	40.020048
	41.128444	-10.184220	41.175159	-3.636033	-15.303104	-15.495044	14.018810	-27.857597	24.767478
	57.676350	-26.888203	53.532534	-20.360821	17.383127	-16.100652	10.869104	-24.976323	65.815398
	48.079572	-51.138381	62.175945	-56.052557	21.414477	-26.827703	17.218910	-8.560362	39.716203
	39.238983	-57.669472	27.772475	-40.014788	3.721317	-17.149832	-3.774057	-16.707362	40.127004
	41.301814	-26.083141	5.678422	-8.404602	-15.034439	-11.620599	33.216962	-16.130735	-28.418851
	23.170068	-2.478550	-4.328836	27.140907	-10.079627	-29.214976	53.118988	19.888940	-47.747665
	-8.788519	10.761713	-10.358153	49.572415	-18.464296	-22.901892	42.184743	50.317189	-79.171887
	29.819326	34.995193	-8.227838	65.367920	-36.998911	-29.751075	49.661631	35.911053	-36.197362
	-4.792008	58.892028	14.915998	62.868878	-37.702234	10.951399	21.853049	52.642863	18.331696
	5.475200	29.559429	48.728427	15.123285	-40.443182	7.280193	-15.071963	30.123057	26.981082
	-11.888401	-27.358635	67.565050	-22.041333	-73.398050	29.787798	-36.953120	31.810594	48.456169
	23.188657	-48.105188	42.670721	-4.051970	-40.972337	5.369349	-26.087356	58.332987	27.511958
	-2.899100	-66.804625	24.211654	3.057210	-48.223358	18.070678	-19.546764	51.362909	6.658307
	-3.453651	-66.226279	12.428424	39.132207	-19.964698	24.767765	-7.713036	67.676368	-13.687795
	45.868890	-30.425193	-13.852418	52.409450	5.578855	10.184087	46.009556	31.824542	4.177000
	14.428476	-13.866190	-32.436179	66.433942	15.459081	5.384700	49.744951	72.315082	-16.370802
	0.284892	13.419269	-57.352843	94.314366	32.882246	14.754774	48.449706	70.997490	-13.530779
	-9.931460	20.821662	-35.362443	96.992084	29.753560	0.357797	58.842810	82.379626	-12.037833
	-12.125967	37.777488	-52.607457	107.672522	41.250422	-6.571711	53.965949	75.699741	-6.142889
	-19.276497	31.210293	-64.571759	95.965311	24.438037	-18.790485	16.454039	70.328700	-37.110376
	-46.583603	22.200800	-37.529342	83.610299	9.743916	-34.703288	-12.865510	110.297500	-43.933266
	-62.491409	-24.816906	-53.509701	-20.133937	-8.444019	-7.359833	-25.588703	-2.382300	-1.397671
	-103.501017	-13.862169	-38.792612	-56.098111	14.516720	-32.322004	-53.743786	-51.351721	-12.561990
	-109.908946	-10.178396	-56.586623	-85.279142	22.800720	-40.865414	-69.199504	-43.541484	-17.677225
	-79.783989	-31.746456	-54.839918	-129.498908	31.331206	-43.886386	-58.949328	-69.144578	-11.030171
	-90.176177	-6.003147	-40.594371	-119.539690	32.163869	-21.559213	-67.335260	-55.105522	-11.940982
	-89.173934	-15.699082	-17.566802	-108.329042	51.125921	-22.875568	-40.495259	-58.911256	0.741359
	0.852279	22.675945	-20.689099	-5.059032	43.327292	-5.506590	23.394097	-13.194889	4.635372
	-52.385586	-27.443303	-54.492652	-41.584673	-54.976823	-28.523863	-18.588341	1.860326	-42.956356
	-43.288910	7.012190	-47.644902	10.546859	-56.940380	-16.696122	14.902929	22.274719	-41.739522
	-14.150011	8.581051	-9.671451	29.343502	-104.792714	6.896040	1.407293	39.725837	-62.384549
	-4.025989	-36.462713	15.948391	8.979180	-134.332636	27.308095	-5.282411	47.489393	-48.822024
	32.940027	-101.168480	25.567323	-40.433620	-136.541594	39.718718	-17.860926	17.588330	-14.694864
	33.031521	-61.396130	7.565292	-3.942893	-74.079896	4.665140	13.663619	3.912411	26.385876
	43.890494	-44.540902	3.439662	46.248080	-40.359066	-8.422094	44.247931	51.232812	-7.009321
	22.396477	-43.390357	35.197289	81.616885	5.454277	-15.822674	77.645519	56.888361	13.191818
	39.599207	-45.732322	31.100059	90.169094	25.093811	-16.029153	78.627899	79.098928	18.759330
	41.838119	-37.473385	36.513537	91.073326	27.913506	-18.089965	55.102999	68.696763	27.171492
	6.858214	-32.552663	46.548156	71.772574	17.215629	0.512440	45.790591	59.020800	15.965313
	25.429254	-54.944613	82.892931	21.274214	3.466716	-2.356013	27.474779	22.702211	25.104396
	16.758606	-46.876704	46.494329	9.094421	-9.624884	-29.000635	-1.442909	24.451875	11.535283
	-11.885619	-25.305724	37.481873	15.600308	11.417763	-31.465073	-4.054628	26.217970	-10.500140
	-29.162827	-27.095985	37.771685	34.717099	16.254359	-21.905093	9.793452	40.309857	-18.925729
	-13.399138	-29.279278	27.279056	45.675891	23.504645	-27.976243	4.308588	50.071360	-54.569458
	-7.429669	-14.287236	12.424214	43.201905	31.518190	-37.674702	28.510348	38.190633	-48.325564
	-24.579870	-4.044243	11.755371	45.216103	28.794476	-30.898768	22.128410	21.280354	-28.672896
	-26.443978	-16.095863	18.178819	8.976009	24.496722	-35.981385	12.144692	30.057330	-26.104279
	0.707004	-2.027758	3.673124	43.167498	-11.261004	-21.917141	13.748119	76.649018	-34.520219
	-20.074182	11.606839	-7.276698	57.908636	-19.619795	-24.872194	14.669664	43.979742	-23.274870
	-23.005406	41.290967	3.451286	66.018235	-30.084317	-26.208176	26.566050	54.051697	-36.437167
	-54.416175	45.848725	17.103011	43.722058	-21.356601	-11.876029	1.112596	32.932928	-27.270024
	-54.019213	54.175709	9.558241	63.220027	-25.300990	-11.329244	36.383409	27.242859	-61.027300
	-23.752866	35.650092	14.624832	66.750328	-8.927512	-2.489700	40.468664	18.141575	-32.170540
	-41.933181	55.520310	21.146934	64.729681	-12.983361	0.777873	41.388971	53.418186	-55.455841
	-0.075438	47.079582	25.012435	84.342640	25.233636	-1.991981	65.355309	31.306133	4.924969
	6.984434	36.177570	23.750055	95.531048	-2.054642	11.787522	68.734535	55.583375	-9.805540
	21.552915	32.996141	5.495676	97.756757	28.182891	27.078097	61.133697	54.816491	-0.131219
	22.268602	41.993724	-18.305886	95.377534	-10.180855	16.638144	65.080445	40.458357	18.741997
	47.283985	31.271360	7.583454	90.141239	-19.997423	35.512302	41.186202	26.539973	51.814937
	60.552307	-10.319722	32.002872	53.610297	-29.412895	69.735101	49.644460	-17.913335	93.278309
	68.138475	-20.127947	79.963056	2.540786	-33.117396	56.505389	46.823869	-9.822367	122.798654
	73.304455	-36.904738	107.351948	-3.420005	-36.005026	44.506799	20.962023	-43.752173	120.364530
	81.086971	-42.752918	96.308592	-37.227612	-22.567250	28.092193	3.185166	-59.054728	109.487659
	61.835059	-39.197957	82.123181	-56.005360	-40.426377	27.676322	-9.264639	-51.149940	102.975984
	43.333889	-27.535210	53.145398	-71.148872	-40.858431	25.335807	-40.981170	-13.020844	66.309712
	8.350536	4.024626	-8.490080	-40.606388	-44.792249	37.029034	-44.887577	2.231963	31.373650
	7.101242	-6.030671	-12.565851	-41.328489	-74.695925	32.066440	-61.524042	5.507935	-13.994025
	-9.425107	23.173038	-60.194738	-27.533572	-65.048671	19.058943	-59.895004	14.831072	-24.195011
	-8.142990	44.703227	-30.899755	0.900624	-51.820784	27.090937	-49.921507	41.771428	-25.388216
	-6.876494	27.494949	-19.241301	-13.215960	-43.649084	50.942847	-34.319434	25.927588	-16.366650
	18.486807	27.370031	-15.194528	4.157830	-40.555927	42.687484	-44.553849	30.180072	-31.967307
	-28.086636	9.784024	-40.774614	11.981756	-11.068650	3.281466	-38.359836	31.510422	-39.333282
	-0.023567	5.642880	-51.512321	-16.439541	14.853065	9.500100	-17.935827	8.044699	-21.542988
	5.575524	-13.914274	-13.165889	-2.412652	35.536316	26.794050	-7.814889	-4.306825	-10.881163
	30.218144	-20.902747	-19.614537	-22.709424	-0.655460	20.338756	-14.718284	1.019508	6.003621
	31.535917	-5.630027	-31.434060	0.175538	-6.971607	32.479534	-3.626783	13.372892	-8.434058
	46.097911	11.755451	-34.135812	12.230398	19.654680	32.134500	11.642708	13.898798	-1.621163
	20.955844	-0.938203	-43.144219	-4.314921	12.378362	8.651336	-16.836641	7.898618	-10.940574
	-16.588270	13.657411	-27.482174	-0.632689	50.186350	7.490559	-8.253071	-11.597406	-5.098560
	1.297297	21.807909	-25.658958	5.091693	58.128986	20.274604	2.701387	-11.621912	29.835136
	1.522666	18.283565	-64.410157	-7.893406	48.564709	-2.384701	20.347154	-28.754514	-7.896647
	-21.871574	18.011161	-75.125866	-10.184113	48.990054	-9.507591	-14.075250	-17.620005	-66.364033
	-28.091664	16.740575	-90.920983	-46.441666	35.616499	7.166750	-11.387221	-17.224438	-78.279277
	-29.539209	21.516777	-56.043886	-37.394656	52.258783	-1.711820	-10.446408	-40.449804	-31.682722
	-26.938724	-0.342802	-35.504097	-50.408977	34.806333	-3.962371	-7.950494	-49.209336	-33.525850
	-35.031340	-2.083408	-12.289411	-60.915352	7.648070	4.469662	-8.625327	-32.953448	-8.142125
	-40.961944	19.403899	-20.156080	-24.850268	21.136444	-4.988607	-5.290042	-0.631549	-19.980119
	-30.620189	-1.831929	-0.658517	-44.322946	11.459699	14.628477	-25.249238	-7.520600	14.480230
	-11.846498	-40.800543	-3.009442	-72.846642	-11.697458	12.520902	-63.289012	-39.189575	13.996394
	13.275121	-44.280883	-8.207445	-90.473310	3.310812	4.571463	-50.713978	-31.671573	-9.127302
	-10.691388	-33.408368	-50.373588	-84.170343	4.531337	-16.745232	-73.242418	-39.624226	-16.422654
	-4.155732	-12.350602	-59.721842	-75.091147	38.706822	-15.470734	-82.107036	-19.123151	-48.138180
	-15.783412	-23.081841	-36.816338	-107.953470	15.297759	-43.675475	-99.946969	-13.316219	-25.971340
	-47.889775	-16.908262	-55.651836	-75.602866	21.889929	-28.479208	-98.883878	-13.759355	-62.481353
	-44.079752	-20.208764	-86.411512	-67.231238	28.312038	-32.063168	-92.194252	18.086470	-47.917954
	-0.010680	-29.862435	-36.435474	-68.876537	0.871662	-32.316157	-68.531917	-13.663165	-42.033233
	-13.135459	-43.615481	-37.120510	-96.389127	8.847508	-50.875223	-75.967631	-13.693935	-60.123112
	-37.829537	-20.018811	-59.843001	-64.313286	29.337130	-60.677119	-90.762833	-7.663577	-53.696679
	-36.640375	-20.582467	-34.959865	-70.310182	28.205215	-62.159032	-86.691356	-1.674736	-34.722969
	-25.136042	-17.853629	-51.017738	-58.948679	47.682985	-93.764659	-41.147167	-5.868864	-27.041688
	-17.362505	-28.942326	-49.021780	-74.002437	27.608475	-51.262287	-58.247458	-10.825541	-39.695018
	-47.936281	-21.668963	-64.046637	-94.658293	28.858534	-67.677720	-75.375871	-31.062807	-39.390266
	-53.149384	-31.993599	-69.501851	-126.752503	7.906995	-78.102612	-88.174984	-43.087423	-41.088065
	-54.771437	-22.265263	-61.227803	-77.455048	-4.786516	-77.591966	-47.746716	-47.789689	-35.431473
	-33.672135	-3.805706	-62.558801	-66.072824	-3.024281	-83.351338	-68.995565	-15.338265	-38.566440
	-6.964199	8.117504	-63.532441	-15.195011	6.237899	-49.573378	-6.107891	-18.615490	-48.246653
	0.535016	3.210320	-45.715686	52.191653	-15.688812	-37.255938	27.202983	20.150195	-29.132818
	67.816765	10.695500	-21.900180	76.921962	4.773409	-29.372940	100.544828	0.877132	14.208701
	37.002707	17.365096	7.510133	96.915398	17.891038	-4.844863	112.070290	-1.257898	48.769773
	32.052840	27.567769	15.662439	79.372837	22.610748	-20.506758	136.994325	-17.119405	81.785601
	32.066905	36.182926	37.245049	76.239882	31.334336	6.226576	138.039673	-13.123878	67.281352
	32.619803	48.423658	25.458405	63.614102	1.323155	1.426998	96.867609	-12.368788	38.431220
	26.496034	57.992608	34.230394	46.080541	-4.725333	-10.722787	54.792214	-21.132539	13.352601
	-10.742862	67.200841	33.278614	55.098090	-18.201358	-0.044162	14.550488	-38.152661	3.264089
	-12.326828	72.972632	37.955750	39.078987	-34.102297	31.820345	-2.341721	-22.232270	4.889406
	-26.470562	41.554233	67.955825	11.641563	-31.562476	57.021575	-12.644973	-30.094986	12.748438
	-13.310747	49.875975	60.578597	26.283253	-19.175291	44.360471	-9.353600	3.417529	49.749201
	8.134442	37.319835	59.209700	12.790387	-18.388734	58.845268	2.354477	-21.772145	66.691090
	-9.246905	50.877752	29.693592	45.861753	-3.958836	26.799872	32.152323	-35.096005	25.483703
	-6.227683	43.468071	39.631042	29.010934	-36.080951	45.066041	9.761844	-43.913771	20.005957
	-2.900605	47.422214	30.795873	21.695448	-12.958920	44.900249	30.634488	-23.122968	6.831737
	-28.983364	32.230044	83.533398	-7.006543	2.586393	47.428941	17.367854	-35.572333	24.966742
	-27.358430	18.373211	58.068692	-14.526803	4.382916	46.864385	-5.951767	-31.500115	31.311812
	2.838082	-10.345319	54.865841	6.733987	-6.622476	24.747939	41.379591	-7.714202	33.135369
	26.465842	-37.745882	66.223466	-1.610471	-13.139166	18.633916	36.634478	-15.113837	48.837905
	25.393007	-21.156098	31.056928	27.397423	40.837486	12.152724	36.970267	-33.435042	28.071857
	20.154670	-10.533977	-1.656015	32.205158	45.039081	21.623884	30.940824	-18.978632	26.917163
	28.443434	-7.691421	-32.096875	25.333300	26.950053	-8.329798	58.951351	-26.453987	-4.940997
	14.123641	-7.089421	-21.168974	8.279255	35.791974	-1.284474	38.709822	-31.010646	-18.867649
	15.397934	0.108698	-19.414867	20.059616	45.614903	1.817526	62.294880	-17.794509	8.841903
	-17.597591	-12.700977	15.031884	-13.361931	64.235929	-12.476776	31.706613	-24.795524	20.296341
	-8.827866	1.643823	27.698626	-5.285941	79.019826	-4.745102	29.957931	-22.080018	46.129890
	-42.767837	25.976422	37.693461	1.365112	92.289234	-5.494062	53.445251	-37.028721	48.298444
	-26.173361	44.700151	23.554805	37.388848	86.728222	12.836289	51.259449	-14.902268	5.726518
	-48.916880	40.345998	22.004908	21.897586	84.485535	22.829806	51.033763	-36.533707	29.675472
	-14.010726	55.782479	14.345685	36.982859	79.691488	4.709873	61.800680	-8.767155	57.657943
	-9.018601	63.744264	1.133195	51.595583	57.125040	-15.478444	76.604130	-9.895488	26.199751
	-21.121178	28.841403	15.006334	32.938831	29.785739	35.065224	15.737009	12.780383	-20.517978
	26.439067	11.626152	36.367612	34.969472	65.153214	-2.674712	63.180041	-13.196919	81.243805
	-37.459118	-1.337302	34.764329	-40.308773	56.361550	-16.372130	23.691062	-35.527999	50.971799
	12.880342	16.225201	32.787929	-33.071254	63.773193	-3.685285	36.876147	-54.427406	72.038124
	-21.072458	-20.882063	54.901362	-76.324258	-6.443448	-6.416159	4.561168	-45.479234	72.450597
	25.083608	-39.088233	57.740522	-49.746323	-26.652341	5.066234	26.111517	-12.220441	42.282995
	33.136906	-32.914444	22.600198	-29.241344	-27.692953	-11.827488	15.034142	-5.699011	23.499487
	17.992111	-22.974716	11.528319	6.268773	-5.273038	3.285885	4.522173	9.652535	-9.835943
	10.823145	-30.247045	11.873222	28.042425	5.844652	-8.943036	24.300007	43.228509	7.509436
	20.764330	-18.674346	0.647235	24.066595	2.368154	-29.329167	11.848383	4.488376	28.620764
	11.780344	0.957285	-12.700559	21.363305	16.344298	-23.900458	-2.284646	15.827035	22.908298
	-12.055535	-13.290798	-37.581010	-14.925721	33.572839	-20.614457	-7.352005	3.037074	19.226446
	-23.855819	-0.848533	-38.195555	-10.347422	40.775068	-23.884866	18.225865	-21.290664	24.311919
	-11.415886	15.283105	-47.723997	3.043395	51.072792	-27.104310	13.280465	2.226696	49.428574
	-24.964315	14.377167	-40.399608	3.301197	22.488204	-4.779256	-16.896069	30.203579	9.080362
	-9.717913	-19.192502	-51.006787	-34.079672	14.605550	4.697997	-30.193295	5.264243	12.018351
	-15.025679	19.295459	-33.728412	-6.165844	14.912524	-2.635360	-32.800693	6.522878	-12.671681
	-4.150687	11.215032	-61.008322	-15.298756	-26.131902	-15.556291	-31.304213	10.130948	-38.239522
	27.503534	31.411283	-52.487505	13.015436	-5.741021	16.309189	-19.979264	29.399449	-68.704130
	-3.063792	43.947569	-84.618948	19.008393	-28.209105	-8.958379	-19.645214	28.680578	-44.795322
	-16.971361	21.281255	-52.925263	-27.049760	-42.640584	-7.803261	-52.811499	5.909703	5.894977
	14.326768	-6.530888	-15.647936	-48.606434	-15.452239	-17.205405	-34.658825	-21.264928	20.907237
	0.467383	-23.163837	-21.591199	-87.873601	-14.537334	-8.858398	-73.309928	2.321228	-1.968305
	-38.379479	-39.982304	-26.436464	-114.618464	-70.360929	-0.106885	-97.412694	-11.195816	-17.240667
	-10.377453	-41.478327	-0.436116	-83.223808	-48.252183	10.844715	-68.181167	-1.688544	-6.815629
	-7.802128	-23.463324	-0.188813	-19.962215	-52.358422	7.651979	-18.961998	10.102661	-28.785647
	34.380108	1.829056	18.260664	-8.364486	-29.926696	0.367492	-8.100509	7.665224	-10.770161
	24.566054	4.934442	22.595956	6.485331	-25.864066	6.957189	-6.798637	1.032797	-3.883657
	25.739850	38.064257	26.715760	53.048614	-8.733124	-11.561322	28.797060	6.991953	8.696122
	33.259441	11.902214	32.371509	25.893947	-22.177365	13.466133	-9.573307	-10.046365	-11.447452
	26.474276	-12.700725	47.667256	27.843374	-37.708602	25.529716	2.741850	-10.502724	27.037138
	36.193635	-0.598805	23.373185	31.986024	-43.075418	12.902567	36.962511	20.454054	-13.536899
	36.410041	-15.391685	10.558275	27.151795	-20.511315	20.379262	22.997913	8.611095	-36.936477
	42.266926	-27.886693	37.407960	43.922596	-49.947306	24.008184	11.086896	-5.140273	-15.854990
	34.295632	-0.171490	19.975860	44.531039	-24.482828	-4.095309	39.587990	21.295413	13.512076
	24.232198	31.972617	-1.564290	55.480074	-2.196053	-22.773713	15.539694	13.247485	-10.329077
	11.961872	0.587979	-0.286236	9.460977	-21.605794	-8.299102	-7.532723	23.511139	-7.274568
	40.421401	-5.873167	37.586364	1.299333	-24.447673	20.000580	-28.080378	7.057995	-20.031799
	29.454124	-14.548841	22.363669	-5.972282	-39.594854	7.424444	1.323657	-12.277329	-0.134454
	-0.012718	-6.996391	21.571343	14.778600	-52.986384	-6.053994	0.566586	-1.920554	-12.471414
	3.242560	-31.391055	40.651916	-2.261401	-45.728473	8.283272	-11.176942	-4.028823	-5.272853
	-3.419006	-5.156200	56.979585	28.607176	-54.056702	21.762588	3.118955	4.054704	-30.785887
	2.522835	23.919396	20.396878	41.144888	-26.413753	36.625429	11.680225	-10.251298	-22.975042
	-31.940749	51.117982	-14.721320	45.074052	-20.943282	13.544295	9.958663	-6.211114	-28.771937
	-29.072138	56.269539	29.574744	100.658413	-47.942295	31.131330	-14.780327	38.672217	-28.562489
	19.891698	51.562282	59.237617	119.453968	-89.341747	27.900012	2.514777	106.000577	-20.802990
	17.493087	-12.328478	67.358767	49.908022	-100.762371	19.798838	-7.065732	29.804555	36.468914
	16.322588	-9.638837	50.048439	52.361862	-97.881272	16.881827	-13.067390	28.322266	21.893211
	43.432641	-59.753503	75.298199	-18.380162	-51.761168	22.770714	17.444958	16.341904	83.935971
	35.900179	-58.558529	67.926252	-42.627466	-41.292783	26.209624	-15.670875	-36.463642	40.105342
	38.715753	-56.154575	47.584784	-18.086965	-25.390144	23.727145	17.541198	-46.796033	34.872374
	65.021292	-60.351740	19.705873	-25.285804	-47.822016	2.731586	20.123379	-50.350805	28.529608
	57.624125	-5.548210	-19.203628	43.224309	-53.542926	5.775125	25.292531	9.409852	-4.327220
	16.747193	27.171718	1.779370	42.206003	-33.417104	-22.876917	4.353054	13.070679	-4.054576
	13.257023	22.608749	12.428236	14.456773	-30.970259	14.386367	-2.139185	6.717052	-27.157202
	39.968502	14.947179	29.557743	37.381451	-12.767010	2.584292	5.748014	17.670935	-0.124281
	35.875319	31.119470	25.725465	10.723169	19.624104	8.179640	-1.099552	6.930251	-8.799292
	23.448639	30.297836	30.014828	12.347521	47.663334	2.570933	23.665665	-8.975298	31.922434
	54.513852	-0.647197	45.610560	21.580815	17.142853	11.168705	14.837103	12.920803	11.162464
	58.654675	-18.080461	9.140014	13.824355	11.666194	4.063843	2.160824	28.777145	15.428727
	42.312268	12.923390	-10.927867	29.953009	57.744437	-22.323877	15.612054	21.025623	2.603482
	12.246305	33.358435	-66.544392	4.526028	45.832651	-9.676590	1.230385	5.319587	0.190293
	-6.109757	12.259278	-71.971624	14.201427	23.498388	1.817976	1.089011	42.055246	-31.855506
	14.247891	30.916114	-81.937544	-0.543476	50.160024	-13.450097	1.482805	32.430158	-19.714835
	-50.403151	50.635286	-74.223728	12.179207	96.870374	-30.854103	21.796835	10.304236	-18.360433
	-28.275824	55.835617	-76.765271	30.412041	88.932992	-29.809822	36.036293	9.991197	-32.321685
	-28.291693	55.918166	-37.123687	48.002892	77.039611	-23.603930	38.844079	26.637206	1.324688
	-36.143403	47.657276	-36.410385	15.112716	108.862488	-44.499137	45.033074	0.961149	6.429008
	-30.837952	70.615534	-46.084374	53.486879	109.664548	-55.962349	44.027337	24.745943	-15.038875
	-49.540502	75.345806	-68.738579	43.292014	69.199495	-42.252793	32.254350	13.724363	-57.638897
	-28.967767	53.090175	-45.766500	55.569481	33.117889	-52.215609	45.079863	29.758290	-76.867493
	-25.383939	60.415359	-66.515014	63.303482	61.706085	-46.921720	53.677548	31.461375	-43.719356
	-5.613241	35.718070	-53.130370	34.002197	43.016676	-59.522721	56.021800	23.729313	-17.751544
	-39.567840	28.031112	-42.634560	-11.191365	2.008629	-31.554468	-0.904060	38.767945	-22.541097
	-12.224612	-7.597750	-34.420807	-53.168388	-29.486321	-6.321970	-60.077714	7.003867	-37.467497
	-29.190383	-6.355145	-63.009331	-70.836048	-10.788842	-6.246247	-81.827517	-5.142987	-43.731728
	-22.994298	1.923566	-52.244805	-77.427011	-35.706128	2.091561	-70.206015	-24.294569	-36.441476
	-27.190734	-23.587575	-40.576112	-70.179377	-60.818042	9.590993	-103.611959	9.431340	-52.394406
	-21.780629	-19.297775	-21.963639	-64.157145	-26.671765	7.928900	-76.233095	-8.692884	-37.417247
	-15.090603	-12.479347	-27.320273	-25.507647	-21.225380	3.697738	-46.465636	37.296620	-28.150203
	-16.430980	-44.818223	-23.356740	-60.470325	-34.511393	-8.614906	-91.283434	-17.471778	-20.678340
	-21.784716	-68.154532	13.703693	-85.754518	-60.036080	16.776976	-85.128595	-13.390027	-7.004352
	-34.101112	-69.891107	24.738968	-100.993632	-50.792911	11.273035	-88.099122	-17.656128	11.033620
	-38.687570	-74.591462	-6.281782	-124.478309	-54.935892	17.261243	-53.382852	-50.178484	10.867656
	-49.521476	-81.054081	15.171261	-114.456159	-49.183781	5.629348	-97.246543	-49.397682	-9.714644
	-48.610361	-85.657140	9.023719	-117.763765	-53.855001	26.094970	-85.229469	-43.424044	12.481787
	-21.054781	-65.928540	10.816133	-76.328577	-42.691751	11.048610	-47.632219	-44.060552	-6.027590
	-43.941734	-80.005806	-21.214501	-129.827957	-14.772673	-1.872506	-83.762847	-72.515126	0.338048
	-33.175545	-83.156028	-8.349556	-138.192585	-12.853832	-16.844378	-106.755503	-81.742363	44.483282
	-52.268240	-90.419964	3.768114	-157.012072	-11.821438	-1.206063	-93.166975	-94.497458	22.820576
	-36.086524	-90.121932	1.875024	-152.156794	-9.766524	-7.151704	-69.502372	-77.825310	39.386757
	-30.848121	-65.289093	5.344435	-120.833047	-10.970567	29.152234	-58.566258	-84.809831	25.191868
	-5.657134	-78.347623	59.786339	-113.817190	-11.940753	35.792401	-72.296577	-30.355630	20.522494
	-18.027040	-59.640795	73.815864	-78.193824	-19.754867	23.492835	-44.183661	-49.113574	16.891699
	32.373342	-59.648792	71.130141	-65.057614	-15.141564	35.662620	5.420478	-96.520203	39.585300
	52.280970	-45.001936	55.709538	-3.986130	-58.669526	25.086935	32.477248	-26.263151	19.664633
	45.543876	-41.021419	55.392836	-30.308950	-40.167789	43.787102	18.722845	-58.108879	38.081149
	-18.813581	11.919131	36.525795	-10.828261	-44.644030	25.523571	31.388480	-49.739401	26.900314
	7.726848	-4.968621	7.772963	-42.481380	-49.169804	24.604635	-27.618443	-35.967987	11.482634
	-33.083890	-23.198987	38.771784	-82.778111	-57.893312	25.144594	-70.115596	-28.540870	5.460205
	-3.394598	-40.875661	55.202418	-81.805871	-59.108080	35.029209	-57.163545	-43.026974	43.412396
	-5.158836	-23.125728	40.145100	-51.178386	-30.392965	8.089660	-22.465700	-13.358076	34.371871
	-3.481807	-39.479284	27.673272	0.098659	-48.181617	-12.673242	-27.601918	28.219330	11.938327
	-19.871818	-54.561756	55.717738	-11.797026	-54.315230	1.658847	-44.012077	8.456164	14.857806
	-2.945574	-51.002710	55.631909	6.513573	-37.294495	7.251503	-8.674997	26.500101	40.726510
	25.868666	-60.528328	68.447350	14.522672	-71.282156	42.864537	-8.864926	32.273040	32.196547
	49.058702	-49.441949	64.218693	47.494936	-42.963502	33.513234	37.671072	9.473754	54.404721
	17.357142	-36.339757	10.563871	31.648305	-18.033206	22.049352	27.161244	-0.332281	32.757842
	36.147908	-8.420649	-20.922954	47.272131	3.319560	22.664538	52.277514	0.594130	16.368010
	47.590620	-6.671194	0.713412	37.948887	6.732645	31.523796	33.016469	-4.963734	-28.327253
	25.009349	26.290451	-51.540302	81.213707	1.380980	25.998595	54.717375	31.911105	-64.963241
	-2.866353	56.252055	-13.348719	93.334549	21.076198	6.428587	64.830957	45.196694	-27.497903
	22.791651	55.966682	-41.405439	95.324183	32.494801	-2.784214	52.344506	29.999605	-44.944104
	21.533133	36.891442	-37.799095	108.192843	4.684548	9.112238	52.506067	43.818630	-38.348183
	22.150412	30.912445	-13.439005	82.506221	30.480278	0.998666	72.122063	37.467349	-17.258202
	48.762289	31.163892	10.217609	87.326809	61.557925	-20.129281	96.452512	17.953832	34.092948
	63.126361	7.930138	10.944121	83.762679	58.997140	-26.147976	86.272172	18.370823	51.385812
	28.000696	5.654687	-27.063648	44.458084	84.397063	-43.795704	72.413965	20.931115	54.095409
	31.702445	-9.922416	-3.257965	40.237940	12.200745	-49.897222	17.983899	68.041233	-4.097677
	20.358748	14.311022	13.242962	30.273624	19.440114	-29.654383	35.741710	-8.583543	34.680782
	-13.071989	31.293729	-6.636286	7.062647	65.275401	-12.871612	15.439036	-41.057298	31.028634
	-10.768237	32.422815	11.097311	1.817342	34.964562	-11.133040	-13.604280	-1.008217	-4.014207
	-29.954750	26.344855	14.358290	-43.111018	-16.488270	-4.837479	-30.581916	10.538415	-11.202012
	-38.142560	18.418353	1.920993	-61.425052	-33.102244	18.697046	-64.725281	-11.223501	-16.163662
	0.183173	-28.645737	16.617495	-42.795817	-35.782751	4.843853	-37.767218	-4.448671	-27.756747
	5.111071	21.971643	-39.834670	11.889700	-6.461318	-26.549467	6.143943	30.343340	-2.703099
	-21.102023	37.550766	-48.926186	54.447405	42.460470	-15.925463	38.610749	12.681406	-39.807344
	-0.520886	36.374614	-47.911598	74.522939	41.975934	-3.419447	29.551829	57.985422	-49.826608
	3.657414	51.489522	-55.001410	84.021958	61.037745	-20.909585	55.912499	52.263228	-44.475978
	-30.990785	84.982166	-36.727684	94.032267	80.864678	-19.433962	43.445890	26.530909	-29.762099
	-22.471334	77.160335	-17.127534	77.860715	71.401561	1.055177	49.633038	40.141405	-11.086462
	-15.923532	48.231106	-29.558959	57.828437	43.588748	24.960753	22.760816	57.286243	-30.247112
	-38.218353	37.667307	-4.208699	6.423198	37.801047	-6.990949	4.737404	25.677580	-34.277879
	-17.660884	50.877997	3.701231	10.249850	36.671416	-10.067089	11.294982	4.408395	-19.218535
