	-22.972274	40.437129	-175.259655	60.730493	-20.530631	-74.099119	32.986147	43.134606	-171.463784
	-18.563715	24.743873	-108.626100	42.259319	-55.650193	-51.687444	12.243682	-0.352260	-112.033444
	4.747394	39.142352	-31.034234	44.869998	-85.340144	-48.492709	8.501387	16.875013	-66.292998
	10.442462	38.126674	-43.524238	47.675994	-60.425631	-44.423952	-17.059881	43.804887	-40.274471
	-10.723723	3.288656	-54.758770	25.476466	-57.578752	-37.616630	-15.393113	18.339610	0.375191
	13.410254	-54.387971	-55.634858	33.316509	-54.871966	-29.005648	19.218817	8.697653	-35.814871
	-10.506586	-12.911293	-19.436439	50.978084	-11.163099	-29.819298	58.153184	14.955472	38.632653
	-8.001936	-12.824946	-63.627640	57.652039	5.122546	-57.717468	73.486688	-5.719626	-62.501320
	0.936861	-12.637365	-14.451421	15.558775	-35.436325	-31.882794	21.997245	-5.480231	-58.853098
	24.242068	8.094203	30.374912	-20.915773	-5.911290	11.358558	2.073340	5.400848	-22.065491
	17.622276	17.484962	0.409349	-0.544838	13.147109	5.036895	5.404871	-21.487546	4.541240
	32.381053	72.562989	-33.191172	62.846377	48.282207	10.012864	20.484782	11.387572	24.821537
	0.652951	70.323180	-25.398344	65.981130	31.998589	24.131773	42.063336	12.700680	-30.601093
	-19.683240	79.228268	-53.826522	77.812749	37.660991	7.994785	46.521014	46.780434	-40.706010
	-2.002002	67.360314	-24.261115	98.583817	32.254675	-18.369692	87.272942	67.974303	-28.118164
	3.732903	79.871683	-2.917750	124.803890	32.842450	-35.340429	83.152836	57.125786	-40.969588
	-24.900278	57.974571	30.316648	117.541568	38.536343	23.140934	37.013871	58.221997	-18.586013
	-14.523224	56.163664	69.229415	89.938287	51.957292	40.127762	41.070308	35.734520	-23.764672
	24.690553	37.770154	87.495622	72.146466	71.439909	32.690768	50.298290	14.300713	21.953117
	42.264786	59.296103	55.984658	27.750645	96.974742	43.551242	40.574517	1.318330	38.512915
	36.085638	6.857726	25.771422	-26.929195	52.282223	19.744801	7.983351	-5.653551	-16.368680
	1.315031	-21.391591	-53.625043	-39.443567	22.370547	50.220930	-1.365153	-16.995295	-2.111595
	23.466393	-65.784351	26.366948	-39.963114	-5.932900	23.874999	-4.260631	-29.124541	27.915054
	51.625573	-8.933954	63.876361	-31.550063	53.534377	66.748374	35.148540	-11.737342	85.370618
	27.767982	5.657572	66.396343	11.443473	49.310737	53.641685	23.905439	11.939054	60.081551
	27.470229	5.645273	115.684902	-4.405380	63.307770	85.560152	-0.877875	5.122877	67.424366
	9.001972	43.268304	106.251900	-16.783162	74.910677	109.693005	-8.322701	26.408573	63.636180
	10.588613	36.277483	93.705831	-4.735835	61.117535	79.975960	-14.743121	17.668400	82.573121
	-6.557311	77.997773	59.885000	36.691639	48.103324	57.710733	-11.570323	18.462195	67.040687
	-11.387336	50.513235	33.006816	7.273167	-1.232289	44.588105	-22.817333	-3.582904	1.138387
	-18.289155	57.311910	-18.038794	23.018728	-4.533687	35.937297	-4.336623	53.503725	-0.221730
	-6.693627	52.694970	10.834633	-5.306257	-30.780481	3.130255	-6.806474	17.695417	3.126738
	-8.766861	84.979097	16.622204	10.380409	21.894767	36.143165	-2.142812	24.479803	59.081358
	-31.066280	50.451452	-5.800702	-2.743119	-7.916451	28.716744	-16.243016	-1.786005	31.153599
	-21.202896	15.770685	-8.122427	-28.647696	5.155559	33.385555	-24.176248	-14.001444	-20.558109
	-28.964349	29.381774	-8.490949	-31.388888	47.658424	3.941115	7.899204	-11.966748	-7.794799
	-14.718698	51.590880	-55.078599	5.548890	31.014741	6.932740	-8.431671	-19.654782	-46.880142
	-27.785243	55.175411	-85.207211	-22.096634	-6.142403	-1.808113	-34.301156	4.920756	-72.474886
	-23.284197	49.695761	-85.374033	-6.145732	-20.073728	-28.145040	-41.071030	13.471577	-54.549389
	-8.970772	84.756684	-73.278595	20.201511	-31.786293	-49.284882	-3.326249	-1.386087	-64.210884
	-0.107018	76.625441	-43.816717	36.730104	-26.784468	-27.090433	-1.629996	14.654657	-8.519474
	-3.604342	36.241760	-2.206041	3.692116	3.506881	-1.040430	7.279300	11.321658	27.356810
	23.504174	-10.028731	18.914676	3.438931	-4.483320	-18.871226	4.273718	-18.224185	68.244910
	4.745300	-3.040914	12.421743	-24.178860	-7.403602	7.584754	-7.801117	-3.627207	47.891551
	-24.256718	-3.775534	35.155949	-52.080359	-4.847064	9.158430	-62.762652	-34.919440	37.542962
	-53.037374	-21.366305	13.083426	-73.027540	-27.245390	-2.466986	-72.084387	-44.406470	16.839025
	-4.589527	26.490623	15.775604	-49.236048	-1.707644	0.521969	-21.884170	-33.877704	4.247626
	-25.954683	8.312383	20.607494	-56.299864	-20.877732	13.940571	-48.421443	-51.510166	27.425704
	-28.865273	-4.157112	36.028116	-55.089271	4.324007	-10.306413	-46.198162	-20.138194	56.145488
	-19.192030	-54.276424	35.047413	-8.332795	-27.317079	-13.229634	-20.906687	-1.771025	37.604192
	0.205026	-50.588051	13.693579	23.238837	-0.192244	-17.860633	23.637020	16.916946	56.114061
	-28.933479	-115.160858	39.560921	-68.905085	-2.903374	26.450882	-9.355097	-25.229601	90.957176
	10.600906	-83.469192	43.608700	-26.556309	-4.052480	35.508709	8.749549	9.026516	71.755194
	38.145828	-46.662194	122.433092	-70.780969	-23.126474	77.841019	-20.372264	-23.933163	113.753643
	14.060857	-88.945415	43.662064	-69.086947	-28.605361	72.945935	-19.745928	-6.351187	46.807825
	21.790629	-124.998414	65.119112	-81.283424	-95.553162	27.446897	-55.953337	-48.057490	57.689822
	39.057696	-178.598948	81.416237	-111.760411	-127.020745	60.648779	-59.583182	-52.033411	94.287234
	56.924772	-150.834757	89.832978	-92.328256	-76.692339	34.582198	-60.409338	-109.498336	115.553958
	49.145449	-125.734442	80.970387	-76.227068	-62.572793	-13.245622	-24.447322	-63.025464	105.365832
	33.919872	-60.995582	10.923386	2.016851	-28.715603	-2.340105	12.472038	-20.043757	35.008857
	22.870242	-48.886743	-62.549977	40.762116	-48.357303	-14.986353	27.521133	9.736318	-71.786853
	29.177072	-21.704179	-152.997895	48.796790	-45.291046	-5.884095	26.094551	21.233812	-120.575913
	26.046286	-41.497562	-146.570106	43.915526	-73.933466	-30.598352	21.894421	19.623792	-99.280946
	35.462278	-27.317954	-83.639933	28.779982	-12.016581	-29.110324	16.318642	13.481000	-68.832896
	19.048572	-37.257830	-6.297981	5.634509	-10.355653	-39.081089	-24.692118	-23.535219	-51.690427
	22.968753	-40.862067	44.559853	-41.195076	-9.680702	-17.282982	-30.198470	-35.554499	-47.185807
	7.046255	-24.106105	65.727480	-64.360025	-3.536273	-10.794357	-40.368450	-18.259116	-10.576708
	5.582373	11.907911	91.229326	-19.004132	27.671230	-2.060522	-13.732327	-57.027188	5.197382
	-16.174872	19.447520	78.433055	-4.568879	62.338696	17.196547	7.905342	-49.495692	31.924451
	23.204538	9.641058	78.113307	18.724531	69.105776	-13.015684	41.477869	-44.419666	25.963305
	46.173889	16.317110	77.561809	40.898020	76.970805	3.721632	71.003433	-14.053064	53.871342
	29.944174	4.919024	53.207119	60.547157	35.745344	-4.032333	68.887979	-6.688619	59.148703
	5.831615	-55.359409	30.847462	-6.558758	2.675510	-2.719465	13.648678	0.490633	40.846831
	10.502817	-55.476913	-52.060151	-28.654333	-31.326005	-37.350971	-22.999318	10.264892	-45.491408
	-21.191352	-20.294468	-54.019849	-55.438116	-17.037430	-23.842109	-66.989470	2.068761	-106.663441
	-20.788650	13.079456	-70.002039	-37.734077	-53.879526	8.419844	-60.943882	-3.064575	-102.050256
	3.584397	10.281529	-62.932037	-61.740560	-86.026476	19.239019	-81.294501	-5.741178	-43.319993
	30.467815	6.991871	-63.877174	17.794474	-111.054664	34.962915	-28.666516	27.089495	-53.660892
	44.927980	-0.530684	-38.193673	42.643193	-131.864010	41.883566	10.771901	10.621585	-17.957686
	35.784210	30.087373	-2.810093	82.288213	-88.248309	31.036378	28.409375	20.283873	2.998715
	9.300503	33.252924	-25.871800	61.715140	-65.966011	26.739773	16.909656	14.491720	24.826486
	-4.724627	5.153322	-96.486630	50.709027	-66.628792	-5.578535	-3.563394	29.065463	-68.407020
	-4.503599	-7.120521	-54.685859	29.958686	-63.453627	-5.600486	-20.329700	19.377963	-0.574723
	4.904526	-6.311863	-4.881761	1.530196	-54.589724	-4.857181	-20.779986	38.729653	36.223022
	-17.043359	-64.667848	26.731081	-57.717744	-78.665931	-8.231864	-66.049713	19.658402	75.614725
	-45.785573	-116.343556	-34.425821	-109.431786	-82.343186	-35.234806	-78.642539	-29.123956	9.872703
	-45.596384	-142.719894	-31.880819	-87.221717	-52.129456	-5.777176	-65.431247	-23.720247	26.428811
	-15.033497	-118.301008	27.594531	-67.565462	-30.016517	12.890070	-56.561581	-20.987701	95.625764
	-33.075640	-154.551699	6.973481	-99.730953	-52.857436	-23.882499	-76.701020	-8.354855	21.022484
	-47.377124	-147.223250	65.664574	-118.729890	-48.562880	-22.340341	-94.001668	-47.512213	45.913016
	-45.907638	-148.191318	43.435167	-139.713742	-48.596235	23.541010	-92.125229	-43.894174	56.359417
	-51.822910	-131.200587	57.711474	-133.391129	-38.305316	28.381916	-126.058493	-27.275563	31.324445
	-65.270792	-164.385651	25.732670	-171.001687	-89.460089	-9.621562	-151.017708	-33.830495	-2.655590
	-75.206939	-152.363789	-13.148906	-192.856063	-101.598715	-30.316012	-168.238821	-56.597918	-24.015628
	-55.988129	-118.464045	36.505694	-145.030079	-48.387139	-45.053532	-127.575873	-53.669873	18.357328
	-45.893118	-94.319154	36.302170	-86.822380	-21.601512	-70.542860	-62.389702	-38.618934	37.985572
	-41.973716	-106.064138	44.344705	-85.906533	-2.980571	-46.559607	-83.062336	-13.661434	49.439994
	-26.489831	-33.673330	79.258043	-29.937023	31.584942	-43.008951	-27.069004	-13.944950	103.686912
	-43.585540	-54.325609	106.418768	-36.075636	57.601412	-43.635572	-7.881527	-22.169276	97.399202
	-39.129527	-63.229766	30.214759	-33.348837	65.694990	-17.291435	-36.005048	-32.462048	82.979887
	-72.671984	-104.832293	5.676038	-150.062546	40.409750	-46.915908	-101.988368	-25.329376	41.861729
	-55.219243	-110.927230	-59.559537	-121.469253	39.363570	-48.904080	-103.664498	-31.939270	5.899510
	-97.211684	-91.569757	-113.143861	-123.801708	38.100790	-73.056400	-99.049439	-43.161018	-18.788925
	-58.521381	-95.441856	-158.159551	-112.900485	-4.757897	-96.878590	-89.972132	-25.906557	-58.189703
	-91.202831	-68.622935	-130.457056	-88.150240	22.553734	-118.259908	-76.549603	-8.064817	-61.231373
	-63.115569	-44.957198	-156.796808	-43.039724	22.173902	-93.668683	-36.088252	-24.842495	-88.321731
	-41.684062	-30.626994	-120.099847	-61.345737	1.365521	-78.542315	-27.422530	-3.199542	-117.309313
	-74.013448	1.809632	-107.935923	-33.767911	36.631408	-76.687417	-39.970495	-9.141818	-109.623181
	-64.808152	-33.136983	-115.757730	-42.674176	8.668974	-62.600390	-44.096019	24.839573	-93.371489
	-76.055452	-52.888272	-74.745028	-55.211144	-21.181245	-55.354532	-78.597721	15.533107	-30.183942
	-53.783907	-74.267866	-36.113297	-99.839322	-41.249429	-70.202690	-79.974317	22.233900	-3.582837
	-30.510365	-74.561587	47.137333	-80.627844	-8.027488	-47.450339	-22.419821	4.495316	-0.997124
	-31.423151	-37.544710	32.690905	-50.824768	-29.585105	-59.684098	-20.385375	-8.883280	24.920391
	-8.489071	-1.662723	97.996702	-40.194539	-0.904567	-19.407640	-35.850638	-4.043477	49.030319
	-9.856161	-11.594494	70.994665	-32.803964	-9.798718	-52.479118	-9.560406	13.078879	73.612034
	7.194867	30.649740	67.942859	33.757070	-19.760634	-36.840826	31.929802	10.736299	36.095195
	32.059481	57.927800	57.262332	73.204299	14.902265	-34.345380	42.982808	15.952952	40.222085
	30.036751	78.936277	42.912953	98.429474	6.810397	-23.225288	83.495206	17.167067	16.380740
	56.170451	89.724982	-5.602887	131.686195	24.068080	19.188798	93.361495	42.580570	-14.039329
	64.934806	96.617668	-35.894677	118.019778	9.713192	24.190084	109.967829	37.634559	-44.739247
	40.035585	71.526512	23.989730	113.183942	3.792461	23.527809	104.562266	3.317336	-56.760524
	68.805128	55.666226	89.166241	59.485818	-0.654452	23.251464	88.435209	-3.742796	2.578125
	47.245417	-0.149232	102.599051	-0.545992	-15.522924	63.207962	14.148345	-55.856644	14.610716
	58.055615	-8.342738	27.351510	-2.101334	-18.688872	43.409993	16.062113	-32.051064	31.477252
	76.112721	-18.957518	57.374174	-6.120533	-14.953273	28.684452	32.048671	-38.000501	62.998954
	53.490737	-13.686480	26.767611	-0.356440	-7.653326	34.111722	23.770446	-3.325175	53.712448
	64.290751	9.898431	8.247891	38.967142	20.030735	20.909812	65.923937	-2.602527	42.045613
	61.085123	11.527821	-68.981669	66.449962	36.242791	13.687343	88.280975	-5.914243	-8.319541
	73.472124	24.274923	-3.937485	86.496691	-0.070623	2.835125	83.732168	-18.961969	54.487559
	70.172400	91.832397	-15.153301	112.472617	29.821170	17.845047	124.742913	15.768223	38.079226
	73.333018	78.880558	-5.124255	106.468808	22.877856	32.922873	111.887145	16.619191	42.783333
	45.416254	44.610587	-33.954657	94.077850	15.722657	33.123208	103.700534	11.302805	7.778119
	54.095333	27.795941	-18.491589	66.488775	19.415104	47.852509	66.569550	4.843779	2.764655
	15.279604	14.891773	5.276087	20.414637	-12.639988	14.014457	14.726384	-17.872352	-28.085288
	21.220389	31.049377	-34.190694	-22.216509	-1.810381	30.199286	-15.591181	-6.378471	-32.865711
	10.447964	15.755721	3.627004	-51.874127	-0.283661	13.270363	-56.465544	12.230010	-55.885526
	1.054333	44.821362	-6.244814	1.358194	64.412818	-14.806865	-0.479479	19.013391	-63.004308
	6.927655	107.160962	-16.048758	29.662440	116.582059	-3.472126	41.735883	34.705984	-67.306401
	6.183703	83.640628	-23.772429	43.669120	76.484559	-16.069889	28.658205	31.188534	-68.342985
	6.334625	51.421886	-54.026595	30.363897	71.832144	-7.684363	12.880139	10.437695	-67.546566
	-34.600355	42.737539	-65.155495	28.782637	70.072218	-4.927326	8.877201	26.504478	-64.057884
	-6.684995	121.478413	-12.818466	61.358723	90.342219	-31.452695	51.664787	38.328968	-70.770038
	-36.727801	105.155045	-1.597653	40.267560	68.230123	-31.379204	19.349409	30.872790	-34.671557
	-9.562676	47.420189	36.906345	4.459078	52.176652	-1.435746	38.580937	20.181121	9.386178
	-16.303289	80.385500	51.134371	49.437216	89.695050	-0.301348	56.344444	14.025884	36.830354
	0.043590	92.501053	2.117313	45.994527	121.301125	-15.371160	88.726239	34.889666	-23.264918
	4.764519	78.687990	20.491394	25.121640	105.767847	-9.826124	79.061580	10.640873	16.768256
	6.799439	38.263611	15.421721	37.738314	99.870040	3.751098	74.271257	-3.334150	50.380442
	8.342588	57.863855	86.210034	8.990035	96.516565	23.088066	42.952771	0.761790	50.136524
	6.451114	50.521511	159.568572	10.022446	58.020086	32.438636	31.056845	-15.590889	96.087608
	14.123941	38.843598	158.474400	7.539788	50.381256	68.039987	15.165619	-15.480077	90.932521
	8.382007	16.905008	145.121492	16.043265	28.298069	53.317449	27.019339	-30.129501	82.949005
	-10.564052	45.331113	148.709167	20.212358	40.765357	42.307069	13.113842	-1.040761	49.153484
	4.821671	58.962175	44.614922	44.097136	-0.164818	18.799228	13.608075	14.447521	-28.419061
	21.931843	38.084061	34.477432	55.949756	8.762846	29.830002	1.660848	29.764747	-75.709713
	30.034626	48.193489	-39.233935	58.352754	21.398290	18.637345	-8.790679	35.105877	-85.912262
	21.133241	60.981685	-33.597082	45.025006	12.717453	18.315057	-13.508307	46.850680	-55.768500
	37.515468	62.071409	-0.158071	30.571808	-15.701810	28.028860	-28.038277	38.475635	-67.339081
	23.633146	120.004462	-32.252938	70.491742	30.814632	31.760399	23.893401	31.471105	-94.412249
	-2.290574	115.325595	-81.749229	79.847659	30.075180	39.030304	36.624345	13.675605	-120.660851
	-14.327494	104.551591	-97.617051	59.950908	24.567075	31.316798	-4.165854	24.641214	-101.621272
	-46.349519	88.368304	-46.186570	33.867419	3.372684	30.607184	3.955317	46.490718	-82.617324
	-46.037028	67.777894	-47.962324	1.604848	26.372786	6.913658	-15.149163	-7.024427	-99.066225
	-44.719110	97.953922	-66.354368	13.757075	39.588191	-10.640721	31.916544	24.555861	-103.367109
	-36.850551	53.663524	-94.246103	11.579589	28.319040	-32.810536	30.912152	42.350702	-98.197605
	24.517687	-0.433394	-84.599314	26.984951	-16.978015	-28.023316	20.969192	1.940737	-75.692499
	32.443124	-49.855251	-50.327083	-15.284068	-11.020044	-25.316497	22.671318	6.575849	-27.551642
	-17.282018	-94.915896	-51.062174	12.765062	-29.160608	-9.259721	4.750696	8.913319	11.060710
	35.768945	-79.728000	-6.844927	-10.381206	-3.219078	9.632794	-7.462866	8.822485	-0.721163
	14.529338	-69.103738	-0.339971	-22.767490	22.009997	26.155775	-27.436285	0.449573	36.992201
	18.315733	-38.585282	15.562769	-40.598175	23.348926	22.624009	6.436461	-2.161168	18.571197
	22.462364	4.448226	42.745934	-18.821551	16.487108	13.094636	-13.824556	-15.031653	17.951754
	12.309896	13.771094	49.052822	-13.628085	-2.037160	7.073367	-22.593685	10.345373	-19.532357
	-2.465950	57.778435	53.219376	9.990142	-9.696606	41.055614	-18.266962	9.126690	-32.133033
	35.478712	55.118850	25.466870	41.452774	-50.789466	-0.600952	3.696126	5.006250	-12.440827
	34.903236	57.889569	-28.454856	78.284454	-53.507769	19.744095	31.402074	23.718578	-18.069835
	4.679933	27.966153	-62.733885	103.442912	-59.473797	22.438430	20.888566	19.565495	-10.980580
	24.532501	36.107936	-45.039505	97.323472	-73.228867	18.288206	37.522564	36.927258	3.479923
	2.727427	37.945484	-55.765301	88.962772	-58.641222	14.502840	30.074423	16.420054	9.696075
	-22.313511	46.430144	-39.959796	64.265508	-45.486114	-7.562431	-1.905526	40.687882	-13.829667
	13.442077	41.374844	-4.880392	43.347679	-43.189278	17.833850	2.223116	18.507547	-2.542750
	-4.564422	50.018989	-11.537281	57.401282	7.388657	10.437072	24.049059	-2.492575	-16.433440
	-14.433762	39.421221	-3.778942	46.022919	15.666525	9.931018	13.256652	30.636872	10.702525
	9.164889	35.427921	6.821740	54.500687	10.068375	-0.272202	16.698855	4.394141	7.665944
	-9.687890	56.078928	64.012497	75.886451	0.555421	33.817866	23.447105	20.336876	-16.106567
	4.394861	54.522848	46.125906	66.952541	33.753267	5.354035	31.507877	-14.873585	10.583924
	-19.514054	98.752132	92.345587	76.978159	36.019219	25.161414	44.115243	33.319300	18.909737
	16.440512	120.815474	68.211680	77.090409	53.839890	18.326216	42.204857	40.388134	36.422225
	15.116495	139.599759	72.932994	82.844813	60.715980	39.418592	54.333907	25.006699	16.605749
	-6.697113	119.160944	3.731221	49.243942	43.699766	30.637088	24.010435	26.056766	-9.325706
	-19.079662	116.838269	-62.227123	57.041385	55.395116	38.418555	51.109552	46.505429	-35.607883
	-6.371535	95.529623	-15.293272	57.790854	30.767187	15.448553	42.060039	42.848293	-31.213867
	-41.258211	39.020143	20.803769	18.270733	-9.619167	30.363306	4.686687	13.412260	-20.918356
	-63.603460	3.767832	-24.911065	-22.118068	-2.305795	-6.536946	-23.326812	27.706242	-46.663525
	-55.158000	41.713370	-8.817663	-10.890829	-4.801371	-13.769994	-32.582609	16.644723	-55.097875
	-23.863303	37.336482	21.875789	-25.001648	-24.973460	23.740412	-34.230267	-1.721002	-7.545811
	-27.408094	34.431743	29.399222	-7.031418	-3.185948	-23.690600	-25.225585	-1.847872	-2.267080
	-12.983013	-12.873752	57.036495	-26.088083	-20.617687	33.850298	-12.043468	-14.498252	51.940391
	10.324014	-48.664710	23.726066	-36.441082	13.411313	44.683088	18.276738	-23.266630	60.547212
	22.828930	-80.069447	20.023524	-23.128242	-15.566028	27.191748	17.077526	-4.144328	105.540582
	33.587528	-55.358594	5.980613	14.452638	-31.697304	5.524503	22.852498	-10.183639	74.401438
	26.495945	-8.261950	-48.118603	46.888252	-33.874312	-0.426112	26.433017	16.890648	40.685984
	23.174304	41.053773	-44.338962	84.275883	-36.252381	31.535389	18.672551	35.779879	-39.126358
	6.257870	52.952286	-77.362297	87.135814	-54.288174	46.908486	4.866510	58.573324	-60.903994
	17.757136	66.138431	-103.825465	76.731478	-79.038821	36.709565	3.665027	43.714954	-134.910130
	17.237274	56.883919	-121.789248	60.706395	-92.428729	18.106409	30.011355	26.310951	-81.015542
	35.501734	37.757631	-90.603646	74.930931	-62.650331	9.906953	49.050483	31.862591	-21.076743
	40.036855	16.221176	-51.313548	65.974905	-61.699358	-10.835849	62.953877	22.541470	8.968898
	-7.068960	-38.026849	-18.006398	20.722374	-40.988129	-18.853576	40.554566	8.031714	-15.592137
	-0.401460	-65.044204	-68.821191	-23.435069	-6.472226	-8.030577	15.297335	-38.474798	30.106670
	-39.331514	-45.357108	-27.505716	-49.907940	-22.243784	-17.811671	-22.442499	-19.441137	4.431906
	-34.218544	-38.671962	-79.679524	-63.953943	0.132779	-41.243623	-21.147440	-48.083579	-20.228333
	-35.363646	-11.232498	-30.999296	-49.159844	6.721087	-53.406430	7.605801	-32.111735	-8.019949
	-33.036857	-30.254714	-1.131162	-37.337969	-9.114034	-34.753856	-5.940341	-31.328703	15.215514
	-15.553203	-41.863798	33.252561	-8.285270	10.070548	-49.446686	26.395387	-4.673761	51.632991
	-32.292624	-47.402770	7.207556	-9.597016	-5.870757	-33.332645	32.063459	-7.509138	59.641279
	3.792321	-48.770131	5.919125	-24.115982	-5.274470	-13.683114	19.845859	-8.029474	102.111561
	-24.500122	-32.304121	25.158320	-34.199477	-4.076159	-15.390454	-18.689487	5.958998	58.622568
	-6.862778	-38.384613	-44.994226	-18.650595	-14.232788	-27.738186	-43.435419	-4.220772	37.341266
	2.685262	-15.476835	-11.824465	-19.721161	15.122987	-43.969053	-24.339702	10.381431	49.375546
	30.784481	-23.532457	8.584969	-19.161025	-5.567537	-40.583533	-12.616522	8.520582	59.991261
	35.675064	-34.865692	15.527215	-24.126094	15.677401	-31.711276	-22.306349	-26.776253	44.776918
	-7.026477	-21.297278	30.607234	-35.251771	12.335555	-19.476164	-10.187699	-38.898676	71.035684
	22.780233	-52.653916	57.547811	-89.234229	-1.028359	22.619590	-20.681427	-37.239519	112.368548
	3.002488	-77.558601	115.170766	-91.293413	17.323947	1.006883	-3.703444	-59.102964	114.704616
	12.213152	-64.470437	111.320103	-46.678972	15.349471	21.825231	-9.711613	-54.476037	156.204986
	10.525243	-69.398376	143.125312	-79.642600	50.639728	23.873358	3.655978	-51.351138	226.569286
	3.591186	-72.788699	140.020580	-73.467444	43.194285	12.894025	1.532892	-65.563958	203.815706
	27.707068	-80.866335	132.718138	-71.598729	32.433548	26.740933	23.170178	-59.563089	219.657782
	24.240624	-51.298415	72.916196	-48.056208	61.634217	-3.239711	35.942889	-27.873712	201.916565
	27.319126	-66.519266	75.666824	-80.993659	25.619244	13.658525	17.187990	-60.978514	197.900145
	30.360922	-34.407513	82.870361	-43.860875	79.479541	6.599052	33.184958	-43.486252	167.250550
	27.550119	-36.340532	74.120846	-41.058097	67.710178	16.038261	31.974221	-36.243242	192.157379
	35.109408	-60.291556	83.294069	-64.282819	59.105900	-17.290013	11.386598	-73.343470	134.313398
	28.182287	-75.927381	57.906515	-71.343479	47.191000	-7.818174	15.013328	-48.570558	136.010033
	45.755706	-75.086502	43.614345	-53.757539	25.419051	-18.079309	0.335239	-19.122595	103.269473
	7.625683	-82.108097	-8.314228	-66.665281	28.829116	-32.472113	-5.360955	-31.515913	62.927372
	16.731173	-92.054702	26.090734	-102.313930	-2.273567	-11.282348	-6.291036	-35.871813	76.525758
	15.076891	-78.204143	44.578294	-75.961688	24.390723	-19.787347	21.626678	-29.196967	77.154884
	28.527797	-44.789508	-3.578793	-40.483507	23.848289	-14.758663	41.134833	-11.203061	83.806165
	72.828306	-10.906404	32.518815	8.701303	12.756011	-42.159107	31.605674	16.488133	61.306778
	32.520780	-24.140759	-19.753100	1.421690	6.426011	-25.850903	10.310415	-8.402893	45.795430
	24.774074	-13.851535	-34.553605	2.241138	45.186327	-26.408059	18.699381	-13.686438	-31.173050
	10.899673	-20.937646	-46.297044	2.687896	65.376683	-36.077402	55.723827	-10.742293	-86.938350
	-16.098545	-23.836897	-95.046867	-34.999134	91.314666	-48.335829	43.407282	-12.881485	-111.271767
	-4.193860	0.195374	-26.329888	-4.861511	80.825398	-52.204099	55.001446	-29.162005	-76.094155
	-10.683385	-21.091541	-42.760677	-13.453751	73.535732	-3.283178	10.468189	-35.894362	-34.041053
	2.906446	-6.949785	-4.288402	-32.591882	69.591502	-3.579496	11.340584	-40.554085	-42.778888
	-37.434767	-45.328771	-5.494369	-67.523254	28.531480	4.147859	-31.354451	-20.755589	-45.054726
	-22.121806	-44.776734	-54.754302	-58.856024	18.388404	-20.419499	-49.901887	-48.687672	-41.627485
	-29.419937	-36.388980	4.488495	-87.928635	25.368968	-5.829195	-37.149682	-30.887377	-38.632240
	-31.104551	-32.601523	-23.886820	-57.112713	36.166469	-26.430416	-34.064451	-24.950054	-43.498921
	-29.301822	-30.700440	-25.644485	-66.339857	50.027518	-18.135341	-31.741682	-27.802626	-36.238709
	-60.898640	-31.936447	-25.674884	-65.358772	59.604221	-41.756667	-35.726802	-44.800330	-75.960324
	-27.529409	-45.308744	-25.787222	-67.101503	19.314132	-8.039882	-40.642976	-39.991257	-119.205612
	-51.230918	-15.871333	-61.478809	-38.627627	43.520559	-2.756545	1.099398	-24.852439	-98.244712
	-3.808637	3.486946	-30.407286	-8.528871	51.794584	-2.613739	24.069196	-5.579787	-118.377039
	2.777763	31.655659	-53.771214	28.333074	57.339755	-8.133721	44.395939	13.292580	-85.341506
	7.121784	8.620187	9.784871	12.968010	35.719162	0.723089	24.359514	-5.041816	-71.314741
	-13.856062	24.382514	-13.712232	17.618535	21.787784	18.091588	7.359979	-7.365638	-12.172912
	-13.217815	-29.112368	-19.914856	-63.601773	-11.227178	23.741118	-44.792925	-3.474945	-4.799578
	-26.511773	-39.147815	-16.867164	-52.657291	-44.988981	11.171832	-78.983570	26.656522	-31.444949
	-27.483714	-65.300783	-19.005383	-109.619042	-56.350075	16.804448	-101.626598	-38.063244	-26.389301
	-24.061284	-33.280949	-41.628262	-83.643240	-50.662431	-29.192256	-79.051070	-6.278260	-77.806226
	-62.594650	-32.913240	-89.257386	-58.657466	-41.564633	-20.817785	-67.413971	-5.649794	-97.291965
	-70.870235	16.763013	-55.349275	-11.764949	-17.343003	3.432273	-62.492511	10.684713	-92.876425
	-51.393205	3.619116	-42.751807	7.036948	-79.223747	15.242021	-67.603847	-3.207616	-97.409415
	-56.797861	44.159383	-67.098269	59.655366	-75.784003	-14.986627	-42.743184	36.276587	-107.696092
	-68.172169	44.138160	-43.625580	71.026442	-102.566465	-12.886616	-47.533783	48.556062	-83.769516
	-14.860130	108.180904	-36.514626	128.579950	-111.435409	-9.881603	-42.792553	83.850935	-91.114260
	-27.907816	101.059965	17.771242	120.091332	-78.469013	-18.168262	6.839770	102.233940	-77.162006
	-12.537464	123.880125	16.137909	108.646451	-61.608892	-4.606987	3.144705	100.711270	-48.395068
	-12.903354	101.883342	-4.378627	93.320972	-54.381914	-15.681719	5.644700	76.641620	-15.780880
	-1.613112	90.732494	-1.827611	69.762650	-68.330980	-5.830790	-16.108772	51.857175	39.971954
	26.874307	37.723663	4.312258	-10.857441	-59.015616	-8.158324	-31.482794	52.378937	58.880529
	46.659610	3.641936	7.691350	-20.176133	8.183678	-13.550026	-1.914218	42.196437	99.858601
	-8.511061	-33.284580	56.123261	-26.158877	32.072307	-9.532735	34.430935	-3.811450	86.827998
	9.533299	-31.141572	57.778915	-44.120038	53.405983	-12.417429	32.162597	-51.514940	98.516051
	-21.219143	-57.427753	-17.786261	-72.944585	89.955693	-20.909751	38.332905	-45.073444	7.893147
	-50.363298	-58.975686	-20.942467	-88.835518	100.083827	-48.824870	17.859663	-45.792227	-67.442462
	-36.337704	-82.269034	-58.488327	-95.970586	45.360217	-77.518221	-6.972471	-35.611495	-91.881507
	-22.922704	-44.432202	-55.500210	-95.420027	43.711847	-57.093713	-10.003749	-43.431069	-68.920225
	-31.204121	-44.958892	-8.024535	-71.686183	9.722677	-41.590176	-21.236927	-23.251409	-17.551867
	-36.162439	-17.012528	20.150584	-20.131317	-40.830668	-55.101639	1.072651	10.613989	-34.502705
	-9.012584	11.262074	34.330504	21.544765	-81.339337	-21.880703	4.361390	14.981370	-26.402006
	12.662948	15.870334	0.587747	36.469204	-77.326417	-22.795715	-15.042310	17.833589	11.759692
	22.021640	-20.544041	48.977551	-23.096085	-74.802361	-46.556387	-51.335338	-6.048451	30.103025
	-3.239902	-33.503663	-4.212658	-17.113670	-41.147354	-33.239274	-44.546968	0.526688	-25.908587
	-8.971196	-71.211213	-67.335814	-65.570857	-29.251904	-23.286021	-41.524361	7.702832	-71.785407
	-3.640493	-76.996123	-47.723681	-51.415014	-9.557773	-22.963479	-36.575830	-3.314143	-96.056924
	2.221851	-82.778455	-19.843144	-46.906177	-9.982924	-10.362048	-57.203938	-2.316036	-40.989696
	0.343945	-54.415748	42.141621	-45.527430	17.136613	-3.552441	-64.934909	4.492251	26.731792
	36.191926	-42.683568	73.201416	-50.431934	-10.422402	32.547122	-53.378527	-17.704822	34.733479
	20.754645	-24.362867	94.736342	-35.708952	-8.835281	45.648712	-88.882427	-0.223171	62.211916
	3.695534	-22.407292	68.130409	-57.363553	16.723045	57.276322	-57.140821	-36.074959	64.544938
	17.076908	-31.603965	67.112654	-20.895112	0.676032	46.154927	-37.014933	5.920201	44.922348
	36.168620	-48.022776	-26.270603	-8.398904	-17.369225	60.223724	4.172029	-18.189821	15.409113
	46.639054	-91.186760	-95.850252	-15.848513	-50.518259	28.814614	27.681312	16.657039	-45.910203
	22.232523	-96.018377	-73.563303	-20.648878	-62.509874	-3.417893	23.488631	-31.478015	-22.332351
	58.179532	-112.215264	-33.319573	14.254465	-64.593025	38.204277	56.908772	-24.687528	-23.485492
	97.886239	-96.221503	27.554140	25.549743	-64.362724	27.982604	55.022830	-44.578401	47.181842
	98.800814	-65.421806	10.421243	38.442697	-39.275906	31.771825	73.673486	-20.279037	102.571464
	98.468666	-49.791974	75.996245	40.902990	-35.071944	56.964859	63.903852	-22.774608	151.672914
	100.826947	-33.206169	92.560215	21.135120	-19.151876	39.824052	61.167440	-11.440918	166.903508
	101.359000	-1.274429	106.617726	9.412191	-22.083581	51.581742	63.650129	-17.780903	152.760787
	57.233923	17.924105	66.088019	30.644559	24.516294	6.778064	51.473081	-2.146188	127.544315
	37.989550	52.900093	45.168785	43.837232	57.299194	-17.312782	69.147582	6.200764	100.551537
	12.906193	65.492478	9.190906	40.019914	73.214133	-37.030984	55.889886	-11.902500	19.714933
	3.146160	87.123269	7.645772	72.037640	77.773275	-31.772289	63.373392	10.544943	-55.198008
	11.089604	56.799842	7.459110	46.333792	39.711081	-27.523370	49.672565	11.235670	-48.639681
	0.806384	41.801971	-9.997232	43.892427	14.401778	-41.587072	28.220319	-1.322404	-62.367427
	8.221349	40.274186	-33.805523	24.607973	26.690289	-22.774589	17.418831	-3.494506	-128.120264
	-10.111432	-10.667767	-17.061647	-34.622851	41.707675	-3.177454	-7.364416	-55.313295	-108.076146
	12.804189	-18.928333	26.586406	-49.018941	59.599358	-15.813136	13.516161	-36.368446	-68.479253
	37.216140	-20.503871	-4.288338	-57.081084	57.606410	-22.532694	17.520303	-45.743466	-60.281988
	-0.147115	5.340058	-25.419569	-13.506713	80.928223	-56.378458	33.023425	-32.224998	-79.396319
	-35.425622	10.472804	-81.325411	-9.014115	30.725630	-49.184028	10.843515	3.940030	-99.434095
	16.416872	43.144324	-84.247086	40.572628	66.113178	-34.775790	37.208162	15.190880	-80.659913
	-11.960416	79.465073	-96.473863	78.729068	31.732894	-11.259799	51.623259	56.822283	-73.898355
	-21.350811	77.039223	-128.539107	79.404031	-9.478444	-26.211202	48.389079	54.002019	-134.531181
	-21.409697	102.785423	-121.926255	137.845861	-35.705601	-8.687841	54.970750	54.228001	-98.806236
	-24.400470	122.274616	-147.956689	164.468636	-76.151075	-12.828328	40.170623	73.095890	-132.764864
	-24.654919	136.515851	-108.146197	139.294145	-36.132364	-27.718987	58.475280	71.098162	-166.400284
	-39.143269	91.285807	-93.716489	92.664522	-5.253668	-19.802149	49.812252	54.345708	-133.789625
	-22.812209	75.144341	-89.113354	58.284235	32.784725	-21.776193	16.755833	35.839193	-139.235872
	-52.904773	18.293342	-57.184174	19.885985	52.747377	-31.288734	22.046219	18.011193	-98.007170
	-27.759644	-7.057926	-21.547089	13.620302	94.718693	-15.921840	10.004161	45.572156	-78.492495
	-47.830348	3.825924	-14.635080	22.785973	133.603126	-29.131530	49.269626	15.615916	-64.266590
	-53.399962	11.081859	-48.208991	7.251028	117.437041	-27.880010	31.139254	38.302718	-92.507454
	-32.170492	-2.099539	-42.337251	-17.100345	100.908318	-54.076313	26.284261	-15.768559	-82.636848
	-39.808118	7.836026	-60.861000	-1.688176	90.814344	-18.298867	6.228907	7.692380	-93.007841
	-25.897003	5.707455	-9.162572	-39.800834	80.835415	-12.585237	0.509536	1.289982	-85.303520
	-13.397861	9.179083	-12.226923	-43.073618	64.465316	-22.969115	4.478551	-4.081869	-51.777439
	-20.418645	20.362264	0.999892	-9.646949	69.068774	-11.107888	-1.667477	-37.687118	-23.584165
	2.132840	13.397722	-31.670924	16.065391	57.328489	-12.438209	31.619237	0.891536	-21.484943
	-26.360604	-10.281754	-45.627876	-34.150544	51.823061	-33.266377	-15.187334	23.786135	-44.291461
	-71.377444	-19.797108	-78.223544	-17.576140	19.642781	-41.750413	-31.769663	23.808938	-70.855442
	-83.206038	-28.908392	-77.977572	-43.101050	-22.164184	-58.167042	-37.245212	24.148462	-82.197584
	-69.837718	-45.318161	-116.808135	1.192142	-45.854815	-65.600538	-9.403334	19.578097	-151.506602
	-49.005845	-65.446169	-103.091055	-5.692843	-60.039652	-56.976514	-5.894385	44.265195	-109.056454
	-71.316171	-34.202358	-73.096211	15.821807	-40.489192	-56.523830	18.950827	75.625921	-92.049608
	-47.586226	-14.500027	-74.244394	42.370169	-25.893588	-34.553865	21.839874	61.890695	-109.262698
	-42.124625	1.057468	-42.962168	64.762122	-13.080676	-7.934749	44.352326	52.642282	-95.932446
	-19.606948	-17.763568	-29.387262	60.433135	-70.733550	-15.797983	27.592945	30.090253	-76.261618
	19.010946	-0.307457	-46.579732	58.016964	-79.307112	6.422094	-6.382172	50.404500	-50.014749
	26.680507	23.692595	-17.461416	73.921606	-113.672527	-9.972972	0.284744	42.847877	-57.076631
	15.910281	9.231350	6.497634	64.050979	-154.262988	15.053697	-59.542562	18.403365	-32.614023
	14.578056	28.461561	85.086951	45.200714	-130.599460	18.086930	-56.564444	12.983737	-3.260783
	0.187367	33.911985	95.143569	30.722541	-81.394642	34.006369	-39.822050	41.976556	34.043123
	-3.421422	44.277955	105.620622	31.769149	-57.063444	19.847713	-14.478845	8.991136	-3.916168
	-22.786404	66.045919	69.944585	41.819659	-39.892730	-15.049751	-34.088183	43.954179	-3.982942
	4.641466	83.266348	54.814574	44.737376	-38.015970	15.242264	-13.304877	33.919218	38.341567
	10.661451	80.779527	26.432634	46.671159	-67.449409	35.080022	-37.730615	45.222868	35.222053
	-1.988855	63.475252	43.631618	40.809459	-64.335626	55.354822	-10.665017	31.285454	47.867339
	41.513298	56.085565	58.872195	61.367558	-47.795313	100.262609	-7.675233	43.564910	85.534190
	19.207505	31.043532	24.869372	66.830566	-59.657325	112.254302	-2.132862	59.571012	99.653603
	26.169737	-22.886360	-46.977452	65.451466	-63.133345	71.081736	10.324234	32.230674	65.999817
	-5.493291	6.202412	-48.196178	55.475191	-28.447409	-8.219928	10.303129	31.131785	36.499083
	-8.380498	26.838245	-53.071617	63.007536	-54.248236	-3.991277	14.645213	19.640776	-9.665370
	-12.331206	16.033089	-66.592234	31.101092	-93.274406	-12.747308	-18.087069	-25.764439	26.507255
	4.017273	9.706017	-55.867492	2.311101	-102.270667	21.019475	-46.019144	-36.475805	-9.376794
	23.837350	18.892904	-20.225484	16.058861	-84.065496	-0.473822	-35.936590	6.070200	31.657566
	42.272452	15.710670	-5.151581	3.865660	-42.313719	15.586662	-11.670193	-30.255738	29.659519
	34.334934	33.451963	7.948378	60.024873	4.922163	52.532438	35.359331	30.972816	-6.891146
	29.836824	-8.874527	-31.438776	26.152966	6.229160	40.130080	12.778870	7.923908	44.950969
	25.576926	-19.002923	-3.781124	44.511573	15.770365	3.661863	20.953780	3.013521	59.563971
	1.639034	-13.304095	-11.432371	30.384066	31.020976	27.248475	14.446581	23.399211	42.739020
	-21.421161	-37.575673	11.007777	-14.096176	-2.213151	33.799115	-30.555509	-7.203748	42.758024
	-30.298140	-19.278970	-2.461387	-32.797082	10.406604	-17.927513	-33.001358	6.777668	52.756366
	-1.775415	-13.970698	21.855931	-24.692455	9.619416	6.345397	-18.729203	7.839990	29.664319
	-21.176078	4.477819	46.281077	-9.348771	37.459708	15.736096	-10.097467	16.516721	8.696292
	9.150247	14.123780	50.120568	-1.889300	70.720773	11.186458	30.348241	6.713660	12.471941
	1.434029	30.132613	71.153361	21.708616	104.627070	18.934773	21.499484	8.462755	67.001650
	0.824854	36.016510	111.556118	-20.316688	75.333800	63.540190	14.192226	-0.208711	84.905580
	-2.205828	44.987818	116.204460	-41.338458	71.632158	49.356538	-15.625620	-16.453937	71.997064
	21.385526	57.055526	116.740191	-106.992790	84.778571	52.286456	-39.932593	-30.586488	82.721628
	12.140330	70.550941	156.220462	-89.775826	70.589782	55.300205	-44.152823	-52.031160	104.494043
	-17.895957	64.641710	123.908355	-98.981939	66.675546	34.884378	-44.803459	-43.340332	95.805359
	-1.349762	41.187854	139.870976	-31.734532	29.488139	47.372827	-0.501356	-17.426930	80.517561
	3.746690	64.461142	121.405615	12.539929	44.227990	22.361376	10.268389	6.141508	84.248835
	19.532947	63.546805	86.361181	21.920650	52.648966	57.156977	11.096842	0.098201	70.077377
	35.894863	55.636017	112.462800	7.219542	45.712585	72.828823	-16.641766	13.081252	130.046396
	48.431579	45.480459	45.253748	11.788954	17.101157	60.501938	-10.630945	28.402178	53.097429
	53.757717	31.702058	38.668714	18.527701	5.855584	79.409971	-12.862169	11.782182	86.197089
	57.662404	19.781537	10.212180	25.158431	-52.108443	75.809370	-20.522097	19.224327	57.072017
	37.904966	42.965967	-16.899560	22.791165	-79.504992	50.931872	-32.961345	21.787097	41.210435
	17.448900	39.880804	-23.539428	10.613531	-44.037605	25.598311	-20.067048	21.284722	-34.867795
	5.116561	59.856350	-74.840980	29.779573	-14.705130	1.626612	-3.097427	25.791870	-19.729773
	-5.542288	41.761204	-37.352184	18.329930	-31.379566	16.297110	-2.386548	4.437257	-14.679410
	-34.946777	34.759979	-29.722348	12.600098	-10.243996	15.174403	-23.088970	16.941160	-9.968413
	-8.487384	17.957033	-66.735298	32.663045	-11.608318	33.451218	-3.608775	-0.670473	-6.644108
	-0.967238	20.882854	-17.054161	49.390559	3.368045	18.142298	-2.678769	24.060627	42.788034
	-9.638298	36.625015	-50.314880	56.364706	-15.300818	41.321622	26.403220	32.230673	8.954494
	-11.434898	27.125271	-24.471786	77.412310	-39.246121	38.742009	48.168845	15.706090	3.147405
	6.875524	53.033163	4.309240	52.593812	-36.167659	26.956466	16.632504	26.581140	-22.350333
	-13.941502	52.242426	8.623528	51.343920	-29.885639	47.691495	-22.753115	-10.796518	-15.389009
	10.606471	62.442476	54.390694	27.521249	-14.877573	18.753989	-47.382309	8.922690	18.002195
	-23.841740	48.651753	68.931386	-51.220429	19.911508	38.446480	-39.395086	-27.846222	43.897515
	-4.224011	47.290763	80.123283	-9.410796	57.060976	34.841131	-21.748864	-21.220036	39.855893
	-18.183240	42.288952	93.408969	-9.175191	73.189828	24.504013	-1.395438	-44.382729	51.814942
	-18.933485	51.307194	43.124760	0.695296	46.159575	35.029257	-8.988742	-16.038696	21.138870
	-3.609834	61.286872	51.180168	13.130772	53.438730	22.619359	22.374653	-4.465873	27.983204
	-34.181251	46.257547	7.537369	11.445287	60.907704	22.786682	21.869851	-3.271876	30.551659
	-30.674711	20.616824	23.348464	6.073292	50.106904	6.296995	-23.864699	-18.824217	47.311018
	-35.733214	6.976224	62.299576	-27.658477	17.509977	4.607606	-24.632222	-28.176698	59.944052
	-32.740512	12.111137	70.838748	-35.480720	-18.994716	6.833472	-43.287342	-38.609456	79.178006
	-39.159087	-4.262860	50.976321	-58.566714	-11.016271	-8.912492	-47.843848	-27.406208	56.734139
	-45.046760	-21.550322	7.463908	-65.255515	-15.736561	-62.515783	-61.774036	-26.549125	-4.172788
	-27.594047	-73.775912	-25.469130	-93.033326	-3.495510	-65.790596	-60.221907	-38.742147	56.721625
	2.307535	-93.390443	24.517975	-56.595924	-4.641644	-95.607940	-35.756278	-28.433439	21.501868
	-0.311237	-91.027089	-28.791623	-44.277065	-13.781549	-82.051010	-22.445727	-44.939789	42.344162
	12.201232	-65.634360	-35.014096	-55.891413	0.212658	-38.625539	-7.833191	-20.657795	-15.762582
	2.554520	-47.329972	-22.800932	-35.231239	12.371085	6.835987	6.519292	-35.727726	-40.671310
	43.614083	-29.235324	-38.585898	1.120374	-38.523266	7.371187	-3.012075	-17.770891	-51.746697
	7.041010	-54.144190	4.924105	-24.871518	-34.220475	16.254299	-11.506183	-23.465281	-31.600123
	27.515284	-26.152306	-37.081364	-5.061715	-24.387031	17.723169	1.923103	-40.827513	-44.910664
	18.123459	-0.930492	-73.159618	-9.623200	33.209116	7.051705	-17.759849	-5.713542	-66.531549
	-13.493849	-2.439303	-94.975394	-30.676004	26.215853	-29.563509	-12.099962	-5.209276	-115.520713
	-4.259304	5.588746	-71.139644	-9.594421	17.907113	-39.512206	-31.372106	-11.418059	-70.582144
	-6.382507	-21.608262	-44.550103	-15.481795	45.772077	-46.904818	12.781344	14.991936	-42.375052
	3.327821	-18.567423	-7.261792	-28.309352	45.602222	-46.671003	23.738443	17.004309	-44.955451
	-5.208268	-30.396255	-20.757925	-21.400062	5.133829	-0.309465	14.511140	-29.209720	-50.248197
	-11.834835	-45.698344	-49.752071	-55.893031	18.217951	-19.057607	11.912972	-23.676121	-84.833231
	-17.561824	-58.751759	-48.657112	-40.634201	-31.698934	-19.074437	-9.131024	-28.935138	-75.104374
	-12.523279	-44.630655	-63.651592	-37.719407	0.199280	-49.229813	-33.671016	-38.594514	-70.552503
	-4.953686	-27.360608	-68.824197	-16.229019	13.131146	-35.976926	-29.388627	-11.163264	-57.861780
	15.784938	-51.394968	-21.953425	-28.317941	24.389867	-15.815491	-8.262858	-0.610280	-40.198654
	-11.428186	-36.325478	-20.223994	-16.459554	52.032997	-21.794761	30.493491	-37.729484	14.399593
	-6.657450	-54.910216	-19.404904	-56.904194	52.842330	-19.140990	34.452339	-40.941593	69.694553
	45.057493	-47.377370	85.773867	-29.352047	60.638872	29.227423	51.226230	-14.919517	103.798599
	24.738643	-149.590743	221.858878	-86.240038	-70.085509	79.290211	-26.789468	-67.039163	185.398442
	40.033021	-168.135202	217.541661	-99.205792	-113.949852	94.975438	-74.884941	-60.532135	145.137327
	-7.645096	-34.419344	17.492423	-47.359136	-25.236419	13.565019	-46.558397	-13.272231	4.651212
	4.217218	6.073160	-24.234734	15.434318	-16.523301	-28.164841	-3.950980	10.222532	-31.720007
	44.330782	-59.634615	201.928089	-3.727457	-99.793740	69.830303	-47.423360	6.841363	161.495791
	38.112965	-81.479200	208.943525	-19.184869	-110.302916	53.040129	-57.662402	8.454041	141.191073
	14.298927	-63.997391	58.778649	-1.221634	-71.046117	51.321204	-27.172627	16.672534	54.242983
	-1.374071	-67.964715	19.330076	18.338474	-52.409243	43.239101	-19.936041	54.484240	88.296978
	16.721815	-7.550623	16.683956	42.210707	-33.404688	27.321551	-9.083905	54.915342	45.155056
	-12.996095	15.598936	-39.380413	43.911489	-34.500226	-1.072578	-36.808251	59.222859	4.691277
	-28.496369	41.407524	-46.657826	67.312081	-76.657082	-27.545874	-26.707721	79.255316	-37.552424
	-49.432769	14.087938	-36.341929	25.937409	-25.153854	-52.929992	-13.469382	39.015806	-48.133383
	-17.860014	43.443208	-28.043776	35.946550	-20.172624	-16.168053	12.668715	50.435124	-30.437432
	-21.149837	41.390855	-31.005565	55.117354	18.292880	1.156118	5.246770	42.899867	-31.688009
	-12.540992	41.940777	-55.459171	33.165079	25.220060	-25.593869	6.502994	30.579834	-35.618011
	-22.283263	-20.992676	-5.757469	-21.398614	8.352169	-10.711007	-28.680883	1.859756	-44.071743
	-34.614255	17.240585	-41.289628	-20.389356	24.122666	-16.857571	-17.619295	-5.218581	-28.271903
	-16.900882	15.732021	12.039776	-35.016391	-5.515734	-24.410899	-24.060122	1.304911	24.119224
	-36.924237	43.219422	18.124860	-15.491136	-8.589392	-29.719639	-13.943449	25.031207	27.887919
	-28.367616	64.639531	30.669438	28.446854	-23.673872	-27.675508	-1.663070	16.069881	-6.495562
	-39.486675	64.475153	-30.072442	47.563718	-17.281537	-19.739375	13.362825	11.212273	-48.778352
	-52.269922	45.954481	-62.297663	23.211173	-53.622274	-5.609218	2.501007	6.851394	-104.263770
	-33.037234	18.400219	-43.896489	-10.042276	-58.183014	-37.729297	-41.985265	9.105922	-69.261548
	-39.274774	-16.465723	4.168290	-32.970560	-73.819340	-19.668785	-45.837332	1.178538	-7.663012
	7.454472	-86.401081	44.642455	-71.271724	25.203253	4.746782	3.377690	-53.484729	56.261416
	34.103245	-12.632003	73.337080	25.381965	-85.339183	91.925030	-21.064498	16.751764	77.915403
	77.241276	61.524945	48.741260	152.650271	-21.246273	80.873832	102.216716	59.253975	57.771831
	54.023747	-41.559862	90.238665	13.850950	-35.743113	120.957522	21.186117	-5.798501	91.639732
	20.330414	-37.025513	64.265783	-22.395377	-57.381335	78.104656	-6.946555	-43.918561	60.105126
	17.733087	-45.904771	-13.548403	-1.422070	-69.565800	34.069051	-29.948217	-1.212719	65.693485
	-42.454891	-96.065656	-22.168842	-90.756548	-86.124569	-32.621293	-58.481354	-59.672341	32.907004
	-64.925545	-115.576418	-28.965852	-115.037917	-73.593508	-73.097470	-115.763442	-40.808121	-19.299781
	-67.084853	-148.103669	-15.404802	-140.072304	-56.397876	-59.119268	-113.684259	-53.027869	-25.760197
	-41.736026	-124.415141	-27.161036	-148.152306	-27.240589	-76.996080	-96.425859	-31.586771	-37.590355
	10.127679	-144.214183	1.109355	-99.201686	17.679912	-55.069987	-11.145412	-16.330014	53.137936
	13.095753	-110.507644	4.473399	-47.085637	59.401467	-31.689209	24.065502	-49.073886	51.414783
	13.639113	-61.033711	-10.795180	-19.044657	51.472624	-17.469525	56.642144	-20.654016	33.260093
	-8.390921	-54.871887	50.711982	-34.238504	9.924185	5.129164	19.764236	-49.414927	23.283985
	-35.030604	-56.997843	63.242126	-51.865543	-4.023994	16.868316	-38.699863	-39.140504	35.043057
	-41.180997	-86.309476	83.928927	-93.216975	-23.914432	25.278638	-69.639942	-23.242729	9.920994
	-20.285398	-40.550944	36.075076	-61.161987	3.549295	23.431184	-49.155923	-18.811301	-7.210735
	-22.036833	-56.854032	-58.534974	-27.643022	14.999147	-34.154265	-24.781166	5.864969	-31.389439
	1.041878	-13.612711	-50.069553	0.539868	19.124774	-35.830863	12.706465	10.424746	-58.893310
	17.198526	26.537820	-71.015860	34.877880	46.247647	-26.410123	59.308156	34.564811	-29.464132
	-10.501398	104.041215	-36.324843	97.568693	41.161247	-1.708063	64.229293	9.988432	-58.397750
	16.718588	127.418932	-35.818111	99.665147	64.901740	17.517354	79.325707	29.167170	-20.848933
	27.101449	110.866664	-11.153341	83.394013	56.500952	17.712694	74.724134	32.746840	-14.633937
	34.362645	107.487578	-8.593098	94.906255	69.940008	7.804190	79.110831	50.687202	-48.137841
	27.066964	102.979108	-19.882063	53.795772	51.469449	-4.815163	89.425640	42.372310	-9.098108
	26.049875	100.557407	4.281576	56.089869	74.061577	7.972894	38.675330	3.612853	-44.171122
	7.014216	80.671098	-20.216280	24.467345	34.977302	-4.991002	23.194174	49.047792	-44.706381
	16.355717	58.753789	-76.352934	-17.128341	-11.586126	-13.330752	-44.854683	32.526108	-16.544091
	5.239652	36.543908	-30.506990	33.017912	-4.655370	-17.417450	-15.111634	13.199371	0.038277
	23.342608	-16.475680	-7.046135	10.448742	-56.024644	4.885608	9.613652	-9.926668	23.993552
	39.144314	-81.016734	0.603092	-6.184972	-52.574824	-2.472490	39.484716	-49.812801	46.342976
	24.244377	-82.965985	27.230585	-14.518905	-54.193060	-15.150983	27.174940	-26.538004	56.765424
	43.043995	-82.741156	26.722154	-8.070624	-26.103053	-1.124596	28.433189	-50.797216	25.550175
	16.842709	-52.428554	13.707853	0.689592	-3.888198	11.941710	52.551566	-51.966708	20.266690
	67.093006	-44.253227	-16.264651	11.055878	0.988537	25.230216	64.808309	-20.418397	-44.332406
	53.808471	-29.866417	-19.922843	0.936272	5.055708	2.133353	41.979804	-33.440647	-30.120760
	28.519085	5.103859	-59.552962	20.443629	29.535872	-2.131857	27.062960	-32.941802	-12.523855
	50.427861	29.311590	-31.832933	19.587129	70.306742	-1.440132	31.116941	-13.941059	-7.481807
	32.500895	15.802067	-55.944893	30.563852	22.644871	5.184119	9.795180	-9.738841	-44.763719
	17.528433	-10.024136	-36.038843	-6.667259	14.585974	0.354417	-16.042478	-25.022466	-45.669980
	7.759803	-12.388990	27.947757	0.566613	-7.784891	-0.716706	-20.692149	1.564282	-48.006607
	-0.135042	-23.459343	25.839615	-2.244307	-4.957919	-0.459800	-25.650348	-21.592398	-21.868157
	10.896070	-8.002131	-30.207894	-16.166712	-18.010327	36.964795	-40.301972	-18.961999	-57.702061
	23.361591	-12.198191	0.500015	-5.740499	-24.693937	36.697075	-21.023537	-19.311401	-47.914346
	3.237500	24.370446	-43.673402	16.173535	17.654957	23.495434	-6.194462	-2.312618	-68.678563
	-0.654953	41.638003	1.268691	4.920909	38.387338	13.595605	5.242933	-1.335056	-45.947822
	19.608664	43.074774	-31.886823	5.772954	71.493276	9.892834	5.222856	-25.057215	-75.731962
	-2.311061	19.383134	-10.222249	-20.532757	60.903834	11.575837	22.824913	-20.686738	-4.508516
	20.573485	23.062527	5.050500	-19.829038	45.281769	5.120215	10.782627	-31.883104	-25.832002
	-0.406962	8.022242	29.695435	-40.852564	74.908210	-3.547563	3.036820	-56.123259	20.642394
	28.166229	35.958143	6.929152	6.452844	101.129170	-7.058158	54.907860	-21.322530	-23.340745
	19.054461	37.389203	28.071519	31.612256	89.485981	-18.794543	56.526447	-11.471228	-31.524324
	21.932856	57.434763	-0.716832	67.547796	44.954268	4.876876	60.927116	7.715495	-0.572093
	-0.460043	31.926947	-32.046314	41.678822	27.083020	-1.354396	45.558461	9.831873	-58.120677
	16.961965	50.051861	-28.539887	49.219072	-15.400820	21.339314	42.371167	20.837669	-51.525684
	16.026652	30.422279	-51.615924	36.123369	-71.985779	46.403065	30.469899	13.982486	-40.984167
	-10.633871	53.042366	-54.986982	41.721900	-44.336601	7.577507	-15.779540	20.543585	-58.680522
	8.838169	28.615365	-2.885399	31.844782	-67.620321	22.570212	7.944174	8.489846	15.917783
	10.613437	14.082607	-41.046832	8.211807	-50.103029	20.780906	-28.383936	6.150224	-30.052039
	-18.176924	-2.804869	-29.713165	-47.819085	-69.945797	20.165061	-27.142770	-2.580150	-26.316846
	3.267782	-11.688190	-8.121875	-2.999665	-43.648635	-0.626169	0.610496	4.080430	-36.460301
	21.221912	-22.977710	-12.412774	21.762466	-62.891464	18.962674	14.376046	10.132879	0.531436
	37.238529	-22.849873	-61.423834	15.476985	-5.632694	-26.783296	19.209525	-9.905156	-0.379757
	41.633751	-26.062123	-65.382497	15.451717	-26.111172	3.083830	24.448306	-11.099812	-14.755063
	29.953236	-43.109500	-43.947225	27.291123	-44.696809	-17.415473	28.991004	-6.889738	8.947082
	44.992319	-41.202388	-43.931886	9.487262	-30.214066	-2.032166	17.862284	17.387404	-25.197462
	26.539167	-30.126014	-113.660432	26.782811	-5.519480	-37.359541	23.704413	20.304717	-36.418902
	18.226934	-25.472739	-112.332340	-7.264054	-20.037018	-75.726347	14.547713	-4.712407	-68.084265
	10.019240	-33.767047	-83.987562	-19.413534	6.741727	-23.377951	13.836081	-14.772758	-79.298116
	1.510834	-2.363764	-26.407646	-23.156049	39.039717	-5.543975	12.788387	2.835251	-53.305524
	-8.340740	-10.017756	-1.020245	-31.615455	70.587789	0.057083	12.841992	-30.887120	-37.463410
	21.347862	-9.790633	38.281788	4.375816	48.453718	20.259496	12.998851	-7.783830	-11.132679
	30.621602	-3.201574	29.257624	13.180072	46.987416	32.521697	29.907948	10.132900	23.032028
	-5.090214	18.037832	-5.818018	20.811284	16.977759	9.012693	4.786075	8.140750	20.559056
	-4.253018	18.219918	-73.511966	43.883992	9.550044	-19.300875	44.631040	10.645175	-48.924045
	12.223392	25.789732	-106.474649	36.141996	-25.104095	0.756983	49.777396	12.629880	-57.049427
	0.200643	40.852189	-81.221495	59.475666	3.039523	-1.122958	53.751139	20.674531	-30.152587
	-16.895501	33.895921	-70.867737	44.113955	-49.627696	20.594931	17.147567	16.877905	-41.200584
	13.788440	55.829896	-63.796930	68.121693	-23.421719	-6.962521	5.732302	9.915069	-45.607633
	-16.389299	53.229251	-24.546197	58.145738	-18.342430	-1.992704	-1.192935	20.560569	1.068364
	-9.008340	65.833027	-39.935089	47.786799	1.389717	1.408080	-23.576415	10.027957	-30.071004
	-23.089874	20.539299	-51.655995	11.927133	6.356527	-27.795224	1.330245	-0.748324	-50.233382
	-28.039368	31.818002	10.308685	11.120031	20.081946	-12.910135	11.416804	2.251052	-42.188312
	-34.318504	37.447703	2.887914	39.559554	5.126102	-37.370487	6.365684	3.042757	-37.215925
	-29.058664	5.311755	-30.998123	-8.361268	-50.330553	-16.521072	5.133493	8.243212	-23.726417
	-12.917431	26.085533	-76.561779	18.312832	-43.201426	-44.101730	-17.954259	-13.677677	-39.685849
	-6.044541	6.870732	-87.681022	2.010205	-28.135935	-37.798838	-40.199955	-24.501556	2.409280
	-9.278120	2.397752	-76.012530	-13.341053	-29.565637	-30.761468	-48.363733	-17.614573	59.198340
	4.213607	-5.080384	-75.463915	-0.186844	-19.136669	-27.066116	-27.443776	-32.396670	42.778705
	14.212128	9.487798	-31.527175	30.946264	-14.107595	13.400477	7.591556	-4.503547	95.469074
	6.518978	-4.477958	-32.140440	39.371149	-24.386752	-11.089119	23.828062	-5.039230	69.899774
	31.857704	5.306789	-36.472264	50.569312	19.804714	-18.902654	72.937130	4.360328	62.246492
	4.880071	16.564807	-37.968076	45.243295	43.263259	-29.448467	57.716912	-4.440302	17.443724
	34.681547	23.824880	-36.253425	42.420722	-17.501601	8.664464	58.125430	-33.311934	1.317745
	21.555462	18.500307	-11.084233	36.532339	-28.954243	1.249729	37.757130	-7.858862	2.280643
	41.693152	8.120606	0.495866	-8.014014	6.767043	-16.574017	5.042214	-19.166430	-4.471222
	18.405814	-17.240072	53.032415	-17.499691	6.731578	16.069634	-15.867261	-4.740097	34.260596
	23.070418	-31.284162	98.825218	-24.432377	8.227775	18.420912	-50.888775	0.009443	54.533335
	33.741730	-6.297640	118.467020	0.182030	-15.516005	-5.855508	-62.851990	23.639867	40.172856
	2.420947	22.837720	154.081451	-0.332638	-28.313410	27.356595	-71.433204	13.144050	70.824193
	-4.892728	-10.131902	99.721370	-39.260244	-61.599420	5.828526	-99.628199	25.430821	94.287007
	-11.613236	2.723146	28.739567	-22.981544	-58.082413	4.714181	-96.339774	13.444384	-29.275243
	-8.140847	-4.767629	10.905089	-21.492556	-71.613456	26.008898	-76.760498	51.431610	-16.662431
	-1.745339	18.416718	81.958845	-15.374967	-94.887070	23.723646	-63.211477	17.712073	31.977335
	13.787278	32.673160	79.516141	-20.674568	-50.919433	35.983609	-51.888250	16.927603	37.706014
	-15.352741	36.220661	72.376674	-7.566665	25.924865	42.262660	9.026326	1.274253	5.455512
	-21.810095	11.906923	-7.993838	-6.771364	-1.586558	6.643275	-22.123622	9.794904	-18.712549
	-21.560238	13.705533	15.421460	7.387267	12.447818	32.415866	-16.529677	-3.549060	-32.659333
	-14.387106	-11.881413	-8.943532	-17.196432	-30.120114	7.605735	-14.116236	1.780421	18.656295
	-12.657423	-4.622136	45.574310	-0.774406	-80.494096	20.425888	-22.106712	14.119290	54.989274
	1.464176	-8.023208	75.921839	-17.098485	-107.486246	3.862488	-47.413024	0.692603	66.230229
	-14.861428	-17.310046	18.579193	-1.621904	-105.270036	-23.439265	-52.427911	25.437203	24.037905
	-53.620416	-13.004691	-12.999470	-32.811275	-52.038275	-3.531533	-35.354057	-0.645241	-42.575901
	-16.925032	0.791896	-2.227980	14.181552	-22.770838	-8.236127	-16.449075	23.257251	0.198894
	-16.093344	13.762102	-23.406086	16.132121	16.011892	11.193354	17.791889	24.854557	-12.684466
	-22.988355	-0.719383	20.097056	-15.352406	62.723024	11.176595	36.137601	-34.617074	-5.953317
	-24.831112	5.931705	-11.718485	4.934389	46.378401	1.154655	32.879492	-2.913533	-18.686461
	-45.402295	23.943283	-22.128019	-14.044133	66.173437	24.729625	36.499154	-9.125172	-15.383403
	-38.321606	25.697242	-4.391720	-29.928147	33.064491	-9.843835	24.700835	19.064860	-48.059617
	-17.466682	28.905373	34.778964	-34.409388	37.556465	5.075292	14.773405	4.846544	6.400302
	-28.211762	-10.777351	55.976958	-75.883817	76.304559	-18.507812	0.745472	-47.123814	-1.727284
	-45.935611	-18.880776	68.682309	-61.845436	71.254473	-37.344398	5.778709	-40.230913	-23.872388
	-21.419767	-29.723180	-7.581769	-58.003799	69.205674	-43.706122	1.260644	-33.481450	-19.447013
	10.956695	-30.974033	5.355082	-53.700932	32.740811	-4.935818	34.880235	-24.207228	-17.474810
	3.282124	-28.774938	26.910996	-8.169434	-7.126719	6.119549	2.955595	-17.423793	-0.829666
	-5.543618	-16.128329	32.892845	-10.409039	-28.822838	30.537845	-5.920057	23.812259	4.412524
	-16.791594	-0.489946	20.725297	32.377897	-52.013103	9.604221	-19.541202	17.709019	58.196708
	-18.795843	-8.212384	-21.322842	15.267514	-41.478318	5.120888	-27.777467	46.145603	2.419218
	13.252976	-5.550063	-78.303810	34.611868	-47.138166	-13.842685	5.373492	8.073224	-7.492052
	5.819166	6.109148	-22.276020	33.572288	-73.465508	-15.719698	16.003889	53.591160	-35.688171
	5.743589	14.348209	52.161755	13.440580	-61.806156	-33.480957	-1.476862	50.176669	-37.741765
	7.559591	35.100441	55.124789	3.931658	-16.473642	-1.461073	-29.259313	38.082303	20.797583
	-18.424661	12.877925	-16.495250	4.923716	2.620349	-12.457884	-24.432709	42.282984	1.389317
	-0.640041	15.356888	-29.751662	20.050349	-1.710981	-23.923691	-16.723081	43.245480	-58.269404
	-2.287229	16.370853	-43.343381	16.835277	-15.599609	-17.665156	-47.857973	39.840291	-67.054102
	-10.874491	-2.399705	-19.457408	25.112502	-53.361692	-33.816977	-67.032141	49.835932	-84.817728
	5.738560	-3.759479	-5.360244	42.730422	-100.351848	-14.165880	-32.942717	29.777736	-60.089121
	18.539106	-42.713991	-45.054262	28.427787	-101.351650	-9.122034	-48.217039	8.590286	-23.527891
	20.069240	-61.421422	-59.674611	4.627712	-109.026509	-15.986286	-22.292527	29.842023	0.159006
	-6.095640	-23.605379	-77.282250	21.245362	-98.071303	-13.267569	-23.675858	34.864160	-21.393601
	-18.123948	-22.876127	-67.576036	31.736462	-36.110204	4.833744	15.941141	25.579712	-8.224969
	-39.654919	-1.238870	-76.566604	21.317317	-10.699571	-5.709271	7.726578	1.044172	-15.674456
	-54.934618	4.286927	-118.232539	-7.034000	-22.149578	5.359900	6.347934	3.732508	-105.050939
	-58.124911	-10.326216	-95.268533	-20.297845	-35.186892	-16.690872	-15.790892	30.497262	-101.500544
	-19.958663	-12.235675	-118.640210	-1.147627	-41.877306	-9.451399	-58.468918	14.219347	-103.991218
	10.264808	-20.726634	0.337703	-34.988776	-78.520210	38.506011	-49.916529	-7.912405	-14.822631
	22.600642	-27.264876	-6.144744	-24.687573	-47.783092	18.908195	-27.860955	0.713939	-6.968722
	28.247686	-71.866817	30.958004	-56.310244	-29.801360	-4.545787	-10.264489	-41.714423	70.677646
	46.005144	-42.714791	55.741551	-35.570934	36.660640	-9.569590	24.902399	-22.884245	103.115802
	-7.440775	-33.231918	56.712185	-7.268549	60.427130	-1.265189	17.353866	-31.196427	99.253191
	17.215633	-19.691625	29.780901	8.900361	28.077784	0.686026	50.494986	19.601761	85.460050
	37.623364	-26.647619	19.235329	27.561657	60.603785	-27.371453	36.071844	3.200399	18.289533
	23.896513	-30.525580	36.673584	-3.056962	69.724628	-11.598411	36.177144	21.594259	21.584855
	43.914909	-12.065097	26.284974	10.616605	73.912014	19.428272	24.851996	37.596811	-23.054832
	64.963710	5.472151	13.621919	11.249157	72.304915	10.254142	41.726038	12.842550	12.849367
	56.243588	-3.404398	44.262029	16.168785	66.868461	-3.040111	52.626939	-2.298932	-12.845904
	55.380111	12.204807	40.028213	13.636165	118.396030	0.283867	78.993936	-34.864067	47.178608
	49.682935	23.360733	70.355810	32.926713	126.503081	-10.188876	117.177422	-45.994698	57.816091
	67.804786	6.459555	62.970702	49.738275	42.411398	-9.656999	67.490547	5.609000	62.054360
	14.751316	44.101632	92.032503	50.670405	28.366739	-18.653480	48.915767	23.966642	76.316112
	-34.392338	22.764110	33.109046	-10.365459	-17.049291	-26.123636	-3.431373	31.766362	0.624461
	-37.223292	-10.286766	-30.305144	-37.570145	10.161452	-30.166660	-37.574399	9.532220	-7.307885
	-21.005956	-16.344027	-93.098302	-32.880439	7.160159	-32.625137	-32.520732	43.916055	-88.314287
	-15.086196	-2.884392	-75.115875	9.563081	37.506795	-8.462629	30.732992	17.309189	-72.509718
	-32.426741	19.843237	-114.102040	39.572267	38.842952	-27.338989	38.625865	23.235893	-88.957122
	-5.659097	56.213820	-74.296643	49.227242	76.073959	-10.382507	71.645854	11.627852	-66.048204
	-30.447245	23.287876	-96.434899	12.138908	42.011217	-15.509679	20.453175	-28.222946	-70.555474
	-50.668891	17.982333	-126.265640	-6.189933	33.907281	-25.243379	22.516912	-22.138551	-125.754726
	-11.315943	23.501662	-131.137410	10.923196	-4.765750	-16.429355	0.289694	-14.212552	-93.791129
	-16.058711	48.015421	-91.467859	39.400330	-22.663904	-19.346400	-0.487152	13.055732	-93.321411
	-35.567126	16.801982	-73.679069	27.664700	-44.578212	6.742863	-6.495714	8.294635	-58.210591
	-23.146244	16.841089	-38.327083	30.727203	-39.100460	-12.866171	0.192974	30.317707	2.874990
	-42.287470	35.377925	-55.954574	33.674077	-9.546177	-13.948026	4.519474	41.965273	-5.636151
	-23.590286	3.266444	-41.020459	5.738951	-7.557149	-0.140734	23.842185	14.379497	-12.362391
	-33.275525	-3.206669	-83.790156	-9.649146	-3.850040	6.770129	3.564958	-22.741134	-18.107654
	-37.278549	-22.532294	-38.234575	-61.188062	20.308282	-7.897833	-10.782758	-54.655669	-21.690152
	8.952277	-38.408187	-8.913879	-50.590396	63.528627	-3.875788	21.227949	-71.103290	9.704349
	16.221745	-61.618011	17.930612	-22.214140	69.115340	3.379106	50.393677	-66.956775	65.525763
	-6.609108	-78.129596	54.143601	2.129561	54.413473	15.116091	77.040374	-33.882606	65.545586
	19.471910	-37.393590	21.491720	28.162313	78.616038	12.888104	98.577105	-26.131361	45.656590
	21.344799	-22.785522	3.940717	4.908608	53.540887	-11.320445	32.620765	-29.213606	36.394419
	14.858164	-22.575034	44.869403	-28.773993	42.660560	10.145681	8.759550	-34.913654	36.461564
	15.944442	2.445505	106.743561	-69.899566	42.776203	35.704706	-38.445667	-66.723199	44.823881
	39.389040	-11.806495	80.487299	-81.739907	43.289292	-4.988674	-55.194172	-66.117309	78.001280
	29.748669	-33.157833	113.059174	-72.777408	39.871295	12.828624	-17.890590	-78.352114	77.825537
	-1.371706	43.502078	-57.629822	-21.882617	38.667290	-53.346063	14.352483	-33.304378	-99.945523
	63.952242	-58.581515	56.473038	-9.820211	88.260447	-16.543745	62.892007	-63.682550	9.338164
	47.382769	-16.165777	-6.877120	51.033282	37.805437	18.767716	69.910215	-6.827786	41.718781
	38.855447	-45.077292	14.864549	20.802683	-30.105633	25.549373	22.568791	9.300545	53.466322
	29.814637	-43.828405	38.158971	32.328400	-13.067062	11.028564	53.921558	14.878310	46.181231
	16.055707	-52.946184	68.448654	22.304673	-127.300036	14.462608	-22.490648	7.338081	-6.063910
	3.180969	-30.808537	-6.304546	-6.509591	-111.630367	-2.188915	-33.830762	-28.535986	-69.850235
	0.481416	-1.857164	-30.102882	-25.510417	-95.079292	-13.928513	-75.756181	-9.378558	-59.029020
	31.983517	4.989215	-119.143199	-34.277036	-19.132431	-5.633799	-57.763051	-23.504862	-98.734453
	48.371029	10.772558	-102.098936	-3.760850	14.178928	-3.514368	4.742320	-33.518462	-49.454346
	2.721121	-55.061258	-19.406824	-18.052421	3.757756	10.873640	-43.997566	-23.486807	36.780455
	-24.633940	6.783719	-51.631393	38.356064	1.505455	12.719634	-7.315578	41.238728	3.240261
	-41.976237	-41.453888	-11.383764	-31.816679	-54.492206	-5.325565	-44.373989	5.448371	-7.603493
	-33.071349	-11.346067	66.154066	44.221967	-37.295023	3.166055	-12.771474	40.861905	85.104988
	13.433268	4.759276	73.880208	35.972453	-32.473021	39.140865	-2.102889	16.086645	105.786150
	6.246873	-77.613258	149.375555	-47.334589	-54.315083	43.549745	-46.973422	1.616509	120.893351
	-14.459841	-72.398500	182.460355	20.735349	-79.294788	51.426451	-50.110319	32.028901	156.365086
	-36.990668	12.760653	168.853227	-45.168878	-80.872741	75.404076	-113.723138	30.919709	153.533021
	-67.069139	43.928607	103.150479	16.626047	-70.091649	30.770314	-80.243047	50.308044	31.210552
	-42.172749	24.531433	72.497585	-38.113531	-52.871899	-3.587061	-40.524190	18.263252	-2.352827
	-40.914415	13.454285	12.713097	-17.989726	-74.206291	-14.100433	-32.217995	27.458955	19.322417
	10.325380	-25.650513	107.738201	-4.915707	-59.611905	6.024400	-12.743664	-7.903611	47.230871
	6.375620	-12.118039	126.468824	0.633712	-55.747198	19.699957	-33.239092	2.481688	80.433367
	13.845174	-27.273741	76.665447	-18.895576	-31.553402	18.690198	-37.776775	-49.631027	66.540079
	-0.485643	-28.720979	9.182023	-29.270777	-38.086774	15.243586	-27.950794	-20.862640	-29.082734
	11.079509	-33.400210	0.059065	-23.260196	-18.869605	-31.497999	-26.139813	-28.459713	-38.039715
	36.147804	22.363638	-2.713876	33.832601	-11.763187	10.958155	4.036089	8.806717	-40.566274
	52.057703	34.773646	37.231708	36.824399	9.056975	28.877204	-1.856607	13.090790	-11.352646
	35.172518	74.887515	1.170053	67.269310	26.521774	9.988148	32.728403	26.290111	-24.064923
	42.713944	77.852157	36.486585	72.406061	47.958039	24.938773	58.610209	21.023095	-19.582479
	26.043818	72.647312	21.368936	36.699346	37.249779	44.716571	38.508795	4.146441	-2.474083
	18.826653	102.574658	-23.643583	86.192667	58.111910	45.364941	48.175820	18.250609	-15.087333
	28.424183	89.264433	63.341440	51.933981	47.736823	19.560741	60.945195	12.516637	71.847168
	0.904400	93.152762	-2.916318	53.585274	53.455482	-2.503505	51.578641	12.499102	28.679711
	22.938896	73.427480	56.771968	39.101114	50.875095	14.578051	6.963877	11.242259	44.131426
	8.175455	37.515198	86.392499	31.596278	39.715644	-1.584914	18.882913	24.108493	86.962112
	-9.484406	58.399993	76.155551	35.555056	28.238804	-24.122861	-6.997918	23.454235	37.004518
	-1.382153	56.165974	95.027712	32.445950	-4.866550	14.425690	-5.810390	24.796443	35.550074
	-5.462329	64.453986	33.694880	1.722640	11.874284	-3.708453	0.201173	6.571305	-31.955371
	7.134100	57.699056	-13.290060	-8.087669	3.564268	-5.208024	-5.625076	29.113404	-89.611785
	-26.080986	45.503983	-50.617219	24.287196	25.613727	5.859851	18.198251	-10.993035	-43.806543
	-13.080662	31.547168	9.567914	15.665758	50.235586	14.785628	46.322686	-39.085968	-9.393948
	-9.573613	34.625718	31.831277	28.699885	78.482617	45.490099	27.954160	-39.221382	9.903480
	23.355377	38.594808	34.518249	12.832102	94.843755	44.857346	36.993601	-12.090445	58.229611
	13.753298	53.999605	36.480409	19.897245	78.023508	49.591436	49.480655	6.680905	77.766617
	6.626089	24.547926	90.091355	-8.897992	50.919142	43.309220	34.217196	-29.276531	109.080850
	30.177932	38.403296	78.325031	-7.289473	81.949836	46.323670	7.139054	11.183282	85.095372
	-5.808297	43.297355	76.268181	-10.442184	43.047456	10.949937	-21.323243	-5.205551	78.620734
	10.195208	55.577738	75.358539	-7.131205	43.323490	25.180066	-37.058194	8.546086	102.733997
	6.257722	55.367535	44.429948	-39.718693	60.691623	35.355303	-72.622912	20.518611	74.127946
	12.825762	69.084713	13.264825	-39.570618	47.797123	10.555845	-62.525042	3.221730	44.092987
	5.602847	55.453640	33.046214	-21.046957	17.078747	-20.601079	-33.425094	2.144010	17.766673
	4.371720	49.635901	25.811566	4.970257	-8.711376	-26.493003	-9.971449	6.650571	24.800239
	23.594675	29.693618	21.630687	39.311578	-19.717403	-5.049759	25.510295	25.614326	5.967928
	16.039281	-13.584044	-37.519467	47.619042	-57.472608	3.761238	16.101264	16.912583	-22.353813
	3.155318	-12.767938	-35.675660	27.981507	-58.389364	-1.610452	-0.147357	8.314253	-36.409445
	8.631486	-18.175558	-25.648845	24.583172	-54.897650	5.184981	37.217073	40.202460	-32.745094
	31.981255	-15.358604	-16.690058	54.088270	-28.835932	-24.972574	62.402633	-12.150428	-20.935901
	36.997477	-30.353190	9.100014	55.603488	-17.096140	12.518397	44.354409	-12.503940	-7.348112
	43.613734	-5.032764	17.578820	26.630406	1.123393	10.978799	59.120279	-20.657321	5.887437
	29.959804	-11.844367	35.161471	-2.832582	3.785058	0.430958	30.171982	-44.699737	6.158922
	12.727067	6.299528	-0.724277	1.163923	-21.022877	5.137416	9.098195	-21.693952	-36.476439
	19.288774	-2.607830	-49.897308	0.137736	-38.875233	20.548103	25.187046	-8.131755	-16.280160
	15.700987	12.947356	-48.385636	21.834763	-21.687041	12.368877	34.943753	-25.555918	-95.810581
	-16.782169	14.924580	-56.229502	16.607571	-19.011021	17.045636	-15.099956	0.515649	-57.541020
	-17.213108	32.488805	-26.029217	-19.682441	-8.180051	15.440449	-19.652196	3.267937	-65.662134
	-6.834491	-9.495799	-11.255128	-36.104118	-7.459216	10.449560	-19.815020	-12.195630	-65.423431
	-3.104022	-3.717278	21.093938	-65.865590	7.707582	9.195293	-2.372847	-29.295578	-10.151644
	-2.374411	-3.742104	42.666981	-26.622898	9.838677	10.575820	10.108030	-13.209175	48.653605
	-20.526021	-15.452535	34.261063	-26.746620	16.850927	29.201852	17.124132	-24.479445	66.269628
	-5.319909	-44.319909	26.753546	-20.560090	-29.781255	46.243044	-12.767536	-26.676599	77.025994
	15.295952	-47.723868	27.422276	-7.134335	-27.374227	58.001228	-9.799940	-26.827607	39.449083
	20.629687	-40.588741	14.214008	-2.864663	19.818961	57.222370	-9.850223	-16.139190	5.370878
	30.634021	-36.525942	34.674599	27.257513	26.493230	19.330220	3.175752	2.451657	27.562209
	36.377342	11.965769	47.368828	74.914619	35.653264	9.148959	32.931892	34.839752	37.797192
	39.783418	23.952151	71.391132	75.321536	56.093658	14.940509	30.924454	4.490068	37.426708
	-6.565564	38.102269	79.269096	60.834157	32.026902	11.558141	44.504341	-0.314555	25.969856
	29.302281	42.203585	32.561014	56.370245	-3.960415	26.080839	20.040872	18.371045	20.579186
	21.011335	49.969803	26.566472	55.537661	-16.106990	16.719676	22.247289	17.093643	0.812747
	9.830194	32.642507	-5.994577	33.182265	-14.716235	22.887531	-3.813789	11.094132	-58.317284
	-2.166967	-16.590893	26.412916	34.238932	-11.933647	13.334591	0.634976	10.809007	-17.086669
	-35.127464	-41.969188	-16.993479	-21.931424	-19.443265	-6.942698	-22.578198	-4.055602	-62.712524
	-34.401331	-50.378303	10.153644	-54.462697	-36.874608	9.238221	-49.433680	4.949511	-84.099780
	-32.209337	-41.957157	-50.162148	-79.231822	-40.995200	7.827540	-48.982491	14.549593	-115.631929
	-20.159500	-66.538337	-15.235213	-79.516806	-18.556107	-19.915551	-44.898426	-34.804261	-43.012913
	0.807718	-34.324910	14.303764	-55.028956	-2.917089	-2.355675	-44.693496	-35.551812	-9.668572
	-9.742461	-17.721949	8.849856	-52.648352	2.953238	20.513965	-22.288370	-0.713307	-3.780459
	-28.179527	13.564283	-1.372007	-22.735618	4.147277	-11.119339	-7.547279	-18.198648	-52.572174
	8.641780	1.291373	-20.702288	-34.049148	-15.104391	-1.576928	-28.493131	-36.561137	-30.716265
	-1.693289	7.845474	-9.830711	-20.365161	-4.115310	-19.068952	-1.133348	7.053568	5.970852
	-2.743697	-4.780567	38.828103	-23.337441	-27.776325	-10.512928	-23.461391	-24.380468	24.008395
	-12.397865	-20.823708	33.765696	-44.133736	-34.810989	4.599803	-33.006024	-51.252578	34.684468
	-28.445130	-74.530430	28.202670	-47.274331	-58.550155	15.345246	7.362568	-56.973159	27.902418
	19.140776	-64.438938	-47.851725	-35.767621	-81.249789	6.965050	11.715961	-3.184760	-32.077158
	43.078091	-19.468638	-62.275193	32.642089	-68.970924	15.685541	24.154320	-9.053756	-37.882667
	38.770167	7.548151	-113.618188	71.282092	-45.285127	6.685701	79.414536	-6.278524	-73.343567
	26.104111	8.721362	-71.319519	70.075924	1.341179	-10.279234	66.988550	-4.227777	-42.773568
	35.502437	-10.261655	-15.606270	53.687168	-0.604642	-7.308593	56.840357	51.189062	50.499602
	42.926534	-22.417605	-11.885739	27.090513	44.032513	-9.636245	63.373144	17.078783	72.781638
	47.949409	-24.981298	17.289109	40.594713	-10.653948	-2.591246	31.177933	32.156647	105.921789
	61.702524	-42.307435	13.555250	24.996996	-8.495181	-6.364983	11.265818	56.119389	49.785297
	28.349026	-38.046782	26.450549	25.372923	-30.036334	34.045768	-1.027682	14.642059	68.433636
	3.356818	-19.955016	67.832014	12.226225	-38.451013	9.792832	1.108800	20.597749	60.517183
	-11.145392	16.244324	71.577693	4.938163	-36.803257	30.978699	-39.462974	19.831834	13.804711
	-45.238136	30.028919	79.092528	-3.289339	-44.206082	9.060253	-49.621961	3.941532	3.533954
	-37.039555	25.416558	71.465721	-22.367508	-9.311541	26.320116	-54.400923	17.608529	38.741014
	-23.503056	69.380843	59.157039	-31.790499	22.788380	23.920500	-17.923970	7.022322	28.021210
	-47.765841	61.919116	57.730422	-15.592801	27.363651	-1.006791	0.255217	-10.508669	22.059426
	-42.690543	44.454061	18.825660	3.166045	39.321538	-8.171257	0.697335	39.602600	-19.228889
	-26.479618	18.865788	25.403706	11.510390	36.291920	-23.645548	3.064388	5.632193	-50.749492
	-19.057166	29.073092	-52.133400	44.991703	38.722442	-43.567593	11.275625	37.530538	-59.679582
	-2.252786	-1.473285	71.806858	-33.852557	12.260197	-28.288123	-9.716390	-9.378487	-13.390958
	15.124483	-31.659530	108.575060	-54.053978	-8.263753	22.889317	-47.199665	-35.382772	98.202316
	27.501637	-42.465918	124.693248	-73.361686	-15.906681	55.679466	-60.283164	-18.786040	126.351330
	-5.202237	-50.938699	152.279360	-94.690437	-44.822138	45.036906	-94.979355	-47.922175	116.936292
	1.351896	-21.106309	84.814432	-51.386783	-19.970700	-1.091485	-30.621010	-1.108876	69.757321
	19.489283	3.112473	14.739404	-21.265822	19.948892	-12.664706	-5.712267	-3.541286	16.198403
	-11.706042	15.800935	-44.509313	1.832293	46.582932	-35.563396	16.282239	9.197547	3.812295
	-2.367535	36.783062	-0.611557	33.497318	53.539398	-25.565001	34.021672	7.309441	27.793263
	-13.304700	34.646246	34.241248	17.189888	84.502168	-38.720126	61.307010	-5.381409	14.733004
	-9.460704	8.005139	49.670921	-11.729972	58.608960	-30.342648	20.110303	-27.525713	38.912711
	13.331775	25.040450	55.241924	-3.876544	78.123529	-16.954879	36.663607	-7.349546	-1.928990
	-13.824370	56.574352	61.081899	12.552207	79.280169	11.805587	57.676594	-16.933777	8.528022
	10.808790	59.961357	39.315091	9.277042	76.477081	14.489500	69.687620	-6.714499	2.210738
	21.954881	90.001295	18.266202	69.910246	80.991160	5.977317	77.143745	2.642485	-21.172642
	-48.922389	37.456219	-8.384627	21.875067	6.581475	30.761678	36.642557	-1.545850	-22.555798
	-27.918006	70.227442	-17.594884	4.283518	-5.181361	14.573966	-6.304937	15.546226	-11.206405
	-18.085593	-0.710533	61.965847	-62.085482	-61.930660	23.809736	-63.996093	-18.965736	15.657279
	14.295904	-35.750017	41.278148	-72.305497	-44.576616	37.594686	-47.635002	-51.178466	23.049448
	2.132853	-31.573097	86.047130	-72.995862	-7.282647	-4.511588	-55.407043	-34.211001	64.610243
	-2.249881	-80.554363	-17.062334	-54.595370	-38.906994	-35.742304	-63.765679	-25.886502	-27.302547
	-29.670923	-36.085827	-37.618269	-22.712210	-48.433232	-19.804653	-29.451087	-17.911709	-27.358512
	-30.934878	-12.598136	-22.182897	-17.337932	-34.323967	-31.677851	-40.842759	3.878918	-24.367633
	-38.976291	-16.465635	-39.415721	-61.991414	-58.486307	-10.515237	-56.275055	-1.593990	-23.451805
	-35.548757	-53.323262	-63.873106	-81.202374	-84.730070	-20.924697	-57.238765	-33.776248	-74.210560
	-1.178547	-87.108840	-82.899647	-84.142208	-23.468153	-64.219220	-29.925619	-42.566636	-30.433427
	9.146744	-71.562896	-79.138855	-48.162772	20.851048	-80.694135	10.772557	-17.722206	-6.367623
	-17.109206	-40.203286	-16.397269	-31.625308	55.086113	-59.800993	27.538883	-12.845442	-20.075154
	-3.129854	-23.103353	-5.803043	-16.500057	49.482290	-38.379873	4.804973	5.011352	-3.710345
	-37.985523	6.104753	11.433929	-12.665336	54.435643	-27.980334	23.138339	16.448523	6.904201
	-33.549551	26.323243	-36.890637	3.281811	58.710293	-27.894291	19.881931	33.182029	-19.574674
	-36.065677	51.704311	-51.666587	10.283244	40.296777	-25.365597	6.604355	29.208757	7.381769
	-60.008289	64.056403	-35.234590	-2.118311	43.230993	-31.459497	5.940011	0.053700	-40.712980
	-39.959731	38.958886	-16.262053	-4.582103	72.749623	-47.854228	14.178368	6.741033	2.100553
	-8.460817	10.235826	10.006144	-17.061200	40.673580	-24.151407	1.362650	25.321241	-50.699977
	-14.359495	-23.364078	9.749688	-49.245825	53.725977	-30.880929	2.113652	-24.812915	-50.328683
	10.225684	-60.391246	-0.920610	-40.099004	38.129143	-23.009828	15.980379	-39.505027	-30.897149
	4.671305	-70.276621	0.355384	-75.938449	41.856146	-6.968079	9.626527	-63.890869	9.859758
	-21.982347	-58.384370	10.460086	-56.449781	14.359797	-12.978634	-2.370540	-9.153551	51.697208
	-14.428765	-55.282808	7.482631	-27.492325	6.913255	1.773096	-15.632747	-0.058927	10.202020
	-26.229428	-22.111371	-24.939426	25.830690	22.042118	-11.423994	2.961882	9.448031	-16.900332
	-43.521624	8.707004	-23.971622	39.365937	14.239055	3.740481	12.999685	-7.065705	-34.808865
	-48.025907	31.800805	-28.697252	48.247492	-22.961793	-18.167849	12.236028	27.616030	-68.226597
	-45.900472	45.394518	-88.662751	49.610918	-51.844720	-21.529102	7.042009	23.987848	-111.607810
	-20.792458	19.792922	-72.334885	50.281320	-72.797838	-28.796008	16.886241	40.162296	-84.104236
	-7.773960	5.443168	-28.137543	26.632014	-36.716774	-21.647577	50.229333	16.614095	5.601460
	-9.960096	-26.275929	8.958590	-4.293422	-33.023114	-2.080650	22.386062	-0.560576	-1.548317
	7.519806	-35.250149	55.874698	-7.401338	-34.895786	0.221685	15.796837	3.264516	21.364037
	-19.735670	-57.244495	32.481880	-10.156494	-16.098074	8.503097	26.946128	-9.555934	27.405219
	17.739469	-72.262011	27.382781	-41.648803	8.966439	9.566704	20.379301	10.572309	34.893996
	2.498375	-36.984364	32.040857	-5.679680	44.996005	10.859268	-1.659800	5.251854	41.644836
	18.803128	-64.869945	-6.837754	-14.987789	13.726217	14.651388	-12.370609	-15.132325	77.370998
	-0.999664	-53.469355	0.204470	3.383953	5.683287	0.007348	1.773017	-6.162585	25.121189
	50.314546	-55.503096	5.442600	-3.364771	16.532477	6.670265	6.719515	-25.302190	23.220757
	-0.410162	-24.932780	-3.122832	-0.999308	22.073799	14.531417	14.737613	-0.284452	37.019529
	0.668363	-22.091921	19.051811	-3.008685	17.048899	21.271844	9.688977	4.853890	-42.204887
	-16.513657	-3.340541	17.903031	-37.087578	33.821870	-1.927977	-14.944851	-23.729650	-13.913179
	-33.515576	22.991018	8.084358	-47.024570	93.311923	7.169586	16.775301	-8.034181	-30.833130
	-40.872258	17.418290	6.657310	-39.634050	72.397979	0.435325	-12.924681	-12.150229	-18.952438
	-35.127497	3.292361	23.124801	-56.553963	72.888279	-3.267254	-19.901286	-38.291770	-3.926069
	-38.341872	-35.213488	4.886669	-61.365909	14.407182	25.182157	-41.456919	-15.013622	16.959327
	-11.958211	-33.590871	-45.932508	-31.737655	2.145087	32.309769	-23.760621	9.142458	-0.146389
	32.784526	-22.959244	-65.035051	5.563607	-17.234575	54.718843	-10.140597	39.461591	12.298001
	11.734735	-14.242665	-12.459515	-24.176893	-17.632546	51.187176	-30.273456	20.100576	56.627747
	8.166708	-16.075636	-3.501648	16.540389	10.211237	25.037476	-5.117129	16.626311	22.149892
	16.669259	25.327730	1.274823	12.993588	17.452634	9.331840	1.349069	13.580418	3.003584
	32.343672	22.512643	-33.813921	31.060147	17.868295	-27.716854	48.831467	9.621065	11.267706
	15.127922	22.952695	-25.043065	54.806117	9.142286	-53.903974	46.813012	24.977817	-6.629385
	12.592487	21.665834	10.291383	48.144990	-52.434910	-40.924768	22.406671	19.872513	19.053295
	4.270137	6.602676	-3.233345	62.968216	-90.762289	-48.491362	20.477842	22.099438	1.683135
	-6.378929	-8.918246	16.531543	43.559186	-104.890644	-4.087365	-14.794756	53.146872	62.007444
	7.298732	-30.044141	44.115371	24.304959	-97.643781	19.424684	-20.780357	40.543774	88.858835
	-3.026243	-12.952196	8.989053	40.715603	-91.241814	-25.401780	-9.011533	40.740068	6.821571
	-14.208908	-2.075936	-28.680493	24.801629	-36.444656	-27.611687	28.085329	21.555593	-8.774609
	-1.519215	28.363617	-99.617983	25.235651	0.520380	-57.722592	39.061722	39.568811	-44.404687
	0.679266	45.472509	-70.914721	49.458007	55.926802	-65.093953	70.752302	16.342140	-3.031639
	3.181312	26.046862	-73.990917	19.135118	31.129077	-56.527019	48.138458	17.529324	-38.241898
	2.461815	-19.882945	-18.244805	-34.862069	11.303999	-40.638270	7.014496	-12.010195	-4.050308
	15.414479	-22.772287	0.354738	-6.926876	-16.284369	-49.289605	3.893828	9.620963	16.982134
	34.265530	-40.989797	29.233081	-13.710317	1.689320	-21.443085	-3.014735	-24.324910	37.983065
	13.789817	-72.001850	82.898083	-48.314934	7.407424	-4.343929	-38.576999	-31.932617	72.999655
	2.006595	-101.392257	68.301050	-63.742672	-3.096239	-11.382929	-72.742358	-24.755864	35.616606
	-24.160778	-108.180785	41.784018	-82.952352	32.419960	-43.474527	-62.554924	-23.461334	54.123666
	-16.745415	-117.901642	68.031921	-83.275196	36.155546	-28.022935	-61.459063	-30.016719	75.558376
	-32.095477	-101.767883	33.825195	-50.461567	61.585389	-15.054345	-14.646546	-23.966453	92.830136
	-7.634469	-76.308429	87.740360	-27.035983	65.104942	-16.985685	12.548330	-15.877329	76.777541
	-29.001189	-31.778830	30.567539	-30.984767	62.366899	-28.792967	-11.730758	-4.225567	46.967720
	-50.173516	-7.842035	-13.212614	-28.306400	57.741294	-41.869010	-20.834786	-6.181401	7.738671
	-29.653779	-18.575570	-27.765223	-40.640101	40.225386	-28.674963	-17.447016	-12.238020	-9.082322
	-32.012142	-46.767362	10.928321	-58.939698	64.257791	-32.577872	-31.117208	-12.230868	-14.086872
	-23.711578	-69.199974	37.281151	-57.527677	19.055034	-48.445452	-42.531795	-42.645708	49.625438
	-17.634376	-70.679218	65.413183	-43.390021	37.530362	-44.204480	-29.640477	-3.736359	89.828774
	7.036792	-66.669293	28.299866	-21.295513	42.506356	-27.195147	-13.932756	12.835455	27.791141
	5.369513	-32.449178	6.981095	-11.136418	13.054522	-49.119263	11.043806	12.467438	6.662257
	22.410617	-61.829679	0.442652	20.183997	-5.748484	-22.729236	9.878808	1.363097	23.481917
	-8.829036	-17.201131	-60.626666	25.122057	4.397535	-8.627580	2.939739	-12.283640	-16.796140
	-33.130686	-10.466102	-91.531680	-15.044119	4.606240	-27.728905	16.731203	-32.719053	-41.344137
	-36.670494	31.979258	-66.694144	-10.176008	-0.636368	-19.299516	-23.888834	-13.779767	-51.593958
	-45.758190	-3.741198	-71.339273	-47.937025	-25.370072	-21.022097	-28.418808	-4.182102	-36.177567
	-35.237301	22.355005	-31.934534	-13.641388	7.543492	4.903414	-35.207999	13.585581	-3.789783
	13.062430	35.279890	-52.460045	3.480854	21.315388	6.990506	6.396227	-3.517471	-17.607888
	8.368425	57.173998	-38.376421	7.084918	6.073170	23.359500	5.302817	12.026841	4.133327
	9.419625	40.539556	-36.004148	23.848890	13.136057	12.077112	24.662214	10.767286	-3.169531
	-13.824126	34.265750	-67.857664	3.884229	-1.533614	6.346214	25.024753	-2.670760	-55.258759
	-5.817526	2.436352	-70.185513	-23.060680	-4.666770	-3.571641	23.652043	6.344457	-44.733193
	-42.047471	-3.209185	-57.262725	-10.214787	2.984679	-8.298718	-10.252736	-9.562173	-63.984461
	-27.681596	14.349830	-86.812696	2.767487	-7.437160	9.840763	-19.974008	10.412209	-59.019257
	-32.625994	30.829931	-65.653244	15.629426	7.403984	18.444552	-12.924432	2.309124	-85.570275
	-18.617256	47.068047	-50.590252	34.384338	-38.759339	10.856798	-26.117802	10.449536	-89.514239
	-34.039783	65.030009	-40.545649	47.089244	-70.995032	-22.065864	-43.134371	33.362030	-92.918816
	-39.289267	70.923284	-59.848927	57.062214	-103.905919	-10.081726	-60.214041	67.434035	-107.808204
	-5.309834	60.845952	-94.747046	48.065168	-81.801435	-17.181097	-45.902828	71.077695	-128.258102
	38.162267	17.998786	-98.220529	44.717805	-107.924135	7.540872	-42.347346	36.590352	-48.154385
	51.083321	-13.270606	-102.990460	29.399151	-68.097177	14.758507	1.902854	27.107313	4.008385
	55.396980	-51.356177	-86.453703	30.934416	-65.678753	26.143528	10.186210	15.456509	19.921786
	39.566265	-43.866250	-82.265606	4.596259	-18.089111	42.561494	25.880625	11.498813	-16.155430
	70.551217	-13.564710	-66.767801	6.972270	23.877715	40.670615	26.614545	-11.718219	-26.404086
	53.176944	5.586252	-15.709128	-18.842102	36.065847	16.771855	35.809179	-65.717049	-75.977993
	43.574878	38.812208	-45.471544	7.438117	5.654628	-9.540985	40.957568	-16.036940	-62.823998
	38.563610	38.677454	-77.774239	24.838560	31.630974	-37.272984	22.934665	-5.291575	-88.895071
	37.149112	56.436342	-48.164221	44.665384	1.644571	-34.173314	41.330575	20.156205	-55.966998
	-5.143934	77.268205	-71.218487	42.382219	-1.597940	-47.133547	34.983289	0.486769	-87.245188
	-4.899546	85.174260	-59.033636	60.581221	6.893003	-41.252733	72.084833	9.217592	-44.101062
	-0.495009	82.737758	-29.754661	59.452525	30.400907	-24.946321	82.637248	-22.015524	-59.432345
	-5.858873	100.479032	-27.850159	47.095530	38.201832	-23.054138	61.883062	-3.549686	-34.800849
	2.782843	129.262414	-53.399041	50.713693	97.874308	-20.322976	75.150297	-17.788626	-63.749873
	14.236737	97.359758	-64.110859	61.342405	81.293117	-17.945281	51.863101	-12.612405	-109.193320
	14.079021	74.504078	-87.634381	51.254404	46.378753	3.984349	38.934692	4.185592	-73.578141
	-2.448075	48.732013	-89.676641	54.561257	21.392488	10.580289	14.606091	37.778282	-97.939157
	2.675455	16.221602	-40.544402	27.800525	-10.532123	-7.543788	-3.204442	35.666661	-60.923850
	8.299099	-18.471164	10.381978	12.183674	-24.698693	-18.974106	-9.724737	10.067387	-40.202909
	11.856782	-38.027057	-12.865164	-7.455813	2.236255	-1.536986	-26.395649	16.723633	-19.637400
	-4.220304	-27.198102	1.630629	-1.804502	-8.515723	0.400713	-6.969173	-18.637063	-13.720045
	14.057494	-31.546053	20.381422	-25.375424	3.579814	20.348429	-12.098709	-20.412171	2.424292
	-24.621858	-23.568775	7.769777	-19.444337	1.086006	12.317505	-8.191775	-48.177248	-21.478374
	-1.959076	-19.485272	37.793697	-37.873889	-11.259517	14.992921	-14.492422	-19.110765	19.168096
	-43.106318	3.478413	54.544955	-26.723361	-17.748519	11.849637	-22.503951	-22.439906	14.798775
	-22.653159	-7.410045	58.691799	-27.624060	9.281608	41.484004	-40.456447	-15.123992	108.535104
	-10.706359	-11.133523	83.961800	-42.368535	28.271419	21.602139	-30.169534	0.318681	96.684801
	-10.781489	-40.350623	100.626122	-68.840436	0.947839	41.905280	-47.864340	-5.886144	105.026372
	6.500905	-54.964760	72.281774	-70.489652	24.230321	6.286560	-59.373018	-13.845783	55.824306
	8.453397	-29.775715	56.968893	-41.342204	-0.086978	32.554952	-56.833098	3.828987	55.731083
	-18.787668	-18.073322	23.060905	-39.920814	-8.632115	17.196475	-49.236023	-4.256225	21.910158
	2.716572	-3.148124	23.355841	7.698616	-42.951216	15.544826	-27.391914	15.274902	40.787097
	5.830173	3.619814	12.592507	32.808875	-24.264795	26.578495	-6.624658	1.777971	34.368765
	18.507071	0.855660	48.455114	48.621490	-30.511502	50.073880	13.353621	17.191140	49.290432
	15.508887	24.723983	32.474075	33.176850	-27.115222	33.031973	22.191951	25.791269	47.455631
	2.807730	17.727471	-0.641995	46.834184	-60.927005	60.407755	16.742135	41.689619	10.742985
	29.001332	36.943764	39.686610	11.462772	-44.763738	61.768407	-9.742669	27.114442	60.587015
	35.503772	30.167928	12.807778	-15.565636	-73.295280	79.755685	-45.575229	3.055602	79.612342
	25.936364	17.493964	30.349305	-41.003502	-76.084239	35.828640	-77.661614	-7.539286	74.358646
