	2.433320	-151.593445	-15.378182	-50.148399	-4.129567	-32.365985	12.905170	-85.412191	29.780300
	-26.727778	-112.783851	1.913444	-74.445705	-1.106455	-17.514320	-13.662468	-63.741207	31.952751
	-47.235912	-51.051364	4.583887	-69.372295	2.623586	0.791705	-30.865019	-68.450518	17.536104
	-23.186494	-50.744387	-20.991624	-65.506247	-40.328570	-37.457513	-38.084889	-58.168137	-21.295344
	-20.146944	-63.026245	-11.323622	-71.994163	-39.026492	-2.653573	-25.161114	-33.169985	-14.157065
	-36.642268	-51.787391	-25.450632	-76.582986	-56.341923	-17.636905	-18.301336	-49.080638	-55.711523
	-8.872664	-36.504453	-48.113676	-97.239961	-36.223488	-14.134703	-58.082686	-61.525748	-75.980891
	-21.757467	-38.774963	-24.285800	-68.929509	-28.591738	-9.679802	-47.275392	-62.437339	-94.913356
	-18.650171	-30.614989	-36.922706	-90.623128	-8.085036	-31.550401	-22.169037	-48.765175	-76.326896
	-15.661138	-20.449364	-20.138064	-64.378030	-20.082345	-12.796537	-53.377539	-43.461757	-66.602561
	-47.101603	-4.154519	5.406698	-72.621982	-41.319278	-8.905572	-57.598334	-36.828812	-32.981355
	-48.731130	-36.537733	12.837686	-85.988088	-52.374579	-16.014385	-42.651196	-51.358473	-15.179230
	-17.587047	-68.502143	7.339122	-71.620095	-56.018683	-6.045522	-13.700267	-73.134714	0.162903
	2.434857	-61.808524	-2.940529	-65.870969	-47.603645	-7.303259	-14.355535	-48.435964	2.965186
	25.660382	-61.246129	-8.366181	-19.333786	-55.561599	-29.935136	36.524725	-27.450474	-12.249140
	18.463490	-79.920184	-6.345035	5.607752	-44.316527	-3.297079	50.917923	-36.441526	-0.124671
	14.510396	-43.887411	-6.617402	-20.282776	-12.187679	-6.748545	17.519064	-30.293865	-24.053528
	4.150960	-30.770939	-18.247418	-0.218356	-8.324067	19.828133	15.217305	-5.541937	13.282083
	2.223764	-33.476522	-10.268004	2.471403	-20.094771	-33.753256	30.758139	-8.221783	21.818973
	27.995371	-27.516871	-16.388059	-1.505970	5.506570	5.253492	34.412627	-4.419779	11.108802
	37.464508	-29.114096	-2.576720	-5.215819	19.944573	-6.918417	35.876570	-35.938612	48.070318
	32.763197	-18.120343	22.085223	2.045742	6.792156	12.143004	45.469985	-31.598355	31.161212
	27.122228	-22.016099	31.525182	2.709104	-3.664117	-21.354624	31.392302	-19.962733	30.871584
	0.201094	-33.545968	25.465169	-8.077295	4.280169	-27.174309	21.900790	-30.961368	33.082003
	14.332323	-24.440672	6.155814	-25.877286	13.300406	-42.490988	-20.337980	-41.925922	50.583286
	-24.532505	-12.187984	-0.487529	-14.649915	14.849968	-42.817894	-2.480265	-32.499201	38.266332
	10.382122	19.526589	-44.414360	13.657764	23.668236	-45.518551	-23.682440	-10.829773	-20.374915
	-13.591655	28.685982	-34.301268	1.801247	16.369424	-30.714220	-28.179074	-10.651555	5.586837
	-15.950549	33.097977	-29.759261	-10.633529	21.248096	-25.044500	-24.946340	-2.717817	8.580220
	-18.759234	50.659297	-20.573768	4.928775	32.956171	-37.558325	-29.863515	-2.893211	21.895092
	-1.450378	43.998169	18.239988	38.124621	2.174635	5.204864	9.812885	21.626887	30.163137
	-16.352084	2.207505	-10.400353	22.876540	-51.318005	-0.239928	-5.188820	35.078663	-31.813227
	-4.021765	-39.175102	7.343240	-14.082878	-1.736225	-8.273868	-19.350638	-23.805866	-2.496110
	16.162131	-23.335442	8.845639	0.120181	17.135250	-1.973075	13.098936	-24.050573	0.087195
	-3.421699	-17.359710	-8.333248	4.373154	20.287851	13.581994	9.431264	-27.557816	4.291788
	19.225708	-28.991512	-17.772562	-22.075894	10.774710	-9.073824	12.197392	-40.524731	-2.201605
	-5.508462	-16.656242	-57.349703	-38.294941	-39.666284	-27.494133	-24.076954	-35.719695	-65.986317
	-5.672642	-8.594683	-57.173999	-52.395739	-15.813154	-20.236476	-24.120037	-60.811916	-16.492501
	18.100614	-1.279061	-36.422169	-44.868299	9.717903	-0.193712	-14.319437	-35.771272	-4.282729
	2.543895	-11.748280	-52.018131	-25.030498	38.415251	-3.130031	30.663894	-15.299756	26.119269
	24.238196	-30.397871	-33.283021	-33.404991	38.332663	-34.963640	21.205613	-40.645192	2.462108
	-11.287855	-36.215731	-32.221456	-40.434572	37.368989	-48.622736	47.016373	-49.926900	-5.163629
	-8.105125	-44.637693	-33.894573	-14.641423	0.119070	-34.190418	30.136784	-28.634150	-4.587916
	13.818392	-15.898518	-13.060539	8.995019	40.482256	-21.040848	40.996010	-22.344358	-14.045125
	-3.963470	-59.295774	2.816463	-27.894742	-29.895538	-0.512788	1.747739	-54.680415	-2.984147
	37.107557	-66.298290	35.208083	-8.618785	-49.227875	11.998234	19.947447	-28.430594	-13.752244
	17.262346	-57.746641	54.692061	-9.762477	-57.899852	12.403026	19.890218	-22.770465	-20.540033
	20.531568	-73.150321	15.814427	-5.637639	-48.224536	-21.066580	16.772766	-14.224695	-21.677819
	-5.955154	-67.931352	22.662926	-16.620305	-39.639302	2.333515	-0.736321	-16.120468	-36.327989
	20.769178	-56.685226	65.050001	-2.815694	-43.880224	30.997594	3.517971	-19.717855	-14.396851
	19.174379	-71.216195	65.963246	11.720508	-36.732474	40.778730	10.089481	-5.820764	3.654004
	49.269295	-91.505308	132.623232	-8.688399	-24.673081	74.839175	13.200864	-21.847208	74.811864
	29.256037	-64.685379	157.915081	-12.009647	-22.314105	93.348906	16.438654	-5.824727	85.408218
	38.149114	-49.186153	135.079896	-7.846073	-54.731528	118.428044	31.340713	2.932295	72.670112
	29.189895	-37.850877	150.868651	25.480219	-20.886797	107.274093	35.394559	-3.472885	67.724896
	43.199797	-17.406800	154.875681	3.385152	25.131757	103.796662	39.841706	16.554308	69.204962
	16.709894	-13.194962	114.933413	3.323381	-0.010730	80.129983	15.814746	-10.763712	-1.275422
	15.556699	3.914271	92.815579	-27.173553	14.278086	70.938824	9.253883	-9.659399	50.861721
	24.945686	7.787746	63.099418	-1.816302	26.661940	33.222849	29.015710	5.747224	6.271290
	22.853507	24.404215	68.207655	12.854143	40.717377	2.573612	3.483293	19.773989	28.775036
	-6.087104	26.495249	2.642818	15.639603	10.414004	-7.741627	10.087192	26.196505	-34.085170
	23.775694	29.899623	-22.641443	38.792592	6.754782	-19.090249	-20.163556	44.105431	-32.027855
	-1.206654	52.232752	-15.445961	40.027266	-2.407732	-24.488702	-12.877422	63.344594	-13.007086
	15.505363	43.701149	-29.969382	73.396821	10.332928	-29.054296	16.430778	64.864697	-3.264076
	-16.331870	37.069209	-44.351229	38.413086	-49.980952	-29.942946	-3.284546	65.555160	-42.256634
	-2.064875	23.554825	-45.709561	52.182324	-32.596332	-29.881837	8.177468	75.005161	-57.330879
	-12.474499	26.345951	-73.772239	-2.322644	-53.273961	-43.673563	-14.381346	46.239695	-88.911316
	-22.304713	0.968428	-79.240821	14.984455	-36.969266	-47.716037	-8.069889	22.059272	-82.069224
	-20.788609	-0.418080	-64.873878	-5.119989	-51.948717	-34.928540	16.855040	6.911596	-92.479955
	-26.432032	-6.205018	-86.434173	12.449388	-55.241621	-66.942206	4.881920	8.911995	-92.842364
	15.202689	-3.403680	-45.312548	16.371657	-41.862846	-40.691725	46.938358	-9.384798	-80.076224
	6.563917	12.993785	-64.840018	4.416337	-4.024446	-57.330305	48.913804	-2.264671	-88.364097
	18.374516	-7.942032	-49.703999	-2.996732	-12.763035	-48.516290	54.504252	-1.456710	-68.736556
	6.332674	-22.011381	-81.341479	-14.412456	-28.322083	-39.019657	46.792826	-24.455837	-55.070200
	-3.830195	-27.683070	-69.878306	-24.297996	-25.946022	-43.007231	26.376579	-57.044955	-80.442415
	-5.830118	-20.785155	-22.857227	-56.870711	-9.719370	-2.912919	17.419496	-51.243262	-1.819641
	16.349007	-16.576076	-17.759089	-41.883754	0.409798	-26.985218	-7.291334	-48.719888	-31.429060
	-26.146235	-27.318108	-20.137377	-61.910806	-19.722436	-10.637676	-22.220872	-34.197696	-51.710370
	-22.637310	-22.064106	-24.722384	-98.464390	-7.115197	-33.323405	-59.203894	-52.574300	-43.880333
	-27.418788	20.168623	-6.078532	-69.830508	5.243224	-2.567844	-40.443388	-30.427217	-16.879700
	-23.540714	42.166669	28.806004	-54.066257	21.901869	26.415240	-50.002380	-47.925803	17.526100
	7.082968	32.972991	6.557216	-32.970429	53.629447	22.982317	-2.950154	-11.429897	29.576712
	22.326445	-10.990911	66.805564	13.624983	43.395235	46.538681	25.931602	-48.044832	64.731903
	17.393649	-34.784117	61.105304	-23.892295	16.833069	23.980160	-2.409675	-50.215491	36.103574
	43.738301	-10.975672	54.896612	3.434978	3.958000	53.746365	19.658827	-42.512025	47.608693
	43.875571	1.811350	19.268817	20.261649	28.873692	20.380301	16.775147	19.064572	66.560704
	39.842153	21.339011	25.902792	65.519390	6.510107	-6.867747	1.896281	28.452463	45.435090
	4.737317	72.409723	19.626831	67.686647	15.350585	-2.619597	-2.501129	63.007981	55.478296
	3.787437	86.534577	-36.105803	67.070907	16.229264	-18.181515	-30.126335	101.093972	3.635796
	-7.219260	103.151998	-39.326118	76.557132	35.424615	-20.043188	-15.329122	108.913993	-11.823029
	3.956411	105.728923	-13.569614	66.689063	24.844079	-2.224457	-48.177527	81.727065	-39.028063
	-17.343841	111.598761	-18.796071	30.266434	45.470925	-1.871999	-58.106833	70.217029	-45.183544
	7.335904	111.197266	-50.509179	35.339101	40.742175	-17.402251	-21.088603	53.953940	-12.204370
	-38.261262	117.921575	-73.442767	15.030833	25.861600	-25.510624	-16.974399	58.381518	-34.214277
	-6.722927	114.111029	-41.847136	39.184286	29.269938	-20.219468	-27.560178	74.546271	-39.727883
	5.132546	113.031683	-12.245804	65.319203	40.225941	-0.176510	-13.398010	90.916600	-52.511330
	-8.158808	98.198674	-42.813172	60.702078	40.936759	1.486341	9.699541	63.852980	-48.299324
	27.868837	101.913220	-48.714325	84.186189	36.881403	4.773062	33.973254	90.620369	-34.842570
	-10.358197	107.682353	-54.049431	85.222753	47.221311	-20.614985	-5.826675	110.349283	-44.664290
	-17.862410	122.398930	-26.853664	63.847887	31.901674	9.925741	-5.969495	85.132570	-12.594486
	-4.491907	122.397398	20.798376	72.707374	63.401941	39.025052	-3.216467	63.812256	12.687110
	16.632815	98.255720	16.113218	66.884030	-6.592448	40.956526	4.861507	52.185457	-30.122543
	13.059326	101.810727	35.820664	18.491343	39.877328	45.014009	-15.796842	51.403353	12.046598
	-9.471846	117.399270	11.957524	74.153617	38.629162	45.878561	11.303179	51.220271	-9.450410
	32.636463	97.498800	5.383443	56.812094	22.605484	42.051996	9.004928	64.391768	-11.145830
	44.229692	74.522026	-1.554321	76.007407	53.360371	9.055435	45.763917	71.399508	4.640988
	12.485689	58.973570	-1.110667	53.339961	15.330147	-2.590375	27.522702	70.668053	52.539011
	50.765490	45.909439	-7.474368	118.176388	29.711810	-11.944093	76.186463	76.981135	35.059815
	26.089741	16.651350	28.914265	86.270829	20.462834	17.344428	54.089152	57.116074	50.528937
	23.255883	-4.361466	9.710737	32.498587	-10.515193	1.955559	31.864177	21.225576	21.304959
	28.536937	-42.446408	23.614345	21.378311	-3.880205	11.059311	3.068639	-5.130370	73.900523
	1.096176	-64.969110	-3.077681	-19.871135	-33.228774	-4.265855	-8.776927	-34.453151	9.623454
	10.801834	-66.632138	-8.791940	-35.518047	15.463707	2.878018	-15.841746	-44.724375	21.579486
	6.602471	-67.479768	-42.447610	-43.397661	14.012020	-24.138907	-20.549023	-42.682400	-15.845447
	-5.320054	-36.317324	-45.704620	-62.927913	8.562138	-15.662811	-8.165032	-43.619373	-4.997642
	-1.661307	-20.560862	-26.710434	-48.966328	32.378351	-23.353423	-27.791192	-55.894800	12.336240
	-18.990374	-19.263742	-8.488325	-47.782914	36.372894	-18.010140	-9.810564	-37.363643	4.152633
	-26.179360	-44.346006	-39.805891	-78.352869	15.412129	7.715623	-53.564246	-22.625332	12.804986
	-45.901065	-44.776468	-5.182396	-83.513254	10.706081	-1.076005	-59.099170	-71.860219	28.505816
	-0.686729	-32.764853	10.773158	-64.211979	-0.323480	17.710819	-49.351605	-66.552915	49.044955
	-26.581385	-50.177518	4.667946	-79.835969	-1.335641	17.964856	-32.007175	-100.225551	26.731837
	-33.304915	-26.011750	-17.395119	-21.696265	-13.203530	13.988676	22.426053	-69.846752	44.623174
	-14.999081	-11.536053	-9.653567	-13.494142	7.891229	16.426245	11.068510	-27.188026	10.545043
	-18.350058	2.423863	-28.722907	-0.827431	14.179913	-10.322145	32.874872	-30.934303	28.605980
	-7.830172	-5.537905	-14.109577	20.964828	6.512711	1.622902	22.604700	-14.112131	2.255707
	-7.714968	-43.019729	-22.067856	-4.246840	-4.778418	24.676629	34.927451	-37.566981	-4.408425
	-1.554080	-56.797099	43.661133	16.125399	-4.757331	42.521986	11.368471	-31.608310	40.484090
	10.130176	-57.086708	33.627096	-14.798291	-18.208328	26.920831	5.910362	-48.100597	-1.411193
	17.660542	-38.523255	27.931225	0.975392	-6.070276	39.859071	-16.873711	7.959327	15.248871
	15.337141	-34.199503	50.727960	-4.380267	-46.624286	54.836403	-19.440020	24.425537	19.571235
	2.058096	-57.574799	43.335946	-5.925924	-14.467791	26.555366	-20.980342	-1.175180	29.337459
	-25.516019	-84.404985	95.662321	-23.158941	-14.291309	38.743270	-24.998173	-25.020806	76.345223
	-24.507713	-87.249505	101.689947	3.609027	-23.457092	72.581553	-12.249374	2.049666	54.963065
	-6.659907	-73.682786	81.643324	25.474146	-30.832040	45.437709	15.290143	-24.945357	59.220589
	0.255924	-72.939248	57.629060	-25.031035	-44.094996	38.470876	-5.896698	-26.284150	48.438875
	14.151104	-36.118488	65.629051	8.469837	-42.013927	44.518587	0.714903	8.106551	26.968208
	-11.710823	-43.850739	41.707989	-12.933399	-24.837784	2.988600	-29.199839	-0.798131	21.069342
	-8.914593	-62.540095	44.611630	-28.717435	-16.068614	15.301982	-23.474358	0.273184	70.986011
	13.611695	-56.645398	44.533949	-24.775099	-36.538087	0.941671	-21.964313	-2.725110	75.518510
	10.510474	-40.218482	52.346192	-21.107011	-17.944456	13.997957	-18.376270	-5.602806	56.089798
	0.214028	-69.908538	37.000479	-32.504013	-21.334986	9.743298	15.953410	-48.259419	94.303011
	12.154981	-85.066556	44.260110	-19.104394	-22.677154	18.930629	16.970578	-23.812232	113.347465
	-14.881014	-72.008033	49.594266	12.552059	-22.271000	8.653996	13.238939	4.400367	44.794436
	-4.278753	-40.113474	2.950037	50.196943	-13.039358	-4.448536	22.707111	44.631140	18.048415
	0.057549	-0.617132	-0.408538	71.578917	-22.748672	22.556457	36.078249	66.532543	4.169038
	-7.536400	25.026671	-51.225690	90.903033	-30.829919	-12.076185	44.499748	85.204083	-23.042893
	-33.880735	-8.577157	-19.401202	76.613439	-76.192431	-18.667895	8.016246	90.675155	2.138741
	-58.400197	-30.473512	-10.985343	42.312482	-80.839145	-17.808317	16.005234	56.283027	16.028355
	-34.140558	-23.194575	-32.818780	35.077554	-82.777190	-41.311443	8.998025	54.392829	-31.011486
	-16.757061	7.499806	-31.649599	68.023903	-94.488620	-29.862617	-1.067822	63.145273	-50.107399
	0.146772	25.705191	-69.252373	88.454248	-63.369252	-14.244886	20.716987	77.736330	-88.921872
	15.340747	42.920717	-96.648718	91.231430	-53.420695	-34.893604	7.360406	116.248133	-119.836450
	3.430165	34.755975	-42.322674	99.272845	-58.421788	-21.739188	-2.162968	120.991864	-72.571277
	-31.510290	32.294911	-44.554114	31.350594	-43.330779	-14.927895	-15.590524	95.450498	-68.309626
	-14.549097	58.030447	-29.833036	61.711186	-15.454195	-12.175980	-60.247753	73.153487	-49.807599
	-3.094859	101.862705	-28.742179	44.312926	16.568225	-6.204605	-17.196232	64.252495	-47.565813
	-8.840896	90.941330	-22.375820	65.509008	-9.704814	-12.460647	-36.878434	63.461303	-74.317289
	-9.916509	85.378174	-13.144203	54.637285	7.287492	-7.422138	-17.121707	50.819829	-42.173060
	14.264407	82.960495	-22.200028	46.930064	26.115785	1.916232	2.308811	35.214571	-54.573077
	15.896548	60.323363	-37.476736	45.117376	10.216409	-2.199962	-27.102795	35.482374	-8.970118
	-6.900827	27.354958	28.055759	18.029412	28.278205	29.193713	-16.826798	-1.947601	-12.746196
	7.510770	7.478839	-16.824123	-4.881152	5.656642	-16.307120	-41.393744	7.434536	-31.753202
	-19.857803	12.169872	-53.288175	-31.164491	24.180373	-23.276276	-28.476107	-12.618698	-21.786274
	-20.926835	34.497027	-15.936211	-15.893233	35.313551	10.855844	-29.641501	-8.127945	13.266726
	1.177169	51.549303	-14.420146	-7.633186	38.667063	13.853965	-14.357082	10.991276	-11.538501
	-29.327896	59.646561	-24.707026	17.427558	36.338854	-10.883536	-5.987001	59.889165	-35.867064
	-11.127925	60.543389	-26.377818	1.442783	25.229158	-34.869120	-21.639457	20.880906	-32.654932
	-36.974391	24.222051	7.188412	-18.388174	64.369714	10.164158	-9.953770	3.066850	26.304992
	-35.711755	7.440580	18.588500	-20.855595	33.564808	10.431164	-15.521761	-27.723415	28.735736
	-22.697831	39.459466	48.288016	2.613162	60.827765	26.468751	-13.198919	-21.678117	64.767387
	-19.115650	49.571440	44.620135	-14.958630	69.721646	-2.438921	5.171820	-28.220773	47.346019
	-7.624292	65.909240	32.324994	4.535701	67.409845	14.656909	7.823696	7.008033	30.302093
	-13.547041	23.847173	69.316641	-23.071665	63.278599	13.138368	-3.397397	-39.661296	63.413365
	-4.599844	38.913193	48.400614	3.302871	102.152066	20.536131	18.580247	-17.340799	65.250259
	-1.167341	75.341702	2.336661	4.227296	107.417495	8.422209	25.434508	-17.628138	37.624290
	31.979394	73.708264	3.077475	19.377922	108.650893	13.045564	25.711704	-2.394230	15.875369
	14.009844	61.426634	2.896915	-17.128462	109.651487	5.723763	5.758842	-1.886857	40.539076
	15.516490	64.445884	13.574435	19.633187	87.288295	19.853802	17.810195	-10.399815	19.753594
	10.203437	44.188033	15.079465	-5.181290	60.509994	27.915705	10.631439	-12.979122	9.463676
	16.330449	63.355927	-1.481655	-8.019679	16.329647	-10.847870	22.872445	7.222280	-20.392877
	11.832844	58.088103	-17.003085	43.019125	-32.997470	-9.482978	49.126779	12.425186	-21.489029
	-14.753187	1.086139	-8.661726	-1.683726	-53.549847	29.302858	-13.064097	28.107442	-38.587775
	-38.193892	-12.670963	-18.518886	-31.337278	-31.176226	1.232005	3.800349	-9.986356	-45.282477
	-31.381566	12.169017	-46.735159	-5.886880	6.846016	-22.061658	-8.981912	-0.109386	-45.514659
	-11.884210	-7.447695	-3.508790	-35.600212	-11.513091	-33.708712	-10.836444	-9.611934	-35.393001
	-41.067152	-31.845545	-16.052377	-36.928525	-16.974617	-4.530650	-17.193995	6.414919	-30.616400
	-58.571322	-56.559733	16.600927	-46.565400	-5.076045	-4.159652	-9.691912	-13.257589	-27.726366
	-27.219085	-44.473142	18.463591	-48.585479	-0.431313	-30.042962	-5.028695	-49.650189	-41.362352
	-40.033687	-47.163683	16.817902	-63.834228	21.803849	-23.537214	22.629767	-46.910800	-31.710193
	-36.515188	-29.561672	-11.410663	-77.486256	8.414308	-52.573218	-2.800538	-45.957466	-33.269438
	-36.225887	-34.570815	-30.243883	-86.765111	-6.216613	-24.388960	-12.375816	-46.906712	-19.542401
	-18.599564	-27.480692	-19.930818	-74.123682	-28.902320	-8.515068	10.979506	-35.481783	-5.876830
	-27.362715	-9.023376	-19.506029	-113.852172	-28.043615	-9.378785	-25.733496	-46.735303	-19.472090
	-24.656665	4.950419	2.288205	-91.825970	-35.150465	8.537376	6.292612	-26.565048	-43.491424
	-49.111670	-30.374405	0.530630	-100.481043	-27.242516	30.107169	-27.076222	-47.113561	-31.381497
	-38.697530	-25.769854	-18.802656	-79.252858	-55.029333	0.888962	-48.553256	-25.484545	-77.258267
	-43.780961	2.524025	-18.954512	-46.753502	-7.625656	-2.966592	-39.904270	-5.804151	-26.633899
	-26.127287	-7.472088	12.243454	-37.351211	-0.202017	-0.001296	-9.879521	-11.251312	-8.931552
	22.094712	-8.655033	25.862264	-31.202252	-15.289419	7.216354	-7.312601	0.410578	0.001861
	18.996056	-13.115541	2.726814	22.291434	-31.152047	-23.382800	1.848100	22.789447	15.754047
	19.148143	-23.291690	-1.989020	5.349874	-57.600224	-19.471330	0.743895	14.405017	4.256314
	10.100174	-1.240277	24.949021	-20.531098	-31.403263	-19.235070	-33.239962	21.909818	49.572896
	-18.059330	-13.675654	14.249393	-6.124772	-47.139709	-33.050483	-39.757839	-1.274983	-3.135626
	-25.516119	-13.721193	1.438388	-17.815361	7.161377	3.713875	-14.143501	-3.209147	-25.822836
	0.656391	-16.643197	14.453177	10.566250	9.476144	-37.917935	5.411322	-8.572753	-0.904220
	2.417987	6.164978	0.758522	0.382624	18.308974	-38.746364	-9.048134	9.690490	-10.018450
	-24.018359	22.202962	7.539525	3.834258	41.728795	12.776030	-32.100137	-12.704246	1.295630
	23.477346	61.350518	-11.536891	-11.553690	39.877573	-8.558017	-6.240769	30.545751	58.383917
	21.470714	68.186406	-20.998779	8.468554	86.364284	1.953518	-6.067977	14.647244	73.169309
	-5.593908	69.037370	-3.307514	-1.746043	65.342328	-0.255427	-10.111191	3.159913	52.972659
	5.248957	39.643290	-0.699845	27.243176	44.391741	-2.079484	-21.548400	1.768149	50.486599
	6.268887	29.132256	8.445685	10.885935	34.336579	20.225066	-1.165285	9.045799	42.909198
	15.013426	36.007387	5.593787	-17.757743	-0.900599	31.734892	3.175358	-15.288936	27.902860
	22.012953	15.624082	26.812230	-45.480605	31.406792	8.300175	9.857689	-23.286955	36.575719
	-7.912038	-6.947648	-19.735475	-42.617866	29.630158	36.542444	-8.075918	-22.569674	8.703421
	-7.487813	9.829906	4.139516	-41.367913	48.558235	12.840548	-0.009140	-32.289139	24.418585
	-9.815833	30.760190	-14.470809	-38.197546	39.083471	15.745953	-19.621067	-13.921953	0.212790
	1.723766	20.352431	-16.901737	-29.801202	8.745935	5.935730	-10.306672	6.623492	-6.947464
	-17.330813	24.125396	-37.260228	6.274919	-20.454639	-5.844478	-16.855913	21.700064	-87.800714
	-4.474987	40.457429	-29.672713	0.230450	21.550925	-17.834790	-2.755302	30.108006	-39.281230
	-6.671252	32.982203	-5.552068	2.485080	30.008269	-15.188996	-15.294353	39.304396	12.658071
	9.675933	2.350044	-9.993434	-7.932411	27.672908	0.468487	3.133285	-1.867802	20.236219
	-6.992653	-23.184942	54.784361	-13.036514	-14.732799	-6.448727	-28.781455	-34.019908	7.547663
	8.451657	-25.244885	23.862913	-30.485614	18.950020	-7.356578	9.121745	-4.355768	42.093931
	23.555046	-11.525764	40.350642	2.551983	-8.214467	3.058035	-11.607660	-11.551954	23.721856
	1.259356	-30.412409	13.096783	-10.432000	-5.739878	17.511843	-10.134248	-17.449726	38.657034
	34.415445	-34.468093	26.560816	16.569342	-7.649638	13.688335	5.242089	1.918817	26.275555
	27.044653	-10.169830	-1.657560	56.027665	29.909567	16.519298	19.782669	28.678810	-5.516253
	21.401455	18.906097	4.508735	86.626603	21.043629	10.140023	9.723367	52.337840	21.781794
	36.021639	-5.684419	24.562471	79.665828	-0.936688	10.580101	1.290195	60.238675	42.373239
	19.982912	-43.835440	29.520430	49.450564	-29.742787	29.112025	1.413058	35.383026	23.987318
	31.352316	-24.640084	51.032887	50.316164	-10.887807	27.199822	-38.672252	25.838927	48.716972
	-2.005339	8.815419	30.419750	54.422819	-3.114481	13.957511	-20.466855	47.382860	45.518532
	10.076221	-19.313495	42.571193	37.897370	7.524257	33.232808	-23.144372	23.383577	77.274242
	-0.705593	-36.368569	66.319405	11.108794	-5.190774	40.142130	-25.916309	8.717259	73.461638
	-5.019758	-29.642492	73.678188	-15.080019	-27.497347	42.300280	-31.677317	2.901623	80.757001
	5.835383	-16.395763	71.493538	-19.349791	22.682351	18.841034	-31.871258	2.462671	55.741456
	-7.395286	-6.869952	30.730396	-18.027832	38.595571	12.458037	-33.277413	-8.928978	28.941207
	-27.103751	11.045495	-10.733089	-13.442621	50.399593	-25.482831	-42.709044	4.895603	-20.778788
	-17.182879	12.057921	-17.105363	-16.279210	25.589257	-18.300168	-42.348475	-1.191569	0.504823
	8.000037	22.630543	-1.047605	-2.485320	24.166777	-13.947950	-21.336740	-13.292947	12.884058
	-11.864989	0.242467	10.494364	-55.946566	41.472825	36.116757	-17.465637	-41.180098	37.389407
	-12.006373	16.371406	23.569705	-52.007562	12.724946	0.864648	-34.676310	-49.951640	36.714759
	10.730115	27.415166	54.482095	-8.559008	6.705372	23.894176	1.140738	-9.699322	69.126837
	10.793817	20.145375	44.207644	-4.211429	28.919027	17.081341	8.778201	-17.815991	21.455655
	-9.553043	-28.424728	2.706619	-39.417312	-47.762306	-2.203604	-21.828721	-20.260269	-10.663781
	-29.211063	-43.424962	-16.215298	-67.204600	-63.737697	11.358184	-24.662908	-22.455822	-53.183242
	-9.326811	-21.044029	-31.787598	-46.335250	-61.778073	-28.898030	-45.915448	-16.195286	-76.117835
	11.307168	12.900451	8.479915	-10.640440	-10.712571	-3.299398	-27.976245	1.756142	6.214213
	-22.739607	-25.681332	35.372547	-52.293525	-13.966292	22.037780	-20.631892	-15.610521	25.507031
	-28.869561	-31.144363	59.636472	-50.795712	-35.315711	19.778274	-12.124856	-29.064760	14.165049
	-8.795601	-7.901187	60.944934	-24.075484	-12.212866	-2.110286	-35.640005	-33.694212	14.721751
	-16.579260	-9.183255	37.109691	-22.811291	-28.424733	18.804354	-24.369345	-37.870396	0.313678
	-16.320228	-16.376705	32.602873	-41.108496	-26.154697	-16.934833	-7.242062	-36.753769	-8.230150
	2.581281	-0.416221	52.777747	-15.851081	-13.371151	1.644623	6.597651	-24.723554	7.275438
	-1.702584	29.792112	31.778046	3.369463	-36.378493	17.205441	-32.422357	8.134477	10.036242
	-11.964786	32.080228	5.481533	32.306001	-43.940277	28.909650	-18.293953	39.083019	-9.301283
	2.814803	18.150919	11.057482	-13.563209	-45.073290	5.455486	-19.386925	2.959921	-23.736220
	-5.448264	2.161315	17.409301	11.483585	-7.287326	2.578585	-27.317026	13.556940	-1.439083
	16.807745	-34.759421	21.428015	61.860391	-10.714534	9.840444	2.242797	1.927460	29.218583
	-0.957590	-17.283441	-13.119628	13.274231	-24.736337	-7.655302	28.995078	-29.161483	39.311929
	1.499547	-45.265066	-8.470387	30.252067	-47.260459	1.145572	22.879774	-9.421199	29.631603
	26.640196	-65.777946	-35.304494	-7.494702	-64.771545	-0.066499	14.470614	-34.028017	-4.232564
	-3.374337	-77.802255	-25.244146	-24.681558	-88.708152	-2.150641	8.484868	-50.721380	-1.713217
	-5.320533	-75.739594	-28.523740	-20.551652	-81.566839	-14.535441	24.366955	-49.792905	6.150475
	20.931362	-51.014400	-10.656887	-16.962605	-33.884922	-19.616496	29.157270	-13.742742	-16.095992
	27.305764	-21.798333	-1.226133	30.587614	-28.843677	6.163553	58.779085	0.551974	16.262260
	41.781109	-37.329588	-41.230461	12.455303	-59.528805	-9.087169	57.030930	-13.321893	-18.763688
	25.859772	-7.489155	-9.900994	3.406448	-1.127766	-3.428061	55.460690	-26.636921	12.213185
	3.733952	33.675398	-33.173025	33.074966	-14.212844	-13.723669	47.799586	17.885331	-20.103470
	32.162385	35.786101	-14.778451	80.547031	-6.620038	10.827435	81.046064	45.341403	-27.744391
	6.283250	-5.386509	-13.855237	99.984516	14.723495	19.233424	93.803298	33.228934	-26.761496
	25.733575	21.326749	25.238775	90.526722	16.112800	34.818121	65.745666	63.447889	60.904323
	4.305414	42.160526	6.140332	72.939460	0.191137	19.833119	22.060229	61.975644	-15.784866
	14.091297	39.453157	5.055927	95.030627	-14.221616	42.067432	59.866786	77.867281	-7.996241
	11.353102	27.672667	34.831719	131.169426	-30.040539	57.335841	53.952893	84.958455	-21.873433
	12.142723	16.158298	18.839541	119.122367	-44.146789	50.195329	64.632652	53.164052	-39.606486
	4.150094	10.775174	10.768846	109.723348	-60.467504	21.287005	60.309925	51.856568	-40.511519
	6.428701	17.906476	-9.792056	67.096279	-45.652930	-18.099692	56.599225	11.009730	-54.539558
	-14.380180	30.222099	-33.290603	35.148057	-24.607159	-11.957859	49.927336	-6.502557	-48.636661
	-8.549211	20.608579	-68.497388	16.687255	-28.862140	-40.266654	34.066663	-1.378615	-121.117025
	-8.648741	-2.395272	-85.475916	-34.097190	-71.369540	-50.252228	16.820332	14.439755	-108.317008
	-31.959591	-31.536089	-52.286068	-23.226817	-62.116046	-41.500765	-55.609700	19.848275	-89.222517
	-25.947565	-44.093006	-21.219605	-24.826141	-16.194198	-2.864849	-73.580455	16.799122	-24.778987
	-37.241917	-72.854781	-17.476080	-59.756919	-26.853572	-5.497351	-68.292825	25.520672	-13.163560
	13.078890	-72.477948	31.094532	-50.352458	-8.418231	39.212577	-72.936959	-0.340687	8.981414
	17.205079	-61.159772	44.582552	-32.425849	-17.469314	13.679575	-4.554274	-22.953737	41.823445
	11.904814	-62.258274	23.058517	-4.674543	-44.792292	-13.316831	27.346124	-29.787341	16.312193
	13.755575	-34.351970	42.978624	23.679066	15.156393	23.603035	42.765046	-12.742560	51.045520
	19.008162	-26.648785	25.423025	16.183773	8.585025	22.948104	12.613198	-33.738400	13.791885
	30.169830	-43.301935	18.032235	22.878315	38.297401	5.407424	30.242157	-30.542462	32.515530
	17.795788	-35.407461	33.874308	15.984587	25.865676	-0.333001	39.077867	-25.877584	42.632229
	42.000052	-24.572453	49.079311	13.342892	41.040785	25.454365	29.147887	-21.473665	60.738950
	17.320995	-42.120077	4.986931	7.975917	5.760753	9.917324	14.598220	-31.983740	13.194295
	4.637653	-29.850794	-0.831152	10.135668	-1.963387	3.404787	-0.045028	2.575200	-4.865535
	-17.921168	-36.239679	-26.645608	-11.809577	-4.622013	-21.116405	-7.198450	-20.985610	-8.446586
	-31.439743	-23.415298	-57.041095	-13.547566	9.273983	-24.864241	-20.542846	5.314099	-39.935172
	-14.432453	-29.076615	-39.531678	0.590785	6.358898	-41.033652	-11.497257	0.262248	-21.797402
	-19.614975	-2.525422	-36.358222	-6.514588	16.299417	-14.875164	-25.776208	10.223250	-9.842912
	6.997937	14.104755	-28.808079	20.826530	26.267396	12.537250	6.078838	-13.524656	-3.050444
	-23.251717	53.208806	-9.370685	-12.328275	53.584901	-4.217366	18.323280	-12.032495	34.778353
	37.200952	67.938819	-6.682616	53.056511	83.839797	0.606573	21.632689	28.598000	14.071879
	14.697652	71.631846	-6.161012	73.658801	93.336637	14.682376	39.200958	35.061722	29.378881
	12.393272	99.004389	-25.918831	102.404880	123.851559	22.199903	50.549850	52.705811	12.558323
	48.853741	101.645135	-20.703915	68.119566	101.494784	11.887460	30.375411	49.294768	-14.388524
	25.446277	82.717439	40.557773	59.468151	114.740112	21.010707	64.468625	29.358450	56.650096
	52.408183	103.604960	30.022217	89.179403	130.660205	12.176981	74.543507	27.825629	39.762919
	36.828962	117.411693	11.850888	84.468627	167.617854	3.643528	81.219043	61.772291	66.264879
	49.570076	120.724521	-21.589236	102.530553	113.813674	36.966243	68.795862	69.843773	10.385989
	39.915416	107.863874	6.740313	75.242940	106.942250	23.106731	44.325338	62.126094	20.016538
	42.245923	110.630847	8.826733	64.699541	114.536445	32.001733	37.591890	54.191915	36.937461
	44.539085	108.424753	54.319945	77.825180	123.696138	51.115333	40.733406	43.088296	65.419647
	38.308921	83.124367	78.256343	34.045420	101.033168	76.625564	34.857214	40.450448	79.056179
	33.226057	59.599850	47.773907	30.012448	81.674522	57.283058	15.435400	35.512492	54.397779
	45.227702	55.267876	10.570566	4.174840	28.805991	23.371523	6.242190	18.930764	9.028226
	-2.797312	26.630982	-14.379531	7.471536	-4.199269	13.028404	-8.180382	35.302589	-35.181414
	-0.882107	10.274241	-49.712074	22.599180	-39.116851	-25.636241	-6.100331	25.989636	-50.334651
	17.067305	-44.517344	-38.539943	27.054797	-19.656723	-24.979915	34.122258	-11.922481	-1.726982
	-8.215026	-4.856916	24.825308	-6.564727	-23.525491	20.925166	-4.778407	10.701768	-37.476356
	-15.355584	11.530511	-11.335750	-7.430477	-29.803755	0.614977	-12.598389	17.337548	-56.514652
	-37.247213	53.920703	-53.631470	7.085982	-17.980917	-10.810455	-18.081604	36.457091	-88.599259
	-47.225089	23.844662	-56.816128	-25.859458	-26.437034	-22.645117	1.265130	15.866687	-76.653135
	-19.245660	-42.828348	-11.167800	-34.399612	-19.555551	-20.589742	-26.814430	-7.548847	-41.113361
	4.107457	-51.442758	47.743159	15.722762	-5.134769	26.667011	8.551950	27.516354	-1.214328
	-6.838133	-78.943934	15.038803	-6.047539	-18.144475	4.884510	-2.561219	-29.399803	41.070583
	-12.298540	-69.051839	21.630161	-32.535236	-19.791637	22.356519	24.414337	-44.284264	-11.905380
	-20.309597	-98.198550	64.437164	-52.407826	-32.104720	16.834547	-4.790702	-59.906646	53.921309
	10.290900	-69.860340	56.196268	-48.306744	-22.145989	11.276049	2.101146	-79.373246	74.270863
	-0.161569	-76.349446	74.769521	-57.176093	-13.867398	13.709601	17.499327	-53.445637	90.332911
	5.306318	-86.629424	90.385243	-38.516001	-10.492347	18.476769	28.544486	-65.359856	115.069414
	19.437045	-70.420744	88.381607	-15.423949	-18.752624	32.436815	21.601216	-59.886824	95.243825
	14.080627	-50.819017	54.516331	-22.699082	-32.574518	38.896835	1.734181	-40.680381	64.981279
	-12.048287	-15.385969	51.605804	-16.063580	-35.378726	16.586588	-2.830696	-7.016627	-0.117765
	-29.728202	-30.730087	-17.909712	-46.278942	-65.382577	-18.385727	-23.667711	-39.682398	-27.756846
	-13.943323	-12.903974	-26.554655	-36.005737	-80.898823	-11.377670	-24.480219	-35.728925	-49.387495
	-0.037882	-5.823622	-8.765016	-16.523429	-55.373049	-31.818702	-18.930997	-34.677246	-31.670409
	-2.983602	-19.305672	-28.478715	-35.614087	-27.427763	7.451038	-25.639131	-35.925463	-15.680106
	3.521771	-18.940461	-29.423005	-29.385439	-56.686671	-3.495118	-22.665708	-49.834067	-43.430146
	-21.275878	-25.660802	-56.545561	-43.951424	-50.551731	-15.417437	-17.012724	-21.811141	-42.245971
	-6.049488	-13.502690	-66.043075	-22.610497	-80.583608	-15.287814	-24.343246	1.957388	-57.678644
	-40.438663	-16.969020	-34.199858	-59.828593	-64.806191	-2.561935	-54.314252	-15.502917	-56.221332
	-44.040782	-38.145945	-25.574609	-56.106176	-92.411213	10.307157	-55.716711	-4.390067	-30.478675
	-28.251847	-70.465276	-0.149211	-56.535978	-67.700445	27.595172	-42.234948	-19.452227	-28.872847
	-17.628172	-63.439076	6.526730	-52.575627	-76.420069	28.575879	-66.899604	-41.668415	-25.000403
	14.061341	-81.961076	8.344687	-20.675002	-41.252319	12.888294	-19.741273	-22.103293	-12.916386
	14.222315	-86.877898	-1.926785	-28.112651	-38.676866	10.180828	-2.926684	-40.325418	20.515775
	14.160483	-54.225313	11.281270	15.236374	-40.236098	-7.552507	15.988053	-37.493523	-4.854078
	24.421916	-45.115850	-15.465167	7.349136	-44.905996	-32.536370	12.660230	-21.269331	-37.808456
	36.090192	-24.209828	-45.338856	34.830123	-47.674334	-40.180468	9.528978	28.064527	-11.072113
	9.553818	-20.263228	-52.635135	68.500055	-36.006591	-26.736501	39.546330	41.865201	-41.733032
	19.739891	-13.299071	-49.924829	64.230755	-39.741305	-14.406847	8.006786	71.099179	-16.635022
	-18.568135	-30.237376	-59.950085	42.557673	-67.296156	-36.416519	24.465965	53.173472	-32.757466
	-18.517903	-20.726176	-56.683047	20.947581	-65.411338	-28.458245	11.660018	55.948001	-43.861673
	-5.481774	-30.319008	-34.338690	18.292790	-78.205759	-24.477456	1.334978	42.924075	-58.832957
	-27.350751	-4.863988	-69.781759	-3.552708	-62.964611	-45.787765	-28.439825	26.307480	-66.630974
	-22.060612	15.115333	-60.943914	-12.074647	-50.790226	-12.401266	-15.899091	28.055576	-93.421737
	-33.411466	38.242975	-57.733697	3.517427	-56.010216	-11.707004	-21.036380	53.867244	-90.569436
	-20.260603	41.543732	-21.444688	22.019903	-50.538972	19.429999	-27.887994	14.352608	-52.199325
	-30.520755	52.600524	-29.996981	16.862553	-64.432010	8.756282	-42.379909	49.017161	-50.904571
	-20.965472	51.844704	-60.194214	17.724094	-48.594302	-0.553517	-48.134316	76.084053	-71.909075
	-22.630536	66.369917	-35.531360	38.792061	-31.838603	-19.213459	-52.411595	62.671718	-86.066323
	-6.778509	55.800587	-29.809455	49.778639	-32.250708	11.024888	-30.638592	78.218628	-28.717067
	13.898000	51.083180	-36.151683	68.320883	-25.627801	-3.316992	-25.859269	89.796280	-18.173819
	-15.881425	72.555640	-45.417949	66.422497	-20.682340	-9.484513	-13.530954	92.958555	-24.787934
	15.699235	93.425562	-55.295431	65.548581	16.721241	-19.431297	9.162481	80.314919	-14.826640
	22.594670	104.173222	-47.019969	67.697421	26.220742	-22.053304	-10.361619	90.785739	-11.822043
	17.967240	87.307031	-46.216854	48.127047	47.403443	-56.921316	12.049330	76.086540	10.196570
	28.093169	70.035692	-33.999896	20.050144	45.824765	-43.693191	-7.113882	54.900629	5.124488
	23.546704	72.502563	-66.464726	14.061078	44.723441	-35.287802	2.254741	70.731695	22.352469
	-7.137619	84.806217	-48.064094	15.215380	64.800160	-33.347918	-16.749008	52.432080	-5.823929
	15.541050	83.612789	-48.457687	-5.886108	53.316573	-42.894613	-4.683347	60.030261	5.540950
	-10.572920	74.296126	-23.768524	2.832964	94.305101	-9.696973	21.019488	23.626586	39.513089
	-1.469588	77.496795	-3.950829	0.528230	92.507451	-8.695330	13.470032	25.137441	33.192188
	-6.978499	89.027213	-14.088999	-6.039216	63.494997	-1.839816	-14.479987	14.330482	0.084574
	-10.462430	95.003040	-9.408067	11.278746	74.046039	-12.399626	-6.277685	2.806502	12.817211
	0.021334	87.362305	14.352971	1.762832	90.297274	-13.903822	-13.753433	-25.572675	48.635865
	-11.511160	87.343556	8.827465	3.089608	110.382382	-13.184344	6.362466	-5.503057	47.509934
	-28.037697	102.425424	-42.008337	-3.221533	124.242871	-28.160967	-10.880560	3.861933	25.942061
	-0.067216	112.697271	-21.734901	7.794770	121.960325	-10.498227	6.620573	-4.883370	57.473131
	10.203170	104.102628	45.377091	-13.690915	135.055660	-6.763918	-31.690411	-27.858491	78.770773
	-10.825526	123.294078	-2.482850	7.197080	127.673204	-22.647256	-29.853471	13.864213	55.397899
	-4.107703	116.496072	-26.809728	31.821302	113.280234	-29.133855	-13.817103	36.091458	49.623187
	0.371176	101.767436	-41.961075	28.545389	102.140665	-52.388587	4.238255	23.199198	11.450203
	1.961071	95.566371	-11.582922	8.567479	100.745122	-20.717859	-6.830775	26.970613	62.151588
	-15.466321	107.324917	-3.586165	-4.478151	87.943576	-24.518759	-8.978453	-21.435006	41.581418
	-14.235291	107.953795	-3.932626	-14.019684	119.264436	-26.100610	-22.568525	14.920865	21.670851
	6.643498	75.204854	29.093457	-22.641983	66.796584	-7.353338	-21.528206	-32.550246	80.553562
	-8.689378	80.095885	36.495919	-15.621858	95.040352	-1.454896	-19.205359	-17.864879	75.857818
	-16.186531	83.266297	18.717087	-8.316184	58.958534	4.883635	-10.412156	10.724843	36.246849
	-14.030157	79.227776	-10.165660	4.474260	51.527067	10.637336	-13.484432	21.055837	32.713116
	-20.451812	66.399044	15.365810	19.812622	51.329535	8.471566	14.039258	13.306823	33.841045
	-8.347804	27.441610	-13.273357	32.938264	26.715455	0.594227	-1.851797	23.799381	3.053383
	-5.305038	-28.747434	16.040213	3.659936	29.221349	20.895353	-2.930717	-2.543726	-1.383166
	-3.396915	-23.282015	4.523380	18.758108	-5.016743	17.104851	14.806027	20.218013	-16.988636
	-6.068005	-39.026152	-23.919621	5.336566	-22.177190	-12.606106	-28.016021	19.025425	-77.118818
	18.952385	-37.184584	-35.120859	51.134784	-34.114559	-12.499078	22.216308	67.976628	-100.587259
	18.973703	-59.860710	-17.533553	38.629754	-48.642348	-2.739791	26.019764	37.357538	-91.126531
	25.113182	-34.794398	-21.675362	40.331950	-45.114130	-11.827766	31.017422	42.546188	-82.190171
	23.930565	-40.034594	-7.726881	47.073752	-61.346311	-16.908588	18.296245	48.081144	-95.693205
	20.962832	-52.847431	-22.596397	28.470013	-84.000276	-11.542247	6.959381	35.673091	-65.827237
	-0.898960	-82.523030	0.439617	-6.214473	-97.443565	3.323037	17.726334	3.374284	-43.007196
	-31.501978	-53.668260	-42.000920	-5.193885	-82.853048	-12.141480	-25.861553	0.368641	-95.789482
	-5.039920	-57.708654	-13.493417	10.563522	-96.335251	0.737089	-1.198608	-0.487739	-60.296280
	-20.903608	-78.907927	18.592683	0.893716	-55.275416	17.947363	-1.908659	1.192279	-32.622047
	10.672248	-69.183562	44.008960	-0.760436	-51.585140	37.522254	5.688220	-11.524038	-36.470949
	-15.656803	-45.483562	-2.905577	-10.166548	-63.616909	15.640248	-27.071206	10.976554	-108.343360
	19.171108	-52.109388	22.322361	6.813851	-57.970292	12.390570	-15.884304	-3.588495	-70.556261
	5.201753	-61.126688	14.119852	2.741745	-43.843260	17.457087	7.723765	-15.727823	-61.287386
	0.875394	-93.746094	28.415075	-30.163988	-42.538474	18.588019	2.416196	-22.594897	-15.369087
	-15.133648	-68.802028	-0.348037	-2.501796	-15.304474	-1.097910	10.662461	-9.645045	-48.949258
	-16.278525	-74.697883	-22.694687	27.269904	-50.416568	-8.097675	23.931602	-11.799073	-36.525649
	-10.594414	-61.342075	-25.439032	14.840058	-56.589323	-3.465477	26.920165	4.066777	-55.629763
	-18.722934	-108.123605	-30.834951	9.021336	-71.786623	-9.664884	43.096964	-15.085300	-56.842919
	-12.353430	-96.995591	-24.691950	-6.206576	-65.935832	-31.960259	-1.842689	-30.270876	-20.524177
	-14.117151	-94.608910	-4.772727	-18.557543	-60.761725	-20.450996	-8.307608	-36.642502	10.566611
	-16.574645	-89.014704	4.332735	-43.010078	-20.108959	21.184410	10.820837	-41.000720	28.833026
	-3.587190	-61.583651	21.562147	-13.946922	-18.830512	15.396908	-26.921447	-50.144752	76.568369
	-34.178228	-47.906526	20.641915	-32.838886	29.065406	12.238209	-28.577921	-35.024802	88.710968
	-12.259626	-44.326246	27.141048	-57.107807	40.276285	44.738265	10.963428	-51.921305	63.807573
	-33.781272	-21.809474	29.169214	-65.690791	45.290083	33.787493	-33.064765	-66.594473	76.376152
	-44.718014	-35.499386	40.741441	-66.455401	51.539381	38.549433	-34.890047	-72.548806	115.960136
	-11.513476	-52.084536	65.040231	-51.901869	56.318453	38.938567	-8.889756	-88.921146	157.056876
	-1.686556	-46.752775	48.277255	-15.448756	25.301567	33.551057	13.317205	-58.591007	103.855937
	20.732503	-32.403110	52.689790	7.013339	31.913613	26.670316	43.924813	-55.110372	79.869149
	11.430314	-10.921471	12.761843	-0.194502	33.860730	8.133509	10.669974	-49.818443	57.310711
	27.969580	-23.220652	12.497334	-24.148483	15.802089	18.370343	-0.274852	-37.220250	72.174038
	7.043634	-27.511704	23.499000	10.481476	36.165430	1.115262	-11.842543	-48.328399	47.659216
	24.370905	-13.320924	-21.771835	7.389399	49.182530	-36.293682	4.051068	-41.640867	39.602267
	7.264618	6.033680	18.449184	8.271057	60.832892	-34.777058	0.038769	-47.775083	81.718828
	6.212008	1.336847	-14.295594	-14.622413	59.623207	-45.178778	-23.968181	-16.657153	47.158683
	-17.599358	1.597537	-33.367375	-22.484052	59.551723	-31.474250	-35.328327	-4.967645	55.442046
	-44.898909	-14.894893	-38.844191	-39.057732	22.932782	-37.340691	-57.797293	0.164204	40.114093
	-44.327023	-8.231245	3.263192	-71.546408	5.079329	-19.363346	-91.195938	-34.139279	38.800635
	-15.442451	-3.706366	7.243386	-74.110288	8.425992	-17.216239	-82.320811	-37.224564	31.842553
	-17.893037	-17.358712	-1.152254	-60.147788	14.174933	-38.037800	-54.082722	-14.459596	33.703140
	1.342693	-20.504118	-6.831235	-44.971101	15.075972	-20.884149	-20.122154	-25.327566	-0.585572
	-6.138006	1.500986	9.210375	-34.027398	26.797517	4.906336	-23.231607	-44.101705	20.149729
	6.538491	17.170944	22.713420	-29.644191	43.383855	-15.796215	-13.953080	-14.164140	30.180144
	1.214802	26.828977	18.274656	-20.242836	50.190910	-9.973684	7.363165	-24.391299	19.025831
	11.369350	33.017828	26.270460	-13.740552	39.157432	-13.708768	32.523989	-44.867113	20.027424
	31.555559	6.974614	43.700911	-7.606992	61.656686	5.116811	2.188292	-51.308022	72.675968
	45.485688	-4.863428	64.950160	-0.929780	58.980961	18.623238	19.553146	-56.551224	68.598490
	14.990175	1.378307	43.110786	-4.250990	24.084013	9.303187	29.887062	-28.868486	62.522543
	30.132112	-1.583328	62.437143	-1.420313	12.768535	15.271252	9.993477	-23.462803	59.435756
	19.685604	-16.643014	27.260756	-17.668972	16.105016	13.807686	12.396089	-29.738913	53.067004
	-2.090073	-34.981469	19.200884	-22.608740	16.308719	13.795734	-40.203818	-36.804693	43.572547
	-27.601350	-21.756126	11.859377	-3.640913	28.666468	3.049502	9.584204	-4.966675	64.593458
	-18.165806	-18.302295	9.307314	-27.136174	-4.767452	-30.538551	-4.399046	-19.856922	36.437778
	-20.057197	-25.940727	-10.262230	-25.703630	-27.094742	-27.070652	1.337647	4.497118	9.544328
	-5.663128	-48.111500	9.404235	-22.349514	-29.774756	-10.904566	23.653041	-5.819329	14.204077
	0.717559	-26.840779	7.366077	-3.991904	1.990227	-11.904758	31.651818	-1.318742	7.524833
	-8.316425	7.626669	-39.041963	2.703858	22.012363	-38.548426	15.180871	-3.381758	4.172710
	21.752208	14.771149	-52.228654	-41.487550	12.130850	-19.985059	-6.726544	-13.912880	-26.584342
	21.380687	10.761350	-61.826146	-52.143808	5.690849	-7.365892	-9.072055	-23.594908	-20.561892
	-2.032660	-10.543175	-19.750155	-60.287228	-24.603553	-19.078804	-21.397520	-29.597443	-34.803907
	19.169785	-15.807059	9.245765	-27.020410	-12.495975	7.915773	-29.714556	-8.821754	-16.670635
	-3.705703	-11.158241	-18.397610	-32.009393	-24.593514	-3.159867	2.278748	-6.499619	-1.845804
	25.917611	-26.960698	-8.006916	-16.412359	-43.817631	4.614621	20.505186	-70.205958	-22.400965
	-6.177598	-14.718249	-34.404647	-11.465852	-45.999538	-3.678461	20.698654	-46.536879	-5.038774
	-22.303703	-33.895515	-23.550849	-25.968170	-38.831966	-31.388104	34.793184	-24.379472	-7.235953
	7.823906	15.140538	-15.876922	11.107558	-5.240552	-5.915101	28.975670	-4.124986	-33.152751
	15.513338	23.234211	-9.107672	36.839366	-1.107450	-7.736852	26.616327	5.388351	-28.046877
	-0.456272	13.431397	61.099924	25.342623	9.010684	29.513900	51.210559	3.117441	30.151727
	19.332882	9.150912	21.275671	6.968731	-11.105229	28.721475	14.505720	-1.069017	4.432565
	27.797839	3.072699	47.477300	14.708381	3.054276	25.539734	14.732385	-23.908647	9.186365
	14.938066	-16.407282	40.987608	1.858222	-45.954173	10.207950	-2.901946	-26.194866	1.314985
	18.090716	-16.719374	-2.253684	-5.776381	-15.372589	2.288721	-15.233874	-18.182651	-17.983719
	3.430815	-17.157795	-8.665189	6.462236	-21.891554	1.734861	-0.198233	-16.270487	-11.093813
	5.425028	1.507858	11.119726	11.616887	-1.600268	-15.833557	-5.612899	13.545890	10.177712
	11.034014	24.639995	-15.126036	24.208488	-0.834844	-13.620962	-28.311139	39.019330	-20.920864
	-1.566749	43.606531	12.690578	28.807532	14.227472	-13.964737	-25.459284	54.424281	-15.332065
	-1.721209	55.981790	-2.566806	25.197679	-12.194497	-9.291324	-58.282682	29.130113	-16.925393
	-1.088347	31.367691	-33.450381	3.990798	-30.039947	3.703490	-36.678796	47.374613	-33.217031
	16.999969	-1.704152	-7.763042	-1.789246	-35.137104	-14.645697	7.623045	30.268928	-26.257607
	-5.059074	-19.786043	-1.991541	4.171605	-44.260468	-2.494097	-16.419301	15.061342	-20.600944
	37.080612	-16.820471	-3.666701	-5.355702	-24.696934	-24.074683	-4.402419	1.388355	-40.666533
	26.446766	-8.935016	-9.512666	14.697559	-14.868968	-14.636883	20.196132	-11.655837	6.174890
	25.705965	-7.042384	-2.782539	5.887591	37.125253	0.953243	40.325536	8.607685	24.663581
	27.296963	6.733301	-13.189587	13.903023	15.928219	-7.891260	35.333307	-4.158044	-26.981114
	38.008824	14.758970	-11.940621	22.141189	9.596544	-26.826061	58.490783	16.790320	-29.452583
	26.115218	16.090510	-18.943403	14.838079	0.696502	-31.125391	50.602650	-11.125786	-29.411930
	-4.930307	29.804714	-37.198764	10.985159	32.730310	-47.917769	26.076384	-14.182797	-28.435328
	3.702050	30.197573	-30.831785	17.843793	54.248770	-46.686612	50.479332	-8.738411	-22.814412
	1.126961	40.431451	-53.979983	7.777092	81.518867	-42.820784	42.759322	-14.706118	-17.799445
	-5.229082	33.103981	-33.010260	37.711889	95.438250	-37.845187	42.319275	-4.087126	-33.217775
	-25.938010	-3.176718	-39.451757	17.872336	61.171767	-36.999258	38.545937	10.427120	-26.210115
	-44.493814	-48.545920	-39.555547	-21.844446	10.559094	-34.131717	-10.255941	-18.285793	-31.884570
	-41.473313	-66.183289	-11.018737	-28.713711	5.465728	-35.592630	0.416531	-2.922364	-55.550873
	-31.078825	-51.488927	-29.290891	-31.651162	-13.059174	-44.960041	36.089213	-14.321489	-31.498077
	-20.676221	-44.794095	-22.170038	-31.326139	-21.379850	-30.259610	15.723343	-27.858042	-45.142252
	-6.790948	-29.295416	-25.515286	-29.259817	-48.212797	-23.253371	-1.428503	-29.114539	-69.918852
	-5.768428	-56.506801	-11.166318	-39.968683	-54.602954	-58.234739	21.981684	-47.985787	-51.234484
	-9.427455	-41.785017	-35.908252	-30.972680	-67.480541	-17.478254	-7.329676	-36.555074	-73.233931
	6.514524	-24.727645	-25.915368	-36.083587	-42.901063	-23.586083	-18.138118	-14.212113	-95.346670
	-9.862221	-10.467976	-32.608609	-22.514556	-24.093237	-21.801674	-6.669631	-3.918301	-101.723724
	-23.112004	2.383643	-40.973046	-6.445918	-17.743279	-9.819784	4.630964	10.362939	-81.688934
	-7.249472	-2.663392	-7.360053	-10.067864	-28.904050	4.753783	9.019952	7.929006	-68.693777
	22.066558	-19.178957	8.497077	17.205167	-12.163448	8.882687	8.094366	-5.207830	-17.818501
	22.695844	-35.587362	64.866649	6.222568	-6.751704	28.861118	9.554143	-1.551453	6.683914
	30.778912	-29.640437	11.207801	19.038067	-47.855696	50.736192	24.853487	-16.121694	13.462801
	31.792704	-46.595591	61.529875	17.867677	-6.923522	29.835393	36.915289	-29.941446	28.124329
	12.344237	-60.347372	57.671346	-10.499573	-26.856310	37.195250	19.538132	-39.815779	25.190066
	19.104777	-67.223605	67.131280	-32.449449	-6.996338	41.863666	9.894539	-43.262352	77.831565
	31.638853	-55.364757	64.132668	-15.980349	7.417894	51.495544	8.760822	-26.418423	115.071885
	-2.449681	-23.902810	32.206749	11.184249	-9.144078	21.609159	10.065049	-16.179719	-6.100455
	-4.616303	7.788758	9.809743	22.643114	-9.671011	18.917889	28.266995	17.052098	32.241235
	-23.791766	19.141378	6.476014	9.665204	-48.989514	4.934426	-29.082374	29.095809	-74.140710
	-12.547446	14.725311	-19.247853	-3.171857	-45.390579	-6.875619	-30.214895	30.020566	-81.027521
	3.375353	15.691195	-23.168646	-9.329794	-72.640390	-6.700531	-34.507801	29.524924	-44.556902
	-11.799263	24.512275	-28.435082	-22.347791	-42.422252	-27.190907	-11.585902	22.423434	-68.008301
	-6.446934	22.994509	1.613778	-37.816467	-34.192958	2.588916	-17.443879	6.344319	-52.970171
	-5.356308	25.125907	7.720012	-10.113352	-15.093367	-0.546129	-11.598598	7.373424	-53.013798
	-7.765854	29.162704	1.012297	-15.364405	-34.158669	25.905588	11.235396	-3.407518	-66.878214
	-14.659562	51.503122	-2.042236	46.683946	-21.057813	17.822014	28.445784	39.665459	-76.631053
	-10.382131	42.971831	-39.276364	43.913308	8.396118	-17.874489	41.651327	18.499127	-88.994670
	19.037265	103.922269	-9.165315	46.246225	27.057286	45.082283	42.150930	38.742327	-24.946202
	27.477836	38.984553	-14.946433	11.393859	13.603205	-1.273127	-11.777230	-2.019998	-1.913007
	-7.682648	112.371781	11.325111	-16.215306	11.728475	12.098128	-5.771901	34.946112	10.254970
	-0.589652	76.258297	32.892538	-1.763749	-31.607296	57.580190	-26.685545	10.082834	25.043854
	-0.334309	47.718203	20.544395	-7.264412	-72.269972	29.467213	-32.278018	2.617090	21.813408
	-30.898886	35.756651	-14.198184	-57.901411	-70.069730	-8.673045	-47.354626	8.992952	-17.024020
	-21.824551	11.384305	25.492902	-62.729699	-39.557774	4.618132	-51.072978	-21.414213	22.722502
	-13.993615	25.635458	-64.356994	-34.532533	16.880431	-34.490365	-30.004867	4.098284	-13.231049
	3.888633	-33.304863	-57.661189	-34.346195	-63.529554	-43.120439	14.143415	-36.453630	-70.951519
	-15.534875	6.188800	-27.743548	14.970335	-64.503395	-22.149959	0.178824	14.071163	-39.275803
	-5.190221	-50.309985	48.545335	-71.431415	-0.799117	32.274830	-22.022151	-38.382600	51.622286
	-8.282067	-61.421866	66.922677	-18.912343	63.384625	7.189276	-1.269232	-36.624083	115.314656
	-23.544718	-68.457031	1.285441	-23.031334	-38.117381	11.924529	-32.080483	3.804906	-8.589886
	-19.767319	-36.480467	9.802913	-15.214102	-20.290844	-6.376187	13.982616	10.449700	40.427352
	-40.812846	-28.175775	9.455952	31.235863	-45.437342	6.905089	-21.490770	46.049099	12.184523
	-18.257933	-0.229622	11.323487	18.568814	-60.616885	18.842493	-3.200532	51.020546	-17.216504
	-13.348443	-30.597822	24.264184	-44.660745	-55.785427	40.780231	-53.714994	36.576681	-19.247881
	-8.813741	-4.765258	37.008919	-3.710835	-31.610511	63.838724	-46.116272	52.143659	-26.163067
	7.373489	-53.540511	49.000275	-77.491600	-22.229256	40.827869	-51.358260	-20.804119	31.891874
	-8.123506	-41.033015	4.924384	-83.818259	-53.019276	21.138162	-49.218270	-65.524386	-21.684889
	10.031768	-29.884745	17.950563	-19.113407	-31.415840	17.328399	-29.116753	-27.206207	5.857242
	-11.563147	-14.286745	-31.757813	-38.395499	-13.608463	-6.022031	-14.554401	-1.493249	-37.388383
	-2.813917	-4.667875	-35.422890	3.963025	-19.789924	-4.539842	13.239595	-23.329020	-58.721042
	15.727535	43.574204	-47.664063	3.273319	13.484953	-6.054103	6.736789	6.409445	-83.959282
	38.193742	60.033717	-20.476197	28.903443	1.843792	21.959624	6.873133	15.706616	-45.206226
	39.338260	50.622871	-31.449959	31.982902	5.416127	-16.192463	0.269286	7.145602	-15.798320
	51.265911	33.458335	-6.799430	56.481302	-14.683926	24.080026	2.949773	10.017126	-15.173761
	52.060263	33.921392	-26.814024	53.363151	2.275023	13.356366	25.011877	4.589819	-31.327041
	58.356090	31.675190	-51.485108	57.230269	4.302529	-1.050919	46.220006	1.080378	-11.998066
	54.367758	30.199831	-19.090513	59.320935	35.122603	-15.437383	33.254201	2.029443	4.300754
	54.275570	26.805806	-20.712734	40.874297	18.272078	-4.219126	-3.035355	22.180903	-6.628007
	49.237727	40.907986	-42.751101	44.090781	24.620209	-4.235836	8.762398	55.159569	-26.467496
	20.703985	58.578851	-38.142462	42.666169	8.904492	-27.059451	27.847732	47.882631	-14.865785
	47.626834	81.250477	-8.664100	62.780413	45.180927	-28.477898	-2.251651	50.394593	48.389783
	24.832137	81.928317	-13.853964	52.676433	40.570007	-0.380870	8.105698	49.436025	42.507503
	14.283527	93.794375	-6.137472	46.421756	29.572359	-9.954814	19.915856	55.580900	68.956870
	13.710111	86.602849	-10.223983	70.820863	31.568915	-13.237624	-8.216759	48.379881	50.843303
	13.365346	85.878635	-22.102882	63.059002	47.180518	-5.896338	-7.803353	39.793568	35.812045
	19.898392	84.169130	-3.595311	72.238786	36.189964	3.466242	0.859693	53.310614	81.292194
	23.851617	75.931008	-0.314469	42.944434	-25.125936	35.712304	-32.319799	15.124730	73.671258
	42.512291	76.626105	32.453569	37.598639	-1.844716	19.776514	-11.792137	7.329721	44.100960
	15.556428	87.243085	-7.962390	53.886927	36.486374	-4.179265	5.417610	10.889425	16.697073
	23.046153	60.733455	20.052917	31.805240	30.687226	4.818877	11.359224	-0.674644	86.168462
	29.774414	71.406704	22.899498	32.188534	40.368181	26.694360	-1.058081	8.477504	82.540571
	22.820905	73.272233	-9.894674	20.893991	57.913149	27.679126	-7.436786	-1.009399	51.400274
	31.596368	65.954669	12.372974	-7.795401	26.354038	26.901981	-11.708610	-4.922676	26.152448
	31.890603	40.130926	-10.950017	-8.597535	-8.939610	32.620084	-38.657123	-5.313910	28.810317
	-22.316381	6.793615	7.433380	-57.389578	-34.454162	40.197252	-62.561386	-29.512599	50.748693
	-6.259781	-7.333258	2.994318	-65.210493	-25.821417	40.064219	-74.302930	-5.809757	22.461682
	-4.474050	0.092960	-10.520887	-72.464673	-26.545773	13.880331	-96.551932	7.231347	15.469241
	-38.848465	7.912898	27.086880	-92.041875	-7.030373	34.669021	-47.671379	-16.735687	33.516076
	-31.842288	0.128379	-6.329663	-69.825758	-32.258125	20.822879	-39.136613	-28.418508	6.716554
	-13.835396	-13.548012	-13.144189	-68.033199	-63.156936	19.141572	-42.884022	-21.090334	-35.339929
	4.413577	-11.200370	-33.807432	-37.910125	-38.299100	-5.386285	-10.958410	1.992276	-38.517435
	15.215846	-27.654054	-53.068094	-39.763796	-48.782480	-28.294607	-35.543202	-12.394931	-78.947099
	17.330929	-32.352141	-20.618305	-44.100603	-32.689610	-2.726334	2.368041	-20.542071	-28.597003
	12.352867	-13.527819	-1.616907	-12.282017	-24.381423	14.149819	21.930651	-3.469443	5.004768
	7.200420	-24.871418	-5.181098	-6.432732	-28.638912	8.547601	21.393814	-3.562644	-4.826398
	-6.654435	-19.350212	34.845695	30.178529	-21.550987	35.498457	22.328371	-24.555661	6.183344
	-32.468933	-21.369673	17.587510	28.335960	-55.777877	35.505348	5.937250	-18.947138	-21.903212
	6.213219	-0.741146	27.264555	43.108352	-31.489970	24.479199	7.759727	-16.674070	-8.583861
	5.316218	2.408096	4.757829	45.976346	-22.462878	21.769831	5.700726	12.590351	-33.880714
	1.885782	19.477306	-0.263347	38.788848	-45.719993	46.695861	-14.791414	26.717452	-72.208265
	-7.707858	22.185054	9.068955	36.116916	-12.676997	30.311915	12.858032	4.936888	-13.463953
	7.952202	33.688005	15.447106	41.219658	1.798961	17.999313	49.434612	-0.650517	1.285967
	8.346469	11.233902	17.473576	34.795618	24.409958	-25.114488	44.958817	-25.590847	9.160374
	33.133846	-5.536530	14.353575	21.937767	50.696268	-22.637331	35.640101	-52.050576	29.766396
	19.860178	-11.298829	36.858499	2.126743	56.434505	-40.604876	54.858087	-59.279923	93.861832
	56.190771	-18.356711	52.810552	-19.078682	60.177304	-32.795645	33.168701	-61.590759	76.668672
	23.146183	1.704089	38.106804	-13.336442	57.644678	-70.244090	16.197178	-50.707352	53.209860
	35.368945	-13.574740	30.620648	-22.434899	15.897549	-52.510959	4.396535	-64.163678	53.897358
	19.163176	-19.573297	10.848983	-36.287925	-9.408948	-70.047617	25.097297	-56.378871	13.143072
	35.742059	-23.720205	-5.207573	-13.509411	-21.487858	-50.147360	-18.041007	-17.583971	-9.135673
	-5.317481	-25.517726	19.758004	7.332503	-45.830195	-53.805690	20.004799	7.385871	9.320400
	5.087019	-9.450291	9.887678	33.645990	-35.909387	-28.314020	4.591723	16.614504	6.371937
	8.994840	29.323129	1.486991	105.621406	-30.778470	-20.336561	43.302216	53.290374	18.684934
	26.116110	24.531766	-1.651125	124.698520	-23.010599	1.523485	31.130867	67.093742	-10.519783
	20.713309	16.888752	9.621203	97.591419	-52.037919	6.858205	21.297254	65.001414	31.830102
	0.904137	16.466123	12.612863	108.563965	-29.611047	20.809417	44.015716	67.005682	3.476093
	16.395947	10.225496	14.745266	121.084516	-34.267287	9.405124	35.498761	73.793184	-30.937516
	18.729171	10.205625	-20.710501	137.279647	-25.187517	16.564367	78.820676	61.522232	-29.306802
	21.993927	15.468513	-15.898483	128.228016	-21.963438	26.601946	81.478951	95.221762	-32.567648
	7.076648	3.307712	15.205568	121.285204	-10.832335	31.161312	102.536339	91.887044	3.600297
	1.609394	-3.538264	-23.038839	119.243092	-28.911296	1.436871	95.285990	89.805943	-28.306782
	10.730886	-47.573017	-35.869503	62.308302	-21.474384	-1.870227	62.577732	59.815822	-41.810013
	14.794461	-72.572667	-23.532412	6.509627	-18.739712	17.518587	58.203206	23.231275	-9.203550
	-10.439606	-71.359467	-47.728492	7.751965	-16.724052	14.207166	82.268930	21.136869	-16.475863
	-1.922540	-83.227032	-50.806561	-27.551586	6.276592	-15.278667	38.269889	-6.650766	-53.897404
	-12.824062	-83.312534	-62.622700	-25.636278	6.721498	16.494000	40.414716	21.828265	-14.716831
	-11.042448	-87.541948	-43.591676	-20.872281	-5.993989	8.565894	11.397792	13.389677	-31.287744
	-40.701609	-83.678284	-71.245590	-29.496219	38.936327	-22.765367	30.986920	-8.008126	-33.075703
	-33.888677	-69.150728	-37.858871	-4.615500	35.715817	-4.094818	26.847318	20.885802	-17.243006
	-4.251559	-69.696601	-17.662850	-34.860604	56.780018	-27.678614	12.516886	-9.371766	46.201261
	-27.591854	-41.517460	1.790278	-47.700901	89.197283	-16.037774	42.715287	-19.975544	43.791437
	-13.783285	-44.096218	3.228330	-48.272300	112.153853	-19.069871	56.603175	0.451227	34.513597
	-2.625474	-23.261536	16.850428	-30.219205	129.309703	-45.482762	42.773414	-7.775175	43.997682
	-24.428280	-42.229572	3.348914	-43.156855	83.134261	-16.733559	1.156068	-20.453331	17.948851
	-25.112147	-48.134785	2.962725	-51.271031	91.257746	-14.177444	2.159904	-2.689104	22.555089
	-39.577830	-62.944757	-1.567194	-68.246352	72.222210	-9.664552	-0.692723	-24.764254	11.970454
	-18.848092	-41.796116	-15.239276	-33.530330	84.526303	-8.164751	7.058686	-21.044962	2.181688
	-21.407814	-43.306465	-10.869325	-29.811612	53.693048	-17.406759	15.856935	-6.382204	-32.681924
	-34.301640	-51.355222	-39.537691	-62.490026	36.215374	-24.231705	15.399043	-12.470457	-31.193743
	-33.355864	-38.800119	-25.093013	-42.500154	45.030885	-33.857385	5.006271	-23.370934	-14.421943
	-19.505091	-24.127390	-28.002380	-36.182907	33.344880	-23.688986	9.143766	-10.952297	-8.227374
	-21.410665	-35.563498	10.118644	-45.162389	11.984989	14.506808	13.560817	-38.031516	9.941161
	37.876299	-30.724145	6.944496	-34.910422	22.366818	34.071441	8.794099	-50.652488	9.739026
	-2.486783	-41.938784	27.187338	-49.566305	11.765909	9.720507	-11.484871	-30.491080	24.172809
	3.299066	-22.354093	-5.645212	-28.510404	-18.847909	8.286415	-12.813661	-39.343341	-19.807667
	-5.075027	4.064686	-29.847875	-28.909300	-54.709640	-16.299905	-15.599041	-18.307279	-59.505130
	10.893435	27.672534	-29.785981	-1.084288	-54.650228	3.705371	-7.113979	-5.981514	-41.179939
	5.961867	59.797303	-2.346687	-2.332639	-52.350346	26.991557	-27.664579	28.190018	-28.108725
	-11.222544	59.833576	21.303272	15.168621	-50.326957	38.498420	-41.875191	28.115381	-7.027215
	-9.470005	86.045983	0.361148	35.478567	-36.924842	27.911669	8.583536	23.302131	-52.505665
	7.884178	85.011324	-40.901052	41.695750	-32.355125	40.646339	-8.959498	62.829367	-46.485791
	10.054210	65.474479	-41.442767	36.952631	-52.444159	16.630903	-22.376599	53.814575	-75.907853
	11.607488	58.947856	-2.473665	57.304531	-34.658025	33.673787	-19.016906	47.906456	-43.772021
	-2.197535	16.498839	-11.304791	63.896582	-24.420004	9.501561	4.680766	13.967365	9.850609
	12.949121	11.165797	36.689232	39.177067	33.682309	-8.785112	-1.154018	-2.680318	70.297974
	3.416562	-11.416800	8.755643	21.502889	12.234622	-7.242823	-3.127663	1.619214	50.037685
	-6.982497	-8.352306	49.408208	33.090503	31.587702	37.578565	9.350916	-13.047032	50.811709
	-18.855302	-0.976573	59.513758	41.229095	22.786852	23.364043	22.956098	1.372231	68.775001
	8.385270	-19.679890	53.518196	21.387480	-0.385548	1.302182	27.153050	-17.178898	64.871947
	25.895046	-62.338121	74.049680	-27.320263	-4.205372	18.087979	23.736960	-55.240005	117.877950
	24.975856	-90.043599	70.265835	-15.945991	1.846751	-17.335174	31.621796	-73.509818	127.856713
	37.648871	-80.253919	61.819085	-6.343053	4.085983	-27.544363	41.962427	-82.535316	111.757394
	43.614643	-72.751501	52.315961	-20.904734	-3.327926	-42.435832	13.883725	-68.693531	99.963605
	9.228988	-79.318153	30.820570	-52.388814	9.085126	-42.236585	24.818812	-71.032283	101.424502
	-6.145918	-97.034735	44.866614	-43.127104	-15.175883	-24.001240	-23.032851	-65.736998	83.175001
	-25.103646	-97.175174	39.663592	-37.148430	-24.986461	-20.112527	-31.168509	-74.968664	50.044137
	-41.097089	-76.721619	15.259517	-30.158846	-33.234910	-14.090894	-56.359806	-61.600778	-6.215306
	-18.062325	-41.593266	18.338852	-35.466099	-22.497637	-30.342476	-49.123226	-10.657451	-57.140661
	-6.765237	-6.137024	-39.397037	-10.070812	5.002420	-2.488642	-8.454969	-2.048592	-35.021556
	-18.629111	14.274230	-25.817421	2.740223	-7.175577	-7.409601	5.841810	17.304608	-65.227678
	7.458595	-14.513664	-34.293358	-33.555129	-23.048304	4.984575	-51.115134	-15.802048	-44.591205
	11.408822	-14.833898	-21.286737	-23.427013	1.301282	-6.185954	-8.259976	-13.333057	-42.457069
	14.433731	-15.392681	-13.135444	-8.744374	28.113593	16.134465	-9.162905	-16.915197	-18.501633
	16.248894	-28.376809	17.104541	-43.420486	20.353860	11.456353	13.253411	-49.474428	20.831234
	24.600989	-3.329120	38.626926	-19.862017	32.944703	13.799112	31.789574	-36.449440	20.184320
	21.341284	56.688690	-6.404643	37.713345	63.573151	-10.862839	45.970599	13.105799	13.069784
	-22.215342	-0.785514	-42.527547	-13.710966	-6.131115	-42.871084	3.046139	-1.188860	-20.717609
	-3.316684	24.672973	-42.082932	41.275846	43.744533	-43.062149	61.553988	15.301825	-14.047340
	16.557838	18.250405	-48.005107	20.687138	65.914877	-35.173759	8.570166	27.317544	-11.532349
	-35.692557	18.014269	-62.750310	42.344810	11.485363	-31.705064	10.636264	29.314940	-33.556664
	-29.574669	-1.797367	-68.168606	10.045170	-3.979635	-37.176445	-32.257894	23.631524	-49.435103
	-39.168931	6.970881	-85.121947	-3.631207	0.035361	-44.688497	-25.374164	28.288011	-72.842043
	-60.600450	-9.781849	-97.342670	-50.497863	8.552230	-80.749418	-30.488948	-7.102541	-51.037058
	-48.654381	-10.226961	-59.563874	-47.811791	16.873682	-40.021842	-34.631648	-3.149841	-69.074311
	-52.946711	5.036175	-75.145575	-30.424982	22.188052	-43.607183	-36.608954	-3.035744	-67.651578
	-19.696550	23.113143	-57.902423	-16.156372	21.985106	-47.265143	-27.321238	6.413140	-40.047231
	-18.563096	31.365601	-56.190025	5.523025	19.596001	-43.647053	-15.310753	5.027163	-68.588778
	-28.130038	47.308034	-26.340593	-3.991739	-8.226905	-34.461211	-29.399620	-14.218861	-79.761676
	-1.537833	54.870850	-37.035306	14.544029	-18.358722	-47.921276	19.883397	15.109097	-103.849523
	-11.934546	23.034198	-49.370297	33.748199	-29.357199	-42.756219	11.574478	21.075732	-51.459341
	4.686264	3.146602	-10.995497	32.855803	-6.352086	-26.482988	-0.185138	36.883745	-23.386048
	14.084405	-18.285840	20.238159	19.248318	33.644802	3.519448	40.410770	-3.687564	9.664897
	37.242276	8.187987	24.979043	29.670653	41.216873	12.964625	23.633305	32.348358	-0.610832
	26.521454	37.995746	15.482045	53.160125	57.733084	8.431440	29.116290	40.449695	-11.723056
	33.537378	45.233845	50.165939	54.330678	50.424666	19.503498	32.948330	22.364524	-10.177968
	13.445873	62.731211	29.731541	30.584624	49.985146	38.576232	36.749763	12.051022	0.103683
	-22.436307	57.500493	22.959694	35.460849	38.541189	56.485823	5.181196	27.639558	27.016112
	10.556403	57.468239	51.786834	12.828048	36.789928	86.657147	7.363677	13.871362	39.086134
	-10.669015	59.430754	32.855886	23.376316	16.619684	43.678102	-3.926668	9.503059	22.116376
	-8.922917	55.276150	14.416791	21.390142	12.128893	32.222044	33.386347	32.307440	19.877463
	2.289710	60.637954	32.758332	40.032231	21.658177	51.837382	10.466568	4.995467	48.344992
	46.476720	35.015245	85.583743	0.472967	36.127299	45.022009	9.416269	-15.264458	72.167429
	26.012783	44.672128	110.418905	9.223538	93.946297	70.643222	0.518283	-33.611811	118.037364
	49.450731	32.956767	126.481766	-9.166727	82.492276	73.176866	10.699630	6.148136	122.339064
	21.193636	31.648128	99.315546	-11.457671	73.837980	67.932048	8.586014	-17.486889	128.759639
	-4.994576	28.516277	74.104926	6.247401	59.061828	47.730302	-6.067208	-22.489867	90.873789
	-20.245622	0.152000	103.954850	-29.808296	39.977721	69.739993	-27.953612	-10.370225	106.250279
	-11.970800	9.040179	92.509255	-22.309042	8.166119	75.714140	-21.575707	-26.920505	66.398893
	-28.572469	-6.661602	61.301243	-60.938445	-51.980994	54.804600	-51.011517	-42.024741	36.278376
	-58.110378	5.396858	19.734132	-29.857845	-36.484763	34.678728	-56.820997	-8.530225	19.527293
	-33.777571	0.089869	35.345272	-63.866347	-41.845502	26.260277	-66.234235	-11.240060	21.880367
	-47.578692	11.384466	36.880210	-59.910556	-21.923044	32.469376	-68.862082	-15.577439	41.199448
	-26.885152	34.032015	65.111318	-66.273579	-20.036508	63.903130	-99.163316	8.196792	-7.163866
	-23.097945	28.453449	37.263382	-34.428309	-15.700011	45.279767	-59.266801	-4.964110	28.846061
	-32.238633	21.875176	27.880739	-55.416746	-32.731605	22.498074	-65.965001	9.419777	-13.264616
	-25.805440	32.459189	12.941900	-56.076363	-50.783260	-0.539292	-68.662860	-0.609873	-45.982479
	-41.863288	42.943188	-48.674083	-40.428383	-72.245401	-25.944254	-53.881335	14.582790	-64.524413
	-52.071500	28.994558	-33.186001	-60.143320	-77.613103	-56.866672	-73.384561	13.718269	-51.667276
	-45.315848	12.350422	-51.647476	-48.414390	-103.414550	-45.103724	-85.906886	23.541047	-65.161187
	-34.939139	1.757549	-71.130067	-37.937939	-95.442332	-51.994715	-81.824338	28.582450	-83.426057
	-48.665395	43.309402	-101.366441	-4.429410	-99.637194	-93.392903	-59.560455	38.928570	-147.684606
	-69.603692	36.187104	-84.350208	-6.471592	-105.317990	-31.798130	-73.686253	27.104488	-149.741594
	-22.778426	26.606926	-29.934146	-5.864230	-108.465400	8.325344	-67.874665	41.891136	-120.598041
	8.570913	14.639009	-40.056339	2.438683	-78.288861	13.675605	-69.811674	36.933532	-98.885163
	21.636007	20.293446	-53.867185	36.461955	-31.010864	-16.363683	-29.243512	25.760004	-78.627970
	10.167527	22.819143	-39.232509	47.995914	-21.261708	0.956468	4.370035	19.724687	-45.665399
	30.082063	17.984761	-33.697023	51.786790	-36.049532	-10.762065	-7.384283	51.601550	-64.194835
	28.345062	6.904129	-6.647952	31.921793	0.028023	30.655890	-22.564634	27.669947	-21.058869
	40.372867	8.656217	-15.407652	35.772012	8.056676	-1.940669	-15.804280	43.151325	-7.069118
	19.546499	10.220403	7.478667	46.503499	-10.609247	29.126801	-38.661804	13.059716	-22.492643
	19.256498	15.204395	13.076285	12.002107	-2.777172	40.328760	-32.933960	7.060586	-18.457178
	14.034591	30.579179	-4.994966	-14.912348	-14.550276	23.871596	-27.846126	-7.736925	-50.986113
	-12.240782	48.247660	-19.877034	19.914203	-26.750866	-4.660686	-29.983110	39.205855	-82.089929
	27.258078	52.432498	-22.253609	37.245348	-51.756048	5.595512	-18.063766	69.160702	-71.283750
	16.208699	51.268580	-4.134297	7.325532	-36.795122	-11.584484	-22.915080	34.982696	5.604962
	21.942043	36.114902	7.787574	-2.820325	5.150341	-6.272756	22.247915	33.847895	41.655340
	19.366815	-24.165328	6.627357	16.671540	36.316950	25.607854	25.091520	1.315061	19.916967
	21.877591	-14.582251	35.309308	27.137853	49.226241	19.777467	57.590815	-13.131051	64.622464
	15.303396	-6.955910	35.696843	31.727796	57.349660	5.273283	54.537240	-3.564336	61.485460
	59.858523	23.754313	49.363192	32.829452	91.479404	6.367601	42.814683	2.033535	59.283691
	10.314486	35.935840	15.765544	61.320420	74.196091	3.552614	40.818535	6.218095	66.593805
	17.890142	13.678923	33.108815	45.982107	38.654848	-5.309299	46.414904	-10.575938	39.944533
	13.550512	-1.781261	36.661973	34.971444	32.669076	17.029680	21.984405	-3.309155	81.700369
	-22.310227	-11.192407	50.147348	2.687652	28.127715	31.481285	-2.410418	-32.768902	71.093189
	-30.034012	-53.886970	10.107028	3.503993	17.434957	17.724363	5.417115	-17.856834	46.486358
	-29.826199	-90.849865	-4.762561	-17.717983	-46.159135	14.743035	-6.624127	-29.489124	31.922090
	-16.909186	-103.576383	-30.559070	-40.088326	-64.167789	-11.369989	9.784777	-40.796454	-6.145838
	-9.629023	-106.463916	-57.849197	-28.475485	-62.714749	-43.838649	-19.070443	-37.286618	-18.076574
	-34.345891	-95.973636	-80.444007	-38.632899	-77.497334	-63.810404	-5.411961	-50.820779	-24.967428
	-25.576017	-77.193428	-55.037783	-60.372540	-50.432671	-31.576299	-16.301852	-8.533411	-4.964109
	-44.134955	-57.246211	-30.561504	-82.526505	-72.181144	-38.540026	-39.018994	-2.345647	-15.896995
	-50.360767	-55.106063	-35.664936	-88.493402	-101.997910	-19.579248	-67.352979	-25.106509	-19.499108
	-47.353182	-49.702129	-61.415707	-89.074798	-112.834765	-19.350199	-91.037882	-23.922018	-23.852845
	-55.300703	-63.180957	-53.810973	-102.671400	-110.453784	-39.856434	-64.796679	-45.159180	-44.224669
	-62.920827	-50.697812	-72.337666	-112.060476	-111.464112	-35.683031	-76.676822	-42.925688	-46.098603
	-72.862259	-36.135365	-61.530722	-112.621680	-96.889686	-57.579399	-76.093304	-38.424927	-61.103455
	-64.718198	-32.546547	-48.648010	-110.132481	-116.452934	-20.754580	-97.711327	-30.457044	-66.590712
	-50.055927	-30.381812	-65.232604	-76.135463	-99.884835	-36.996962	-70.570930	-21.381375	-48.822969
	-26.273062	-21.510213	-48.280207	-53.016536	-45.433476	-32.571336	-47.131667	-4.107291	-49.994670
	-17.028383	-25.347428	-19.899819	-43.187734	-50.417186	-46.083076	-23.262643	-11.614611	-48.051068
	-21.604477	-8.177120	-11.931873	-40.027930	-28.896654	-31.850782	-22.392280	-11.448794	-0.279074
	-30.472392	16.044027	-4.864746	-37.521110	-16.855562	-14.345378	-31.974609	-9.499944	-46.994084
	-13.879968	8.268738	-32.280420	-47.296498	22.942655	-31.768190	-9.126149	0.939916	-23.406452
	-9.513592	-18.755513	-21.666283	-40.567535	0.600822	-20.983924	-0.166804	-12.995812	11.220218
	1.922385	-32.707973	10.153181	-34.541851	-9.214625	-13.624297	4.092860	-18.976291	-22.711543
	-11.721228	-7.744235	-14.550885	-13.430996	-7.649045	-9.378273	26.879182	-6.843287	-42.239544
	-2.901600	-19.101473	29.900702	-46.909173	1.737205	4.900705	8.643625	-41.532582	-35.603691
	4.040822	-26.859471	-6.453728	-55.919320	16.197164	-43.091571	2.930647	-58.603216	-16.965059
	12.487433	-23.792067	8.235762	-42.143627	15.668855	-22.082535	1.111345	-28.660919	-3.420198
	8.321623	-19.001994	20.242617	-28.695067	41.988471	-19.759718	13.241713	-44.787461	-7.033428
	-28.387442	-27.171046	12.588109	-30.974110	25.230453	-10.748345	-8.246484	-20.781180	10.429774
	1.559713	-34.499874	15.057124	-31.568751	41.800701	-4.426002	29.016584	-19.107312	3.005993
	26.597408	-22.122535	9.431919	56.276486	53.695700	-5.609407	67.321359	-14.592047	3.928969
	0.947480	-8.141295	41.648972	21.153156	57.849219	24.450495	45.970960	-8.229030	23.930753
	-5.851903	-11.360560	0.355554	50.961429	51.576467	-6.528427	55.710518	-15.736580	13.087294
	-3.517714	1.793460	7.629065	51.794763	58.767875	10.026262	68.645713	-2.354746	-25.328153
	29.619636	-1.611047	-12.233350	69.641813	63.717617	3.589235	78.202061	7.561366	7.481565
	21.611412	-6.151270	42.709719	71.164210	51.603589	37.893388	56.335913	22.382595	-8.347474
	25.505155	-0.189435	24.235115	85.449029	31.428862	22.967639	88.686376	38.463662	-35.590254
	30.996835	-25.819321	38.118424	51.125629	65.417789	24.911236	44.842030	-5.760660	-19.069881
	47.312388	6.829547	48.390478	78.253232	105.915082	17.966365	31.922906	27.080044	11.856876
	15.396691	9.085049	9.127856	70.699013	90.837462	-29.286125	65.574714	37.013013	-29.940543
	34.599147	0.922893	10.008452	60.759621	112.963116	-35.695153	69.967950	2.911493	6.878753
	15.931496	-8.736974	16.003338	26.096856	84.075394	-21.887508	23.683716	3.018550	-6.601055
	24.877843	25.571227	31.901821	56.065301	101.234437	2.356771	68.385778	25.705477	-34.548157
	31.576685	22.910619	25.568485	39.628661	82.234273	-3.320324	50.995403	6.463975	-18.012327
	39.697099	18.630418	40.413040	36.332328	101.560106	18.832374	37.026728	-10.446172	29.731540
	37.119210	37.002201	16.702641	77.072401	75.747933	-16.241487	63.903121	7.541669	-2.011985
	59.685705	19.801288	52.220175	52.764969	63.268683	3.595872	60.450071	-22.150422	28.478295
	44.596743	20.106334	54.654717	25.743483	71.037724	-2.987029	-20.574793	1.302133	49.875182
	23.507635	32.614021	47.616789	8.369266	63.844286	-6.712041	57.089779	-27.733306	22.103494
	32.514677	19.178572	30.894314	27.177463	65.509850	-21.547596	53.546489	-1.379928	7.439993
	15.558113	19.727349	39.458370	21.592769	93.232096	-38.965133	37.619773	-35.112513	12.472323
	25.804043	2.071229	16.143892	13.034342	101.835717	11.992063	66.906473	-33.319892	32.388157
	10.635851	13.722056	41.306972	14.955760	110.922853	26.356850	54.243991	-18.346662	72.073852
	-15.342063	21.812889	17.543698	33.385251	103.548108	12.619726	54.580579	22.122773	48.246862
	29.735016	36.775568	9.844885	45.449701	84.014251	3.237762	53.311067	11.795893	40.086409
	22.960425	37.503184	-21.315316	40.493950	84.733427	-21.070096	40.961737	34.939474	13.584387
	6.741684	38.837694	6.430823	51.319332	78.166852	-7.678130	40.825933	5.941390	30.475059
	32.697675	42.070626	32.847097	42.486444	94.834211	10.693445	53.973602	14.358792	60.294295
	15.217747	52.039365	41.612682	21.689102	81.093334	2.877230	50.938883	-15.229058	22.935830
	9.685384	53.511776	8.783310	21.887457	93.309837	4.984290	49.388146	1.370600	6.010295
	31.009526	51.978089	21.199553	46.121121	86.044664	19.111285	55.935639	-15.795341	1.028537
	5.831054	70.413789	-7.483123	43.812983	78.346802	-29.511576	51.757531	23.520118	10.404103
	31.284637	68.238478	29.362948	43.212808	73.076731	12.064438	60.235327	3.443459	62.356533
	33.796850	62.875170	24.543953	43.177916	47.393693	5.079314	56.587879	-6.126052	15.564442
	11.075087	42.493320	4.739637	20.837053	59.695075	-7.438870	46.349358	-1.705449	52.821075
	16.351220	17.055999	15.512249	-6.287966	37.154578	16.342280	29.759054	-23.708577	38.753031
	3.396182	-24.402977	66.024583	-4.429817	29.768938	8.732908	31.484048	-36.267104	75.578262
	11.747034	-28.697006	42.234356	7.273533	27.523002	9.432300	39.407163	-36.074334	76.960518
	42.586724	-32.948089	41.480439	6.145066	50.637812	8.593230	66.125470	-20.995704	91.222516
	13.980410	-20.567296	20.515271	12.975055	67.629375	1.313171	62.996960	-16.357863	71.271039
	-0.647850	-9.775700	28.673280	9.444782	85.611120	14.887226	30.980975	-24.042686	78.347703
	9.527453	-15.794434	22.484329	14.166659	55.606771	1.996434	23.906900	-23.136201	47.067181
	4.725913	22.620859	25.003360	16.717219	83.477975	16.336049	24.586567	14.809632	80.061115
	21.074798	52.239154	11.950410	61.782777	55.525618	9.941248	23.670665	29.891019	15.053069
	-17.074890	42.867236	17.247891	34.781469	57.173388	14.436609	-16.242963	3.765978	20.395387
	-20.178044	51.644080	25.837215	8.608729	32.149229	22.101644	-5.743731	18.314883	80.526801
	-30.024900	55.593169	31.561884	2.217970	60.218684	28.299449	-20.543433	35.640198	71.765781
	-35.330712	85.335461	11.196636	61.928785	24.263180	24.386733	-3.998550	49.673722	19.086285
	-21.648746	83.282639	-8.113339	37.113894	37.166921	13.780373	9.706881	61.509617	52.096836
	-13.694778	57.475400	18.034459	-21.596590	20.822366	2.388501	-43.266390	50.103575	71.470712
	-22.858285	38.797337	25.499390	-7.433181	14.432243	37.984111	-30.149062	31.870105	81.556402
	-18.880710	16.016149	36.885590	-17.769648	-18.388738	20.717441	-30.251554	19.293787	85.968853
	-37.083012	5.353287	38.370872	-6.573538	14.550723	52.943573	-29.861930	25.452169	62.737331
	10.048261	-6.910088	34.922173	-13.450617	33.126884	26.296997	-9.506150	1.864289	89.415963
	8.569817	7.216429	74.343674	-7.252201	10.033324	30.632237	-24.278490	-17.439789	90.361156
	8.123815	5.426682	39.542484	-5.874802	22.914076	24.386902	-23.101155	-14.067472	84.285061
	-1.984641	-7.194156	41.532904	-36.426835	29.808798	15.056204	-17.266567	-19.934871	46.520011
	-26.342820	-22.404310	56.511792	-40.660897	7.607672	21.604533	-33.055662	-23.910983	42.751051
	3.474881	-13.977281	28.167825	-28.568336	18.972386	26.536829	-26.910728	-1.155891	41.134346
	21.214155	-14.070522	34.730039	-36.557457	9.403350	20.641388	-8.733916	-12.681786	30.041996
	-36.269953	-33.121706	-10.498762	-36.617449	12.341798	23.796274	-9.040147	-36.678001	-5.196257
	0.047230	-23.652768	8.209338	-49.121312	7.815913	14.193919	-26.620115	-9.682309	14.301527
	-35.000230	-38.998096	9.437453	-65.637942	21.699038	35.513804	-48.930215	-50.187468	44.731168
	-34.130020	-34.936941	50.236053	-93.043383	-5.143717	49.904616	-54.859624	-20.674334	32.753159
	-32.801810	-38.265168	69.945779	-104.313242	-9.611141	54.338687	-46.498895	-41.415358	34.086210
	-35.611763	-41.153417	35.906687	-67.717535	-19.866557	57.933107	-52.938080	-35.953066	36.937059
	-16.327204	-49.486809	24.387587	-89.360784	-47.183741	26.358172	-74.883465	-22.671745	27.791212
	-21.105626	-51.268917	11.837401	-89.129584	-67.751548	26.162897	-73.413789	-51.012925	-4.620492
	-5.040334	-77.066512	6.254968	-93.440525	-69.396740	8.514997	-88.210845	-53.403916	-4.776832
	3.046923	-88.547745	-5.030584	-63.008711	-44.744582	14.307521	-77.153964	-64.260698	22.887016
	19.105041	-63.696343	25.077596	-46.775324	-30.483119	-4.280093	-10.346881	-51.290426	28.049704
	31.187327	-98.801684	5.524606	-63.618968	-44.237937	-14.694828	-14.522115	-72.411450	32.683164
	5.974204	-95.052842	40.945804	-31.577826	-5.870380	-3.700256	10.905974	-65.331241	44.444160
	42.217936	-80.252069	20.923087	-19.012402	-53.970040	-17.065868	24.315219	-50.898376	41.568474
	38.443339	-52.879972	13.929660	7.636425	-41.670291	-40.364623	44.078490	-10.731605	26.974883
	22.700408	-66.931305	-13.204845	5.595947	-51.288600	-47.573632	63.690089	-19.772245	-14.218012
	59.151082	-52.535879	-23.671249	12.495432	-6.666554	-40.022183	54.581652	-10.360574	-1.446712
	41.927468	-32.095772	-32.974408	13.826535	13.706228	-42.416678	55.486813	3.116888	-41.612460
	52.073512	-11.182921	-21.753091	3.111520	32.767201	-49.338480	1.208364	-20.721991	-7.146105
	6.275455	19.866997	-4.282282	-9.914577	36.520341	-38.392495	-21.113092	-34.938010	-0.307988
	9.431832	54.926105	-20.869414	-11.043456	37.797752	-32.850490	-4.808217	8.236112	29.143818
	3.026856	70.881002	-48.859374	-2.517836	29.742304	-33.054815	-24.937388	3.925894	-25.318100
	-12.576684	75.447187	-15.532045	7.403473	29.783027	6.638775	-32.651956	30.169663	0.409069
	6.009798	89.654276	-14.801342	2.914390	-4.076504	15.178759	-55.879335	41.857465	-30.095013
	16.167200	80.730560	-17.255289	-5.942557	-22.575693	24.066207	-26.507280	0.881040	-19.351618
	11.640371	80.113273	-38.030905	27.214640	-30.607182	19.870672	18.142761	29.530735	-45.291045
	41.708964	55.704402	-22.399233	55.044360	-3.882289	21.335689	45.203806	17.945898	-47.716508
	38.416348	23.507549	-33.744546	50.334917	-12.924582	12.890698	47.378575	17.940061	-65.610419
	24.677505	23.116161	-33.574413	57.422271	-19.012563	16.536986	43.417709	19.552065	-63.603469
	24.379400	26.292682	-17.311090	48.485322	15.865375	35.737673	57.518073	13.023518	-13.359131
	23.124001	7.858420	-36.547027	44.799366	0.804634	15.247030	66.814145	15.357562	-15.632134
	2.436064	-24.965961	-13.523917	4.227789	-26.050228	29.857721	28.993550	0.947472	-24.508811
	11.754452	-41.449819	-24.442783	-5.028279	-24.825545	32.250955	12.858223	-13.595609	-2.919797
	-8.285092	-46.468158	11.323329	-26.304770	-28.107273	34.559954	-25.915119	-29.296692	-6.232654
	-4.010018	-37.365289	28.203697	-47.699721	-35.491964	65.163392	-23.020062	-9.223324	10.370380
	-14.723000	-42.176860	31.337930	-52.369898	-24.755168	51.172944	-52.852182	-30.049617	15.217124
	-27.524429	-33.757607	-21.086392	-63.400743	-52.070388	45.301820	-86.711007	0.638627	12.229431
	-33.826513	-45.617101	-12.418731	-45.814294	-87.971475	36.244081	-55.321908	-14.327119	-57.554078
	-37.494766	-53.981398	-15.968866	-54.542181	-94.679976	2.318599	-59.543187	-10.951975	-62.647773
	-26.720658	-81.272775	-31.036661	-66.983618	-89.156579	-41.666309	-46.108754	-25.667799	-63.877596
	-32.455148	-78.851644	-22.869537	-58.075893	-89.890458	0.615176	-42.932221	-34.649323	-74.846167
	-18.511520	-60.619447	-61.995575	-17.721755	-74.394529	-21.733368	-13.327513	-25.807547	-65.716638
	-14.914773	-47.937720	-70.047851	-22.195701	-74.731354	-57.666250	-13.883396	-17.673134	-82.565095
	-36.976743	-37.274036	-50.049573	-18.703021	-61.336317	-30.474353	-12.894126	-17.431228	-50.767203
	-22.549234	-15.457743	-16.837507	-19.183932	-22.180945	-10.839767	0.815741	-7.123527	-42.691596
	-12.913381	-6.155171	-9.263784	-10.794331	-3.087696	-4.072733	4.196247	-1.053793	-3.772616
	6.879473	-7.770830	-40.386322	-33.251643	-14.928474	-17.491736	-0.502061	-13.014706	-19.635764
	-14.966881	0.205102	-20.807592	-18.723324	4.962641	-15.956167	-13.227920	38.437366	-33.335452
	-51.777758	-9.500133	-23.208395	-14.153713	-16.888480	-12.692320	-22.669654	33.350479	-26.735951
	-21.261568	-21.413928	-42.559117	-6.088448	-20.021280	-2.376938	-22.650974	31.718071	-43.812795
	-24.066889	-48.831439	-19.217768	-30.335062	-66.149175	-4.494225	-72.520547	35.509330	-21.755944
	-18.982246	-72.181198	-0.874879	-31.453489	-78.508057	6.814057	-47.775324	10.934509	-35.640941
	-8.844392	-58.417682	8.128833	20.971521	-72.794671	10.176219	-30.229412	35.701174	-26.873365
	-12.232636	-50.567898	-7.780758	-14.906376	-85.375710	-14.206033	-28.089322	2.674453	-19.027378
	17.117180	-35.786053	8.988811	-8.047672	-53.414737	-26.323440	-4.787976	-16.464350	11.134154
	0.446580	-72.204218	-12.135472	-1.486068	-40.062125	-6.359755	-4.896863	-9.553963	21.827246
	-13.804417	-66.633442	18.602826	5.437109	-37.896824	-7.879636	29.778625	-3.496605	12.756493
	18.196655	-55.712724	6.887979	12.416321	-70.886464	1.054664	39.792395	-32.866178	-22.241241
	46.764211	-29.281526	5.644913	22.486187	-37.883236	-12.991853	33.252969	-9.679161	-14.947292
	12.331624	-19.555274	12.258916	6.796115	-13.731624	-31.837930	31.205569	-15.367983	-12.766677
	29.034572	-27.608670	6.785554	10.120049	-37.796269	-25.318485	32.246438	-23.318544	-2.463456
	9.268495	-9.790276	26.858730	-0.739277	-42.352867	-14.928616	31.664698	0.022872	-4.927845
	31.581547	7.088936	27.032362	4.361269	-41.084420	-30.435714	33.227675	-17.962994	-17.649156
	3.698933	3.638091	6.540324	-9.344394	-44.884679	-10.414213	-2.164921	-15.163410	3.927027
	-10.092422	-5.531598	-10.884084	-17.465174	-49.319541	-31.845314	29.028751	-27.061901	-7.247484
	28.208303	-8.152201	-14.079344	-15.718714	-39.165332	-31.521225	-0.274684	-38.678521	-21.135518
	-5.354098	4.981548	-33.080434	-24.425599	-44.131875	-20.422895	2.017772	-8.724139	-47.282045
	6.640544	35.338010	-7.426537	-6.489613	-7.377303	-33.754169	4.910086	7.426685	-27.526422
	-9.801880	51.895340	-10.711996	3.735577	2.456357	11.978770	-9.749746	-2.434306	-39.155867
	-3.671095	47.744586	-4.883181	-24.312702	16.105074	27.375136	-38.663778	13.398191	-36.504277
	-13.481183	54.560819	-7.488920	-13.802969	24.289711	33.649720	-40.092073	25.612006	-24.174670
	-10.545254	43.304970	30.062761	-42.954736	15.429815	46.682237	-38.545909	-3.048265	12.105640
	-19.772133	49.126412	23.446957	-6.456190	40.549910	33.907583	-29.331181	0.947028	9.881939
	-26.101235	67.935029	23.936627	15.980860	42.740557	42.886889	-16.688985	47.753284	6.347752
	-17.656981	67.532903	40.234139	44.595980	7.323229	37.456676	-24.605726	34.484579	-5.292208
	-9.871546	47.720538	26.759957	26.029434	3.281798	55.271575	-15.850811	34.025075	1.477245
	37.482943	32.914943	31.083285	71.768443	7.274759	25.886480	4.148286	31.624488	1.514696
	7.596287	25.122705	-2.941357	70.453141	-7.516062	17.714592	46.220819	53.988448	-35.405877
	2.515294	36.621404	-51.487020	55.714771	-9.512615	-24.554998	47.503258	35.057380	-38.205234
	-17.826267	12.772741	-38.718864	38.677049	-40.207082	-25.069047	6.977952	34.437860	-19.104611
	3.487677	35.242881	-37.100969	50.147145	-4.577392	-24.104473	32.924901	59.656128	5.047394
	4.427423	13.865151	-29.481275	64.028373	-20.572911	-32.112916	25.208099	20.245718	2.673298
	0.839811	-4.245079	-43.373567	26.232060	-24.541719	-62.791713	28.618797	9.019323	-3.411749
	2.473247	-3.653070	-54.081872	-17.330498	-43.083034	-47.687212	-6.366857	7.793094	-0.957845
	-40.038286	-11.570594	-22.078263	-24.183855	-32.077093	-14.868353	-57.388972	11.209693	-40.645962
	-53.860025	2.410203	-52.816361	-14.919288	-65.776848	16.039760	-80.690344	27.887299	-53.215514
	-38.104599	0.495941	-41.437522	5.603264	-100.779165	-22.950872	-87.493996	62.229765	-81.487483
	-10.756596	-4.162764	-29.524626	8.639605	-92.744098	-5.218313	-44.006453	70.054068	-47.623772
	-7.454778	-4.240080	-9.141532	52.785723	-65.726163	-21.872580	-35.407235	59.970346	-30.841064
	8.388040	6.642320	-8.727258	74.472216	-4.694413	-26.176093	-0.181971	73.255318	-10.773666
