	-156.593218	-214.880758	8.572681	-33.513462	-536.042036	-23.956041	-225.416827	-22.161601	-178.809037
	13.069061	-290.245935	7.969477	149.119455	-250.943037	15.522940	141.220820	19.175504	-23.937724
	155.739131	71.454643	-53.935523	52.562610	165.770013	-18.427561	181.550709	-27.655832	98.047345
	49.950722	12.182685	-5.744044	137.486213	-82.001629	-61.102866	-84.824195	-15.330263	-87.612979
	36.760335	62.415957	-88.988562	-82.219079	103.694515	-14.000006	147.454533	-70.442098	-221.214848
	76.330713	23.369463	-43.540265	-0.778212	53.104512	-24.099650	173.500458	-82.136454	-83.435274
	40.579371	191.559327	-115.706128	-73.610088	376.775191	-64.309696	100.886337	-71.798679	80.583508
	47.905118	-73.520330	6.325975	61.033474	172.242251	-41.614438	7.820227	-10.949585	54.149470
	-53.983709	39.594189	-39.101787	57.418285	-92.282213	31.770269	-122.952821	-112.815647	-45.747728
	13.233337	25.935263	-17.795681	23.407436	135.274645	16.276029	-191.104974	4.491210	-15.778197
	66.569756	29.319863	-4.603308	-25.051981	17.999191	-32.774218	-70.380730	23.929753	-65.446227
	-47.233140	67.937701	-29.440976	-75.049305	96.915520	54.820499	-147.654305	-20.114515	57.415636
	-83.270073	52.722761	-20.173664	50.738122	179.518024	-25.419784	2.870469	31.713687	121.464829
	-31.795868	117.466827	-26.119718	55.691578	268.242890	3.073817	-2.940551	22.198483	118.175025
	-81.520081	13.865666	21.006652	-139.532321	-284.453984	19.373738	70.414193	13.479374	-52.527149
	-81.305904	-91.596443	25.356117	45.183864	-137.752650	2.461195	-223.797748	38.782350	-50.291755
	-32.257587	0.721038	51.339606	-29.431108	165.568333	-52.614380	135.652337	29.471462	33.464225
	107.101148	-53.663010	-0.659736	7.170875	207.880135	25.840897	-99.654831	-5.099340	-82.497856
	-58.489351	40.051514	-18.827062	-51.426483	-156.223842	-51.512288	0.463261	-10.395756	-117.922475
	-32.368652	98.772115	-20.898117	-105.904982	127.990662	-3.561873	103.686861	-13.324451	-109.509770
	-32.095665	22.607651	-16.861775	-23.085464	158.104303	-36.353376	-143.979120	-43.088499	60.550548
	-78.556969	-102.021963	-9.844582	133.763238	-24.752389	61.927851	-105.667894	-10.357437	114.102413
	110.650405	50.242939	-23.987363	11.165489	-186.850869	19.054137	95.778401	12.033720	-182.212166
	91.372166	-1.574723	27.446374	5.953665	162.749500	40.235268	-98.503310	43.533684	-29.201233
	-10.406664	-102.273310	-31.211671	-39.669497	113.973345	8.515110	258.411802	58.435421	43.277949
	64.687314	-34.325691	47.195496	109.807841	392.493297	47.093907	-87.648572	48.970950	11.300463
	24.997981	-51.609525	17.465869	87.899493	137.214777	-12.118088	-70.114652	45.181223	52.899878
	-100.315820	171.078407	-5.921375	-97.061042	49.218459	30.433116	-25.772752	43.825352	112.140035
	32.593215	1.225330	-24.090309	-115.098517	24.046738	37.464688	-227.314287	63.853198	-20.986191
	50.195978	35.908207	53.788803	-84.809990	183.799445	-44.883792	-212.790562	50.076796	-55.215692
	75.541713	34.513569	69.297307	43.068600	196.664709	39.750947	-1.365846	-0.073062	117.112571
	-176.973108	-139.147306	-11.860881	46.715563	-383.411096	21.364975	-248.440294	85.922092	-65.884288
	40.806054	-187.370531	12.842170	53.618426	214.311636	32.660919	-7.234342	46.121687	89.655443
	-47.040727	-26.289881	-64.857320	99.518884	185.907898	-36.275074	-54.973336	18.010433	127.952694
	24.555598	66.644933	15.841142	54.485950	326.550524	4.158979	132.882243	-56.710250	155.011676
	157.603440	66.097203	-20.081795	8.602271	438.310572	11.086657	-40.059115	6.447183	121.022690
	-27.392292	36.692250	-65.399997	-8.534151	-161.870940	-59.093262	169.412993	-59.730426	54.150980
	-90.083326	127.789312	30.147377	15.919242	146.600275	-43.381814	-412.138440	-60.421893	126.929022
	-118.668087	-160.000285	5.751443	-56.753707	-650.186582	-12.680581	225.831165	-76.175283	-139.535905
	-6.978131	-245.941659	37.708578	50.151473	108.370111	-2.274048	-195.788118	7.172281	18.826516
	44.801790	-41.504186	-10.705322	-116.223883	67.443590	53.274193	-135.428668	85.133607	80.514192
	8.990066	-15.706847	-13.434218	-79.872741	79.632146	26.921229	-217.539985	54.558996	51.247226
	-9.654055	72.564127	-8.491662	-72.183976	-332.075590	82.937690	53.880028	8.795123	-74.100769
	-78.673370	-84.387808	8.265334	28.814834	-384.196218	8.999220	-145.665954	31.041425	-9.356599
	124.186933	-112.341188	55.705641	65.570228	40.861497	5.524456	-162.989624	-16.959888	-3.728194
	-92.392901	6.472598	-2.877198	-109.774740	-389.254501	11.348540	-14.774014	-72.800750	-204.171609
	53.743448	-197.364072	44.995845	101.179945	66.805111	48.256617	-10.701493	-8.121942	140.856314
	-16.115180	-24.707957	13.329421	-106.101622	-333.590460	-62.161241	-56.972107	-15.306353	-105.329819
	-87.718587	-61.913829	89.951528	-71.111412	-580.297256	-11.836429	-1.012302	-10.664752	-54.511458
	-11.166725	101.564800	93.119992	27.840441	-24.382060	-9.810942	175.005132	45.676560	243.112961
	-73.817314	43.134353	48.747489	-239.262854	-0.348974	38.170102	-140.737930	-45.621711	119.482252
	-17.604198	-35.023497	78.891880	24.299283	-220.244918	-21.865426	-53.290752	-65.733811	133.323289
	-115.341876	28.103373	26.739773	-93.684986	-373.638627	-30.892140	-316.809291	-26.268437	-85.257518
	49.015562	-259.064052	5.057431	45.115452	-341.467909	-9.659917	130.422766	38.850290	-169.509275
	4.270415	111.946838	-2.209574	-40.279244	258.952182	-48.291890	199.425920	4.993768	124.956685
	37.332761	70.463060	39.558476	-25.787701	88.503423	35.312721	-90.911580	42.855867	93.523064
	110.854318	122.712832	28.210282	-20.339674	39.078141	-21.103034	-159.902612	-6.934036	71.127998
	-149.094251	129.634906	-18.340031	-99.306911	-246.775536	-13.497940	-312.196938	60.935037	-68.931317
	-94.914282	236.844645	-5.452943	-91.981682	-233.112131	-66.447022	16.056353	27.062200	-162.310827
	121.126909	209.392238	-6.909715	67.599471	202.258457	-47.879268	264.858712	-12.021750	-86.340654
	-95.758900	-64.842669	46.945220	-65.277478	-494.052610	0.664766	129.503265	89.589240	-100.768218
	-53.612231	-64.881295	27.859393	51.219163	52.599804	-8.039015	90.299366	14.689031	-12.403267
	-107.509307	-17.968245	40.131119	-12.427216	-23.479070	-36.426888	-99.000647	29.348216	-61.437998
	-22.624174	-84.171138	45.932381	67.928070	-3.651326	31.756810	-220.641508	0.522762	47.504570
	-37.989742	-126.547766	27.450845	106.922107	-239.837973	-91.596599	-64.712373	93.587907	27.357435
	-114.172677	-51.152340	19.900752	-3.875484	-33.819271	-32.416006	-285.169049	73.308612	58.670771
	80.058603	-28.627611	-13.109177	70.095181	101.346926	-84.386573	-161.988154	8.333850	72.757614
	-60.173723	-46.536580	19.586766	136.586621	-87.391242	-39.219003	-128.765731	40.024490	17.338713
	102.233428	-207.407178	21.536993	144.985137	-154.339795	-24.287974	156.643776	16.788204	109.260896
	-65.056449	159.613612	18.022995	-169.731416	261.248434	18.569159	-58.663824	-25.062268	0.307640
	65.573482	-130.015537	22.652098	179.118269	232.884544	-10.239831	-145.396161	79.549199	56.278862
	78.968833	139.309382	-34.970106	116.445847	87.210984	40.071216	222.743045	44.193448	151.569165
	154.418043	-125.135315	74.351597	144.618618	248.631384	52.457198	298.167757	-41.380823	-24.241913
	-165.205241	32.816200	36.707086	-85.381250	-211.330236	-6.918710	-307.661870	3.007107	69.373262
	67.621025	128.322550	36.731873	11.176456	4.258743	25.419335	-53.694808	3.351233	0.282441
	-91.794739	-95.180619	28.903817	-0.717310	-46.015652	-21.636323	-16.063726	-38.103474	0.400377
	16.883581	58.004727	31.355868	165.515646	-44.717708	-43.865353	-206.826210	-65.916835	75.678384
	49.241322	-158.568291	-6.546802	12.992960	-146.577434	-23.475348	-2.862644	129.190419	-0.224872
	185.648756	-112.650752	-12.374126	127.726371	61.274903	-21.326673	279.559031	53.693189	-33.271905
	91.195153	-48.390461	-31.404354	108.203416	12.062794	29.625800	491.280955	22.292919	36.771171
	203.172233	137.044181	-71.733403	98.223040	291.028156	4.458657	87.482847	82.673714	-41.845208
	-6.412007	135.885437	-33.660712	-34.950859	407.898395	-25.296999	38.680289	21.504049	158.516864
	59.169313	4.476994	-29.516390	-130.195018	147.424783	17.384407	114.780498	9.311394	-25.923589
	18.937232	77.043588	-11.465249	51.154467	337.170947	-25.443655	191.517656	-64.705590	120.709783
	12.641704	-77.709473	24.611805	11.216877	-158.743166	42.007263	-208.444785	15.938708	4.336916
	60.771564	9.407888	73.748598	177.577219	-336.175450	-25.244680	24.801104	-60.817019	-72.324778
	-30.285773	107.023419	-0.594445	36.259577	227.317797	-19.404891	1.684467	-3.717158	88.800243
	-82.990844	77.489391	28.553971	-99.627138	-179.862719	82.683522	130.356095	-50.870876	-50.733420
	-26.524811	-128.767083	113.913886	-78.228800	-677.588102	44.734964	270.652978	3.321628	-240.698824
	16.611190	-69.822311	-8.455022	-22.847528	-381.334512	54.681663	-34.120275	-6.397602	-4.246239
	-118.787493	-133.393368	-0.215530	136.814506	-465.755236	10.533510	-294.418285	34.112666	-58.742272
	-32.833388	-66.890837	-43.877855	-13.621829	-83.620614	-39.286147	-184.749303	27.225775	-40.617244
	-160.221048	-32.555527	67.873544	-185.041403	-424.929810	10.306277	-191.450094	6.282118	-75.897473
	-68.187401	183.809990	7.404119	-12.843359	307.100419	28.887999	-19.176643	-28.951243	73.423760
	-21.905989	166.709652	25.171444	-111.063553	186.755483	2.302909	299.957441	-86.401274	5.397021
	-155.981277	39.595892	-7.095967	-6.608633	-111.252864	-45.562408	-224.433960	27.903452	-12.041645
	-34.744503	7.543841	-40.046603	-56.069730	-21.528292	21.756088	208.295354	-86.213454	72.466852
	-170.098630	-57.160380	-8.656586	-226.815542	-502.610656	43.560258	-150.703751	-9.353422	-112.365910
	56.454321	-64.125226	25.931912	136.191627	231.240371	11.945570	-199.531377	24.471561	135.579248
	124.049370	-45.826715	62.278655	30.359716	278.088466	18.916960	96.609456	49.274787	88.600963
	87.248375	30.509154	37.515129	-170.603848	-76.943020	49.913947	179.455480	32.787223	-64.688765
	-73.015333	-10.418389	69.105621	118.795829	-87.360877	26.637064	-56.775392	9.141452	33.167042
	-76.299612	-126.865192	19.643248	89.876588	-54.655514	-5.150904	-99.067047	-9.622979	-82.257758
	-18.764497	-78.204122	-32.974391	57.341398	240.818216	2.987519	-396.705164	27.429785	63.977474
	-122.222346	-56.439268	7.616096	-49.382344	-655.258922	45.198624	172.552397	-9.434675	-237.258245
	-137.345125	-15.266824	7.463783	-153.737786	-536.592594	32.323239	-54.443986	-15.585674	-220.046871
	-150.059282	25.431935	-5.840445	-16.853329	-449.628909	-43.499409	-419.256670	-21.902580	-17.435486
	6.379984	-196.856659	-77.072205	76.318849	-413.094171	-20.974980	288.482939	61.306201	-214.056611
	-47.539220	-260.946912	-0.477856	165.696826	172.926426	-18.840614	-258.001475	123.233250	57.363528
	-90.724765	91.906005	-76.841159	-25.613553	-441.118501	-1.742042	112.290159	25.654029	-205.156473
	103.940840	-121.030975	-27.145717	209.055900	417.814059	20.944598	-186.425867	71.338094	68.173062
	55.998929	-213.232611	13.292639	-82.165990	-236.467385	64.281222	252.390032	40.438785	-130.783877
	-77.846396	-73.655552	-7.342192	-41.671851	55.485221	-5.413046	-82.919954	10.171322	20.596190
	139.554004	184.533680	-136.810949	-14.021188	485.479506	-41.897282	-8.481031	-13.002955	148.404952
	50.634617	75.359885	-54.108798	18.842879	512.340394	-25.015396	88.701188	-9.797982	163.647624
	54.751614	40.842246	-46.065439	-131.285033	-89.391373	-17.121101	81.773848	-54.329172	-33.552062
	63.914341	171.069706	-32.470939	-94.486322	256.728550	-17.224547	-112.812408	-30.171955	139.087294
	119.377372	78.931793	-1.862021	107.040271	392.045396	-23.259192	97.714510	-39.001050	196.974451
	147.833093	217.954661	-33.917185	31.252744	157.555631	3.388160	307.850565	-106.882658	49.164315
	147.810283	181.073349	3.454058	60.687986	528.944160	-37.055922	226.634547	-107.922379	200.610301
	81.408056	10.009582	30.729001	136.761680	271.164355	1.203720	54.560520	-53.589388	261.083632
	140.848414	239.233462	43.950529	-57.390703	361.442825	39.600194	67.849595	-99.285889	111.801082
	81.544521	10.395754	-2.184976	74.469517	341.644560	9.060708	98.063100	-80.517260	195.152804
	-24.605416	132.301627	-40.653420	-91.938688	40.640933	-6.492092	57.705766	-61.242378	16.102392
	130.656943	96.791995	-36.232472	-24.826448	372.064449	-21.832126	394.540745	-63.733726	-19.202129
	-57.458728	-16.455062	-55.337274	103.598215	62.074521	-60.169914	-44.502982	23.956513	-47.360714
	145.466894	189.234349	-80.033941	-52.436973	601.170982	-41.130550	86.696755	-26.143232	25.325263
	96.252473	251.806792	-8.006972	-126.138155	166.530703	-28.552485	355.800195	-54.274748	-116.486768
	-2.640421	17.402027	-48.548692	71.266727	6.818313	-77.214616	-9.167467	-32.491268	-71.566421
	-166.393186	-49.414546	-1.043141	40.477920	-220.914211	-3.002342	-375.653201	-30.000014	51.147747
	66.205976	158.469848	-74.806683	-17.909086	124.034517	62.280511	205.545437	-114.187159	-88.906975
	4.724494	-27.776864	-17.968957	-40.525448	-207.132447	35.339282	149.957702	14.644715	-99.859031
	-56.333751	255.632244	-13.384062	-61.998523	-224.358083	1.362847	211.789012	-51.898400	-151.800977
	25.292873	116.931738	20.867352	-197.018590	36.037313	87.087421	147.376316	-24.109324	-47.108059
	2.838643	-8.728285	36.559070	-75.641108	18.996975	54.395181	-143.887614	9.201966	10.528541
	190.580205	-104.145509	6.957223	151.705530	167.007043	27.113439	131.745940	65.534858	38.771492
	-28.522327	-90.539958	36.038386	105.674753	-105.690648	25.416608	-152.811794	8.249387	-12.449585
	-22.796878	-20.397611	20.137688	-24.314025	-277.218455	-8.859405	-53.798546	43.011289	-136.399691
	2.060236	-55.970953	28.411997	-60.654910	-421.865873	19.971317	270.942600	31.823235	-164.593328
	-46.214311	-123.015665	-41.604513	82.924699	-203.095407	-39.227886	-225.557639	78.501801	-65.603598
	30.216710	150.347452	-85.209774	131.037802	509.006794	-29.367710	-172.527647	6.496832	111.333030
	80.164622	-2.532455	-38.390038	229.735912	433.243929	14.534781	122.213282	25.003800	-85.878052
	-29.279873	-183.197880	34.417190	-75.649743	-192.398979	38.289267	114.993350	-30.693536	-131.344384
	-37.094057	-32.238804	-3.226365	-15.222299	-171.585931	34.557940	88.358707	-24.296560	-161.047240
	-110.154011	-160.512292	45.401680	-163.468926	-403.775434	58.647894	-183.837557	-6.410390	-132.562963
	101.493674	143.962005	0.710511	-103.713723	332.332171	7.337385	115.486684	-46.165989	5.689400
	132.138089	148.769906	7.428417	124.076923	-52.999066	-9.369254	-21.115931	-52.988514	-82.797305
	80.491642	87.632503	55.348267	-67.575533	-297.839055	73.861710	5.423543	-37.217173	-235.936075
	-22.028104	101.100109	85.261409	-126.084448	-154.635789	-20.038352	-244.487723	-5.004379	-27.567940
	-41.701936	70.054201	41.186291	-214.182241	-319.068652	56.093427	32.080322	20.010217	-38.013329
	39.822579	-142.736990	76.538292	3.050703	-54.423602	65.479448	139.660482	6.298932	-89.479478
	-23.201155	-63.231605	50.125142	-108.924619	183.098176	-3.422853	-126.784537	-3.788083	30.535799
	-16.191474	41.616834	-2.747541	-114.462053	-216.579915	16.554158	-135.760123	2.949895	-17.903875
	80.610730	-227.800226	17.312490	183.873506	246.661981	4.752803	94.633930	23.838444	44.584360
	-71.092800	24.278585	-80.479214	-124.728278	44.460574	-44.815118	-3.563745	-10.475850	-21.535683
	5.771710	130.819164	-143.512624	-18.509492	95.402027	-91.578884	-97.142723	-67.232978	-51.725351
	199.259620	-55.207336	-57.663137	-139.258928	-333.410813	-68.525277	335.392797	-57.322318	-311.889813
	-47.378702	-178.610998	-36.388227	29.236996	-286.432374	-55.057269	-365.599383	-9.361308	-157.527135
	-34.171785	165.056975	-39.873931	-222.106924	-256.826984	-45.175441	154.720149	-43.057235	-145.862607
	-53.632994	-187.077761	18.083555	-11.902611	-333.064675	-38.040664	309.091966	-25.491489	-38.613531
	91.523053	-12.624748	-14.662990	4.952676	130.012517	16.760125	146.769252	-43.625806	112.154961
	106.112859	91.121979	-33.881064	-30.039709	356.447857	-6.316142	-166.123557	15.849675	166.372107
	32.547615	78.255808	-29.399274	18.066846	450.648420	41.544901	-72.599842	-9.035191	135.424742
	92.284541	-27.640592	-4.630913	196.189199	-0.435182	-11.795462	171.656782	28.631294	66.359709
	63.657545	197.063207	-37.968388	133.197074	232.645056	33.811083	271.590433	11.512987	156.378174
	86.758932	229.089916	13.933314	135.658914	282.260677	-33.042392	160.530724	-36.959231	48.160707
	91.551258	227.582011	-18.212151	113.101595	347.470598	5.714431	-66.733479	-59.702183	126.813397
	-22.138836	140.997579	51.822302	80.143931	-105.428129	21.962178	135.088636	-51.760261	-28.143198
	210.601995	-117.733552	12.241263	224.564289	542.240582	10.836755	397.860672	-16.157226	38.167193
	57.642972	-207.784532	102.435757	46.864833	-102.142967	61.677941	-81.142914	31.571985	-94.582724
	86.692499	244.942901	-63.403904	-13.716323	367.783542	36.641773	206.028671	-85.965512	104.488444
	76.318993	79.028214	39.965195	-14.454773	546.650479	70.663906	-124.280194	-36.638164	100.200824
	7.229531	27.547689	67.012844	-13.352143	73.110293	42.357415	136.089974	-3.848936	112.283240
	39.934507	211.153750	44.278968	-20.178332	442.630517	12.198554	-157.539257	-13.768730	82.413936
	-154.551553	17.328344	36.710663	-232.300108	-384.003156	45.641058	-120.312516	16.272998	-88.004561
	73.957496	-336.654117	51.874138	225.929578	194.123598	51.824890	-56.214511	11.693160	30.862971
	98.937052	68.409511	10.661747	-18.935446	331.664059	7.294674	-8.102696	-99.773282	59.598586
	-50.292190	-34.738918	-39.380482	109.588985	-158.251274	10.482001	283.948888	-67.584151	-75.876616
	-81.043685	176.729246	-44.294505	-130.544572	-231.067416	-39.825308	218.136774	-7.746835	-59.976359
	-44.229684	-181.962777	-26.287436	-88.495600	-450.446322	50.905204	-64.080183	37.508589	-253.555956
	-61.991140	-164.689448	-9.884765	42.203478	-472.017412	53.102042	-157.188869	26.154117	-129.399952
	27.466606	-117.144189	-27.912193	114.767082	94.795049	32.940433	76.237393	-6.475550	-8.666282
	-59.218769	-137.903072	-78.391046	-86.995443	-19.124033	4.057439	-43.482039	0.596061	-27.547306
	147.777562	-31.844751	-45.818923	22.813849	334.290297	-24.191433	4.474689	-33.925311	58.092973
	10.503900	-135.149402	-75.635919	81.384960	-9.235832	-88.630061	335.171095	-67.922932	-132.407986
	118.995866	163.250644	-99.644533	65.468763	603.427078	-24.382301	72.547837	-79.797206	108.561516
	124.740649	-35.298428	-69.252311	-36.381193	278.622851	6.214701	189.940088	-59.825655	26.978992
	18.095724	-22.776419	-36.184201	-36.618027	-423.616653	-2.644924	279.835568	-59.485855	-214.927286
	110.064039	132.975474	-45.741841	-2.173763	496.594263	14.497195	187.257999	-64.838652	159.529087
	69.744733	107.808527	-53.641539	21.991387	471.232138	-6.304333	179.035215	-55.038464	212.146623
	121.696629	104.068860	-52.521695	104.065843	633.510789	-85.593182	48.140818	-74.410308	221.142373
	229.560941	200.823491	-16.412359	24.968994	629.821604	6.960396	329.081466	-2.652959	130.683222
	-57.607987	59.781700	4.487734	-60.760271	18.760272	-26.117179	103.541286	-62.647087	-8.639756
	-41.735130	22.229659	-38.633456	21.330682	-97.295146	-23.695748	186.300219	-46.437689	-32.691536
	106.132299	-90.445674	16.074756	149.417240	706.901409	-52.200780	-114.641191	7.923676	235.614821
	-28.218333	267.213256	-40.717895	44.548248	445.797323	9.821204	0.683659	-105.974247	96.024066
	157.672628	103.768740	-54.160670	99.914537	373.247051	-38.110132	257.207821	-51.701283	17.211367
	-14.697204	-91.890823	3.421843	-50.332118	64.134680	-15.477442	-3.005220	-21.030801	122.044498
	4.000748	119.551704	8.092956	-108.708274	96.536989	-25.832988	239.247323	-0.775770	-100.693334
	-81.885472	31.509304	77.796493	92.535282	-270.981862	-25.795095	211.371446	-38.782527	83.387871
	-33.923938	71.646742	15.873817	91.918862	-315.597356	2.597623	-15.404993	19.765284	-45.794550
	-129.000245	145.649166	62.895731	-50.700911	-337.963414	-8.993429	85.870115	4.610602	-115.867750
	-20.053875	195.353271	44.669875	-5.426590	-52.883997	1.007530	50.633211	40.923888	-38.349681
	86.178213	109.861805	8.741735	-39.901676	-26.357318	-9.876813	307.777477	27.410292	-186.146842
	-127.186143	67.806197	39.499556	17.723899	235.445836	-21.884003	-171.232179	98.228430	139.118874
	-126.087230	66.396837	-29.247991	75.761494	-224.342859	-41.169353	-33.694090	80.483621	86.258720
	-139.080673	96.752396	10.928805	-134.607229	-526.342936	-30.818984	154.722054	66.718295	-68.267831
	-47.286206	-59.530977	68.885792	5.079961	-291.239987	24.307637	58.754282	92.279490	-115.953097
	29.775327	102.736756	94.359408	92.547711	302.060376	29.943740	-572.362283	59.166259	266.076173
	106.996426	5.975600	65.865377	60.440563	220.208191	25.920077	-203.071059	46.216326	-45.164074
	-43.848139	-3.213283	64.061697	57.380049	149.430910	5.438936	66.817313	36.539603	152.615103
	2.416271	127.782343	6.628089	-51.880979	-170.685568	44.179062	-191.224904	20.388832	-92.470943
	-109.289632	-60.321499	22.544315	18.962235	-262.997675	-18.811763	-248.248708	73.462490	-17.262016
	-53.949787	55.941879	-39.552298	234.489604	-208.722605	-25.989666	-245.584656	43.154329	49.234008
	5.773133	48.623997	-74.913336	5.915907	220.472801	-36.326220	-145.291079	-14.815972	-19.589951
	-84.656097	-172.777269	-22.236207	214.357084	-557.397974	-32.383314	50.215632	29.890921	-159.053283
	37.615238	21.549886	23.092968	28.545974	-27.789844	-40.101730	-65.712452	117.486642	-38.049287
	67.662264	93.269045	10.751059	105.808025	314.100183	-54.409596	244.189429	-13.346396	270.513757
	-47.447860	244.790246	-3.700342	-56.212027	-204.513920	-18.466651	-152.861239	-46.004584	-74.550560
	52.399597	-101.672147	27.714222	-4.448201	62.549822	24.308537	238.253183	-26.073405	-74.537077
	-10.623663	-75.397448	35.480283	78.477675	-268.453252	36.649021	-289.830605	-36.815758	-96.181595
	45.997966	157.156158	-15.719525	-170.428790	-121.614205	5.844122	379.684100	-85.385293	112.085239
	93.863625	26.599186	12.978439	-15.411952	-1.647993	-14.884119	-22.732307	-29.323533	56.641732
	69.237517	18.834749	3.015418	-98.508149	271.229419	-38.750236	490.976836	-114.202362	96.820324
	102.255169	12.697281	68.212310	22.722808	-217.054031	58.964436	370.604885	-95.058695	-67.370662
	57.885176	130.800129	40.332196	-221.365644	244.310740	8.376684	327.387269	-92.718959	126.077938
	201.032094	15.365868	61.064265	-42.182480	430.690731	26.045918	413.783756	-49.238323	121.437424
	201.108902	-3.277757	23.126051	1.266510	128.479767	61.001198	295.416868	-55.164859	96.270497
	179.804625	190.636010	-43.334419	-3.068716	497.440430	0.946047	410.776818	-75.984281	111.317023
	35.487584	211.710276	-43.712878	-184.252528	-54.497185	60.020003	-71.224004	17.136113	-97.974426
	-27.652868	-52.343915	23.467199	-78.852513	-125.535490	62.835649	-83.620347	-18.451494	-23.522535
	-41.340492	-96.427271	72.636255	148.668638	109.728780	35.916151	-376.638733	-22.244522	111.993454
	37.319328	-158.088981	43.682587	-138.573553	-300.434684	103.549471	-78.395702	-29.786372	-65.177779
	96.843869	-135.507652	91.832618	119.864400	38.618421	43.651304	170.141632	19.618891	-6.441466
	80.237463	73.710591	-8.336896	-31.545413	97.505176	-28.142470	442.853686	-75.542139	34.710104
	145.548728	31.186208	13.807613	24.278374	199.865113	-18.074761	307.283337	-70.294396	36.820157
	-44.904092	-112.410317	57.009801	177.990083	-320.605117	-0.004245	-32.515976	7.203403	-48.216674
	39.830274	-142.813799	18.949728	184.582970	59.855959	-40.820477	-107.918698	18.690746	68.869535
	-153.207215	-2.780009	-9.069577	-101.439492	-206.552934	11.710052	75.557045	-8.696795	78.323146
	-112.896484	-138.153498	-6.847176	-126.024893	-217.297766	-9.943788	86.201808	14.376051	-66.237527
	-35.260298	-153.317261	-62.131655	19.983008	-129.486291	-13.612447	-170.160130	8.297479	-60.135161
	-21.291114	55.271885	-46.301535	69.589014	187.472674	-5.330557	16.461997	-53.035923	1.553652
	43.993097	-56.573805	-2.328289	-60.191675	391.830280	-24.794019	228.504879	-39.083828	16.563976
	-243.073279	-92.156082	0.386722	-67.040859	-464.397217	-8.319998	-68.663991	6.622930	-178.590540
	-191.751744	-169.150129	-3.253271	11.228275	-391.549614	-69.283249	-243.138106	39.575872	62.333411
	3.619022	-32.363799	-32.250760	138.827589	107.812509	-86.407771	-237.131171	-18.379343	-2.834156
	-53.575448	-311.489484	-43.727123	-84.318942	-136.459381	32.629164	67.898695	7.444233	-13.261156
	-33.727097	-236.658114	-19.378842	-21.281372	125.379453	16.743892	-268.800781	74.409716	-16.689941
	-80.787234	120.409625	-46.636908	-74.365080	184.454640	19.314489	-6.114077	23.832697	-15.785323
	-65.421387	92.430593	-72.807920	-36.287164	-65.737102	-12.200235	-97.838507	33.952831	-3.472952
	11.181198	79.555429	44.945987	23.039062	184.541148	28.609727	-404.500334	18.354380	111.265269
	-37.007201	115.834686	37.893879	138.076538	87.011508	19.235928	-18.630859	59.993110	190.988642
	12.567407	-18.023447	0.033615	144.758764	-94.556186	-23.645878	290.614193	58.128480	112.551109
	46.868982	-8.724176	46.527953	186.559642	388.589445	-46.575989	-116.363499	12.940625	168.658835
	21.458836	89.361344	-47.419528	100.762777	41.468631	-47.489635	-136.263807	22.284850	119.483601
	-36.162651	14.125043	-18.319966	-12.338479	-375.000602	-29.365833	-146.254783	68.736382	-41.523157
	-55.593854	-25.629622	5.099946	73.120615	-294.519268	-10.930109	-182.573558	0.453552	-79.563323
	-68.363087	-87.146473	12.899288	90.012549	-227.218446	-15.951176	-54.845164	14.295595	-95.124354
	-52.755600	43.388120	-10.707219	-16.251739	-303.981970	-0.402979	-308.929115	-26.144270	-62.075520
	-6.251756	-97.256545	-23.646941	-20.596815	128.283951	21.001926	370.630378	0.436050	43.238043
	59.206568	8.827808	26.029920	-170.277507	211.054518	11.838879	6.237995	11.849179	6.021084
	-248.729029	-57.903766	7.096932	-122.361127	-359.109331	21.499052	-48.088957	13.740289	-105.556566
	-108.416091	66.574291	7.519192	-236.110980	-286.552542	32.221987	-68.738918	-0.513556	-117.707025
	-202.376638	-112.090533	88.114949	-108.412914	-599.566447	19.988491	-529.223068	72.668075	-100.377652
	-72.352218	98.733936	-27.903109	-84.906804	192.584020	56.258535	-43.745622	-9.138426	78.501725
	37.443245	-120.459345	-9.679939	-6.715667	52.761948	47.563356	319.047398	13.988363	-85.593970
	24.530273	-216.536152	-5.974507	75.872315	-310.476487	-6.707561	-223.252227	37.080552	-98.810469
	-25.996770	-135.074181	-43.723655	89.868147	-386.649514	-21.813688	303.609701	32.311704	-219.510793
	-112.176316	-307.047868	-41.330557	104.609042	-200.263426	-27.811680	-96.198910	75.536054	13.502052
	-74.485745	-5.398562	-64.931113	11.051285	-273.784996	-34.861011	-331.997848	46.208849	-0.900763
	-111.954802	-73.536229	-22.735599	-12.006898	-295.765087	-1.419627	-310.277650	62.329005	-214.684156
	72.885841	-81.258833	-32.418337	-86.538636	-349.911588	-6.524725	157.532227	43.616397	-167.718880
	-123.720141	-86.142029	-29.444975	-43.852648	-342.544784	-40.786568	-360.235171	68.082579	-68.489586
	46.448886	98.134969	-105.428943	-45.666589	421.728331	-82.322007	153.187382	20.477870	168.050788
	-45.865923	-80.283935	-66.026956	-271.961769	-378.962843	-18.088615	76.821902	31.063113	-252.090713
	2.601833	-140.807781	-22.477337	90.268076	371.055491	8.381092	-142.950590	14.331945	-12.615528
	-24.770065	-15.555052	-21.674681	-20.161116	-189.839113	18.800464	-21.263753	12.045746	-161.819392
	-229.259661	-60.016336	43.717814	-83.839285	-459.248661	-4.668306	-471.797656	39.907416	-127.670247
	-63.984524	-68.469972	42.298974	-82.455573	-231.761920	40.148483	126.212447	26.876716	-101.453961
	-120.630672	-20.044680	22.320064	-233.220067	-367.892004	24.327311	73.215111	46.448085	-245.232324
	-50.978578	-92.526523	23.539776	-35.612647	-223.139318	22.500965	48.921192	7.756112	-76.531179
	-97.882884	-89.564484	6.216047	46.606490	-308.501268	46.977255	-171.195656	-2.753875	-93.154198
	-6.857470	-31.047206	25.779900	-34.605998	-252.664022	28.727726	174.123827	26.693682	-15.013849
	-20.158756	-163.580540	20.763720	-29.035431	-146.434298	57.488093	142.589402	22.323984	-78.417962
	-105.138475	35.017418	-34.855136	-190.193449	-605.739137	10.181409	3.263527	30.568186	-107.679595
	-14.403203	70.360375	-89.248241	-94.305726	74.359097	3.067521	-452.551814	80.345945	61.249749
	-154.683603	-333.087890	-30.132180	-41.607305	-670.540927	-56.692543	-428.114933	62.268429	-166.231644
	0.822504	-216.677998	-45.121535	17.353140	56.158034	-54.585273	-41.274009	54.677716	-47.969325
	-59.903547	136.972707	-48.515210	-306.123286	-69.370234	-1.175135	-201.215511	-17.414276	-124.106457
	-15.957649	-64.119893	-3.941383	-57.284667	226.167375	56.840943	-97.533304	-91.165631	50.720290
	27.916378	45.808832	-5.841286	44.279557	382.960893	4.786108	-40.297404	-121.865247	211.244867
	1.257096	-24.595194	36.044866	-127.888551	78.075612	-13.550977	115.301299	-44.144067	17.110510
	39.072303	51.888275	19.739912	150.394858	420.087382	4.754550	282.982032	-63.301458	185.368079
	-40.215596	27.382009	-17.207280	-11.053516	-199.200737	10.117612	132.548617	-8.469190	-56.162855
	40.894125	428.740268	-42.887848	-108.108409	388.193404	-3.604412	296.407650	-62.776128	217.984318
	-77.490330	76.251807	9.301719	-54.217648	317.457717	25.999485	-42.058314	-4.476584	-8.814387
	-29.642758	46.760166	35.671860	-13.645867	-152.711706	112.593307	-2.499589	53.259845	140.934290
	142.864624	276.243168	34.492939	-20.626817	622.499913	-19.797203	269.549832	-59.241546	94.731834
	-86.303634	71.316376	37.500207	-96.994527	-282.686408	39.898540	121.640020	25.500684	-34.972488
	-4.507888	-71.350376	30.455905	-171.791705	124.093827	68.401035	153.948382	-33.208399	89.459810
	-82.877484	-52.555284	59.068336	-237.648805	252.815287	97.691492	320.199402	-22.228124	75.444655
	20.065924	96.064832	-10.247095	-22.843434	495.395709	59.023776	-217.329190	-6.245026	124.133497
	65.998103	-186.249438	57.987853	17.011098	251.640378	105.245592	298.365002	22.666576	-14.227814
	-45.610021	162.287396	36.432214	-96.363740	50.278587	73.710532	56.406862	19.624693	98.189043
	-130.702348	97.293998	55.744347	-202.167384	-44.717337	32.424331	120.790414	5.229795	-21.872438
	-103.687375	107.834193	15.814328	-79.879798	71.813804	81.813523	9.609276	48.073707	52.057353
	-4.119307	-65.973684	13.995588	-6.490915	302.782349	31.532182	156.907662	79.073229	55.778284
	90.386041	-7.216353	-3.462664	158.289389	270.228677	-24.668225	127.410100	81.831653	27.180142
	-106.057757	-264.933456	-18.941004	9.366442	-108.900135	-29.896166	-174.354237	97.278671	-63.270040
	-72.836046	21.586666	-25.834018	137.279846	32.468770	-45.503781	-385.901980	41.477426	55.469047
	-26.379508	-133.623196	-41.566816	-21.341143	-264.444648	-44.154965	-412.734089	125.698140	-130.894905
	-58.811247	-91.915548	-67.798329	143.098501	-128.012714	-144.333141	-496.370718	84.085330	118.621056
	-30.077328	-16.851416	-46.458237	19.998116	-27.233653	-96.741280	-209.061366	-28.904823	-111.589128
	-108.843365	-47.818808	-17.749925	73.465043	-123.170665	-76.190660	-510.024371	31.136700	-0.101956
	37.803306	-106.101625	-20.403972	188.796624	167.181035	-29.304982	-89.489960	28.944744	-24.477792
	58.710656	-107.733898	-18.884321	185.911595	283.047953	-52.639226	34.242934	-9.569695	199.863451
	-138.401456	49.893084	-24.984193	48.037932	-267.411075	-32.347325	75.953174	33.087561	-69.963135
	-136.146121	187.651539	11.267021	-255.078490	-265.091697	-71.526596	218.665723	-4.329281	-213.992375
	87.746790	60.655239	-81.147351	34.858230	638.675413	-98.768567	-341.904029	30.061338	122.414310
	16.516524	93.083778	-40.063125	47.759847	446.278140	-27.397191	37.365032	-3.415745	252.615655
	-22.667170	80.763300	-0.395508	-150.315564	274.269245	49.840823	-227.649432	62.628465	44.272980
	162.914385	253.373142	-26.315572	-27.734754	668.961445	-41.233029	19.910967	13.451349	159.910147
	94.974617	211.894924	-4.133200	-76.577223	94.815374	-10.751569	247.339420	37.528226	-138.967818
	53.415362	234.620493	16.927180	38.288561	200.188715	-37.046581	281.013683	19.126573	-8.836158
	56.062728	57.376457	32.983608	15.942484	364.519876	8.780578	175.653688	43.580815	16.845228
	22.836053	9.089067	-14.194299	127.839739	386.449601	-0.117284	-95.001955	49.031065	134.725830
	-117.398442	-110.857547	-24.634909	-51.811189	-123.703702	-32.326934	9.913103	53.027218	-81.596971
	26.716522	151.300281	-55.379043	-127.348390	-34.756467	-65.086450	297.912843	18.299086	-105.946875
	-33.557806	30.672565	-0.171414	-95.999877	-289.428800	-26.634406	104.480435	10.867281	-185.129426
	-77.886083	29.632313	-63.384417	-54.368371	139.541928	-17.447501	256.664391	37.204343	-23.991096
	-158.032936	66.852981	-32.513975	-1.810052	62.369695	-86.036539	-117.914778	89.188915	94.210850
	-185.403146	-217.419184	-27.184420	-72.882401	-266.718761	-20.465084	-173.710356	40.761051	-113.306948
	-180.079878	-80.124464	40.566050	-32.795885	-23.773810	8.800561	-109.465899	-3.718319	18.919209
	-61.886035	-106.904166	24.895925	-85.607972	-52.124767	1.995802	50.952831	53.491351	-103.401783
	-66.350348	-115.762525	55.090982	-176.057735	-248.054535	35.307675	-51.121308	42.587790	-46.311999
	-74.895606	-69.899375	74.860136	-72.121891	-352.718935	23.224168	-208.729837	35.216340	-95.951720
	-86.386636	-42.216161	27.758711	-21.208291	-191.497159	-14.340936	-317.417754	-20.916739	4.492416
	62.291991	-205.470768	-18.775029	103.598248	-213.481682	20.329923	209.617302	67.337894	-174.100312
	-88.353155	-167.350669	12.422376	60.756165	-169.789511	27.639167	-239.938208	46.222789	-61.089532
	-69.235417	-107.335429	10.840504	-12.039275	-4.646095	-56.935384	-297.030361	23.484079	183.417925
	-66.514883	-160.936249	18.597456	146.052276	-89.539879	26.683670	-62.454644	-2.175970	152.152007
	36.269801	-243.377154	30.208895	137.840913	-301.921123	16.540650	-148.451325	71.645878	-55.484765
	-14.149512	-219.884270	37.508779	82.078923	-386.707974	16.329226	-173.629426	42.144027	1.471645
	-110.243041	-120.604374	44.180226	45.545037	-577.954136	18.644101	-154.381474	29.206107	-52.454458
	-135.106473	-61.731624	20.630297	-0.453741	-445.513041	-27.005230	-171.380692	39.632332	-156.762856
	-158.364549	-209.699148	-25.716339	-67.138052	-307.538062	-32.655534	-254.162576	40.987098	-171.682698
	-66.831227	-100.544281	15.923541	-146.634732	-423.713281	-67.500235	14.696260	-10.714082	-224.855980
	111.826468	-25.425995	51.699897	77.948004	-25.842518	12.460573	23.971173	-44.314891	-89.936409
	-61.170055	-201.647543	55.912241	122.445852	-392.222133	7.039527	-19.583309	7.379724	-4.942738
	156.714278	22.061418	32.024984	-40.089619	223.291688	-29.358338	399.970010	-85.576324	-31.901845
	12.714858	69.295109	43.543097	-85.471578	-179.217634	17.480148	53.113750	-4.465962	-54.444269
	15.126758	-81.254759	65.778216	-79.711923	-367.533814	7.562872	438.776149	-29.361646	-89.816417
	-5.350306	167.510621	42.360762	-97.386800	-120.850762	26.171067	79.578179	-65.696176	-31.612016
	8.696046	159.193533	69.130674	-131.364032	286.050806	25.970380	2.743262	-64.663500	105.159662
	-58.043949	95.090098	95.364361	-193.221444	-186.837977	11.146879	9.178411	-32.714093	12.086020
	-45.084156	147.052423	14.468432	-120.601355	-201.159136	12.848725	-57.085906	-65.685463	78.619177
	-73.449111	-39.718182	73.279550	181.392332	180.729353	4.505488	-357.367436	-13.104547	216.611910
	-5.845044	-83.164258	40.968131	123.747524	0.530336	-4.628926	30.188159	13.509432	104.286416
	-45.740904	-7.941280	26.016065	44.535324	-339.435807	3.365461	95.307600	-4.239108	-8.117226
	6.875648	-89.975846	-84.267814	89.059691	139.942761	-26.395410	-245.368757	57.401371	18.555972
	25.669254	-175.569484	-35.184306	-52.207131	-297.903507	-5.255982	10.560694	16.201897	-137.048017
	-46.433637	10.156794	-31.473373	-168.722565	185.856318	24.918212	12.857221	-39.426007	-0.783363
	-48.830076	-104.944277	13.709186	-100.613857	14.340983	-24.083555	-108.762853	-64.027620	-205.427356
	83.376761	-154.007998	-8.524074	5.659879	207.235383	21.273450	202.179322	-106.303071	79.520459
	-118.832656	104.281501	-11.678721	-204.517538	-149.429636	17.379176	-360.009463	-93.616690	-82.835221
	85.995675	95.824001	32.567282	-139.169805	166.932477	-36.448826	62.673242	-84.554037	46.825391
	-0.827714	81.305842	-26.781204	37.138279	217.252802	-20.831960	-162.718324	-51.520130	238.580961
	63.762016	75.698059	32.185294	124.927541	69.188171	-34.068008	-27.523190	-79.432895	147.442854
	63.175454	75.331965	6.377958	-5.430168	349.442020	24.185943	-340.341001	-11.142062	241.732753
	23.728572	151.660953	10.390202	-3.992904	209.300287	-48.903067	155.260084	-83.454113	112.478999
	51.252346	112.260508	-16.491876	-10.703226	287.924767	23.987394	137.242505	-87.410513	154.159851
	62.687139	41.204346	14.672096	44.968353	306.086887	-22.334503	-133.897769	-60.473302	235.788408
	90.149908	96.039508	31.177677	-45.306665	-178.617880	-10.331714	363.772845	-53.680327	-132.107867
	60.620475	118.761993	-37.324847	-4.198589	534.090441	1.655565	152.831395	-82.070802	176.242171
	34.481955	6.282275	-5.006017	60.462221	182.489574	-21.117053	-153.004612	-11.776598	94.102547
	177.664866	31.766534	-1.698032	-99.199210	295.515053	41.224367	242.074163	-29.299400	60.811074
	20.493280	95.984421	-75.883966	-20.340537	62.667916	20.141561	-132.153550	-33.179295	-21.229309
	5.932142	-56.651458	-52.564005	-31.220559	359.997718	-32.269875	-275.415079	-9.256660	-17.928991
	4.044667	111.677289	-61.374291	-84.056141	97.217680	-17.662186	43.144215	1.878033	-26.537530
	-86.318863	83.697667	-63.284113	-61.694363	291.668153	-2.548285	-164.242806	-40.009403	96.148231
	-73.330513	88.711173	-70.654035	-208.838639	268.024060	-38.570282	-180.606504	-13.173979	-25.627401
	73.743804	52.602222	-31.197979	-97.281470	186.107699	-0.422639	456.629150	-6.112644	-57.113766
	69.136142	6.560415	16.681731	91.844446	345.499660	-39.780887	276.278844	-18.750829	51.812698
	-43.220523	91.873461	-21.258626	-10.688479	71.688595	10.202623	32.744666	45.379063	96.707307
	171.557981	53.941356	57.432234	-21.152765	505.286659	35.851173	-67.203166	31.572769	100.873633
	-39.627274	-34.684954	2.398760	111.612403	-49.354752	12.167836	-91.285028	36.765839	32.652715
	-5.242829	206.657298	6.660189	-93.357656	191.505779	79.977585	-52.140565	11.988686	63.149176
	51.597916	-23.488510	15.307374	100.194175	566.717739	20.733921	48.212002	2.934117	104.594830
	-8.025409	213.745117	-15.872471	-22.404527	-260.558495	17.600814	47.299807	47.864849	-115.219588
	29.885995	159.232317	67.276104	-57.132668	103.746302	60.596431	139.420516	-63.439244	80.225956
	-131.401504	78.519597	33.907707	-199.434797	14.254044	63.049857	-89.606353	-48.159268	-69.567392
	-32.095930	-168.848412	79.982282	-14.988235	94.914562	42.555357	271.794901	-17.774954	65.938447
	49.381158	-31.482030	159.735455	-43.361753	138.051746	51.208587	87.696417	14.836187	-103.087852
	-108.388145	-106.828463	126.224139	-48.096478	22.297574	75.081579	91.743201	36.313569	101.332946
	-187.187658	-107.421075	79.412058	-196.176786	-717.790241	69.679574	-276.299957	64.105211	-97.785070
	-2.186954	195.210538	85.849039	-258.045986	-151.883061	21.837358	141.564079	36.234005	-50.687024
	46.108774	-15.508044	60.000175	30.201141	221.794006	52.923037	58.247966	78.129951	68.366333
	-159.646681	98.026285	48.178825	-209.166624	-258.329603	28.721848	-97.468827	9.339171	17.465579
	11.815625	96.200242	48.644918	-69.252732	232.472583	14.044166	268.224095	-2.776583	79.287417
	-86.887958	-164.591558	-47.170489	-19.551603	-334.718128	23.500970	-178.200275	86.133935	-9.548862
	78.219985	-317.390672	5.450970	156.396680	60.154738	52.887396	263.770290	78.191225	78.169517
	-44.149967	-128.195999	-36.514184	28.944823	-276.090902	4.022056	-221.319500	104.334218	50.149346
	-38.860627	-201.276166	0.769692	77.087975	-638.539205	-17.452914	-131.554394	18.027408	-190.453574
	66.494134	100.974813	-65.176811	95.855786	-46.074966	-42.186778	68.186293	22.048395	-89.555873
	36.186575	43.691619	-36.109631	150.033990	-206.947100	-87.585339	-381.984444	9.639994	-165.333503
	-36.807845	-38.061167	-5.434967	87.059045	-265.982593	-30.399880	-180.723710	74.132021	-80.203316
	35.096380	-197.898994	13.301300	208.406529	74.593459	9.241783	87.732203	32.488648	-21.764533
	2.691098	116.077597	2.549160	7.109783	-182.014686	0.387905	-44.125156	7.470627	43.259968
	-10.360817	36.158685	-8.397648	110.807618	163.301108	-61.618682	-427.252071	51.300957	-35.246484
	198.179434	40.256052	66.350721	51.620032	58.216360	82.745154	108.568356	-15.077858	96.071489
	10.122768	64.678643	-6.671005	-53.465172	121.683458	25.529338	80.670535	-16.892972	43.322890
	-26.930794	58.362424	-91.262118	27.555811	-140.956477	-38.343929	-177.874332	100.321695	-79.554169
	15.875787	96.179585	-1.407145	-81.643966	-293.255482	94.481200	40.098130	-24.316336	-67.022398
	121.617219	242.897254	-31.605192	-120.489211	-266.857928	1.784253	193.773491	-51.319705	-41.231872
	-9.578941	-51.580054	46.094156	52.047536	-281.260913	25.005383	73.942660	37.874059	-125.767336
	24.999034	-94.885557	37.497739	57.706812	206.865023	16.278260	-16.105758	18.398302	-1.987245
	-7.581467	-35.033026	-29.410082	-136.380744	129.573486	5.287867	127.156246	-47.002029	26.449071
	26.725971	-55.285779	-4.615853	140.230013	-104.103748	24.491454	198.513729	25.524354	-90.047974
	-128.949579	-49.133427	3.553574	-1.040120	88.179077	-7.147124	20.903776	-14.068381	60.227766
	64.082123	-33.389860	7.075567	44.311201	-4.859474	-9.968142	-219.565002	-30.154022	-25.500541
	42.339408	14.759904	-38.349594	81.070874	310.517418	-31.496966	-289.810634	-28.695897	27.762348
	-16.749494	122.198065	25.822886	-19.360376	-328.063396	4.859905	255.485535	-16.471978	-24.301492
	-21.171218	-114.596650	-19.928432	120.033780	397.706515	-20.209999	269.734869	-15.585251	56.791456
	-128.720399	4.678547	-5.220906	0.810404	-380.179118	48.134636	-521.182551	71.864332	-2.987159
	25.118147	51.643028	-2.318317	-109.187782	-49.035111	31.273270	-61.455035	-62.546137	-126.508480
	16.003827	-1.403321	67.549386	-9.425808	122.876168	27.730542	54.731777	-41.608639	51.760046
	-79.808311	30.009445	-35.253924	63.206117	152.190406	-12.274724	166.927984	-17.103127	133.147329
	24.923502	-91.495472	17.404355	-51.889193	-61.712679	60.395351	60.513234	14.340484	-44.221912
	48.053658	39.707894	47.887265	33.887963	-101.016417	45.334726	-177.567677	36.810921	-3.052479
	-78.856359	110.110481	17.131384	-121.290329	110.250800	-16.324167	-206.611384	-19.691282	67.699896
	-120.183583	-100.723242	20.197200	-73.268922	-92.256303	-37.614945	-49.641102	-22.484719	-7.661333
	57.728920	119.439047	-2.316059	-14.569222	265.251028	27.539047	-47.919095	-21.466238	-18.693610
	100.553807	-128.436853	65.841440	138.692306	-272.752632	47.687236	-61.002080	-42.694133	-206.087910
	16.681439	-38.158406	-7.722691	32.212925	-132.404447	-28.802270	194.376062	-7.874785	39.012759
	54.313580	-122.416834	32.721830	60.167846	-552.920885	38.000543	-126.878742	-22.275568	-42.232540
	-37.568638	-82.942431	32.779048	40.790738	13.517945	11.353060	-230.738484	-65.177200	80.314923
	20.858463	-321.388499	-39.500477	91.514998	-562.037833	1.265636	73.115897	2.369808	-155.175577
	-22.809331	-308.670916	-66.867110	177.157755	-404.044931	1.846737	288.647769	-124.751448	-16.476224
	82.512738	-94.212388	-84.426089	25.379640	128.954060	-32.133908	-251.018007	-65.222995	-52.193123
	121.042772	39.047213	-52.425120	144.206108	10.355229	-43.940768	201.095228	-47.493003	-11.213972
	185.272718	-66.638340	-27.240518	113.495200	568.892093	-40.168701	104.674108	-98.169765	193.464600
	118.290197	99.150370	-48.847429	162.421196	404.669474	-76.709108	156.195941	-95.724852	174.834597
	91.895926	26.966175	-16.244728	83.688180	80.257315	-75.869133	-293.233463	-37.427344	-61.486832
	120.636486	12.572043	-23.823212	146.413363	321.394500	-66.039151	229.872695	0.494243	148.232605
	40.735231	-17.854786	-53.903441	125.584275	13.582000	-72.795887	-28.031526	-9.488247	-89.501467
	25.311731	34.266373	-11.642362	19.589246	396.643086	-45.859676	120.302954	14.111327	122.880587
	26.484924	34.962702	-31.125488	75.781423	80.949449	48.804346	113.697340	19.357794	120.310349
	100.274052	-41.959765	30.934179	135.056173	-231.055146	7.047538	-121.752453	79.094648	-113.961209
	67.668648	-62.379769	9.176862	-17.532013	-198.047620	29.008191	-50.979650	56.309071	-35.845120
	34.032756	171.354064	3.782413	39.232810	183.650148	23.752843	-84.770801	94.221816	26.171997
	-102.976781	-96.422238	-4.959266	128.673445	-274.217106	-23.521538	120.244550	66.977009	-5.197805
	84.580725	-55.257193	17.603259	90.260979	-173.218386	-45.871059	-164.701264	79.600557	-39.476468
	142.648595	90.492356	-70.631737	107.659709	182.777814	-37.820486	-38.305968	37.542381	21.358232
	162.946580	46.667412	-54.801154	209.566899	-166.456071	26.593370	219.004583	-6.728671	-79.694077
	20.762323	6.914743	5.471231	13.275834	351.736691	5.753455	94.628446	-54.372941	61.569797
	69.115688	83.055829	-26.978832	5.180611	330.448382	21.377870	-38.063793	10.493129	0.800165
	-58.105086	113.598522	-59.446252	-38.746234	-144.770401	-20.932959	181.155489	26.709833	-11.442435
	91.073751	22.962215	-89.158857	71.293476	144.778955	-69.312822	177.755620	-6.491724	-88.487420
	-21.500559	-190.112034	-31.169984	121.294591	165.145316	-9.600784	52.584389	66.944469	47.482013
	-42.761190	128.944526	-74.967743	-93.267261	-212.009444	14.310464	-2.968889	-37.026621	-9.281310
	93.860643	-8.521892	-7.020758	91.422214	326.103270	-11.836954	99.391287	-46.879922	0.231563
	-6.882824	-89.428901	3.480220	101.145152	-11.372989	-22.839565	47.391592	17.505894	91.431197
	149.772450	-160.440790	3.414758	132.860002	448.873515	24.933663	-56.428139	108.254801	120.702113
	92.390948	-55.103381	3.815968	138.537653	95.186596	22.585880	-124.245155	-60.544713	188.838186
	-9.118864	-232.528524	-57.320027	11.991658	-540.702123	6.809069	41.564163	40.353971	-130.862925
	143.784203	-76.522864	0.955806	125.041578	353.808730	20.417963	-4.637803	-40.434355	78.580860
	97.972263	4.259718	7.927841	142.582587	164.655589	11.212089	74.686668	-62.521374	113.120583
	-62.314311	48.189639	-17.854991	1.528568	149.010877	-26.092166	58.559334	14.940074	52.697528
	-33.108532	-107.993235	65.355838	-97.196886	67.525374	35.604470	-397.806372	30.697250	89.664835
	13.925809	135.583542	-0.097558	5.834387	197.961932	-23.648883	-73.051629	-21.002577	223.845325
	44.558981	-41.795744	20.915066	27.837073	301.092229	93.072568	-213.382401	-2.635042	87.998030
	9.463862	227.035692	-52.534807	-48.509172	40.515422	-17.107721	-96.544625	57.152073	-81.223174
	-43.502944	-33.179185	91.128358	20.500295	-50.352320	2.347612	85.752595	27.341651	92.040633
	-24.099897	31.509681	44.808289	0.105142	360.458501	-33.947245	-182.703645	-10.507132	111.917834
	80.688708	-70.514513	51.003863	-15.881497	-10.583583	-0.978470	0.324594	-9.530876	-74.090939
	16.326154	-7.359286	-12.639161	-29.488783	-484.790761	-17.199983	117.786459	-17.903618	-136.223338
	-106.893500	65.546268	64.947816	-27.596207	-401.346332	-0.454097	11.530186	61.739636	-61.117804
	-45.212994	-91.610318	75.491960	-53.048076	-260.763081	61.973386	-430.285295	16.625081	-43.468232
	-197.290211	74.147985	31.700636	-37.886226	-624.553858	-43.825557	-399.869519	34.333812	-123.124558
	-91.577591	-254.644081	3.151791	3.529034	213.617645	-37.361202	-359.339370	70.662280	-22.916457
	-193.168875	-22.189751	34.917582	-202.666974	-482.459545	28.980793	-354.087962	-3.857028	-67.175567
	-9.109662	10.577720	22.252360	-217.951723	4.293146	83.433071	-145.300059	-39.374702	6.542889
	-141.403293	-110.045021	4.385528	16.266369	-145.575987	1.951696	-430.880438	4.662270	-52.833043
	-81.153066	16.008591	-65.545680	-59.230291	-89.045835	-43.212553	-119.097199	-40.383225	26.063207
	-95.964842	-124.290320	43.679784	95.086213	-278.085270	40.502280	-224.642296	-75.256835	-29.748008
	-49.439779	-137.388894	9.502096	-91.507188	-141.932376	84.569049	-114.915843	6.457591	35.892864
	-19.033184	2.965071	-13.017253	154.694151	109.052704	-20.980100	-251.604176	30.021145	43.565201
	19.174112	-127.375724	7.085779	118.247321	-271.890052	6.460608	-208.206180	60.809270	-23.322511
	-70.389839	-301.827920	-6.208113	-30.006395	-301.186974	54.208763	408.933260	65.163475	19.396089
	-47.591044	31.994345	-49.138065	-134.126198	46.657345	-51.740721	-119.459161	40.664970	-57.890861
	2.863263	-2.399823	-9.684762	-50.129058	-725.279976	-6.353130	77.291339	-25.131744	-157.864300
	-115.033611	7.597125	-13.981044	-78.619632	-93.788605	-30.801344	-86.469416	-75.682584	67.551480
	-16.229550	38.254504	-37.172646	-93.208225	-102.531756	-32.483729	160.841899	56.121653	-96.044282
	-44.521467	122.921401	-16.429426	-17.496944	-102.162428	-23.549803	41.321674	-1.736586	-108.967378
	-98.705104	-14.566812	47.561577	143.734518	-381.334008	28.096449	-0.023470	64.814833	-154.466818
	31.391053	-4.514116	23.253249	155.792942	-160.242995	52.321781	-267.119494	19.148644	-168.714257
	-62.916429	108.144113	-22.112663	-27.066203	84.326962	15.398312	194.284427	-5.873148	45.109086
	-107.299542	195.150727	-88.916577	-77.549372	100.549883	-45.274031	-149.040805	24.792824	124.456704
	-55.857708	-66.246981	-61.611700	-138.875744	11.268072	-53.104135	148.844560	23.694806	-120.421103
	29.310288	-88.690581	-35.063914	-13.241483	-176.565282	-42.121116	-63.808998	61.927019	-78.971330
	69.550233	-190.246750	-86.227672	141.234140	6.503792	1.723148	-63.051289	29.196872	-11.030360
	130.526283	-112.090777	-54.307822	154.779991	-30.216396	-26.867929	304.696550	38.795348	-100.319982
	107.020017	-35.361612	-65.314928	174.523811	36.033502	-46.771318	303.365363	23.253617	-111.306481
	61.179207	-24.167500	-13.233045	70.814220	-318.618092	14.101487	105.390708	43.377381	-123.585540
	34.534270	293.072972	-47.914867	-94.205949	-73.072231	-75.924292	-89.031988	62.235084	-52.440825
	113.979318	-14.581604	65.555515	62.122561	468.778202	-2.436879	214.532143	6.649815	132.204524
	-20.293033	37.789038	-19.651569	-137.015527	275.651055	1.496555	102.546152	8.197011	63.728674
	15.079779	104.565967	5.035680	36.899881	274.251753	28.531068	615.674592	-36.597978	31.137104
	-107.480294	144.949353	5.029303	-80.424363	373.897747	23.096952	172.520868	30.490450	41.548221
	34.356798	45.240313	39.335982	77.122638	279.973921	40.615210	174.983744	44.925481	38.261155
	-17.875202	-7.366973	24.081974	91.860711	205.343671	-18.182226	-8.775772	4.335619	202.080175
	105.152016	-62.245525	-16.964311	123.094680	83.230959	12.871914	49.263968	5.212299	105.240053
	190.415661	-6.467884	0.787582	88.199743	78.192948	29.516680	164.433654	-56.528052	-40.529964
	108.725149	-177.032009	-9.391233	152.550386	383.493194	-66.972365	101.111808	-40.749020	187.068541
	65.876042	-120.482532	-78.843632	94.726846	80.593040	-9.442347	190.784453	-67.815255	-24.118791
	14.851067	54.551016	-36.676108	-14.393544	-94.443571	-69.477595	234.456766	-53.320219	0.217476
	141.722754	57.373433	-11.617701	110.766327	610.035892	-36.457884	479.030880	-36.500837	176.535504
	62.906814	38.091831	-16.615106	67.606912	357.822557	-6.286045	238.450892	-63.792600	120.325173
	114.086024	192.651851	-42.069555	16.336208	588.716650	-36.633468	49.077825	-40.146431	49.553136
	45.117446	39.507872	-13.225295	125.000209	509.935752	0.092663	-65.169622	-24.986047	231.637890
	94.260990	134.858877	5.996671	-26.066488	-45.229207	-38.505072	24.767815	8.385368	-88.061879
	-84.788882	-73.336827	-91.446201	-40.316817	-188.232725	-28.421149	35.756272	18.895627	-54.497272
	74.509157	0.361294	-60.301117	9.082020	-250.694151	-18.847920	100.428058	-53.052279	-58.710398
	70.430038	-42.825744	-48.812226	-25.575028	-132.076833	-3.874721	197.554811	-65.793639	-215.217193
	43.116759	61.395526	-12.858992	-14.447649	310.519047	7.752227	-2.993253	-35.147840	7.450459
	15.211075	43.059309	-19.607815	-19.403787	-145.241247	55.487545	156.124498	-76.360192	-152.549243
	-24.472861	31.451396	23.975119	-119.425039	-509.917641	127.880300	106.601275	-24.635527	-256.884252
	84.132613	108.901087	-21.328544	-81.281528	-209.990738	17.815996	48.594420	-42.037920	-121.674251
	5.784618	-57.115639	47.227631	67.807016	-298.305971	56.223374	-29.012142	-33.941497	-94.798997
	147.878552	-137.908168	26.495183	98.941128	409.552316	72.418207	29.646235	-30.914319	7.373906
	38.325276	44.845133	-51.278783	0.214248	-473.612585	-4.051649	50.602889	-11.560611	-230.513572
	-30.841538	-38.484281	25.384820	-78.565784	-451.417934	51.341893	-29.881000	1.259492	-74.320711
	-17.973019	-76.470640	45.395758	33.169366	-33.002466	10.269413	-319.794706	61.292534	49.621166
	-37.555728	-166.117051	30.196955	135.254918	-195.859829	109.253034	73.527825	39.024490	16.454786
	7.843038	-76.381969	22.317203	68.027625	132.423637	12.766736	-89.054656	30.753268	69.828044
	69.174345	12.475307	34.972912	40.196814	260.260361	24.444772	133.260294	38.556335	51.730904
	-37.699369	91.942415	35.439991	81.102654	172.493617	40.853678	-138.940829	-40.423741	119.574695
	-10.752059	-56.413463	-42.734568	-52.093156	8.583529	27.710783	86.131937	-73.516862	64.103772
	-130.090892	101.735636	-18.895180	-183.418153	-8.208371	-61.267077	-101.886204	-22.633499	-91.579899
	-101.527075	134.760007	27.357838	-129.537555	144.851042	-67.133291	-110.951657	-11.429902	65.368543
	91.509797	-17.171046	28.989119	90.567110	269.189519	-95.830597	31.608321	-24.416062	59.495964
	-22.826210	-183.698807	71.322154	86.177176	-227.512489	-73.024360	-216.829383	5.355240	-13.593759
	29.566886	-197.124710	0.723693	64.827923	-59.815016	-81.709113	-57.636450	-37.078173	-42.167495
	-107.286488	-110.412534	-46.568394	-9.425530	-572.557718	-35.704660	27.012561	49.182662	-141.495755
	92.905993	-34.632566	-21.298849	140.356588	31.443427	-40.876109	-180.210854	-5.703776	8.947135
	-3.223413	15.592241	-17.822904	-79.255465	-346.653894	-23.804341	247.281031	-21.944493	-99.619270
	-74.239457	-51.024725	-37.702992	-105.545535	-72.865940	30.195277	-249.638864	-42.088594	-8.595235
	6.351517	32.131756	59.956187	99.397947	262.682050	-13.232125	-131.266431	52.663316	55.569886
	-34.562379	-71.657918	-40.451885	-9.243170	-297.597369	-22.222735	-117.454921	21.688553	-48.763167
	-4.569716	-63.755547	51.279851	12.429040	-255.151751	44.260970	-104.878861	1.014231	-94.093120
	12.451966	-28.355821	4.395402	-2.732422	-172.448009	-25.439005	-106.930381	-15.924171	-47.059145
	-55.834203	-63.429685	-42.022724	-82.377251	91.563105	-53.055559	203.347275	18.578284	59.242899
	72.347623	293.905114	-15.903910	16.622183	329.562930	-33.438935	-460.485966	23.762333	-34.165286
	6.689877	71.030927	27.540795	-26.305142	205.583139	79.662438	-40.506995	-59.169934	86.357515
	3.764629	-71.897295	15.679521	-25.584210	4.606137	43.696507	211.540463	6.159103	-0.490225
	-7.698616	111.218320	-9.995931	-112.812005	78.421631	-52.006687	-55.726285	19.000755	56.011277
	-47.979321	77.464653	-0.082719	-91.679839	268.736408	-34.752599	313.425774	20.900011	108.506243
	76.840364	-20.818477	8.084691	141.170201	33.454125	-22.902722	5.707756	-46.282661	-30.268520
	26.371546	89.680636	-66.718082	133.079375	-45.281498	-35.730969	148.194224	18.728170	-43.328529
	-28.642723	20.753932	0.513265	38.759781	329.271932	-16.928135	-350.477081	18.916947	65.736047
	-162.911902	136.885001	12.572861	-168.687143	36.025938	2.214572	-363.664027	12.530485	90.077542
	37.124109	-117.150346	-38.403742	107.348387	231.439097	0.215299	-66.215338	1.926342	4.173861
	42.205296	-95.494751	-9.136405	9.280630	-27.757183	-20.612301	-59.614139	-12.061775	-21.623826
	63.602114	77.081899	-6.397220	-15.295619	34.245981	-45.568982	380.485023	-20.465048	50.846855
	161.131339	-47.726072	34.022541	84.169261	373.837851	6.977000	465.606003	-72.140438	131.207857
	20.075485	17.522231	-25.033507	-30.969177	442.731074	-42.962161	-323.996112	-14.980488	140.866610
	94.025890	66.213312	-25.718430	86.612081	83.468044	-3.868830	180.669207	-83.749748	-19.578846
	59.568678	2.532380	16.943338	-80.033127	-78.568948	49.017143	139.635755	-30.781209	-29.535921
	83.137158	120.174945	11.972288	40.807184	420.970955	-43.371798	445.329067	-22.432181	111.783108
	89.274555	184.878915	10.297058	-18.511734	52.386087	11.558533	-56.250470	-36.853940	-10.483420
	123.301749	52.607287	46.053072	19.767014	202.073608	27.087453	246.358969	-54.925805	91.278423
	-40.252677	-89.426353	20.083792	32.147798	-108.954698	-52.966947	162.607977	48.053130	-144.735593
	80.628300	-148.049802	16.362952	-71.065586	195.791722	-44.190791	316.272046	13.444981	-70.362517
	-24.016659	62.946256	9.311349	-77.387941	-72.806868	-15.870440	-26.925341	3.050111	-14.609649
	-26.130371	-110.892431	28.587569	137.022669	201.685012	2.286221	-217.910965	19.658961	6.032097
	-51.868419	37.854278	16.861002	60.112640	-75.285479	21.689840	113.576539	-12.565972	29.402156
	70.080297	125.020785	22.839935	31.616286	-20.825452	-46.727258	42.489289	-31.801970	-18.846478
	-47.999616	115.677837	0.704385	-30.161105	62.539400	-16.776262	-72.905965	-33.621797	131.250239
	-96.463871	195.973856	-16.489194	-74.114654	-107.734441	8.765649	-318.884096	32.955774	11.363361
	-241.932584	91.556363	-64.429420	-155.477361	-450.160647	-50.669279	-409.350659	10.800278	35.461279
	-131.498175	-21.884146	-63.023191	-126.951701	17.446509	-7.964638	-2.222174	-16.724153	53.796313
	-74.012672	-131.053566	41.021968	-169.176422	-373.241639	-17.327181	207.382105	10.490808	-164.420247
	-71.701716	-11.211238	-16.446113	45.453469	318.844108	-21.383590	50.112538	19.101386	53.222891
	-40.567297	-8.201353	7.051303	-135.502619	108.794707	12.302124	57.847087	-4.096350	43.916068
	-133.613690	-84.492536	14.735361	-87.388180	-512.891410	22.653532	125.153965	17.127390	-200.093164
	-180.763272	-130.422504	-37.838886	-165.815720	-359.591455	-22.786565	-142.737342	81.605269	8.206459
	-96.758352	70.415260	-16.686441	111.697710	-88.644941	-19.972298	-230.842244	26.891886	63.430159
	58.389393	-39.725396	-28.614475	-7.973075	-160.459378	7.453961	484.014443	-33.289186	71.706096
	59.747769	62.962065	-2.413799	54.051855	269.231120	-44.604471	84.756160	-11.613146	23.075005
	-1.934333	153.331826	-35.897413	-71.310059	-114.496049	33.680194	4.686546	-5.699587	-117.310504
	-72.496062	-87.170456	-32.622538	-4.045669	-49.152461	46.952967	-415.999604	42.883172	-67.358901
	194.667933	2.208210	-59.446375	168.741552	267.868750	-5.026364	230.636395	-17.391676	20.663893
	78.655704	-129.843903	-69.890451	165.114562	-223.672565	-5.684161	-137.014883	-17.224693	-109.481213
	136.274306	-27.172866	-52.647711	104.221714	168.805911	-2.068593	25.487645	-72.877572	32.170075
	-11.830607	-15.441247	-72.359878	60.602634	-286.777987	-21.889027	-17.812900	-19.207989	-75.658572
	-1.650780	122.016709	-56.596197	-56.646673	438.457637	-15.675642	69.348630	-35.530581	88.772192
	-2.926279	50.716017	-40.520282	72.587415	-158.339944	-30.676935	-94.030208	38.434625	-91.442346
	71.256994	120.676080	-47.316002	25.606214	377.965869	49.793424	59.751536	-36.437400	131.583541
	-88.566635	100.007483	-84.758749	-6.458844	-341.762678	-37.847182	160.674597	-28.367806	-34.773347
	-41.792257	166.008032	-45.624445	-149.560067	-63.032152	-25.557551	-3.683214	9.814222	58.475948
	-106.910495	-49.178982	53.742315	-89.343176	-265.766067	48.944223	-185.044353	17.347420	-6.835409
	-37.643823	-38.584501	-37.586064	-3.961138	-194.500998	-30.403319	207.737452	-14.123911	-40.533583
	14.552406	-20.543113	24.208059	78.345264	108.947285	41.723265	200.223988	26.396895	144.541046
	91.762571	85.886154	73.469514	33.955492	492.257655	-5.374429	264.551067	-12.252416	153.787069
	-86.158594	-33.856189	38.615510	-4.059401	44.491745	16.642982	111.172701	30.714013	2.642395
	110.514179	-19.299605	-0.274780	18.524281	85.519289	29.991024	215.901844	-47.119251	-129.342896
	-64.810671	-123.935693	73.640169	-53.089996	-263.690809	28.632375	-175.098472	22.444258	-20.450653
	75.907262	-174.431367	64.104109	129.394232	-219.057692	36.249980	-105.947539	-1.628886	-76.245628
	-123.909111	91.481310	10.916345	-121.770741	-556.145510	-1.755383	-19.307586	-57.353786	-39.135389
	138.213585	-151.151275	29.503693	-21.666824	207.132178	-2.677355	-86.475563	-51.462686	52.034430
	-102.640818	-4.875096	-39.165114	-170.432662	-480.332697	-40.987954	-86.125195	-17.976389	-119.278968
	78.735835	39.394952	-2.927121	-131.404639	234.606440	25.275441	75.781105	-105.609329	7.847762
	-82.597484	274.706450	4.356555	-44.423402	-274.923437	-9.693657	50.686642	-95.088690	64.654982
	70.252202	70.220949	-51.557422	57.425000	148.901264	-25.126279	143.874090	-35.210238	34.155388
	50.880962	23.466500	-50.400407	2.494688	-113.665178	-29.417979	-241.887726	-7.067935	-93.487587
	-21.604429	59.856339	-39.972270	87.188333	63.640540	-70.905083	-163.346157	2.662231	97.616302
	82.509137	176.405348	57.821269	19.391762	582.745958	-24.269347	-283.569158	-15.966275	145.025120
	126.561386	-190.114019	32.841106	193.196633	-192.765765	36.436481	-85.794502	22.636255	-128.916745
	-30.365572	98.461923	7.521131	-45.181439	136.924970	24.535519	-12.454606	35.102043	129.400772
	-3.810441	62.667313	2.022444	8.124958	-21.123164	-0.350688	-93.774539	69.006828	-13.196039
	-168.241898	-22.246360	54.366117	65.314575	-456.789611	-21.607094	16.113576	1.183171	-7.804874
	-15.266557	34.534095	37.909988	49.768438	295.940010	34.449600	-302.515910	4.962831	67.622750
	-119.496574	36.283773	20.038736	-43.990614	-414.775586	49.158568	-61.832801	8.805852	-68.368915
	102.196299	-55.594848	63.377771	73.569417	405.404246	62.086770	45.576524	36.202166	133.423005
	118.401081	-65.791597	83.594453	107.735096	-90.214161	109.600804	16.965763	9.180244	-85.200271
	102.146394	-78.203903	7.284660	100.310275	274.456419	141.689501	-59.536962	61.829894	116.528851
	-83.030983	115.936593	-81.525414	-73.031612	-390.997496	-5.108679	-246.476485	54.511756	-42.164801
	-133.096267	-131.276311	-21.856305	79.325389	-213.646938	-93.687615	-48.772024	167.160777	-71.999875
	-166.019731	-51.801412	28.206576	75.271995	-490.985065	5.792374	15.723401	79.322643	-87.479774
	-112.345400	97.195055	-12.688902	-189.928597	-555.634133	-3.708402	-16.876131	83.045441	-197.337660
	-0.086944	-79.329428	7.688841	204.992077	299.192997	-20.636249	-158.063079	71.683968	98.148086
	6.558929	-130.580845	62.346625	122.619879	126.793286	11.709517	-182.855409	77.446447	-115.383429
	-30.097597	-178.528686	28.359670	85.950900	-96.828035	42.075175	-66.045235	58.647105	28.780839
	-100.154147	-26.075985	-59.759505	14.700490	11.882191	-28.836846	-64.993378	56.474919	-55.550198
	-74.654503	-12.709654	-20.256252	-104.481018	116.595230	37.057340	-116.809316	69.563128	144.582163
	-181.570889	76.228237	0.245495	-196.276810	-156.283240	44.824444	-299.585537	48.927683	-20.587454
	-82.207434	-174.811681	3.355870	33.157193	75.996989	42.588143	-233.161878	-19.480304	80.628872
	-21.523950	-3.022871	-21.255007	-20.687794	-109.402687	9.918756	-130.565569	2.440745	-17.775502
	-23.674053	-150.278770	-11.782729	-74.204474	19.856457	65.180720	132.152150	102.238659	77.445039
	-12.458005	114.484417	-78.141472	-35.647503	-295.962359	9.113341	53.667011	39.555415	-124.061977
	-60.356812	8.667937	12.303989	-44.385676	-32.215197	10.256919	-344.481098	79.802995	-17.333234
	-17.366647	-2.503049	-72.609167	-124.253748	127.837548	-19.292501	-330.587258	60.720265	-46.504223
	33.176631	-76.562022	-38.660719	-45.014291	283.774105	-0.547939	-45.580326	91.230625	-34.303103
	-64.918484	-80.407642	-28.560713	61.399560	-704.848643	-42.120371	-255.510269	68.965445	-270.235670
	-174.599732	-85.229877	-19.412495	-16.827851	-578.052154	-19.319358	-52.328028	74.827950	-106.054028
	-32.513604	-178.512132	-9.947818	27.769064	-493.343649	39.625241	234.092983	42.562961	-185.912358
	-8.529377	-214.432731	67.444015	149.489377	-340.447649	-1.170456	69.917399	-3.336382	-93.033518
	-71.106083	148.079664	128.581247	-9.540536	244.885736	49.356137	-76.342648	30.569738	147.123342
	-234.089959	-245.838011	60.723186	-64.179654	-618.375252	20.726041	-287.365229	134.170685	-119.401496
	48.959015	-50.164939	52.852475	-92.852462	128.467597	41.081804	-46.260077	13.788213	-18.927007
	13.023794	11.862560	-50.931949	51.736008	-106.512133	17.799790	62.889462	-13.253474	-37.901005
	54.362366	-138.152749	58.374376	-23.241204	63.783132	45.377759	-60.398270	27.896990	36.771769
	1.369284	79.065886	16.557176	37.170417	-165.906407	18.793723	-252.014957	31.247464	-41.702280
	-103.667343	-62.890605	10.718874	-150.886783	-289.980345	24.048442	99.979458	36.198841	-126.583911
	-184.774907	107.789843	-33.602227	-180.368415	-346.958436	-60.064692	-301.208275	76.386218	-192.855569
	-56.181356	-27.180557	5.273455	24.608618	-352.648587	31.706437	-83.340445	83.353054	-222.239612
	-105.384039	-152.255102	24.465488	-78.150640	-204.767330	28.568396	161.551175	70.002950	-107.876937
	-227.838207	159.846318	14.841872	-202.868085	-250.920149	-15.206646	-330.735001	45.077223	-40.904895
	41.662113	12.692614	23.642501	129.830616	-295.067391	-8.331439	-112.086201	52.081036	-201.508986
	12.108363	42.854504	33.335359	52.312095	107.770609	13.849807	-77.985068	-17.565208	36.293290
	-86.621234	-139.098677	7.607520	-50.185495	-198.486809	28.457712	-108.827349	46.362121	-9.909007
	-149.293238	-110.447629	63.324903	-64.258066	-280.510227	18.526265	-267.566327	60.069504	-77.007518
	19.378442	-18.923608	11.203774	55.803682	-192.342163	-2.231699	53.315773	44.515171	-46.492240
	154.243861	16.733403	27.704952	3.349382	-5.307503	7.674685	144.038375	10.990755	-15.759107
	41.287802	21.394864	69.212415	-91.183435	104.382643	22.653395	283.241641	29.578734	8.005583
	-36.247803	206.597053	50.693265	-62.192219	258.439120	58.053541	-111.246212	-63.779752	163.773887
	119.239937	20.832838	38.046185	-69.802432	-54.273495	59.536199	398.983411	-88.366048	-76.840882
	-115.237183	-80.388038	-16.611337	-54.367886	349.458537	-1.185473	-37.740430	-42.518971	168.626880
	-38.862793	-60.901330	-62.586554	-67.067196	-229.486513	1.966363	92.518186	-3.571148	-29.546893
	190.348087	103.722637	-20.750220	141.425479	355.005788	-13.187139	18.504376	-75.555233	133.378741
	133.744980	-1.164928	-59.529534	60.123265	233.754376	-15.274074	293.308881	-34.807392	109.872121
	144.520192	49.713896	-11.534789	158.858950	-64.798446	-78.255177	13.859310	-84.415201	-50.924909
	-41.909548	-37.970802	-1.345822	4.268568	515.060179	-29.780404	-187.099737	-47.535543	131.215564
	177.027470	67.723079	-8.801556	37.993357	410.687753	-36.926751	203.541429	-94.005583	80.519897
	-61.056080	-15.916524	-77.196278	-141.718110	354.228564	0.371531	156.355091	-119.589474	41.548571
	91.076085	81.560661	-33.477030	-41.800386	-12.576911	-75.269857	295.882263	-25.586397	-87.070972
	10.864267	140.150372	25.569280	50.006199	52.876138	-25.318108	-142.206087	-56.634549	63.546302
	70.776293	-4.560723	73.169146	69.262994	199.446272	-27.945219	59.362307	-58.888229	96.451570
	253.210688	63.990143	-13.989894	57.386107	495.500253	14.482485	274.413956	-114.989241	55.472983
	28.678594	38.974362	20.973634	-79.387675	227.018448	-11.725484	-103.299368	-40.323015	116.346540
	118.546105	165.850692	16.551575	16.246200	422.197268	-31.193060	79.349536	-76.557276	176.995383
	-19.425690	33.342131	-2.977845	7.942527	433.923130	-15.398912	135.063614	-42.121184	198.544524
	63.368996	-61.652515	-1.123413	109.762341	304.152146	-47.646407	-2.352132	-63.405508	161.543525
	110.934344	-64.582098	-38.167219	166.420634	-0.011314	-48.511459	107.907877	-22.716362	-11.196331
	-6.548013	-50.062172	-6.762963	72.845366	297.947430	-53.681583	160.069434	-9.019022	184.028988
	18.501119	-133.018948	-32.260955	95.833912	318.228552	39.971657	-33.489356	-20.045244	4.885988
	122.837459	-81.773043	63.448666	72.894242	83.307935	-12.023998	363.024700	28.250349	-60.101757
	-44.238458	33.205005	-45.330533	26.174658	-376.198537	-39.810792	-162.193093	19.016457	-118.944235
	126.244113	130.712993	-4.334426	-62.380406	49.270597	24.338366	167.963524	-31.803263	-129.425187
	-30.211881	-108.628509	-61.054310	63.920912	-272.320702	-0.833850	-102.852542	49.426668	-97.075843
	-7.491460	-96.052508	-27.507857	-121.610582	-86.089445	37.781523	359.801443	46.836220	-165.737494
	-121.433039	150.946337	-4.430138	-226.037481	-216.426083	36.340814	212.748880	-14.599243	-119.287020
	-69.312014	116.261884	9.036543	-262.483957	-224.654483	37.671611	121.703401	-67.740746	-100.393419
	-45.664641	79.520879	25.888920	-143.310615	221.114240	18.635600	239.940427	-12.004946	34.178795
	54.933353	252.837540	-6.675314	-98.012797	120.331730	17.236872	107.271171	-1.865514	-101.121708
	5.936471	-112.017478	56.729217	-49.227215	-138.297568	1.941879	252.248565	48.125831	-122.135230
	0.075781	78.265281	56.332205	-77.988388	255.432217	46.962112	-257.224410	14.221294	77.218243
	-84.516736	-50.083271	28.900360	167.970096	-8.307078	71.567361	-232.822946	19.681897	-9.581120
	-52.652244	49.473737	21.587119	78.133371	248.738968	21.421120	-159.504358	5.280656	107.952553
	-22.502862	48.297420	30.922851	90.036519	-82.177101	31.771949	-426.932418	77.549946	74.359970
	10.613611	-112.165349	8.898792	81.888479	-9.249291	70.682693	-21.028585	86.894522	53.125948
	-34.885764	-77.505538	66.988192	94.636584	-170.885776	0.490506	-150.374742	-20.800289	26.768818
	-124.293570	-38.942976	13.580729	-18.270993	110.063154	64.730470	-312.314133	25.263698	177.316679
	-40.632927	-34.692192	63.237910	-65.923799	108.412595	35.930876	47.958218	-17.386392	147.526018
	-60.166160	-20.629223	83.897867	-142.758794	-140.814167	126.093078	-264.882083	57.021268	2.311989
	-21.794148	-26.716452	62.000478	-12.719172	-218.419628	47.855995	53.833374	60.135504	48.026529
	11.358698	-112.539714	91.950367	84.514008	10.855367	18.247971	-263.425132	3.671179	62.167439
	102.246301	-110.603677	36.670180	110.160154	173.953905	-50.047177	-236.055743	52.277453	162.425526
	77.387326	-59.452067	5.791944	66.505677	-142.614154	-22.608485	-124.070114	16.686108	-49.283389
	-6.323980	-163.907809	-4.727623	105.477817	-38.579624	-22.022401	50.342558	36.937791	-18.224427
	-4.826118	-37.654154	-40.046724	137.508641	-43.494376	-95.031373	-227.141970	5.759722	89.300252
	77.214284	-127.632733	-29.943598	-44.041758	-236.207913	-37.306296	-209.730434	-1.264991	-253.968966
	53.746332	28.505903	-83.682441	-69.023970	-57.507077	-19.969455	-195.040272	-47.974853	-130.971022
	51.368320	-33.061381	-37.052833	-73.560290	-244.182031	-34.472838	35.163812	-53.549734	-268.232932
	-43.638122	97.183765	-36.132912	-34.963907	445.523147	-50.712902	-34.763121	-35.961305	154.866505
	132.126266	158.313242	1.906492	-87.866305	358.620648	-11.637567	88.427128	-116.529160	36.835690
	54.075281	75.436047	-32.696384	71.766642	323.655580	-55.034954	139.734694	-94.644103	135.503798
	38.393326	-21.687741	28.722231	-97.561735	373.249074	-1.293776	337.949108	-57.661147	119.085667
	-59.928884	-56.697125	-7.773683	-142.352054	-159.128784	-26.009471	-125.236839	-51.648409	-14.686081
	116.162192	264.418957	-26.690160	-40.612625	263.443976	-49.763468	7.752186	-84.257538	-7.600928
	118.226946	100.645268	-69.396536	77.473321	521.499323	-31.784988	-81.122217	-63.990213	182.906316
	120.569319	-140.034331	35.241878	-7.704366	164.005256	20.850971	-97.407004	-5.229738	-63.999014
	-16.950251	-166.202296	41.118732	203.851132	-37.046045	-31.201491	-10.953437	15.231280	77.266186
	118.189712	70.299236	52.066412	93.531273	59.884609	10.463656	93.133400	8.853623	-91.009515
	49.282665	146.369248	-25.462864	-185.698264	14.146696	11.270815	-55.036096	-16.077679	27.427975
	84.810099	79.372935	23.182514	-39.073415	457.790671	60.438479	-371.687559	-90.226113	53.592783
	-109.261956	-39.734534	105.116719	-106.301769	-528.714502	73.607802	96.110302	-67.276999	-75.438047
	241.845133	-12.402123	54.778725	52.737975	-63.848649	18.466596	271.789461	-16.031805	1.114579
	-51.853548	35.158133	-25.659175	-129.753425	-168.398345	-25.943552	162.937103	-59.744039	-76.317231
	121.527270	87.830168	-41.550707	134.211296	58.465720	19.749210	408.725733	-25.450635	42.188301
	-36.075619	116.983793	-43.072858	-250.623303	142.751379	-25.014169	114.412012	-53.302865	-49.818004
	113.930491	155.616845	-35.644939	21.853551	569.870157	7.312646	451.378762	-61.524722	48.092352
	-109.572012	35.439047	-9.505639	29.243776	-174.768551	-30.029662	236.978156	24.799698	-33.527911
	83.493113	91.081850	-48.043203	109.864932	239.011349	-22.791927	38.216771	-2.725046	41.960663
	128.259544	44.065939	0.844136	55.917180	445.719345	24.895796	4.329780	92.271560	63.972008
	83.501542	250.669040	-22.824423	65.312976	217.058644	1.844317	373.842043	-5.455897	45.698781
	-114.192974	11.917196	-66.241795	-40.922029	-278.154231	38.950608	108.089526	34.541155	-191.097205
	-7.032106	204.221132	-74.000639	13.235512	349.739715	28.180458	-3.535386	59.772453	1.599846
	-103.270312	-149.725822	1.661134	155.832251	-238.786783	-20.738153	-120.226403	117.353679	-170.531846
	-69.995622	126.538034	-22.295087	-118.246980	-99.787899	-12.356138	-65.047917	61.855484	-54.523845
	-93.545096	-98.546202	23.789942	-27.224674	3.156345	-23.593509	85.867146	93.784612	83.257738
	26.999381	132.997936	-44.294870	-187.170747	20.413519	67.526644	21.361517	58.999356	-77.519104
	-53.107610	176.558555	-16.799207	-153.799164	-5.115213	-12.405274	375.438396	-12.797389	114.180629
	-117.141388	-238.629402	7.608002	-119.880177	-694.652779	28.862113	23.807090	67.319083	-248.635298
	-5.709311	-4.874202	22.587588	-115.209233	82.845109	22.169474	-14.382773	6.107744	-64.416751
	71.169827	68.189168	-40.519806	58.223493	279.141056	2.082633	325.145298	-42.516732	-8.034761
	-50.538467	90.237284	-16.611285	-128.549583	148.404087	-5.817914	283.151686	11.696928	-27.649731
	26.785789	-0.584017	-42.794301	17.752786	171.923394	-71.440718	119.557833	40.014704	56.693083
	104.100663	-136.250646	-13.096210	134.442834	70.173405	-23.187026	-78.853259	7.343950	-16.131570
	3.843525	-87.966772	-10.762860	-1.627084	-143.467113	-25.060932	-257.059125	-22.485321	-52.077625
	24.769274	81.653274	70.932389	2.873878	40.825483	44.477462	194.234830	-16.766669	7.367112
	-141.946863	92.833777	-23.557718	-149.431294	-102.504880	38.730326	15.901707	-63.920003	154.719050
	-63.146925	-52.568208	17.825120	50.134906	-250.133487	13.021099	126.335322	-19.476859	69.873089
	-63.674850	-125.727695	41.193925	-72.618474	-348.008919	7.174856	113.517860	-28.276403	20.592534
	71.321174	-115.861524	-57.836458	-41.404022	-174.465190	-6.686365	-69.965653	-3.053210	-65.261644
	92.183122	-117.172833	-60.649359	-95.375429	-184.284222	-40.383879	6.041174	51.534405	-146.959318
	-70.690979	-125.517331	45.339492	-46.360889	204.046766	-50.509657	-149.287444	51.037921	56.750720
	-38.016908	166.112595	18.552373	-98.046674	418.059264	-9.519052	216.381281	-71.971401	165.691851
	-147.069744	48.079310	48.608390	-191.149326	-560.722213	54.306939	-34.891598	-0.650355	-213.738893
	52.897155	143.104319	22.845880	-134.997895	218.809987	21.655648	-5.442198	-45.050918	16.146288
	-16.934154	231.068964	73.408006	-120.538116	232.051322	66.890038	-59.446620	-54.891808	14.370650
	-24.223622	76.923354	66.410618	-41.661516	315.579652	24.363057	-197.752474	14.829982	210.613863
	86.386736	-28.033516	37.204609	123.296107	41.646879	24.010091	105.671926	-2.082128	-31.580782
	-45.326278	-58.865235	21.323062	-26.766180	-526.889438	21.197488	310.240071	23.718940	-128.088445
	4.885874	-4.145056	14.156916	236.262663	240.329732	0.792830	-344.675596	2.686577	194.198732
	-46.946540	-122.379835	-17.166433	163.276247	-352.281402	-27.414463	110.735393	28.568250	-96.419578
	-9.351961	10.032689	-31.362105	79.078589	-122.068210	-33.552606	-287.523436	29.536802	-18.720495
	-2.110273	-129.209468	-51.258197	284.805850	126.984202	-49.441606	-296.313041	20.909821	133.042262
	-93.929325	-65.507496	-8.908069	-166.684782	-340.251702	11.790218	-276.005883	-22.274248	-136.886568
	-107.619860	-14.943639	-64.741872	-32.441317	-424.849414	-11.660737	-138.273589	40.953394	-133.698254
	61.832128	66.928369	-84.018186	-47.480678	-238.643958	-32.410643	42.354805	33.825977	-155.642417
	59.363445	-88.498715	22.778757	139.602966	-181.650642	10.282566	-121.006498	12.650070	-9.015672
	178.969606	56.045216	23.318410	25.090091	-246.916152	19.289978	297.637587	-81.545745	-76.714724
	149.500362	-74.480883	54.763376	235.221886	266.672278	15.812167	-144.088858	-44.785101	151.344690
	32.103094	190.051940	36.898050	-74.637946	-60.573334	-30.857831	-112.984011	-53.090059	77.880774
	108.979122	-10.523374	45.519604	173.091418	149.208833	-41.970658	398.934249	-67.798809	94.770819
	50.383507	-139.231034	-45.683290	274.487173	339.245091	-36.054916	42.820735	-2.834776	114.499408
	-35.674529	147.407488	-24.388981	-4.387580	-244.650411	5.618365	14.025972	-3.528983	39.605395
	159.052082	-51.462953	5.917064	185.882525	229.082195	58.210203	22.602849	-2.719925	-47.440253
	30.181903	48.254427	-41.130351	64.894402	-137.393254	37.177601	-67.809110	-8.554501	-77.921400
	0.168978	-69.501808	-14.993643	-25.279484	-24.839705	30.331338	178.688073	27.617081	-67.073226
	9.395076	96.581286	-45.913860	120.604249	112.975799	-8.418819	200.428269	-22.419811	119.754455
	62.613256	-99.168114	-81.239643	115.819787	362.271683	-19.409116	83.058575	-21.601316	90.260526
	-31.667029	98.662811	-31.370235	-174.744133	-380.058576	-28.487411	476.479719	-59.873987	-233.371926
	107.605094	-15.516381	-64.756431	-49.432240	458.259416	-36.590842	-197.000678	74.044068	-49.565059
	-17.048885	-76.755583	-26.291949	101.532379	-128.111735	-38.933744	-237.659983	58.246591	-41.609514
	1.133920	-73.318664	-7.877012	179.259288	-102.653279	-34.988290	-333.680807	70.505538	115.010740
	-64.896204	-31.666396	-2.650910	5.768147	-266.585157	-5.387313	-178.516797	29.565938	-42.923803
	139.644874	-89.273137	-18.997987	-5.285289	117.868560	-1.318065	182.813900	21.244034	21.661727
	175.419538	-32.051353	72.179683	-39.739225	-51.310146	-9.985794	554.223919	-87.360470	-48.789794
	-111.313481	-117.506598	87.392048	-26.830757	-478.618108	38.721656	-94.566782	11.585223	-69.327941
	42.497889	192.504693	3.809179	-129.297193	229.467815	-2.048759	136.237932	-77.496042	-132.562689
	127.278841	104.742862	39.696265	-19.125029	524.613277	-20.070727	231.678038	-51.403459	83.262734
	-125.434970	52.208804	-6.644604	-175.894972	-263.289910	-28.938944	357.770728	-60.032502	15.068009
	95.794838	33.916711	97.192498	-138.370968	406.276733	33.338115	99.202483	-46.762419	178.474386
	31.062864	138.990181	-23.157673	-126.257234	350.656560	-4.111322	322.254930	-36.901479	198.113467
	104.576993	11.515689	-38.836294	109.014897	360.163059	-36.767538	89.575228	-61.975696	195.862937
	65.255190	33.401290	45.733409	-35.801311	-37.851949	27.019021	442.470567	-105.871625	-55.347741
	-44.347303	114.080270	-11.301856	-249.239986	-147.525508	25.295003	-10.769097	-67.599521	-89.094634
	-34.996055	-148.740025	12.928562	-24.553397	227.368925	47.219499	173.284846	-49.687464	112.604822
	-26.359546	-31.534804	12.522322	-81.647662	-39.122297	-20.220258	-27.523988	-51.706815	-6.289855
	3.570541	66.546138	9.217985	7.645398	18.763712	30.559109	35.324758	-41.839493	140.923096
	-4.554180	-8.547063	44.991059	-49.734272	-101.042604	10.546487	178.685716	-23.992337	107.362772
	58.908351	84.927039	66.970697	70.170963	394.863818	-10.139942	-295.547989	-14.053086	233.156959
	-14.441579	-47.442642	117.820664	100.449688	-505.608035	39.478337	135.772197	-31.378499	-185.721949
	6.869253	-102.441433	-12.474375	-74.855743	-329.742473	34.758472	142.910599	-42.082763	-203.943316
	32.464509	-169.645379	45.146431	137.483327	271.546349	11.606925	75.332280	26.865076	185.197335
	-50.835204	-220.900210	33.811210	45.497057	-74.283653	101.969755	-67.045528	-8.404150	83.009979
	103.121490	12.199285	34.048410	55.504801	-72.280932	47.872685	175.296185	-1.465444	-85.770667
	59.321468	-75.811561	40.038207	8.290138	-116.357294	64.506904	-9.389975	31.327950	-88.200093
	-27.785848	-19.813382	-51.378391	56.025325	194.400197	-27.784494	-91.819941	77.774182	156.213989
	81.251617	19.277567	-22.911292	143.739620	-110.377990	-51.400198	121.741722	105.943573	-82.657221
	-85.127120	101.353860	-35.857547	-22.663246	-367.102686	0.216092	-355.314716	17.210882	-107.160974
	90.800066	100.316812	18.404383	108.084570	481.229306	3.448946	127.579372	45.189877	80.403868
	-140.855471	167.652831	-9.427604	-118.284103	-64.871648	40.510167	-118.005268	40.217326	-126.393414
	-71.712494	92.729545	-44.501836	-70.278289	439.972042	-38.511409	-225.801148	67.838147	203.587285
	-52.379711	105.222719	-8.770043	52.322433	154.635738	-2.378693	37.970613	45.313788	23.676940
	16.520067	223.468183	4.357673	-145.929883	-29.301398	-24.278122	115.441781	46.098312	-72.850585
	41.671115	111.132029	-40.627870	-74.429632	102.648696	-10.801097	-24.889434	35.058122	-57.210247
	-107.006082	115.836904	27.675495	-163.516158	-334.747853	0.490817	-185.163796	-10.311426	-204.423325
	-178.909994	142.842551	22.145088	-165.217501	-444.230976	5.308868	-88.159184	-15.607861	-111.521268
	-34.506670	26.366484	1.747952	3.973623	207.124764	1.095764	-216.632877	31.568105	137.819280
	-41.679495	-141.920114	54.838178	47.727258	-512.014591	17.549315	-38.472583	73.276506	-204.656864
	-99.511571	-19.316593	-28.515854	-114.919473	-367.450849	33.434538	-41.202743	37.772280	-108.419011
	14.844315	202.424176	-83.903236	-204.984634	317.535399	-29.912566	212.710293	-41.069975	63.187726
	43.228132	97.009224	-35.940587	-16.637245	334.521834	-68.945914	-16.309780	-26.060492	98.330718
	68.014000	-150.606601	52.795832	149.204729	-46.330138	-6.781850	-85.390167	-34.919374	130.391336
	103.877326	-59.041353	35.187554	-41.112223	-308.046644	-8.931666	202.694487	-103.536461	-51.888453
	-95.514828	-213.494931	70.505002	-80.274392	81.836792	-6.049191	-265.471835	-25.671824	242.794879
	160.838717	-17.295821	113.808038	59.815748	489.504640	-47.557040	336.851733	-49.038323	54.310770
	37.520281	45.715401	63.477906	49.525062	433.849817	-46.297769	-60.415827	-32.929660	294.022718
	39.081347	-17.970202	54.733081	-130.767388	221.264638	11.177740	121.782601	-36.625540	204.955621
	-36.796806	125.919815	51.373374	82.370954	200.304674	17.468104	-170.643528	-33.523136	203.793400
	-63.877458	112.148626	54.992503	-88.911763	357.557005	-7.678116	28.419342	-12.469027	149.831240
	-66.016352	171.591294	16.115538	-233.658374	-163.125325	1.151426	231.268191	13.766813	-156.008787
	83.772937	-98.650045	-39.599219	-7.889523	390.433068	-32.542565	165.102859	49.004327	87.354890
	33.765569	139.571186	-18.083003	67.380923	511.766581	-15.870327	32.134748	-20.507902	148.054272
	-23.743705	180.379833	-39.508426	-93.849554	235.462631	42.148647	68.827508	-59.138063	89.015302
	57.280370	210.732713	-16.640582	-31.447986	498.281259	11.366355	-149.419078	6.390861	187.658295
	14.874500	-31.657429	-1.455365	-12.709626	223.058368	31.591081	72.033448	84.836454	-35.230865
	-36.098211	85.936664	-20.295388	-120.914650	73.776343	-33.213550	60.910508	75.099571	-46.068614
	-28.648376	-43.274568	36.426948	-28.076196	233.668750	8.379913	5.349872	74.956426	146.640695
	-6.789236	4.508643	14.795925	10.900383	4.698952	-39.714608	-83.377369	24.911312	85.944443
	7.121281	74.999083	-60.342850	-36.060512	-219.818864	6.490704	-258.664755	20.566428	-63.188184
	-148.508118	-134.755159	-43.466926	-22.145541	-548.037369	64.832377	-232.811869	32.401453	-119.991842
	-63.485246	1.461887	-6.173927	87.778396	-195.229901	5.555525	-392.719230	9.517633	-123.139142
	-102.108939	-138.994828	-10.226925	37.329773	-379.077186	26.439167	35.818722	68.362567	-122.568826
	-14.541601	-206.207602	8.032187	77.197196	-629.828267	52.812911	82.803505	56.579087	-226.786936
	-228.869371	-142.274411	-9.816097	-98.071702	-730.849645	124.635294	-150.661727	49.312250	-135.722079
	-36.781484	123.065455	16.634691	-13.073188	135.412018	77.645978	-154.993900	26.251569	28.880986
	-229.949476	44.081559	-23.870327	-250.236389	-251.523653	20.402600	-398.911487	9.138678	-55.289685
	-38.116243	-46.604551	39.994141	121.069010	-213.231815	-27.487506	-195.993361	15.377358	3.968337
	-10.105889	65.432031	42.459484	-1.857791	350.914073	-69.104944	-367.711854	3.524460	273.996221
	-156.109074	-77.565540	-1.435898	-23.245858	366.550144	-60.043524	239.675321	24.369941	105.488541
	-217.738810	-113.333852	-27.841840	-129.539626	-291.890761	0.071553	-151.782426	40.386932	8.899259
	-123.047442	34.088346	2.875868	-130.715678	210.581322	-1.066495	35.999874	15.990793	108.790925
	105.554493	-118.348116	-30.732405	171.258039	136.319050	-16.978908	-5.045605	4.242779	-38.157249
	-7.535085	-116.513937	33.058066	204.133606	268.335360	24.714483	96.242283	-27.575638	23.909577
	24.379752	136.556286	-33.546015	-71.849202	-244.230699	10.483549	56.818242	13.412992	-210.293387
	60.679151	-49.429869	31.390119	-113.047849	-82.813922	2.325672	147.561013	-23.096124	-146.782693
	-175.481653	21.674115	-17.216087	-146.430794	-330.693745	4.006121	-404.087146	62.471134	-33.212590
	45.119988	-99.158757	-33.503713	81.477769	142.626437	-19.185967	43.680962	-16.847196	42.587830
	-27.797430	-149.855636	-57.686697	122.011007	220.932866	-51.027565	-28.372876	14.731154	165.093373
	108.356341	123.381039	-67.861224	83.603247	-4.609816	-51.282401	528.417732	-46.315602	-15.751727
	172.639307	92.550017	-26.898878	-43.766156	398.396178	-17.383237	491.954922	-90.689402	43.584600
	9.899704	176.646226	-30.868162	-131.963645	-174.749747	11.331520	55.174573	-37.391513	30.267655
	272.541306	65.472459	-27.509549	33.512190	722.198275	-60.899762	269.860530	-97.866199	124.007753
	162.426392	-24.337271	-44.880198	66.402866	218.596613	23.262230	83.174016	-55.503935	22.197606
	78.072695	49.610074	-31.074285	-111.412788	-195.283370	26.230397	-88.787388	-57.306196	-12.833163
	72.560275	74.594319	-17.297468	-0.719328	331.427138	-5.006028	60.498832	-66.547131	63.589545
	-32.151546	42.171479	-27.442559	22.065350	61.702101	-6.357050	-248.715651	-87.433188	194.317487
	-40.855903	18.148226	-34.686859	98.508312	24.397213	-22.968468	-17.618260	-25.768372	136.332177
	103.731105	71.460576	-42.343818	199.652792	84.698557	-27.126159	-129.486923	-18.584287	71.099935
	87.079192	13.554752	-59.737710	236.916830	403.357681	-59.333379	-21.576355	-53.802470	171.577027
	119.900056	199.333014	-7.359960	54.095523	52.362926	-1.074221	96.367601	-69.297272	-17.316324
	80.060522	-8.414335	29.126604	192.890725	74.148763	-8.610359	159.939899	-10.723786	-24.372323
	74.179237	144.529052	-53.629942	-133.776111	37.788649	-19.611686	172.125568	-42.896274	-95.512396
	24.929487	-85.432821	44.317730	-72.819449	-95.503826	15.882008	177.996753	-21.497018	-125.175147
	-12.022551	-64.782327	-16.072379	-57.643879	44.180982	-49.282371	-134.921326	13.513074	-99.492386
	-119.882143	60.885839	21.945587	-146.940607	-455.749782	-10.908208	-131.384529	-43.694067	-102.165008
	-28.834910	-86.203317	10.091227	-52.966274	-148.419822	-42.064826	-167.677872	29.968339	-113.783161
	-85.350470	-94.544399	7.737547	43.613108	-73.876000	-21.091467	-230.836811	-21.543551	6.172541
	-70.585065	120.472142	4.748356	-142.580097	133.270669	71.530066	260.957274	-52.554911	54.215710
	-46.274847	-130.384982	-26.369175	-7.283324	-183.821178	-28.485415	-70.408022	60.804436	-113.755476
	-59.061648	2.519159	56.435803	105.766952	21.543358	21.398529	-542.495611	29.924514	24.900266
	-31.515304	-211.451328	16.362028	7.800714	-290.561285	6.524637	-239.238263	48.398590	-219.225377
	21.931344	-215.743902	-25.702444	139.964894	302.766538	0.104616	-73.225911	50.337738	-8.143197
	-123.556321	-101.703714	-43.363258	96.980403	-646.622220	-82.308805	224.934694	39.876660	-217.931050
	-51.359003	-56.715337	-57.210541	25.330867	-262.847288	-83.013936	-253.305229	36.467309	-121.755169
	-95.489954	-132.634143	-23.197464	71.678043	-385.392467	-36.812200	-364.685102	78.070190	-88.237718
	-52.762921	-186.712981	37.938597	161.928233	197.935411	37.322913	-277.726154	42.434989	60.518345
	52.803067	-25.972543	45.277468	71.888192	-266.422526	-8.487227	128.357852	15.334850	-90.590921
	-46.257572	-123.981125	67.205168	252.102436	195.495767	-5.582784	-113.506905	34.037423	77.069969
	112.129490	101.832363	76.096808	102.372702	558.068984	62.535441	200.036706	-38.161306	151.763047
	-84.033038	-108.752468	61.623272	120.200332	-163.203440	26.534587	-255.943076	20.483692	48.219971
	-30.868208	-118.977141	-21.898624	166.696134	-213.671211	-34.112162	-12.651933	16.476213	95.461929
	-42.026518	78.710454	-33.469723	-194.712834	-466.159157	9.705641	242.877468	-6.363624	-274.374138
	12.794160	-14.609311	-9.511524	13.752138	-160.899026	-4.140463	-17.823841	-20.188348	-27.187372
	-24.634276	66.018516	6.487385	-56.499639	-422.492263	-34.328439	204.887733	-28.075303	-95.248060
	-4.058738	-83.177539	4.585370	-146.630013	-269.388579	30.485915	-131.775556	6.041452	-330.143563
