	-24.805564	-98.142247	-2.194074	-65.707230	6.315154	-51.423057	-9.666160	-125.655921	65.361167
	-50.708929	-71.370489	13.874887	-44.334033	19.832150	-20.379489	-0.132717	-91.535609	23.002790
	-11.989765	-76.564643	-28.583516	-12.464296	30.945951	-20.367886	-13.914038	-83.198795	56.188962
	-33.140569	-50.794658	-82.547881	4.728494	16.088168	-20.023821	13.563871	-32.602418	-12.086973
	-30.943276	-77.372178	-46.036556	-34.361798	22.417635	-15.604037	-11.086169	-87.110403	19.309594
	-8.782619	-65.517925	-19.672973	-17.998152	16.138910	8.099898	21.839280	-84.203142	36.533900
	35.946838	-21.326067	45.519529	6.281377	-7.128045	-18.771953	19.092842	-47.741507	-18.213904
	-4.308238	-20.853870	50.004952	-37.380485	-22.873287	-23.133074	-25.364628	-30.785348	-5.562913
	-23.466647	-46.987095	79.578722	-53.406100	-73.424129	-9.011533	-44.402913	-32.001105	-13.756494
	-38.850815	-47.895249	63.813492	-81.973113	-88.684531	-26.617149	-27.110254	-31.593363	-14.887635
	-43.853238	-43.287956	50.317019	-50.028369	-98.192608	-50.529237	-16.434395	-21.007736	-35.290609
	-52.397975	3.436093	22.769028	-29.558909	-62.564796	-20.077779	-15.909959	10.283238	-40.601648
	-13.819451	4.223983	7.657123	-24.269072	-60.375127	3.895904	-9.220052	5.044659	-66.734903
	-6.578484	-11.889567	-5.514627	-45.228336	-82.759588	12.794184	-23.965074	-4.216053	-55.709164
	-41.584698	-42.098667	-32.576818	-46.387357	-78.503337	39.892685	-17.927418	-25.316229	-22.503866
	15.415152	-73.876858	-5.793195	-60.711245	-39.562503	52.126046	-10.511312	-58.757171	36.432601
	44.739475	-121.646323	12.991368	-61.231317	-26.421113	74.323949	-53.024663	-86.617079	106.553223
	39.590478	-160.195952	-5.117091	-90.723633	-20.793796	69.358140	-21.961146	-113.186447	107.734527
	8.679224	-143.348630	24.216736	-72.199912	1.215940	68.630303	-30.445729	-125.737857	115.681819
	28.435020	-132.497583	54.134810	-73.825992	8.797953	71.747151	-3.565350	-125.675339	145.732204
	56.776696	-125.472062	95.188185	-80.576576	11.288822	78.383057	-18.221260	-126.072437	155.529702
	32.369572	-109.170162	48.712759	-68.942173	2.571089	27.328313	-25.206490	-129.215314	134.364243
	-9.046867	-39.646482	63.661945	-57.454739	-37.373979	-3.964373	-1.618447	-49.219812	65.021844
	-28.700354	-1.976060	-0.619732	-2.534601	-1.257411	-19.633999	41.013719	-31.894330	-8.314191
	-0.860772	31.761289	-52.910072	21.945282	-2.476680	-48.464045	49.446342	42.015898	-51.247022
	11.348688	12.956628	-49.974697	20.900289	-14.893871	-35.526110	39.114502	5.545697	-52.870041
	-23.663236	11.822013	-40.280004	34.516325	-38.268682	-24.986344	47.163979	19.853093	-72.756014
	-8.608077	11.795712	-57.544872	46.864191	-62.186512	-6.611427	15.984290	29.357519	-95.526141
	-29.036571	-7.831736	-83.263338	43.166187	-86.528717	-11.344216	2.843730	13.875532	-33.627390
	-19.106771	-28.637062	-28.446120	11.870730	-67.598307	-21.465085	11.304077	25.708169	-32.926848
	-13.052640	-16.251554	6.272861	52.881335	-37.784009	-11.216876	19.576909	-6.022273	-16.931943
	-11.789467	20.069208	6.130379	85.132918	-17.238025	-3.475622	25.801664	-19.311351	-5.549313
	10.665346	40.316757	17.097314	65.971838	16.786679	28.917813	27.897928	1.833332	8.611973
	12.825032	52.344720	28.988544	36.366357	29.885225	37.420153	12.171888	-3.407165	55.254659
	-11.313656	42.779192	39.934735	-4.201742	23.278739	29.078593	10.200694	9.514203	27.223814
	-19.617329	58.733609	37.372468	6.219114	-1.543093	-13.244452	-11.057935	-26.922400	-17.883287
	-1.348139	43.943314	47.322788	-34.774396	26.302293	-0.068915	-11.852102	-23.923076	13.296447
	-34.108805	49.662828	7.351392	-0.941566	-5.880897	-15.345172	-21.290390	-23.694008	-1.221206
	-20.256410	35.269730	5.508457	6.472553	32.629347	-23.797399	23.242189	-9.517603	-38.374799
	-26.752081	39.660429	2.551916	35.006773	24.485065	6.162523	6.278452	-19.269088	-0.483154
	-28.641939	57.535779	-2.974563	43.886217	38.373064	-5.556271	-3.044450	10.135754	-38.158951
	-1.622675	38.798336	-13.479095	26.058463	51.790971	33.103603	4.081276	5.783591	47.451376
	-60.980168	79.265651	-31.624253	26.837207	50.231288	8.593588	7.397351	58.216317	-16.926180
	-31.466285	99.355697	-24.352901	10.698015	11.306493	22.096293	-63.504232	96.735804	-76.019707
	-39.995744	91.805480	20.379952	-3.147962	-18.340900	37.713083	-47.897013	74.114847	-28.597326
	-2.632014	69.656098	39.540833	10.526571	-9.733101	17.381816	-46.809312	53.014776	-6.286377
	-22.094583	71.167123	55.630775	18.547848	-1.274153	6.854643	-40.044301	50.857691	-43.516118
	-4.918341	83.259329	64.585641	56.369549	2.858592	-36.316857	4.308563	27.657938	-56.643964
	-3.611142	83.628602	125.666809	65.019701	48.136827	-35.573167	9.417116	39.394153	-13.783170
	-9.447346	42.719986	110.364237	12.469065	19.696267	-26.946517	11.446695	-6.267501	1.670509
	3.794881	16.014507	105.695838	-5.232678	2.628605	-3.210287	6.036552	-29.155419	20.920642
	16.777779	44.459012	44.925836	-24.710777	-27.751568	-2.616953	-16.652493	5.959687	2.821337
	2.636169	39.821350	39.559739	-13.023884	-48.721577	-9.781121	-1.351003	-6.084535	-20.457406
	7.174649	36.072282	40.349528	5.274668	-1.176113	2.757746	-8.198768	23.959088	-42.387468
	-24.471049	51.629616	43.784851	14.783363	13.642645	-12.183632	-5.901252	-11.512296	-55.019528
	1.572243	52.693199	2.626849	5.658671	19.556742	-38.527195	3.591599	10.059649	-7.647608
	-29.292652	50.756960	-24.450686	0.394795	47.268248	-23.744927	0.397368	8.259860	-10.269111
	8.462054	50.150579	-51.541732	22.776872	32.637818	-18.980392	11.146194	17.091247	2.562656
	-26.913359	50.985045	-23.672707	55.373082	-13.592130	-12.875141	8.464307	17.597701	-31.991174
	-33.068024	67.944611	-12.500353	49.217696	-10.257260	-23.524896	29.993888	94.584719	-54.557206
	-33.651228	100.341316	-56.389852	64.078704	-28.746613	-21.526834	31.555158	134.357846	-132.954202
	-39.705021	76.906861	-64.320740	40.087413	-38.304222	-19.790077	-5.221735	98.609670	-106.278942
	-11.861232	32.225287	-22.896465	38.938607	-33.020236	-32.042875	7.142581	118.329688	-86.754534
	6.503122	12.968514	-37.908453	38.557856	-18.489168	-14.892229	2.923969	92.306400	-44.931372
	8.478201	2.908537	-27.297732	65.060060	-67.388494	0.693136	4.963519	89.437194	-11.943915
	-19.380016	-12.322152	-49.847665	72.263888	-48.328573	-1.009354	4.204186	57.207207	46.164808
	2.601277	-6.797142	-30.882552	64.027435	-27.020932	-7.396417	29.302362	37.862234	-9.865062
	-0.724624	25.116067	-40.150972	107.652225	-1.539536	-25.568035	67.570286	89.482570	-69.864093
	29.840481	36.045321	-2.696885	81.750902	40.943327	19.631651	51.394296	26.634750	18.130421
	58.694684	8.329166	51.977031	30.727621	35.100916	51.060946	31.984393	36.335674	31.361744
	34.676107	33.265536	44.482860	10.329140	37.350334	33.595062	26.728132	29.692227	44.326606
	31.451183	75.294704	23.015769	1.518563	15.038250	18.179647	16.600661	8.457885	-10.594017
	23.159115	63.262364	33.455331	4.143862	21.823791	-9.251696	-1.046824	17.891697	3.329243
	13.608866	52.002515	21.337434	4.793932	53.731323	-1.851030	34.663965	-17.728803	47.432075
	-3.415937	52.149273	30.761842	13.694495	77.846760	-38.676698	38.807902	-5.515393	-16.333650
	-17.131707	58.310190	29.198606	-7.040380	65.045653	-35.805739	4.645399	18.999370	9.962522
	-51.596617	58.788006	54.492338	-2.417861	63.532678	-85.055679	12.845783	35.597566	-18.893257
	-59.145581	17.502679	31.102703	-8.116383	84.400576	-47.620657	14.626403	34.531678	19.252036
	-30.443778	-34.970597	-4.726974	-33.116694	31.789839	-25.277555	-5.652835	34.855424	-66.806465
	-21.666904	-32.194191	-40.717871	-10.958104	16.010992	-31.301440	6.499591	-0.041266	-56.487100
	-5.861630	-18.318264	-15.233799	-16.811335	18.762911	-34.631341	-6.598643	-29.061960	-60.803199
	14.596387	3.640600	24.863802	-20.338354	48.850600	-46.682092	-4.879769	-27.087559	16.942982
	47.436450	6.122441	27.604345	-12.707932	84.134067	-66.117667	16.274421	-64.363461	82.403033
	36.739525	56.398303	62.635997	15.811629	111.323030	-74.761912	49.385377	-28.758736	46.558742
	-8.450583	56.665219	77.059260	18.590319	94.879962	-115.880037	45.470062	-18.834451	33.918424
	9.531934	39.266515	88.806030	8.025507	77.863208	-79.067506	35.098407	-38.215636	18.870707
	25.779865	23.942828	84.943635	2.443337	36.177299	-21.568338	57.399800	-60.228245	1.864575
	16.561516	24.646342	25.135569	9.810799	0.812377	-25.559112	47.505774	-30.994515	-14.294785
	14.860481	33.033023	-22.746813	7.145321	-25.021855	-19.507573	18.265526	9.754117	-15.103779
	32.196858	-11.655791	-8.637447	-14.798512	-0.618842	-2.350243	13.745363	-25.330650	60.339770
	31.055249	28.866354	-27.802579	24.837372	5.521681	-8.315487	17.288597	-14.623233	3.791905
	15.761457	45.512072	-32.513976	41.567227	33.118530	20.333407	49.134972	-15.781488	3.613971
	48.792489	23.850290	-43.796084	42.558193	29.656537	-5.415880	46.812914	-2.432515	7.262511
	-7.390852	23.634712	-76.595873	28.569849	34.828165	-24.457924	36.547309	-9.499566	-44.200320
	-15.616996	30.202636	-60.875417	32.539464	30.341884	1.713809	34.493007	36.440827	-20.598984
	-15.634977	37.034334	-34.844715	20.767992	35.723569	-36.663803	17.621631	41.882911	-59.182170
	-24.799065	9.494817	-11.649054	-8.004338	2.497220	-4.826720	4.743858	33.766481	-62.130741
	-51.134758	-16.951256	22.456951	-36.456395	-46.396494	-19.501328	-32.934984	19.125611	-40.181705
	4.391725	-33.770108	13.370949	-32.537106	-40.817227	13.226788	-38.297995	22.115125	-51.350160
	-2.619062	-17.384264	-46.952086	-17.443485	-1.780669	45.988142	-2.984956	41.545976	-45.713949
	-4.190341	-9.358202	-73.889580	3.757311	-8.584237	51.624565	-18.882078	43.725803	-15.553589
	32.182628	-41.781017	-10.507878	13.053155	-17.283586	39.979693	-15.011734	22.779400	20.348781
	47.415852	-78.136826	-28.138017	1.004053	-35.197582	66.611542	-31.814453	22.502976	61.044600
	3.953413	-67.821519	-33.112706	-14.258676	-50.468961	41.493667	-30.191973	5.939416	38.862933
	24.961335	-86.930487	-1.241035	-53.112005	-11.915476	86.816702	-30.765427	-65.736872	57.369831
	54.907871	-120.821055	41.656421	-84.615112	8.521489	107.769190	-20.968923	-95.488688	133.941977
	68.353440	-127.170790	47.248117	-84.357690	12.374551	138.431182	-41.420481	-102.141441	160.839968
	38.665262	-78.986567	-1.352498	-46.016107	13.528593	110.024035	-47.675025	-36.893972	94.495963
	10.960688	-39.729200	-3.479973	-44.972398	-10.642446	62.727872	-37.130690	-46.994997	38.450955
	31.717847	-38.110724	17.596790	-31.217997	-29.186197	44.433862	-16.198359	-36.747673	4.442402
	20.824604	-72.243712	32.211479	-45.922452	-11.346635	65.274263	-29.839666	-29.725868	23.750800
	-11.353035	-13.238980	-12.960949	-51.236773	-16.298185	21.615345	-37.405676	-11.051049	-11.617070
	8.883253	-18.696976	-61.990417	-57.487779	7.931498	-20.498179	-39.534206	-50.946908	6.734804
	-10.416828	-8.208491	-101.092585	-50.303043	-11.807490	-50.980998	-30.410275	-6.288602	-8.566739
	5.417587	-20.524366	-69.000296	-30.206281	-18.405966	-12.356605	-5.752541	-12.575400	33.332462
	37.825461	-25.933873	-70.583251	-34.743261	-23.155270	-6.007920	-13.286582	-21.429839	73.971230
	44.740166	-41.644947	-17.145868	-21.132494	-2.780205	7.938944	-8.739545	-45.642013	69.268046
	30.644133	7.468966	3.093335	-0.255755	33.148676	-10.792922	-9.328470	-13.358223	45.326961
	19.585212	27.919944	12.255855	14.842477	40.135577	-5.613674	28.393151	-26.349841	14.576122
	3.991442	36.190913	22.432858	-10.405156	13.425621	8.449889	20.053015	14.348695	-30.203513
	-35.206499	46.816389	17.113747	-21.158850	-15.504679	4.619339	41.033494	-33.326789	-42.327694
	-13.695822	47.812848	20.069435	-21.191457	-7.946523	9.919674	-5.850261	1.127473	-67.537791
	-35.604088	36.253275	28.143089	-0.266699	-46.743766	-1.496579	-1.590693	6.688983	-36.444944
	-39.507319	36.506750	47.160368	-0.414637	-47.710507	-4.850346	5.739436	64.499834	-67.417457
	1.146264	-18.443288	34.407655	-27.912265	-34.322155	1.288303	-4.616157	12.577475	-16.013323
	-29.508394	-29.808231	3.716724	-35.805410	-24.639665	0.713947	-30.161475	36.026306	-24.981304
	-38.662538	-21.847503	-29.987053	-46.743627	17.084186	6.397542	-29.985045	68.616436	-21.405998
	-50.294097	14.731415	-22.784344	-14.613417	-5.620176	6.471554	-27.066294	90.629640	-67.004867
	-45.043915	16.694781	7.364221	-26.200522	-58.765057	14.135321	-39.707227	90.486029	-58.557925
	-48.289324	-10.387371	11.681980	-39.639817	-77.931093	26.161458	-67.847540	91.944908	-49.487586
	-39.035008	-0.359540	-4.831724	-37.162074	-50.237625	8.046220	-48.927235	58.457409	-45.991610
	-26.039701	-16.631623	-16.045565	-20.444531	-50.335698	-15.340253	-44.938171	18.457483	-62.787258
	-34.183404	-5.465030	-45.130179	56.552457	-13.247218	-49.965315	32.192835	54.598527	-86.687945
	-41.379833	5.185250	-15.735673	77.197084	-0.478567	-72.927266	54.893118	36.760482	-106.378963
	-4.138788	4.105168	-6.695087	86.988380	-28.673944	-7.798003	47.007880	31.151730	-52.811234
	10.261884	-11.444451	-3.221402	70.256607	-38.666062	36.700751	27.705433	45.841232	-48.544853
	31.345781	-5.070891	-33.714503	67.389927	-11.288398	65.772719	27.439781	15.590254	1.454475
	28.358987	33.539616	-49.067024	45.287417	11.979161	58.784956	20.458313	-12.113442	-9.032402
	58.426959	44.750998	-51.650176	4.480401	14.451092	54.286678	17.499561	5.861431	1.842533
	10.465003	45.943786	1.991012	-11.384588	12.249062	38.896563	13.736910	0.848177	-31.307319
	54.128369	24.426892	-24.436905	9.040161	-35.338390	59.995446	1.123973	-1.322108	-30.157114
	21.391112	29.605403	-7.237396	17.698473	-60.917071	21.124342	10.832462	64.322853	-16.339077
	-21.952401	13.925928	-70.154934	26.441321	-40.270552	38.179534	-60.927069	46.124913	-25.614106
	-31.198641	27.285972	-71.603875	44.051191	-12.665348	-11.424952	13.052613	67.320908	-19.882672
	-14.895713	31.691935	-71.231976	83.873637	14.040160	-36.514384	17.676780	72.567461	-28.412045
	-32.237642	35.325747	-13.461540	102.282670	26.723118	-59.385785	15.306950	60.887357	-24.787968
	-21.721880	51.709617	-20.573799	124.814763	49.610061	-74.170003	46.319705	119.280395	-32.753160
	2.762499	77.853619	13.744837	131.358515	73.144973	-100.668056	78.447960	73.138923	-37.585577
	4.626839	35.962213	9.373632	120.594149	90.783567	-53.042091	87.151771	56.018442	-23.687194
	10.089753	-6.141534	31.934875	82.706264	48.911719	-12.464252	61.709677	-12.778830	-36.952302
	11.928925	13.713257	0.313221	83.587405	17.319908	2.134654	22.636721	-9.358094	20.149189
	12.080519	35.211718	-16.666868	74.845192	16.668961	21.991131	-11.251679	0.723655	17.685551
	23.935381	47.339515	-27.354756	82.151221	-2.165416	34.050595	70.391038	2.045847	24.546736
	39.659965	51.690488	-42.899924	68.044855	-13.647943	30.395268	69.053405	27.781624	1.035856
	17.178240	17.750963	-22.917901	81.403437	9.672509	9.071392	38.095872	30.739086	12.142639
	10.865031	9.463981	-65.939148	25.606637	21.663101	-17.092002	34.964132	28.082558	-3.995491
	-1.997013	-16.980612	-73.902062	0.985629	42.718685	-36.490314	-9.871520	15.060181	5.337693
	-40.356327	-37.902870	-68.633467	-35.204897	51.737966	-41.356802	-12.449677	34.672619	-47.095246
	-14.783485	-22.585648	-83.080985	-42.659247	43.817606	-20.962450	-18.090817	-12.663906	-25.976033
	17.620495	-51.239273	-44.685785	-56.243760	13.207821	-19.455085	-2.486578	-10.325406	-3.862004
	5.693753	-26.910381	8.306783	-21.263346	18.895831	-12.173756	-3.855341	-19.441185	22.662960
	37.135571	-3.640019	0.916672	19.007681	-1.771417	-25.173796	0.723489	36.758813	1.325938
	15.923736	14.153587	25.434425	29.544579	9.983637	-39.530318	28.974071	31.835106	29.210785
	-17.160105	23.134981	22.214148	34.228657	11.017263	-18.806912	18.970784	59.631503	-2.254293
	20.100378	26.669512	11.490045	66.373695	-24.200258	-7.858887	53.742951	17.127597	-28.670663
	8.357354	35.479132	-30.287213	23.608356	-40.187205	-0.746563	12.445686	29.637935	-37.017468
	19.034180	5.546490	23.457173	36.903112	-60.794042	25.735861	4.360386	33.139942	-12.158442
	4.382470	-29.778579	22.631952	-52.650292	-58.490112	66.924692	-15.855854	10.765333	9.148560
	22.020301	-46.350187	49.858625	-85.487039	-50.547444	81.123666	-27.185906	-36.031306	72.514032
	8.277832	-31.358085	36.166894	-49.647332	-39.249515	44.665849	-55.760728	16.011612	6.769787
	5.923301	-35.585663	49.652525	-36.194523	-36.213930	13.390979	-68.216087	-20.746500	4.099163
	0.031250	-57.288989	46.747716	-59.929333	-73.839201	5.955386	-65.191759	-8.678298	-25.893071
	10.050552	10.607949	68.473024	-2.448537	-28.392153	-15.551795	-20.995361	8.953637	-49.650957
	16.120324	38.145095	116.459006	-21.410690	-39.203536	-2.909249	-1.645717	4.196412	29.335567
	39.440057	40.685110	116.254101	-22.506975	25.288917	14.878851	-2.896180	3.407469	28.394313
	28.803060	34.557148	94.112786	-74.879076	39.109821	2.311599	-14.143783	14.755286	21.737903
	56.434358	27.153967	50.400232	-73.383519	45.821204	63.297773	6.040549	-24.893954	29.889357
	39.782238	34.572356	60.360792	-79.613849	12.383856	93.671702	-11.719799	-23.877925	64.228450
	55.610827	54.999759	58.125029	-28.595382	-16.554558	101.313332	-46.194173	-6.047745	74.149300
	5.524552	49.139077	3.805924	16.662310	-39.678357	84.590575	-36.577982	1.382789	25.277071
	-16.809566	57.615783	-88.090686	51.133044	-41.726285	39.483979	5.223989	61.663344	4.828774
	-27.773401	47.029787	-72.043543	55.231939	-50.614120	3.580409	29.503214	46.122648	-80.647714
	-7.094138	16.017917	-30.086090	62.233295	-37.297226	2.112261	-1.521446	61.976519	-50.912874
	-23.256107	15.013921	-80.639006	45.752885	-16.176878	-0.795472	-30.342516	81.062941	-75.337136
	-22.341539	9.226026	-84.880863	39.729953	-28.106864	-18.684776	-0.520941	83.917887	-114.039977
	-17.146583	-3.572302	-105.364795	33.703984	3.707294	10.945743	-18.764418	35.530748	-60.800191
	17.306154	-4.174421	-76.986101	42.980817	25.927133	24.806618	-27.118038	57.409829	1.139743
	-36.421044	17.267459	-21.072728	4.448511	30.833238	-3.842282	-38.642248	54.764397	25.170587
	2.463642	18.001196	-38.548547	21.699410	45.818598	-0.844607	-7.298549	49.041725	18.060356
	2.561386	-2.454748	-19.896367	-5.361059	91.898516	-32.068751	5.090786	13.477168	23.215769
	1.521574	-13.672397	-60.314272	-0.546109	112.639086	-28.554715	-16.172646	-28.771334	12.931549
	9.443077	-9.922871	-20.502916	0.828385	131.291533	-55.785868	2.319262	-20.320996	2.779302
	6.362887	4.274787	25.511429	-12.319200	122.158882	-28.975643	47.971077	-44.000761	17.114798
	24.802811	12.473047	58.667224	19.723052	68.218081	-5.976862	37.009819	-45.450119	35.672396
	-7.910627	14.405421	49.360295	-6.342659	46.234844	13.039559	-6.571167	-15.820900	58.166267
	0.357697	33.997395	36.157819	-29.638680	38.387443	4.644575	-26.057218	36.587562	28.323129
	-27.760435	66.632435	-12.097080	-48.520335	19.457085	-9.805223	-67.901687	58.353402	-3.704496
	-4.106560	56.867180	-14.331659	-60.512936	3.385497	20.814799	-83.131010	60.700817	24.244249
	43.371942	-5.981800	22.095880	-84.090205	-20.735061	66.479660	-54.012058	60.969375	61.465048
	46.793927	-67.436164	25.382031	-59.690512	-29.682506	52.023414	-32.757306	37.172123	74.289001
	76.899561	-90.714270	22.117960	-28.116779	-7.375649	53.097784	-21.043211	13.818529	135.133882
	92.230854	-116.603687	73.537128	-33.045400	-28.413065	42.758364	7.854538	-80.396471	155.240048
	55.845306	-104.907630	27.822202	-22.410404	17.184783	19.545202	12.721395	-104.598914	133.665079
	7.406523	-53.881331	28.638044	-11.667003	59.458975	-58.587296	28.620794	-84.868273	80.622773
	-7.194417	-20.909144	56.802887	-24.749471	38.419443	-78.832934	17.975523	-40.308948	63.718270
	-7.122803	16.066671	49.899125	-9.282599	46.966244	-64.453662	41.439779	-41.711742	9.023271
	2.748245	5.779223	12.562130	33.389970	26.073951	-24.341608	43.849259	-11.983306	-37.236994
	5.535411	-10.014480	-13.290252	62.179606	7.192261	21.462703	25.621795	-11.540321	5.484049
	24.107117	-32.834171	-40.684657	69.772201	2.583626	15.647774	22.400156	-25.382911	8.025922
	13.269389	-22.699300	-127.022930	77.971092	22.373453	-23.843281	49.585265	-27.360321	17.283815
	-2.592783	-25.462040	-84.970186	76.530440	57.220343	-64.435836	26.047511	-26.558578	-1.014570
	-17.363310	-19.788478	-70.568825	65.881378	39.868949	-80.906162	59.617882	-21.253882	-19.096743
	-5.209109	-16.565905	-37.788138	29.535954	0.331221	-66.407653	5.543699	-21.856588	-13.797695
	-11.200679	-35.655040	-27.833916	6.087964	-7.324966	-48.077685	-26.296067	-37.638033	-9.574956
	15.539876	-45.071482	-13.474776	-9.540319	-13.671964	-29.664698	-14.476848	-52.257851	32.159946
	18.824174	-37.688640	6.835012	-4.789530	-11.491720	-5.391868	-18.032701	-42.298402	38.912175
	36.609773	-52.925389	11.581724	-10.075893	-30.655878	1.271613	-0.494446	-38.394243	65.714514
	26.959264	-49.251917	10.599069	-3.246391	-29.853889	15.827128	-9.046878	-63.004894	40.615493
	39.052400	-48.909239	35.537834	1.703761	-3.879533	15.533220	31.310598	-69.742880	70.512719
	29.761121	-22.027552	23.818164	25.073636	48.763304	-0.873817	41.043785	-48.632818	14.309509
	-18.656544	8.491879	2.935190	13.862943	32.302626	-5.258011	35.384307	-62.465797	-23.847496
	10.954835	-1.205050	-16.447391	31.785477	36.854312	14.233353	53.151666	-21.710343	-20.662301
	12.523630	-7.334462	-31.687429	19.918226	8.553081	-27.244426	8.067572	-40.527827	-24.964467
	-22.535380	-27.747243	-51.506591	13.756908	-23.506910	-35.508398	26.947830	19.082543	-56.207849
	-20.867653	-0.998632	-68.072622	55.416448	-51.193462	-32.215866	21.013665	28.951145	-63.883412
	-6.957654	-0.657213	-61.615572	90.922333	-37.867049	-6.516426	47.608749	29.487876	-60.438231
	-2.514330	2.678217	-34.297975	77.005511	6.845522	-0.365250	28.078781	48.562919	9.628587
	10.665707	-27.843779	49.247124	7.273506	42.178403	5.207476	47.049780	4.901436	36.081581
	15.809392	-65.666338	93.003161	-59.747263	69.158038	0.426342	-1.936787	-1.996513	117.646506
	-0.955043	-106.706851	110.949350	-107.203647	71.027516	-1.238572	-38.773901	-55.395431	130.822089
	-15.383469	-145.993842	95.834111	-155.691796	80.457556	23.077687	-64.138548	-115.260985	106.617070
	-2.727143	-141.691443	76.632254	-155.967953	11.107527	35.779070	-64.957836	-119.695039	60.032919
	2.851395	-110.873653	55.395198	-135.141491	-35.012263	38.824038	-58.634431	-87.900801	51.535222
	-3.983345	-102.762011	47.896180	-129.293249	-30.686107	51.774868	-35.744286	-96.711638	63.912776
	-5.803144	-89.948962	57.342396	-124.204932	-56.727248	62.597708	-44.765181	-90.235856	69.277015
	6.746157	-98.601371	41.045085	-149.986548	-27.724669	52.490259	-33.795365	-102.000553	85.235760
	-14.457600	-111.339077	79.745646	-147.758992	-23.812787	29.121672	-55.236001	-97.101338	63.991095
	-24.510415	-122.620051	45.161632	-155.891220	-35.153944	4.005611	-92.773419	-91.220183	69.065770
	-56.347772	-107.352552	36.529002	-156.665677	-88.129246	1.164463	-113.059832	-79.116183	30.430041
	-32.255142	-70.255255	1.133029	-123.890537	-67.974197	-25.164376	-82.514351	-78.827044	-28.642439
	-9.555926	-56.790772	-8.737684	-103.248261	-71.443697	-19.660151	-73.618481	-36.766628	-53.474276
	-21.652811	-55.385166	-36.042294	-85.363904	-38.560221	-15.880769	-76.087093	-30.752470	-35.626296
	2.883430	-29.021275	-23.493229	-89.051759	-74.135498	-4.976468	-56.914300	-55.842820	-53.960318
	18.999160	-26.316181	-49.520760	-59.839713	-49.780644	13.519852	-43.525103	-47.232991	11.745775
	12.066828	-31.544678	5.702728	-49.800141	-26.277231	-10.312824	-33.292394	-25.214580	60.686406
	40.695257	-11.670399	-33.461801	-41.604594	-10.091015	10.442584	-32.011502	-25.853019	64.969259
	20.372037	42.256720	-38.774508	-31.932223	4.807792	-11.666348	-59.840645	20.928348	38.999151
	-15.921930	77.125908	-39.853233	-7.095972	12.893367	-29.858042	-63.590364	53.791153	23.666075
	-35.222677	117.992734	6.358177	-29.468012	12.298885	-28.556526	-45.298254	51.736134	-2.629374
	-34.562791	142.515771	-24.830973	-32.640952	18.076158	-48.555358	-52.638819	101.519815	-29.891882
	-31.138054	165.728973	-59.468627	-23.735806	12.829004	-69.638240	-42.506451	126.036780	-63.338643
	-15.559071	162.315487	-46.536126	-24.547047	23.498001	-46.604724	-31.076445	135.408912	-77.510672
	-4.548327	152.212803	-15.143716	3.864383	2.346803	-47.263362	3.017566	97.211881	-69.594947
	7.172907	148.492383	-72.765274	48.636712	28.194018	-11.932978	43.320398	106.479269	-104.202509
	14.456727	138.391225	-86.082664	87.459419	-4.870301	-28.845657	48.033727	89.068296	-99.577592
	-2.754606	129.275630	-73.110254	105.304000	-8.507685	-45.271366	77.663689	83.179546	-109.588698
	-21.428433	119.043292	-54.656275	131.937312	-16.344631	-56.197127	82.666340	65.056808	-86.766498
	-30.155669	106.569652	-34.557445	118.907719	15.902080	-14.197041	81.188340	47.487959	-59.486115
	-7.785069	109.153798	-9.209214	122.348387	45.319199	2.976881	84.807191	51.595196	-36.167201
	12.270261	80.572160	23.522951	97.820742	38.186535	-3.718222	73.334431	28.872158	-32.216337
	15.022483	85.711259	-39.085593	62.527018	47.062601	-29.856091	18.673112	34.994466	-77.271214
	16.539740	79.885801	-51.367774	57.965291	69.487300	-7.401421	34.025734	18.837803	-77.230979
	-27.078497	62.631424	-62.378185	45.918036	73.059086	-31.746683	40.696288	7.125177	-74.377446
	-36.974794	35.070792	-45.215337	26.945001	37.889469	-18.360887	1.871463	4.559969	-86.771831
	-15.213729	14.220146	-84.035735	32.420319	52.604572	-30.957802	-11.759014	-1.052401	-49.184940
	-1.495350	-45.778229	-25.338690	-26.261235	1.613725	17.081921	-22.079077	-32.297663	24.556210
	49.007157	-74.155691	-47.427479	-17.431709	-11.756167	45.789841	-9.554997	-26.929944	76.698607
	15.404826	-68.142198	-4.982369	-30.094472	-67.179749	37.130732	-27.292058	-49.401899	82.339358
	51.798334	-70.810363	4.110754	-24.993938	-31.353923	45.179463	-61.673662	-93.241562	106.248683
	41.017308	-104.955890	52.915465	-25.310797	-33.771608	3.360731	-21.368872	-105.449655	87.408448
	15.630997	-117.443032	15.502263	-33.306090	-25.761446	21.099633	-41.958357	-96.629383	70.446200
	-15.191103	-106.583582	54.358001	-22.918965	-25.711482	48.586695	-46.912178	-63.151368	15.254387
	9.830307	-113.531818	61.997252	-7.488916	3.255575	66.928270	9.722107	-28.304412	36.395627
	-29.092262	-71.442923	62.848038	25.622056	62.117432	25.776575	51.553429	-28.259604	-10.602224
	-17.763988	-40.952464	52.073455	28.185711	74.881283	-12.974568	56.951645	-14.025912	-22.409872
	9.898171	-58.548812	67.200759	-1.470348	63.556155	6.714904	51.999886	-70.747283	55.351690
	4.202020	-45.256372	12.723744	-27.443660	-14.666477	12.148871	5.544109	-15.560782	11.982815
	-5.812811	-25.393620	-45.152797	-27.487406	-35.431844	-9.434528	-27.178674	-5.328977	-7.917544
	-13.245237	-47.610180	-61.551715	-27.780235	-89.515595	-1.286789	-35.629116	18.874660	-5.265823
	3.921395	-81.195400	-59.660455	-31.576322	-56.561802	18.700008	-70.446400	-27.098901	4.022843
	6.442582	-100.115298	-41.229852	-21.741559	-46.837521	-14.481660	-53.076881	-8.818989	0.348923
	0.242444	-90.533127	-56.880967	-22.892386	-7.690602	-6.546428	-33.771054	-57.017124	5.076817
	17.493468	-85.070779	-56.191939	-16.526691	10.588113	0.165174	-27.269725	-67.109469	27.236623
	-1.895897	-60.799010	-21.441334	-17.316804	-9.359342	-27.331382	-12.409193	-76.242932	-28.848171
	13.661360	-40.553937	-13.869679	-40.200336	-57.827754	10.434808	-41.481035	-56.960430	-32.632749
	26.898508	-41.311562	-17.045153	-28.412144	-34.090274	36.777403	-2.759859	-67.187307	-1.727266
	19.358455	-21.636330	9.210828	-26.909452	-68.944601	41.856980	-14.446454	-30.882719	11.019937
	7.836656	-1.517618	-19.497760	-1.780455	-29.621855	43.976588	8.608517	-53.450225	14.373137
	39.664401	8.111862	-51.487500	34.228693	17.935922	17.053385	48.044381	15.890460	56.946348
	33.304619	12.863724	-32.432455	47.156968	27.802863	-0.247310	61.403543	14.917326	14.498432
	45.097369	-8.292893	-52.380574	62.424755	22.089349	-12.680135	82.897426	-3.541294	32.147796
	35.996697	-26.259684	-39.495193	53.667403	42.527091	-38.913874	34.114891	-11.553995	28.917209
	52.138963	-49.338907	-23.985730	38.246939	-10.467317	-27.460149	11.217500	-61.431281	45.807187
	30.535242	-46.562405	-11.194644	-10.973190	-53.690477	-20.311433	-43.018325	-86.436374	22.211855
	13.176397	-64.792243	27.477687	-63.910898	-44.617352	14.538090	-41.382197	-58.993398	24.826563
	20.209135	-74.999086	37.715887	-111.528704	-37.393877	34.397189	-63.859326	-108.258480	35.480199
	4.356265	-79.893962	31.427750	-91.894278	4.270315	24.614553	-91.537020	-77.420311	86.587057
	-2.923071	-68.395581	20.071503	-51.453507	42.895400	23.764422	-33.501334	-55.272874	81.333170
	24.479090	-56.915566	56.033539	-29.579629	45.662874	42.428118	-14.055966	-52.734826	84.183578
	48.027248	-48.069625	36.824390	-26.594609	42.034829	67.758925	-11.093532	-66.381490	110.860869
	14.317694	-62.821594	60.695086	-32.727874	32.393028	46.397352	-12.931835	-49.445572	75.747424
	41.525990	-72.534303	90.776825	-32.615720	-22.940606	35.048181	8.696316	-58.054047	93.697569
	46.512651	-40.511896	6.381797	-2.917915	-25.823059	-16.923607	-5.916698	-73.283254	68.843516
	35.611288	-45.224886	-63.635611	38.804886	-35.819622	-8.715949	58.791426	-52.317889	40.087464
	5.230382	-0.845146	-49.078603	84.407236	-22.141104	-1.375430	72.109847	8.536199	-3.937238
	16.364592	6.251733	-8.884540	114.264548	11.299409	24.268139	53.347260	20.753476	29.160353
	13.548788	12.739639	-3.994615	98.342888	29.676864	15.453764	36.639573	35.063803	52.934611
	7.125567	-1.867198	-88.598080	73.662167	63.712427	11.677553	27.584476	26.917649	-7.374732
	-24.930146	13.105908	-78.021987	84.023879	32.832540	-19.289638	5.301229	67.851264	-70.470111
	-15.201382	26.583665	-39.292726	60.308504	9.304825	-1.480303	-1.008034	68.344805	-87.478701
	-29.621572	79.295051	-28.449111	79.045924	9.721628	-13.600796	24.876724	81.962353	-85.417162
	-18.917532	66.347816	9.664030	63.389977	11.812808	-6.517526	25.691990	104.934671	-60.501100
	3.248260	43.536510	51.772013	33.809094	15.893042	36.719628	0.186240	56.133588	-0.481003
	-4.975557	11.353867	106.216595	4.234141	-26.171992	37.022091	-8.836997	44.683564	17.342684
	-9.671705	37.705217	58.415003	-13.427983	11.306668	4.517344	22.743625	22.198012	23.382675
	-13.136783	58.030334	15.467949	16.827983	15.069783	-52.036570	8.183665	52.690893	-52.049485
	-69.992856	80.147680	11.443047	33.292010	17.107819	-50.616100	-5.899562	30.850017	-28.702181
	-61.986518	82.298716	8.046138	45.964609	6.368005	-41.000943	4.413438	55.284780	-76.564169
	-50.955099	110.028426	-12.757667	79.605812	22.275963	-46.136410	20.327096	58.553612	-64.573069
	-27.417385	103.689568	-56.949553	84.080388	3.275217	-30.281194	-10.919881	83.072267	-32.505352
	-53.847931	71.568064	-51.802029	74.375477	-13.572997	-31.645921	-23.857031	69.316955	-71.779545
	-3.922445	-15.649736	-75.384021	25.206639	-18.938738	-18.631459	-23.108979	58.218358	-39.479947
	-18.300875	-83.926565	-58.104538	-25.638475	-10.304503	1.091733	-50.971400	-4.022303	-42.475753
	-8.266622	-124.777414	-55.993398	-84.808854	4.460184	-12.318656	-63.317725	-18.364360	-24.514594
	-1.330043	-104.515089	-54.065608	-83.019036	29.785626	5.040370	-47.619682	-43.580964	-28.412017
	-1.869623	-83.202748	-63.351352	-61.204232	17.982351	9.203519	-43.147148	-63.468539	18.820484
	7.924374	-14.626410	-77.484801	16.520182	30.157472	-18.190140	9.523227	-10.869101	21.006504
	22.898699	33.144181	-43.604534	27.863238	43.303922	-21.507048	36.869802	-0.129226	34.183705
	18.494427	75.782351	-15.284885	70.416377	23.171402	-6.199353	85.730572	15.671357	7.122883
	12.526777	112.348291	10.127472	79.786723	-5.402166	-11.813021	79.340259	18.735554	0.752170
	-3.699188	81.303402	37.546291	39.073038	-42.144941	-6.480122	39.207598	29.149469	-39.735986
	-6.705226	65.046778	-8.268886	17.223431	1.933585	-11.092292	22.259683	15.782682	-47.007089
	2.418129	33.173721	26.649381	-11.183160	7.129937	-12.422424	-5.287108	9.955246	-55.461031
	-31.026507	27.739339	23.174703	-34.654551	15.683992	-15.770903	-33.957955	16.097547	-94.576709
	-19.261515	-14.390861	64.436613	-43.585052	-36.353739	6.836360	-0.804859	-22.282254	-56.957955
	-33.975159	-8.721348	19.352312	-43.999514	-26.340928	-7.038720	-14.197446	5.614833	-21.827574
	-6.471743	21.045498	-5.184386	-9.464940	-17.985909	-1.044591	4.341369	-8.778119	-27.446162
	-40.938710	35.516415	-23.182341	-22.271736	-42.377191	14.479540	-29.340131	43.584660	-34.589841
	-40.671777	36.179980	22.294256	-50.021165	-44.748048	13.284745	-64.801192	55.547278	-7.339507
	-12.832006	1.646599	-2.291798	-77.435985	-54.853925	28.539999	-68.608685	66.570902	-12.905656
	-15.874417	8.269738	1.416481	-107.295056	-62.769202	27.551985	-80.440459	50.021397	-45.849280
	-36.628875	11.964719	-25.956615	-96.723009	-70.452679	14.845527	-61.657189	69.762592	-54.370254
	-39.882566	29.503672	-21.606877	-93.885287	-47.445657	27.846885	-64.755142	49.124540	-50.144254
	-31.687572	18.592639	6.369943	-79.444705	-55.389132	11.474551	-69.744126	42.853046	-15.610308
	0.888345	48.246838	6.471117	-58.513444	-26.146877	-9.016867	-41.080951	46.354656	23.213359
	-6.108177	57.611642	23.909747	-33.431868	-5.275914	-21.915424	-10.720790	46.185079	42.946550
	-21.902607	86.997871	8.487927	16.131785	8.511611	-31.717377	17.016911	32.695118	-26.456777
	-26.936179	101.827977	-24.453577	28.566850	2.440412	-39.441921	37.065638	43.309940	-48.400359
	-18.285625	125.283214	-47.780812	71.254900	12.838113	-53.673390	55.329405	87.808116	-76.525586
	-32.801211	122.096579	-29.585482	72.434080	-0.541051	-29.270309	63.395301	80.539444	-136.158026
	4.037350	91.620826	-33.014267	84.632720	7.570994	-24.773474	36.190635	38.461964	-94.419849
	11.962955	53.423760	2.797484	93.859624	25.402859	-1.236324	80.711978	43.585197	-49.381954
	5.697091	46.543186	36.191953	89.704955	-5.855145	28.885875	74.251599	-11.698672	-28.718399
	21.940001	40.859936	80.618709	62.707195	-11.122462	23.645400	59.982142	-18.779662	25.831373
	18.007370	77.016808	101.707218	53.547326	-3.625361	8.327884	37.530094	-5.746570	-2.915991
	-14.254965	88.255559	78.721524	48.632487	21.161670	20.322726	62.420544	-14.226355	48.672338
	-10.765874	120.224235	66.305158	65.183629	26.907362	-13.188006	81.304969	59.469234	30.347999
	-9.560665	136.544524	47.938337	70.046167	48.213041	-8.937067	68.318173	88.981355	-29.580531
	1.103127	119.435232	66.848445	48.611869	15.315415	11.073102	44.690726	81.397305	-17.411580
	-11.726371	74.646961	81.976004	45.017590	10.305301	8.603793	31.425992	65.556729	4.585522
	16.393085	46.474060	71.232324	29.115102	-19.538311	17.166113	45.142032	59.695498	-21.849208
	-16.045572	-12.933377	28.918635	-9.050654	-10.485956	9.224038	0.646914	50.442702	-30.635747
	-24.261829	-57.256955	29.440110	-0.618514	-24.643165	33.351644	2.768331	-2.919078	-6.145327
	-7.303086	-57.800191	-34.713441	4.898615	-21.567209	29.466100	7.685735	-1.153423	6.663612
	-21.408647	-34.818619	-121.387898	24.066512	-7.512040	-3.164986	26.074538	25.924259	-6.208498
	-27.857718	-20.347482	-107.403586	33.592348	-39.817017	2.150095	-1.068805	56.814122	-52.233922
	-37.695708	-40.391718	-46.476577	-28.717012	-23.609360	5.095617	-16.924502	67.230547	-41.718735
	-30.650747	-66.546087	-20.005640	-19.000865	-0.889133	20.116997	-23.240233	36.852988	-5.410984
	-17.887861	-47.776368	-19.111217	7.331498	1.762309	-44.548257	9.450438	14.917831	-62.686455
	-10.925946	-25.415146	-28.502946	39.083868	-29.216488	-51.959584	0.155896	11.020773	-90.070730
	-3.848948	-37.053138	12.956916	10.680566	-60.876165	-11.266877	-18.201067	-3.012495	-69.308071
	9.532298	-21.729526	60.742126	-14.395713	-96.173960	-13.902532	-30.989537	-8.919511	-60.801713
	0.999232	-2.979526	52.960202	9.562823	-57.768878	-0.451942	-38.281540	11.250553	-28.114586
	13.563995	-20.764563	49.971791	8.363447	-28.353952	16.926489	13.292538	3.697844	0.870906
	10.384869	-47.957145	35.608134	-0.172072	-2.077687	25.711516	1.192273	-15.615325	26.999497
	8.990458	-69.388122	68.199135	-33.625565	19.332757	55.999975	-1.843136	-49.788537	64.579651
	12.629484	-84.165775	22.345963	-25.240023	13.993843	15.474769	4.557810	-85.296038	70.380588
	12.061796	-69.348543	-13.464200	-30.204787	8.048644	16.952565	15.675513	-80.287653	73.839759
	3.638868	-62.842643	-35.560771	-33.755373	32.215255	-11.377280	5.782723	-100.876784	78.203507
	8.409712	-70.139859	-41.783715	-46.076890	30.265050	-1.173183	-20.782736	-92.513128	69.080013
	22.914426	-84.768499	-25.067733	-41.940650	42.353372	13.121268	-15.054628	-129.446800	61.033979
	29.006256	-71.770337	44.548207	-53.586322	22.203693	-11.866867	-16.673238	-103.232105	77.365648
	16.255216	-92.984623	43.625794	-65.798123	41.542273	7.623412	-25.498745	-129.988578	56.627681
	36.729337	-101.522577	39.571620	-109.419449	19.405367	11.133907	-30.742193	-136.237120	-3.274847
	41.239587	-128.210426	33.508559	-121.017103	-36.072081	50.947266	-69.569601	-152.536546	57.265940
	49.161804	-132.027143	38.336891	-99.957040	-55.798567	82.479691	-43.136832	-151.849064	23.663040
	56.276634	-115.654846	71.868954	-95.287588	-62.700134	60.756508	-39.905134	-138.066648	91.150964
	60.477298	-80.062692	78.572442	-67.384756	-12.374842	31.037137	-9.781237	-129.671103	95.259451
	31.005416	-19.282687	45.174899	-11.197208	44.319330	23.566692	19.680638	-87.200421	62.519919
	-12.103678	11.433919	-7.756803	-2.907489	49.938778	-12.837221	25.336164	-62.021344	21.437159
	-29.476619	65.241203	-67.228750	-0.478824	-10.974159	-7.119484	-11.597558	-10.979562	-79.653427
	-35.401211	58.257206	-37.821070	-37.700499	-50.880319	10.160328	-68.814489	32.404111	-89.132514
	-51.680386	65.171005	8.256777	-46.387157	-89.557435	-18.031381	-72.348913	55.736404	-58.290729
	-14.255574	6.892907	-13.494425	-54.906527	-97.972634	-10.066035	-96.403142	45.707581	-32.390926
	-37.490630	-25.029648	7.167043	-76.207379	-71.769207	-4.289039	-69.436827	31.332323	-9.399308
	-38.555591	-27.776809	-11.047108	-66.073851	-51.403358	-40.548086	-40.329793	-23.013070	-17.505559
	-38.995336	-25.556077	-30.458573	-41.713689	-56.380814	-47.308138	-28.142860	-32.614996	-111.355457
	-39.827986	-23.007259	-50.345350	-28.121492	-46.453064	-24.972145	-55.396933	-8.419345	-97.257863
	-25.826852	3.032310	-4.031674	-24.867657	-56.222388	-19.561701	-38.398666	-35.298317	-92.251568
	-25.654300	-7.759805	-6.750049	-30.818952	-70.701918	-7.714332	-45.651725	-15.610654	-33.769599
	0.611177	1.704131	14.591717	-18.911819	-66.033163	-27.700930	-16.039976	-11.489419	-46.638304
	10.996816	-2.210721	-22.038124	-6.851192	-52.654484	-9.749811	-9.670616	5.471366	-32.450635
	1.810058	-19.035923	-107.053958	6.775847	-45.747790	-33.596810	-27.128181	1.455941	-72.306783
	-46.721398	-1.301830	-92.027064	-9.687924	-46.610188	-30.467077	-17.523263	7.334898	-137.069351
	-27.774261	-1.031884	-77.947651	5.322974	-24.761648	-28.016196	-15.574853	50.566855	-117.208839
	-0.339436	24.483512	-3.794159	7.461235	0.235054	-29.127977	-6.784094	36.381313	-56.562693
	5.544888	22.725357	36.963716	10.982707	-5.148253	-22.620735	-11.803666	47.917428	-31.785388
	-8.721203	23.909127	71.529280	-11.704232	13.109605	-18.205768	-24.919668	67.971974	18.957981
	5.235460	6.692293	126.094758	-56.713288	-42.314593	-1.755742	-43.040594	9.826325	91.614453
	14.650295	-14.033373	124.799807	-49.546840	-9.002667	5.574683	-38.720290	28.961576	101.366770
	25.644179	-41.904837	116.950277	-78.380231	-6.084428	44.139706	-0.179307	-32.745888	133.015764
	24.611109	-40.508703	94.567226	-54.378246	10.927717	23.955587	-18.252366	-28.798459	126.224600
	13.956829	-42.339092	100.469426	-48.385899	16.963166	6.732687	-0.686850	-25.921633	137.299375
	0.550890	-37.789725	37.506752	-18.995036	59.898055	-36.779238	9.094427	4.751133	108.982597
	-24.944479	-26.503467	68.693540	-34.433989	36.864572	-35.596959	-8.750420	8.812328	92.794900
	-23.723973	-17.070748	62.772607	-37.133521	18.331398	-1.697718	-34.828412	21.539611	42.334629
	-20.603256	-18.957185	85.867472	-102.580105	5.189543	-10.374778	-41.582642	13.959556	70.187844
	-16.434987	-54.306334	86.066739	-160.053519	6.723942	-5.626864	-61.771397	-25.739784	62.402821
	-24.541770	-56.549979	53.129933	-165.659922	24.425778	2.011858	-80.056598	-37.408742	116.554077
	-9.929258	-84.944194	45.708947	-159.028133	47.406048	14.447569	-85.416369	-38.773341	108.704818
	-0.540551	-60.477371	26.946121	-141.703552	72.472576	5.982161	-63.708318	-41.655219	82.461612
	-33.593513	-34.927470	59.618517	-107.506861	72.213889	-6.830309	-35.240577	-23.358783	100.347570
	-9.748446	3.198724	47.950063	-80.714906	28.984091	-38.935374	-37.926926	16.721600	34.518035
	-45.554292	0.230806	27.713687	-56.347799	26.953576	-3.735269	-14.133583	-21.873531	23.599057
	-23.246711	-18.304609	35.210049	-65.253280	21.168569	-4.318932	-46.323184	-20.697051	10.870510
	18.261661	-38.810400	6.403920	-59.176299	11.731812	50.847758	-32.730636	-38.570041	23.592343
	40.306520	-49.728744	-12.666137	-43.291529	-10.559452	75.782229	9.548269	-52.895212	11.648833
	68.371961	-69.004508	5.884299	-16.906256	-2.489559	90.496484	13.515062	-65.964626	80.639488
	80.545023	-92.091794	-18.715451	-11.630640	6.530279	62.601293	32.049119	-87.202289	123.632162
	53.076129	-86.755584	-14.871864	-32.578367	-30.667093	29.328432	5.949269	-86.748310	126.120869
	20.131849	-13.553562	-43.203216	-0.166499	30.704042	-22.126501	18.598703	-66.936645	86.932507
	-1.140886	30.775602	0.683103	29.369532	32.703090	-28.014508	45.488741	-27.966027	-12.148757
	3.869882	55.179181	4.735934	48.307416	31.149917	-30.721330	49.578290	-17.355570	-33.892734
	-36.980724	65.433015	-44.590022	57.620678	17.389456	-40.621220	50.840773	39.512109	-91.357939
	-30.225511	66.770026	-35.093432	66.418166	-4.794230	-8.557445	41.157021	49.354783	-100.902543
	-6.289295	16.510987	-2.304064	41.903281	-53.214417	1.950086	42.751867	38.517066	-55.542401
	6.038367	-24.783007	73.841912	10.369691	-103.040859	27.243647	-10.338092	0.014901	4.250429
	-32.585105	-29.655043	81.765224	-12.396769	-100.290702	34.297528	-18.465689	12.221120	-4.205217
	6.755105	-15.827316	42.030249	52.729336	-81.894439	31.997857	12.727501	23.278793	14.735287
	6.903361	-2.794155	-7.780067	84.266128	-35.279418	34.764437	13.812515	-2.955277	-16.224095
	-4.020805	35.892460	-49.669650	105.209425	-20.111547	12.836462	20.936461	34.674215	-39.169129
	17.827700	44.023384	-43.658628	94.999490	-10.178391	0.156036	33.839803	49.606117	-63.018623
	-20.142946	57.082922	-9.726027	98.772237	18.209991	-4.401838	32.955433	55.802120	-47.894900
	16.497659	73.662690	-16.998456	117.567502	38.457418	-27.045275	56.198919	15.522666	9.838211
	24.208188	93.430703	0.144476	97.647706	53.776004	-26.114845	84.392186	22.887687	14.594069
	9.727343	82.876069	14.920165	79.849883	24.518979	-2.835437	70.265259	42.214825	35.161304
	36.945990	70.274448	59.154516	80.972937	32.406471	30.076764	92.803815	61.047771	31.703094
	7.237288	70.181253	57.867426	56.632320	11.969736	0.466632	96.614385	54.921667	35.510963
	-19.227102	79.295169	88.558028	23.118245	29.618592	0.295867	30.602908	67.143322	10.557425
	-31.506084	97.754986	60.273236	20.209717	62.582796	-51.234660	31.052530	33.075878	-24.612906
	-41.050422	116.138096	-7.273947	41.128673	78.718009	-57.668893	32.210122	44.587981	-26.136460
	-21.590201	98.209321	0.237313	58.783273	70.091488	-21.403034	28.445698	68.175795	-47.227819
	-11.497437	92.009876	-10.491540	44.318481	58.218053	13.544394	22.475180	53.190995	-46.870946
	-68.523348	86.438817	6.635331	31.322068	23.644601	-18.471517	-10.640291	91.349166	-12.909501
	-27.854823	54.338052	39.008991	16.113111	32.831546	-1.197288	-20.626109	47.769264	-16.066366
	0.653414	17.455226	96.354190	11.371376	16.933578	20.275976	-0.624157	49.827362	34.132523
	29.508383	9.108155	119.173385	11.567071	9.451741	38.903709	25.263642	13.716126	69.426654
	26.907089	-7.696104	111.024992	5.814189	2.147169	10.282401	-3.155084	4.653826	46.651872
	23.525523	-2.088430	92.062724	43.471815	49.626309	7.188939	31.526033	-8.292424	56.056477
	21.751006	-9.978748	134.082813	-4.131597	55.920009	10.246099	8.477616	-13.526418	52.131660
	-64.551026	1.296621	94.409760	-50.440691	18.331155	-1.363735	-6.354812	-57.337667	1.855318
	-31.842012	-16.032954	28.055586	-30.389085	42.763523	-21.982009	-45.738638	-8.999750	-26.920842
	-41.568555	3.590043	-33.907594	-18.878805	17.171333	-2.459736	-3.880849	-3.807780	-39.672253
	-6.713201	24.574442	-68.214906	49.728017	20.532127	21.360717	3.806002	15.737796	-32.217685
	10.302459	59.552916	-53.003238	69.237102	-1.994500	0.033150	31.391307	41.510036	-89.664267
	-18.176094	70.451526	-84.071610	102.998167	-6.206065	4.655635	58.613329	83.773966	-90.952645
	-14.825967	87.117116	-40.808164	147.646144	25.872800	2.534915	97.619329	94.257820	-65.300532
	9.961972	67.718005	-32.659722	162.664705	71.720016	19.958275	122.357912	70.976919	-15.211040
	-12.398475	85.235232	-30.383279	141.607167	92.085087	17.377403	89.946180	36.686120	-16.729029
	-11.685632	49.749863	-43.697036	84.830325	90.999045	9.718218	51.722986	41.012876	-21.074630
	25.484324	-5.682458	8.757985	44.987209	76.685231	10.090838	2.414098	-10.306528	-13.514084
	21.109005	-24.849812	-5.157442	32.280191	20.590155	25.247616	-0.898073	-20.576477	-6.756650
	22.563854	-7.768119	-0.989796	26.876487	-36.224462	36.429643	-11.718367	-32.837031	32.912112
	16.720655	8.892081	-23.848232	30.161053	-30.569457	51.050456	-13.698218	-8.715986	18.895061
	18.273478	75.659276	-28.703920	68.058961	-10.918923	53.537244	33.376532	16.440188	13.696637
	14.957889	48.879999	-42.295820	46.204817	1.765067	18.437168	62.015197	39.258813	-13.496360
	12.844770	60.960628	-55.558937	53.547976	29.947014	4.887946	34.541730	13.403807	-28.286925
	2.008987	78.936206	-47.896666	40.712651	32.371898	-0.526945	19.680339	20.560443	-45.847685
	6.544294	45.798005	-0.008250	24.388379	36.979379	32.868835	35.404937	3.129937	-7.690206
	52.501339	8.700375	-10.234718	26.182929	48.932092	40.142724	8.116032	-16.015989	44.690766
	18.338544	-4.019812	-6.676598	6.395255	62.260404	-14.287186	32.428031	-27.867274	36.538216
	38.154129	15.223649	-11.226658	42.504711	83.486664	-59.142647	49.574538	-61.964867	76.979798
	7.642330	14.836129	-51.612882	44.524314	93.594557	-58.157747	55.137404	-37.505413	48.186133
	36.752432	60.353624	-34.568992	40.683093	119.288115	-41.023090	62.468470	-6.927563	45.936581
	53.370205	61.338875	-50.455262	37.524888	101.639064	-5.340583	69.684470	-3.847906	22.816861
	28.291782	98.166674	-50.302821	84.292158	74.568495	-6.517309	45.750942	38.935441	-12.542450
	26.361256	118.599426	9.020619	110.276027	67.625105	39.588003	84.724834	66.195998	-15.321159
	42.619408	79.709999	-22.331347	115.723025	20.528100	16.871564	83.078051	87.077618	11.399002
	33.655709	19.812337	48.605800	41.716552	7.263359	70.503177	23.708717	37.047122	14.430798
	28.066782	-44.476283	35.910914	5.752754	-27.748747	100.695352	-12.797700	-11.966536	69.270277
	57.285307	-52.778576	11.130306	-46.228009	-5.905273	103.409403	-29.384905	-47.316216	117.522825
	47.300718	-33.682138	13.976167	-28.416913	13.676298	58.125526	-13.722104	-48.872074	91.293179
	56.679586	-18.111899	24.094688	-4.089567	31.495116	21.515040	42.808799	-24.920180	77.118389
	15.761196	-12.836164	15.839319	-0.770264	47.087250	-38.978709	54.245478	-31.565709	23.829364
	16.199975	15.496662	17.403825	37.863170	39.909663	-63.976378	43.896518	17.738382	31.376616
	49.386856	1.489013	11.906637	26.700484	30.820076	-44.628765	59.100275	25.446379	22.044036
	19.185072	-9.992426	31.474429	8.048574	-27.553211	-5.175840	42.136076	31.136666	12.822905
	2.646608	-14.277040	21.745685	-28.556798	-73.583486	4.532673	-26.360496	62.660131	-15.879478
	-6.774551	-7.145505	-8.447217	3.260133	-81.563824	-24.878896	-12.238668	54.366327	-18.626896
	21.498272	3.651193	-89.041143	30.069533	-60.272126	-33.602733	-12.762876	61.347587	-49.745307
	6.318588	4.474495	-90.232351	59.771411	-17.721597	-31.450830	39.012601	98.996535	-93.850911
	-43.058186	23.815519	-74.748945	60.438867	-21.500095	-33.147986	27.860094	73.327458	-77.778790
	-30.590066	29.426405	-51.899757	66.805745	5.071981	-41.586486	46.258778	74.419707	-54.356666
	-34.344729	51.164496	-28.570172	59.985066	53.581716	-40.433162	26.972240	57.634885	-33.570294
	-18.320598	23.567093	-27.713476	45.334439	55.492462	-6.354767	12.263296	53.594667	4.790727
	-45.210586	-11.102815	-29.756516	-10.297066	36.041092	5.292463	-35.853358	24.094354	-1.950623
	-11.756011	-38.372099	-15.263498	-12.484572	61.235940	-14.331572	-30.920476	1.898933	-15.542366
	-10.940426	-35.997995	24.804010	-26.695943	63.254533	6.478223	-48.003533	2.288065	34.358877
	11.376763	-17.760146	-37.213062	-6.627345	60.935819	-35.962894	-3.641870	-13.982180	-11.764170
	-14.560806	-6.793185	-30.377371	-11.963562	23.485468	-47.682645	8.120127	4.404395	-27.058573
	-14.010960	10.315404	-53.771657	10.574081	-8.263940	-51.454421	16.682656	14.792766	-58.012141
	-34.153124	48.378829	-39.687588	5.368719	-20.237693	-47.793755	3.275519	50.192948	-82.909091
	-24.683941	66.683565	-48.111150	45.297670	-17.452454	-39.515973	0.104855	38.844504	-76.628125
	-34.109863	77.352085	-51.174686	44.929697	-25.548867	18.366883	-5.938040	40.182522	-39.821203
	-31.591108	97.196499	-66.317187	45.375178	25.478891	33.340431	-4.035984	34.887750	-9.817363
	-53.339026	90.895501	-57.660774	51.097861	30.425226	14.616652	-9.708354	55.752806	-51.982986
	-35.317212	87.595895	-35.293494	49.263991	64.047844	2.099830	35.121251	50.522404	-25.959892
	-23.573505	48.871767	-1.490405	38.603908	37.808916	29.540051	2.066686	51.294558	-14.219373
	-5.706038	13.786676	-9.977256	21.889415	0.602885	12.951261	-14.147606	54.781406	-26.871389
	-14.637541	24.088074	-12.376960	46.457081	-14.228828	-6.022213	35.799699	79.315632	-19.380729
	6.172316	30.200703	-12.034418	48.902014	-22.222349	-10.058069	33.170708	84.048619	-8.045715
	-16.925872	29.623029	22.578380	29.359135	-53.854817	0.465494	10.256367	91.296906	-54.554636
	39.308343	-11.579783	8.962842	22.324383	-31.601107	24.203953	38.606631	29.572785	27.242211
	25.358224	-22.033442	60.213993	14.881140	-25.852171	35.932151	27.137919	-7.899005	62.225960
	37.905151	-54.475797	29.318306	6.620433	-16.608286	15.767211	22.911225	-27.741376	59.222081
	17.058584	-41.352470	13.217930	18.268076	-8.774299	-22.326659	52.817089	-69.427007	-8.308821
	20.976268	-68.611287	-21.886451	-28.364838	-33.283436	-49.812480	4.599750	-62.147986	-21.430968
	-0.840968	-75.376592	-49.406525	-24.644326	-56.879870	-46.703056	-13.698990	-68.476118	-39.936100
	-2.522544	-76.718023	-30.965170	-10.109907	-62.975572	-25.241764	2.406731	-22.630291	-37.988836
	14.717607	-61.510840	-1.690329	-10.762617	-63.885332	-47.371065	-19.432213	-70.091968	1.623761
	4.817221	-75.777364	-26.142247	-53.567191	-53.699501	2.762101	-36.025301	-38.736543	10.626594
	-1.517102	-61.496674	-11.776422	-78.831937	-75.445252	-3.591831	-66.446703	-60.157625	15.124495
	-27.210140	-53.765796	-45.087054	-93.379780	-56.672890	-17.259562	-85.016056	-84.770523	8.997561
	-19.528926	-54.339602	-76.836976	-89.639930	-42.184030	3.437886	-78.336470	-75.019176	-15.877848
	4.133781	-68.569783	-78.229137	-97.158177	-53.820517	-4.892238	-65.328561	-61.301909	-6.595543
	-31.670905	-41.290780	-87.710071	-47.631953	-46.226576	-45.345681	-31.459808	-23.125942	-23.788249
	-12.573919	-47.061079	-87.169683	-20.748468	-8.286240	-65.350609	-24.434921	-44.675236	-14.818131
	26.859517	-58.380917	-48.960750	1.072431	9.277352	-65.635076	20.328239	-61.478782	-15.383718
	18.914840	-79.324949	-31.449269	13.166091	28.049798	-46.570695	20.824153	-67.359749	48.440076
	6.123914	-91.715534	-13.018847	0.847449	31.440138	-40.100915	17.049489	-83.593626	74.793276
	-4.231076	-91.311859	-39.878032	-10.639760	40.018641	-16.191562	46.596927	-86.724046	56.371778
	20.121832	-100.857762	8.119927	-38.891374	29.500354	15.888826	5.192338	-102.952892	80.449252
	39.722249	-77.478788	38.621629	-65.962822	13.661462	82.937492	-15.030878	-70.053811	82.455589
	32.132624	-63.205113	21.941214	-68.621378	-9.242803	69.747045	-39.769739	-38.571289	49.509582
	13.363381	-28.121848	71.135605	-24.413866	-25.034028	35.669164	32.136033	-16.630773	26.870144
	16.901892	-21.553760	36.555705	1.203082	18.948288	-2.445111	39.481324	-51.724200	30.382615
	-29.227702	-23.436312	67.748071	-2.147233	48.090507	-13.371125	12.602439	-17.236751	20.966041
	-48.494222	-40.455701	46.438766	-31.176972	3.817919	-1.326898	4.100387	-16.655209	-44.188165
	-33.508125	-57.671684	69.870261	-51.539643	-25.191161	20.355578	-54.024920	-27.824387	-40.762097
	-4.673935	-56.729044	53.812764	-45.942527	-26.828411	20.897331	-27.269434	-22.086535	-61.517461
	-25.099511	-44.089541	8.723091	-38.876987	-32.986711	25.401424	-21.071783	-2.082022	-25.171593
	-9.659301	-46.236921	-2.556840	-42.767521	-54.053263	-14.927108	-31.321219	-8.937179	-23.184010
	-35.268116	-40.768587	23.587421	-45.771479	-49.873514	-33.096537	-24.877367	-29.040811	-24.709858
	-0.015032	-30.340707	-54.722719	14.641154	-33.460928	-57.957594	22.960653	-37.114451	-55.002540
	-8.666457	0.578659	-69.278140	-10.248543	-70.183399	-33.286541	-10.404141	-28.581083	-57.261982
	-45.513978	-14.660248	-62.264947	-21.163951	-88.591273	-41.257735	-26.911735	-15.937261	-110.195703
	-44.596158	-27.901092	-28.551935	-39.088183	-116.627157	-8.746158	-80.816648	20.023230	-106.064032
	-15.011124	-7.896767	-14.874011	-21.214464	-103.085510	-17.513892	-89.947007	-6.731654	-38.876667
	-10.411763	5.354851	-57.582539	6.615113	-87.619761	-26.703119	-20.758364	45.290986	26.855945
	-2.033488	-0.920130	-55.715151	10.820905	-30.643674	-72.459084	-52.730818	39.925920	-7.815567
	-24.883381	0.170550	-1.905279	0.678630	-12.653808	-61.495644	-5.824639	32.062535	-55.233503
	-4.547213	-20.202804	7.934519	-3.942434	-10.529072	-29.256436	-1.569850	-12.288522	-15.764714
	-18.702640	-61.495039	48.380958	-53.138927	5.350031	3.192548	-20.867611	-38.128712	-1.801245
	-14.495002	-53.380368	14.557284	-78.204780	-2.278211	-20.342348	-52.470964	-60.427412	-5.206838
	-35.558811	-50.288504	1.257993	-74.259028	-18.474160	-60.507142	-45.860428	-2.248423	-44.113564
	-8.150173	-37.374053	-24.710431	-57.569897	-0.688275	-8.785098	-18.357267	-21.140198	-31.310230
	-19.124326	10.161381	-43.507493	-15.832439	-24.810482	-2.305434	4.937891	27.157251	-51.626848
	-2.134022	45.430248	-22.981717	31.577187	-33.659501	-8.704202	32.904722	26.793377	-63.157801
	-15.471487	70.301368	-109.849428	67.482911	-7.567648	-31.447620	33.484571	38.329740	-108.583005
	-32.872076	98.416752	-103.350119	101.993539	-17.244988	-29.257459	55.737021	69.259114	-102.301973
	-13.748521	93.219008	-43.558261	113.744507	-17.128981	-15.990491	52.280492	54.744390	-89.122828
	-9.682454	97.041575	-9.418198	77.529570	-2.498330	-10.864439	42.599175	37.889958	-23.704853
	5.547305	78.077604	12.455321	47.866050	6.113398	-15.342969	14.822468	26.323434	-37.249518
	-17.315965	57.185049	-3.282031	28.972788	10.381553	8.126815	-4.366804	31.882386	-40.504574
	-11.297157	17.093599	42.077706	23.295121	1.720030	13.637911	0.523644	4.615722	-29.103812
	-1.154307	-23.636949	7.934900	2.040747	-34.342394	15.458496	-36.797683	3.487012	-1.570134
	42.890992	-43.321233	42.892070	10.611226	-59.830094	37.680438	-32.591443	-32.196560	6.657149
	22.181787	-48.124523	-3.773019	10.459771	-26.052154	6.091996	2.982621	-61.902037	-1.401000
	33.792751	-3.178635	3.165982	24.568639	-0.154659	-23.698793	36.456358	-16.655867	-43.788429
	38.010876	62.778324	-17.545920	37.498721	23.429070	-16.598370	67.551058	-11.936553	-34.977049
	44.234432	96.591137	-51.375398	56.036806	50.042671	-42.479072	57.290065	48.743764	-68.143825
	-11.438616	108.607770	-82.372952	63.034623	50.934834	-44.430899	31.529037	39.746614	-66.388547
	-45.274858	74.006963	-70.380823	16.030874	22.275172	-19.122100	3.534113	67.605623	-67.012396
	-52.275265	37.420870	-37.231807	9.655003	-1.768253	-5.017508	-50.617274	46.135080	-47.300917
	-75.092933	17.902480	-4.852502	-28.650425	-24.993989	20.167478	-75.089093	46.088620	-49.198365
	-25.208188	9.709592	-7.492298	-32.375036	-38.862402	28.795889	-74.398201	13.756978	-64.820008
	-25.938365	-5.024335	-52.449026	-22.736895	-45.494270	4.248183	-48.612623	38.987460	-76.168131
	2.975144	-24.197039	-31.839783	6.906506	-33.309725	48.482273	-34.425028	-9.319097	-63.011846
	7.417423	-27.863283	-23.516414	21.239480	-16.882553	36.746114	-43.042949	-31.472141	-61.431173
	9.074343	-15.287889	4.696810	17.468418	-13.847494	22.346638	-0.903255	-12.661805	-17.608392
	8.750041	-30.090512	-17.435380	1.396999	-0.649840	2.779806	0.544865	-81.062835	8.205808
	5.886651	-41.149265	-2.659490	-14.216127	-16.255695	5.113611	5.816709	-64.681485	23.665772
	36.451019	-29.359581	22.525104	-11.643740	-0.973531	20.857089	14.919562	-33.153829	37.824675
	17.120220	-25.714249	49.805448	-44.795171	12.789103	5.171309	-13.707498	-74.924116	63.308898
	4.139497	-14.389618	72.085329	-35.219438	-5.491723	12.878730	-50.804890	-34.670494	55.549041
	22.596160	-2.724025	44.373679	-27.606170	-20.835537	-17.656061	-4.435218	-58.655694	71.692488
	20.318550	21.986920	-14.571472	-20.196047	-6.532631	-50.087825	-18.508234	-8.933798	35.504427
	1.358906	61.351584	-17.187812	22.297219	2.377224	-48.211435	29.403500	16.440707	7.655002
	-3.455713	69.506653	-11.012640	-3.818861	4.635061	-37.152539	16.337267	36.304245	2.125244
	-19.857035	64.587733	17.675701	0.660716	13.362602	11.822601	3.912909	41.880516	5.661988
	5.840436	35.430745	5.442514	-40.219319	12.178154	37.078348	-32.327747	32.985025	35.978177
	19.682564	33.212915	22.941345	-28.755557	22.954483	61.898046	-0.942901	34.022370	32.725920
	1.395581	15.276654	18.310264	-47.595113	23.754804	60.394257	-21.212900	50.147937	54.951175
	-4.164508	27.548797	16.554452	-54.593128	36.597690	-4.842308	-39.858792	23.404552	68.198934
	-13.545827	48.501559	44.288246	-62.993988	39.933330	-40.924775	-45.971515	26.652013	18.498942
	1.548441	21.677703	65.539049	-98.692668	46.179031	-10.959782	-20.798153	-14.039103	35.946124
	-30.794936	31.467398	56.996975	-85.893561	24.067526	-16.950176	-39.660947	13.585677	-17.759708
	-12.700723	10.815567	62.911395	-88.432690	4.474445	10.915455	-32.293472	2.982020	45.195177
	-42.958422	-0.935544	66.178433	-85.693426	13.343490	11.076770	-48.753961	13.006509	4.347169
	22.529022	-22.498880	25.284793	-69.171565	16.778999	45.419028	-36.794645	53.905030	72.128563
	24.332461	-28.108343	28.967498	-93.377200	17.095275	44.056105	-56.345723	38.502001	62.731997
	56.548946	-59.986030	43.539457	-73.850527	26.431093	34.536140	-41.265706	-19.768481	70.048439
	20.928372	-98.653084	37.376415	-54.671582	28.535449	12.820039	-13.939857	-37.029787	126.886829
	29.525631	-75.117140	53.327309	19.112095	29.360725	-3.154678	42.274516	-53.166191	95.393337
	21.495840	-13.412004	-10.473076	71.941829	51.681692	-50.825631	82.303371	-7.493713	68.133636
	11.228134	47.891141	-42.057207	101.915933	25.627083	-52.054957	99.237701	1.174260	-12.892245
	-20.121471	79.513869	-10.949986	107.962565	22.323914	-24.597286	77.194574	8.792735	-59.712661
	-5.392699	99.226125	-25.923356	93.167509	27.146302	13.466823	76.729404	17.174963	-48.027729
	-24.635880	108.184019	10.212986	78.960645	34.522734	14.219641	48.300946	60.496955	-32.833729
	-13.836841	97.676510	44.386630	36.157602	28.075436	0.230104	-0.707234	37.522783	-25.263372
	-40.158342	56.967752	70.829451	3.494725	-4.695575	12.326739	-9.722609	13.925790	6.147340
	-24.209349	56.055937	34.090264	-7.087818	-1.220366	1.429094	-6.027509	14.513562	-8.528798
	25.263158	34.712945	24.125197	-1.818521	32.558397	1.987703	-2.735065	32.411130	-16.187875
	34.676822	24.800167	-17.437326	12.059345	-20.762576	10.779659	-17.251099	38.379411	-47.029439
	-8.249512	52.631209	-1.570991	-1.400431	-27.310289	16.997678	-2.143333	12.290120	-50.146298
	-17.934784	21.325250	-56.193732	1.515685	-17.780155	5.327397	4.746116	-8.538066	-6.504040
	-11.232731	30.055646	18.579038	25.323422	5.989343	1.119102	-6.354818	42.929857	-13.606063
	-12.440331	22.061658	-4.607845	-11.711326	-5.539683	4.213652	-39.478139	48.615683	24.251147
	-14.973755	-14.915920	30.253324	-30.583304	-25.503191	27.458906	-37.922562	3.343048	-30.434805
	5.681066	-65.673598	47.277994	-41.025077	-42.273085	33.910212	-41.675147	19.876062	9.017714
	46.755669	-95.615597	39.597379	-17.795010	-26.025364	51.407764	-10.886636	10.179077	40.019903
	91.910249	-114.643348	-23.737665	31.354311	-7.858760	38.620663	35.477015	-16.747273	36.505216
	87.370724	-88.489015	-37.010518	48.377712	-4.316325	19.055075	62.226217	-17.350275	46.053497
	92.483983	-75.563074	-51.154929	60.759242	35.849807	-2.520694	74.624308	-46.758506	61.685295
	66.004161	-20.477477	28.056254	55.270128	62.210564	18.004980	75.880737	-54.068573	80.877389
	74.334160	10.994654	29.581391	87.944648	65.909810	23.373832	77.191114	-42.560733	98.311856
	47.075855	-5.364241	-10.215133	77.224258	27.202620	-13.865749	74.331483	-15.780653	77.481830
	33.502879	-24.207480	-69.577009	79.830311	-14.427200	25.518244	67.530794	-28.440412	17.229887
	46.950268	-30.525352	-41.328276	58.838780	-9.603117	23.142001	54.876086	-27.651394	69.173857
	41.585620	-37.224790	-32.113746	67.408632	31.393725	37.644416	40.337426	-20.493678	72.614596
	36.344363	-24.145439	-3.136193	29.621577	-2.389867	-0.551403	21.518411	-26.518600	49.388698
	0.988737	-53.774049	5.150886	-21.980613	-15.392935	16.173324	-34.937203	-42.988363	39.971642
	-4.262361	-52.862309	-7.930271	-53.951242	3.950156	-16.585469	-66.518799	-40.497261	44.371101
	-10.322885	-30.948388	4.255554	-53.699218	-32.496555	12.860180	-44.120674	-21.084868	21.587655
	3.443701	-33.427444	-47.611689	-28.443846	-25.885822	15.022466	-5.653409	4.259465	-12.118137
	-55.595957	-18.904869	14.984063	-13.242434	-37.227879	41.674079	-31.492632	26.783825	-31.384972
	-39.541808	-22.385986	28.242431	-38.404101	-37.504067	21.894957	-41.182960	13.499061	-9.942253
	-38.833977	2.015187	50.756490	-37.470545	-15.842652	21.028820	-37.146081	5.143709	-4.886612
	-30.753163	12.022247	45.909699	-46.881789	9.693465	-14.348264	-46.684217	34.030461	23.250715
	-16.267901	2.602220	60.494378	-68.934752	3.727448	21.738860	-68.820610	34.332530	25.495831
	-4.977817	-23.412783	32.815005	-62.807470	-10.373122	23.623383	-55.970343	10.636345	22.887731
	2.408099	-25.095330	-8.641919	-35.371986	17.388230	20.838131	-33.452713	-22.617010	48.566035
	10.418514	-44.485060	-24.753234	-11.168994	7.665087	28.017128	-9.126145	-5.950223	7.446059
	-32.121181	-49.199928	-72.897325	-41.160527	-38.305252	17.825303	-17.710078	-26.661824	-15.168714
	-12.618086	-39.327447	-62.919227	-30.842163	-0.750218	29.300100	-17.203959	-65.202797	14.176269
	-19.463999	-37.939414	-113.940176	-24.394972	-16.349398	33.750760	-7.236759	-37.476301	-52.417235
	-14.344162	-1.683979	-31.146206	-7.689794	-45.777830	18.606910	-9.217569	-16.881779	-26.883920
	9.281087	-4.851389	-11.800668	4.803714	-40.129062	5.367545	-16.762695	7.068634	-48.400889
	21.572896	-5.286000	25.132943	-6.835082	-35.819805	22.691326	-18.398906	37.047371	-12.989906
	-32.061264	-19.477898	20.554024	-34.918843	-7.801842	-7.494258	-23.728770	0.893698	8.233579
	-33.995951	-26.559303	19.870958	-50.568168	20.891138	-11.351335	-54.758546	10.745332	1.173256
	-14.351926	-53.924591	34.597942	-79.803960	16.782334	28.237089	-13.387333	-13.742348	-11.345286
	-1.509634	-114.835691	27.979315	-102.427553	2.811122	11.092459	-75.540485	-34.065664	22.565170
	-40.884780	-87.291650	11.008192	-105.441962	-9.197017	-8.082740	-73.112902	-46.962600	4.900476
	-55.562689	-79.896092	6.757688	-91.499168	-24.813051	-21.585782	-70.638586	-79.552446	-37.237850
	-48.724819	-57.524266	-15.830861	-77.271205	-60.998966	-41.071664	-52.359154	-29.603186	-65.380563
	-49.683088	-56.847468	-21.124169	-84.853236	-50.516682	-24.769711	-73.831663	-68.715093	-37.176759
	-48.089383	-61.243451	-41.235619	-67.885464	-85.410742	-20.577858	-88.564020	-22.955664	-30.776419
	21.047764	-20.180608	-65.233995	-32.888155	-79.433844	-1.791639	-51.034892	20.986570	-1.717259
	-1.720748	14.638807	-57.645752	-38.157654	-78.484329	8.136909	-35.325232	80.497560	-11.318212
	-11.835232	39.895461	-17.981309	-73.942115	-44.289806	8.436702	-76.754546	83.444065	12.408855
	7.443298	21.248183	3.849337	-77.166572	-20.618525	11.856927	-41.074595	77.876709	11.911408
	37.325298	1.081457	32.947544	-32.482747	-40.010017	50.839254	-42.109333	47.984322	28.042668
	66.443652	-6.287325	-17.222367	16.234094	2.630525	49.290622	31.175820	48.259467	48.280535
	52.062528	-52.697568	-5.910709	30.604817	-5.760403	16.666563	37.948837	-11.558386	53.781945
	40.751812	-36.246985	-4.236322	61.774990	24.538637	-48.679427	37.265572	-28.020803	-6.061262
	35.724887	-20.556096	-43.145810	67.920033	19.194983	-21.521423	52.619651	-24.675048	-53.147463
	49.835221	14.561924	-53.104333	86.085654	44.685292	-33.844587	64.533216	-8.074474	-59.568568
	50.807840	26.472664	-34.447658	83.922699	65.898134	-30.858681	81.593333	7.476176	-51.078827
	43.580141	26.796622	-12.497899	97.687202	36.834821	-11.390810	68.331029	32.696910	-57.999645
	52.002288	45.964984	-32.925426	91.292099	-4.606856	0.342648	49.549515	14.836494	-90.613424
	3.416287	63.440635	-27.079486	35.389190	7.909152	22.273262	53.120443	-11.840094	-107.429619
	-55.802420	78.029754	-1.567795	15.180182	-26.136020	18.539399	-6.507509	2.638138	-109.843975
	-42.582750	54.623364	35.375602	-25.188833	-23.777911	14.116064	-30.727431	-33.533148	-53.118342
	-40.560279	50.783178	29.028611	-15.248633	6.245087	15.730381	-33.519230	-20.974176	-32.244547
	-28.359742	45.693560	33.659148	-31.044112	21.524887	-8.376212	-54.756262	-21.684944	-48.621780
	-32.377001	8.940704	15.350951	-49.466181	27.890431	-27.236507	-20.394156	-14.962599	-16.825085
	-7.029947	51.582498	-30.586589	-21.433990	41.252598	-58.439673	-9.769860	-42.582601	-11.240309
	-1.048937	27.302506	-59.256998	-4.198255	50.734115	-50.472803	5.995641	-28.027158	-26.048907
	-14.534612	15.908317	-44.172956	-50.528468	33.622431	-44.870663	6.467937	-39.681740	-28.494525
	-15.005158	5.691464	-54.075591	-60.739563	49.462102	-32.567486	-11.173081	-58.223424	-39.942744
	-20.779302	-30.753808	5.371791	-80.593961	-11.464076	-2.827782	-9.275333	-54.310313	-73.520461
	14.730601	-46.669260	-2.244712	-77.810183	9.789283	45.951429	-38.002257	-39.289744	43.568877
	27.359305	-73.065068	22.819430	-34.295248	-13.856815	106.821297	3.917104	-41.225236	98.830805
	81.885987	-81.467861	60.904213	21.281657	15.983881	93.982865	-1.486386	-38.058752	162.713776
	93.375053	-82.338464	66.529134	28.314679	2.670806	86.304418	34.809314	-42.993545	191.185913
	86.606024	-42.660060	31.964332	27.100375	29.584077	26.405400	22.055889	-22.937891	178.011856
	23.355144	16.590620	-6.065231	10.219046	25.996657	-40.624782	-4.737669	-23.227395	89.892800
	-62.119699	41.246819	-29.542963	-9.161185	27.573837	-59.784795	-34.487097	-14.636201	-52.420385
	-72.836096	69.045472	19.504361	-23.105824	11.742677	-56.880531	-30.680603	3.620902	-79.729177
	-72.132920	79.058086	-17.329412	-9.284074	19.288127	-59.584598	-38.665215	-2.525561	-108.979938
	-64.003334	79.362844	19.521225	-22.656636	-26.395416	-63.634796	-19.788384	35.580824	-96.033599
	-59.974664	71.570298	6.008711	2.719105	-2.122056	-34.928367	-9.888434	22.482063	-93.058621
	-37.768255	66.629748	28.717372	25.805083	-4.198806	-21.401223	-4.572291	64.539117	-18.613636
	1.543866	67.096747	7.846629	33.160814	-30.542262	-22.660587	11.139318	50.976247	-20.792527
	15.182537	45.117930	-12.905394	30.357389	-9.548794	-10.619119	14.101787	56.957343	16.698213
	-13.428319	34.274552	-0.725700	13.813530	18.537724	-44.887851	-10.276313	98.504687	24.615996
	30.023096	12.817790	-4.807486	18.023808	26.154545	-56.770635	44.358378	107.190090	30.281496
	-19.398715	34.411655	-9.543382	24.823272	-21.390030	-7.324261	0.373448	95.368249	23.806535
	-25.746976	36.131261	57.004452	-28.827489	-9.631399	38.992623	-17.811900	42.286803	21.065780
	-66.285943	11.690101	44.396500	-27.201180	-18.688921	15.933896	-41.531628	36.622603	-26.056262
	-54.473829	8.079326	67.501736	-28.406799	-50.194221	39.908631	-44.052181	37.059365	-16.911451
	-28.915031	-13.309666	62.168760	-21.904439	-59.437137	37.358399	-50.379691	24.059916	2.532130
	-12.967367	-27.875407	90.235438	-7.151693	-42.102600	55.163561	-18.077254	27.545488	28.414038
	8.401971	-35.234799	78.266130	-9.294365	-22.656127	32.804602	0.259871	28.193060	15.818008
	-26.755335	18.356577	41.260452	5.242517	8.079173	0.736786	1.364510	52.977623	-28.161639
	-31.714719	56.465312	34.816766	22.817594	7.927364	-23.118497	27.328056	53.755120	-73.029191
	-49.036495	38.705340	33.096207	11.156605	14.658263	-35.903094	30.198688	40.943546	-57.425928
	-26.470683	8.654749	10.115032	10.984625	6.827837	-9.928822	1.592661	31.295736	-40.784499
	10.356847	6.651539	2.681525	14.879075	-5.447403	22.630020	10.819552	44.502305	-17.880794
	18.147273	-4.558187	-27.295522	65.699819	-4.023443	24.976704	54.152958	37.232993	-28.938824
	46.479925	-23.003957	-34.653689	68.809264	-40.063672	21.925446	72.037280	19.613115	4.450636
	42.437051	16.062220	-38.659841	83.357320	-2.992684	-18.334916	76.326993	-31.752683	6.054897
	32.938422	3.891354	10.914557	59.129177	2.953076	-27.945552	31.762583	-23.397712	15.112516
	-8.945471	-16.876733	23.684249	-9.310052	16.530369	-15.727930	26.556145	-38.810790	35.364730
	-3.697090	-71.470471	39.695910	-52.885522	-6.269615	3.217528	-20.850827	-72.529696	14.620453
	-7.986414	-79.151021	26.907906	-27.359928	10.736871	10.234486	-34.893952	-62.697052	26.024021
	6.978869	-62.399574	2.007970	-35.980621	26.021638	0.610108	-11.805989	-57.899462	68.235811
	32.266357	-22.296080	15.823718	1.258274	65.028934	-12.336339	18.272816	-30.484758	86.593368
	51.825038	-9.854170	64.290691	11.516985	59.886012	-4.291416	75.431033	-31.333380	82.061767
	10.676263	-0.568197	45.040936	34.843348	68.038119	-43.814185	17.059093	-7.403071	49.392149
	24.783015	-7.892613	32.545568	15.238131	31.774746	-30.883993	50.770023	-10.639925	9.845813
	-15.727811	59.820957	-15.620523	-11.751730	19.903605	-28.566125	6.613638	-9.055967	-58.645566
	-33.245222	23.710721	7.039235	-22.343222	-19.083556	-5.476883	-15.357924	8.170277	-54.258373
	-43.543132	51.648341	-0.479511	-6.207226	-34.356024	-14.874705	-33.848237	-19.062518	-64.476782
	-49.531994	62.278420	-10.312532	-11.327001	-52.721706	11.299655	-23.054992	8.274954	-80.040786
	-18.728335	63.798889	-10.782965	-5.667049	-57.017784	-2.611321	-27.291311	44.690576	-61.431275
	-15.374291	26.235856	42.185174	-39.796805	-65.584501	32.286147	-20.340129	43.820802	26.982781
	-9.155275	1.347659	32.582494	-35.962778	-49.571561	-4.542511	-37.136045	36.282728	22.609921
	19.019663	9.706604	-42.110425	2.998031	-22.170912	-32.442883	-1.811788	78.927195	16.788571
	9.044181	21.127108	-82.981113	60.068159	-16.118840	-36.205057	62.600101	68.628694	-5.791469
	8.321577	21.714406	-38.617272	73.866106	-32.827405	4.939666	33.182630	48.984887	-42.325425
	-21.159719	36.063642	-56.580447	70.323785	-21.003023	15.764628	37.852492	47.437397	-15.415529
	-36.544955	37.062876	-17.900225	57.147120	-5.770018	8.168317	-15.386031	73.718200	-37.378793
	-22.785307	26.445465	-87.437583	37.951462	-11.600429	15.198220	1.801733	31.952903	-41.496593
	-20.484262	-29.488414	22.797427	-14.836805	-7.841732	42.582709	-52.444897	-22.302627	2.874620
	-11.943166	-41.282849	13.939918	-50.780215	-23.059777	36.475578	-45.790264	-61.182645	11.736061
	16.409379	-43.416178	25.240187	-35.324570	-12.045049	75.742232	-22.399147	-68.337493	35.696001
	48.764899	-87.859403	5.151333	-49.399399	-8.031542	106.170468	-13.438280	-79.962215	20.442186
	73.955020	-104.520527	8.686506	-31.551643	29.618210	121.410639	-1.021971	-74.857955	92.653484
	92.097286	-96.924303	5.845697	-8.571363	42.200569	102.751082	17.344566	-104.953303	135.184929
	104.326449	-79.715041	22.892287	6.956046	63.023736	93.962242	32.500670	-86.748324	122.884608
	91.742801	-57.569170	63.351345	-9.249009	53.637032	74.988347	29.924241	-100.796268	159.650114
	88.548232	-53.361304	52.489141	15.795443	52.384529	51.032258	55.570981	-84.154794	123.315482
	83.147215	-40.151691	72.064079	20.771629	57.201159	49.130939	36.697279	-60.937629	148.641603
	70.394725	-41.078926	60.210589	55.451677	45.203977	-4.688948	41.605944	-38.071466	141.135257
	35.596744	-12.415361	28.026666	47.209221	24.792587	-31.117108	29.818379	-26.872229	79.913253
	9.281636	0.799168	-32.574714	66.784264	14.710880	-12.882196	47.163678	7.047440	-4.980302
	-32.507953	13.341957	-50.763739	50.972838	37.102637	-39.728224	43.605372	11.369909	-28.585251
	1.856029	34.697824	-19.820254	48.905074	19.266514	-13.771422	32.786676	-2.021748	-61.349092
	-14.665113	48.414940	-63.040187	57.360786	33.608083	-40.418308	61.871021	16.155717	-67.116542
	-7.454128	56.372436	-24.355201	80.242051	-2.612893	-38.669021	57.686446	41.621269	-49.332900
	-20.955658	84.518661	-30.219473	65.693563	13.923546	-22.156597	37.536036	17.764805	-55.686010
	-48.448121	55.773747	-0.554729	70.042085	10.594644	-16.052610	46.893967	22.374884	-22.466138
	-40.503296	36.432645	35.678241	44.233792	8.212682	-8.429410	11.589976	7.465176	-51.004992
	-24.182138	24.158024	35.218486	24.250427	-12.579505	-10.827169	-16.509253	27.538349	-8.301293
	2.031369	-17.191136	8.239572	-10.185311	-27.147265	-18.837622	-42.943117	23.295220	9.197145
	-10.463220	-50.796587	-35.482158	-33.969844	-13.844144	-21.009370	-79.589625	-9.388539	4.079757
	-10.586647	-79.107078	-43.685272	-61.047544	-39.596894	-55.252562	-68.929902	0.935820	-3.898778
	-39.145545	-76.321812	-25.993242	-73.945222	-60.197251	-76.985478	-46.219476	-15.886542	-16.101082
	-46.046875	-99.342403	-57.589157	-47.808365	-52.300603	-47.546691	-37.830171	-48.274614	-2.100440
	-37.818541	-54.912912	-34.543805	-37.760691	-36.888568	-28.623782	-28.162134	-58.939713	-52.068080
	-40.868504	-32.943765	0.106808	-50.386709	-15.750700	-6.917321	-18.588589	-46.768257	-15.561662
	-51.383370	-42.513285	13.799024	-79.412022	-9.356484	-28.512010	-75.730095	-33.187895	-17.117043
	-37.273497	-57.327019	21.866064	-65.796498	-13.355431	22.500419	-51.553752	-28.743613	-37.288407
	-42.827067	-83.076709	-6.516978	-45.558294	-43.457575	20.799055	-51.074427	-33.421298	-18.641562
	4.139237	-78.105247	16.644261	-51.319541	-42.101786	38.355285	-42.944361	-42.808409	21.196385
	40.076965	-90.391466	22.845834	-23.759626	-19.538424	67.785330	-27.882845	-36.993283	64.661313
	90.873581	-76.849980	5.815279	18.048754	6.219890	26.308222	39.163936	-62.162674	85.161089
	92.368299	-43.233396	23.571123	42.534534	27.977923	-6.014143	77.172535	-36.902522	99.235656
	75.026407	-7.431295	36.815178	33.573514	46.512311	13.836745	63.150286	-25.514860	112.741921
	72.413091	14.043128	41.627028	24.208019	62.076086	13.423557	61.691230	-17.815343	49.584505
	34.023183	56.008908	-17.283125	33.739091	56.956783	-22.879217	47.435117	13.117406	9.329527
	-1.290328	83.504026	-56.364090	43.971932	68.810098	-33.121867	23.189194	27.297815	-43.722149
	-18.466900	66.944332	-57.932845	45.467730	81.923341	-29.221235	40.104401	5.260261	-19.051426
	-19.870906	58.721772	-46.167099	39.726940	51.060025	-33.307656	42.471060	-1.384341	-52.320462
	-37.742053	53.356304	-37.696158	57.712167	41.541677	-36.549736	13.128615	22.708891	-15.417797
	-50.559053	82.083828	-2.461604	32.977506	22.674196	-45.047445	-3.798476	35.287523	-12.990459
	-23.078700	86.434225	15.441725	51.540368	45.352553	-25.110187	23.789732	42.133129	23.259682
	-9.530665	79.266456	28.433237	27.726336	36.469196	-4.046481	-19.699708	49.633014	-14.512811
	-2.256856	72.219576	30.633382	9.789456	21.093533	25.748883	-1.843226	86.035846	7.794147
	5.904724	62.556627	28.303075	-4.717162	-1.925415	1.957187	-29.052230	47.858979	-33.334610
	-30.428287	55.885458	10.041239	-34.057040	13.867460	-10.158146	-54.479990	26.346941	-15.361309
	-27.361732	28.249264	16.902622	-54.493971	-29.119659	-15.967301	-54.281626	40.855651	-28.907173
	-10.058134	9.654690	-7.244902	-79.469030	-42.043112	-8.222262	-81.775326	8.826402	-32.829831
	-11.117609	-35.751990	17.403256	-75.282217	-32.124197	7.967709	-50.739773	15.239384	11.821939
	10.720370	-30.316572	-31.873968	-100.172197	-22.705066	11.749162	-59.734747	-27.920562	18.673764
	10.545650	-12.991338	-77.173077	-50.352441	-7.365828	-11.223397	-11.248933	-10.038133	-25.131511
	-7.365459	-38.784131	-16.592167	-117.310820	-32.279377	-13.239243	-39.708374	-61.580528	-13.362956
	20.065604	-27.128575	-47.212307	-97.730777	-31.641084	-37.495733	-24.352902	-82.094728	-37.322827
	-26.818558	-23.938081	-41.108854	-101.839035	-26.530957	-42.324399	-79.907419	-22.976058	-46.300408
	-28.337386	-46.408297	-51.238401	-101.295018	-45.911521	-43.811350	-87.733053	-12.557070	-94.374201
	-3.860027	-38.193435	-78.650334	-54.829684	-53.325211	-41.805639	-47.321719	2.878047	-63.055322
	-3.642724	-42.721278	-60.597978	-50.403980	-57.031855	-36.342130	-80.738401	21.087948	-77.004222
	-11.975736	-63.084856	-46.144697	-70.744608	-83.375408	20.072370	-59.878208	23.676774	-50.070416
	20.854340	-53.308951	-4.040347	-40.541650	-70.405800	33.726742	-67.965528	-2.945196	-18.927687
	35.987260	-49.961308	-35.077216	-0.648031	-54.718536	54.484879	-15.602511	-0.019991	12.368492
	76.370977	-48.834693	-27.525576	44.179771	-30.218812	95.897592	29.513384	7.365551	53.372817
	56.297087	-28.611457	-47.899252	68.173946	11.801612	70.722872	59.489614	-2.764766	50.569234
	52.743011	-7.287796	-36.774925	70.676965	12.740283	-14.275889	89.688718	-1.327116	51.950351
	24.596239	-4.049737	5.740592	86.078770	38.362802	-4.433852	44.095727	14.444721	2.936003
	16.242401	-14.672446	1.022555	75.096236	38.885768	-19.476779	19.466415	11.042667	52.520360
	26.276958	-15.293979	9.098136	49.318823	40.448834	-12.368214	39.911937	-8.572196	35.541678
	32.182765	-15.363119	-9.367094	40.705940	58.595271	-5.262674	20.663708	10.258397	43.930557
	18.817664	-4.129822	2.096918	28.459252	41.367203	-20.008523	22.817109	31.319670	31.284948
	23.884924	-5.267557	9.524897	30.788719	35.870823	-16.297393	10.318372	14.788918	-0.791273
	-4.991537	3.561926	5.061511	24.035649	-2.994239	-21.494181	12.278307	0.446923	-29.089442
	-24.024051	-2.401744	-23.356148	12.523623	21.314045	-11.108600	17.938617	-31.616973	-36.857208
	-39.552092	-12.151190	-32.755281	-2.430627	29.727536	-9.109360	15.736937	2.434212	-52.868477
	-31.231332	-8.926439	-36.388039	30.097111	25.093649	-22.895172	21.903115	27.020394	-36.156180
	-42.434070	1.299968	-12.145729	16.364392	-2.750394	-36.874108	18.116052	19.151326	-10.954411
	-61.272527	44.047109	29.893404	25.388203	8.955217	-62.731166	24.133957	34.386716	-43.695962
	11.107992	12.510696	53.851896	22.642388	28.636010	-10.449089	54.430836	3.743296	34.253875
	-19.683344	24.106550	48.245623	53.020759	31.533743	2.099685	59.328929	36.550361	6.870225
	12.186389	42.529129	65.825990	65.967627	43.293391	-2.368252	74.735557	21.679664	77.197431
	5.089055	-3.476106	58.335877	20.451327	0.037589	14.145514	14.558409	5.085002	41.194737
	5.939611	28.594678	65.104513	39.275774	-9.958870	50.933588	45.373252	-19.734585	63.468867
	43.728780	18.392280	34.872511	24.251835	-0.347041	42.365718	42.167246	-6.836412	76.545292
	30.890440	5.987602	29.919469	-2.989383	-9.611123	56.173300	20.466232	-15.832683	59.711685
	47.641332	3.031494	-24.201966	17.009084	0.967603	2.693138	23.861864	-26.599702	44.388568
	45.136333	0.591689	-45.183606	42.948124	25.534001	-12.449238	39.711607	-19.764221	6.972263
	2.098468	14.057641	-105.464889	63.767661	35.244802	-60.920121	33.899957	-28.551521	-32.481634
	-34.853860	22.468511	-66.028227	11.368493	-2.350651	-49.693220	16.073787	-41.730892	-28.997943
	-16.112432	60.927041	-22.710692	72.160060	29.048275	-47.058016	55.234939	35.806904	-66.624761
	-6.970309	-32.568494	6.385981	21.115622	-41.899733	-11.377127	-0.583439	36.464512	-33.019796
	-35.745850	49.480418	6.781669	8.209108	-31.015415	-12.350685	-3.444387	-8.548884	-56.041600
	-38.977274	74.016963	39.393493	17.430319	4.596309	-7.925391	1.936972	39.167468	-23.402061
	-28.058724	60.752323	35.353532	-4.091683	-25.329963	3.621311	9.333322	23.107540	-23.279921
	-19.891381	18.043177	38.986649	-14.258034	-34.305840	58.609644	-29.426213	17.307201	-6.044587
	7.402174	2.811395	32.745384	-1.647850	-21.758874	55.813916	-10.014981	29.904121	0.073086
	8.386551	-2.288042	11.006864	12.554407	17.204780	56.315424	-34.614418	45.606663	9.348685
	-6.718189	0.633144	-53.500893	41.074777	60.962035	-10.948001	11.863038	40.620760	33.184036
	-7.279636	36.854651	-65.778438	66.223874	84.512457	-34.320006	4.556135	76.301333	-38.676376
	-56.848737	40.384286	-39.755396	57.608942	69.776570	-46.431702	7.030708	58.162253	-69.909275
	-71.410489	48.679024	-14.708384	17.374055	40.279800	-35.171719	17.444173	54.208067	-55.074989
	-56.432789	53.949702	4.378812	3.364944	20.613357	-0.443868	-11.559739	31.825550	-28.593594
	-48.484680	35.219370	39.883617	-8.286270	-12.057261	-5.784271	-17.027137	11.117550	-34.015493
	-7.192520	12.120747	57.778687	-20.557644	-19.465070	33.436764	7.710222	30.081823	3.179965
	22.569399	-1.779247	29.152748	4.719477	-10.849280	47.363068	9.153524	20.949395	-9.118746
	42.868739	-19.798023	5.006879	-0.277831	-19.000426	22.842274	21.472435	-17.865963	40.673266
	43.267214	-5.584921	-0.700578	15.262215	46.331379	43.585037	24.398927	-30.083555	35.869764
	63.292224	-10.636620	-1.997078	22.939790	20.140569	16.290204	45.548153	-41.985264	40.306449
	22.380015	38.147893	-0.078810	27.058550	10.641884	-4.624702	20.691447	-30.378311	-10.008181
	5.696299	42.435449	16.887290	5.932700	13.991410	-30.763770	-8.529113	-4.523569	-18.390385
	-33.476634	43.363654	19.958762	-0.409545	16.891417	-23.953051	-4.484844	-1.488039	-38.906169
	-38.264144	49.028383	33.394553	20.529944	20.998252	-42.359841	23.419115	2.239466	-34.174798
	-26.429049	54.859395	24.546362	23.570250	-3.662411	-2.344979	32.539810	-23.900123	-30.812151
	-15.881675	45.816638	-0.297173	42.127180	-8.362112	-21.275527	13.007269	-33.545583	-21.348514
	-28.951200	32.192993	10.923608	10.582043	-29.769567	-20.008018	-27.455192	15.222356	15.096445
	5.105820	11.339190	16.216286	-1.031249	5.045839	-9.075017	18.664356	-37.856676	6.381085
	6.146393	-20.099624	-19.901026	-4.345646	3.596654	-3.252081	30.392242	-16.691204	44.200824
	46.164592	-46.897223	-44.016388	7.549773	13.413166	-14.870591	55.086333	-22.879818	58.432691
	60.610655	-37.031404	-9.554104	-26.495711	23.904768	-11.512131	17.707540	-25.978522	101.521692
	21.838630	-26.486880	15.224104	-67.809002	11.997153	-38.725357	50.860430	-37.835062	48.186846
	8.974082	-16.946554	27.864429	-57.782445	32.853040	-20.174017	-6.334045	-12.998250	47.019841
	1.034596	-1.278173	41.345094	-49.832407	-2.591739	11.996176	-27.321145	-2.485641	28.809982
	29.572258	-24.949085	67.270278	-39.187053	-60.830967	44.610826	-36.041654	-0.638204	34.075059
	4.545242	30.930285	11.372781	-1.421072	-57.463194	7.216535	-14.507056	57.463632	3.580372
	18.700800	55.929463	0.077466	-10.870951	-98.334316	3.881762	-26.411282	45.231104	-9.639461
	-24.671618	55.277970	3.030845	24.375659	-14.315397	8.344807	-40.451148	50.711369	8.811719
	-12.268228	58.264282	19.799192	0.805658	-23.624728	-11.337905	-26.803632	37.832044	-9.307357
	-49.370204	39.281421	10.682249	-22.408066	-56.405669	-13.200307	-46.326925	36.766806	-59.230424
	-29.801202	42.107690	-5.372411	-37.811218	-47.546969	4.189842	-50.902935	30.329758	-58.160424
	-28.480948	28.454651	-27.076349	-27.074281	-25.605892	24.649596	-51.226141	20.644736	2.165694
	2.779551	31.085344	-21.410860	1.062111	4.267277	8.820042	-2.566918	29.160063	6.276922
	36.237200	10.852119	-30.089629	19.430169	41.964225	-23.718198	36.763559	46.707902	37.211330
	33.427139	-1.632606	10.050116	40.297993	90.267076	-50.993584	70.270455	18.331239	35.100570
	22.205742	-31.105270	11.352022	44.510036	104.972485	-26.224002	58.521896	13.363704	40.078250
	40.286739	-30.930716	-13.790734	2.192744	58.535469	-26.772525	46.924957	-35.381742	3.416242
	-15.263104	19.516987	19.267998	-25.579417	32.583875	-11.213043	6.287509	-52.423642	-42.366199
	-11.970600	2.370644	-3.168271	-39.465225	10.248851	-4.238168	15.482030	-27.934290	-5.022304
	-18.997625	0.378383	-6.915891	-56.402173	-13.658386	15.274308	-19.344077	-2.523568	2.009501
	-4.962067	-10.134125	42.982864	-29.143551	-40.713648	43.611594	-48.924745	40.330333	3.610197
	-10.767473	-27.794349	30.104953	-18.670248	-70.835466	41.366793	-53.514747	11.999927	-13.035569
	-28.096049	-35.242315	107.970528	-36.374364	-57.362152	37.668044	-77.484120	34.301637	13.883507
	-36.097213	-59.273174	19.759557	-40.752818	-22.669233	4.220198	-53.844521	-0.988466	11.367472
	-18.450795	-58.203934	13.122937	-25.703124	-20.277529	34.497111	-17.126035	1.158534	8.465601
	-30.180971	-40.190413	9.483781	-28.063495	-44.162768	50.024340	-20.486491	-14.797277	-25.588016
	-32.784349	-51.187701	-15.367681	6.997752	-49.892751	26.195800	-24.681447	-4.584692	-33.782554
	1.342944	-62.308627	-30.735638	-5.404594	-48.732285	13.659238	-27.636402	-21.918472	-38.443463
	18.791390	-86.559188	-19.105273	23.967126	-6.409535	39.733308	3.084574	-23.396624	20.453399
	48.260309	-74.525691	-34.587006	26.747613	34.684279	3.256178	24.089235	-46.746789	46.813661
	80.486865	-37.511587	-37.169279	38.312545	85.223123	-37.730108	56.632060	-33.344687	8.732051
	-17.351563	32.936800	-67.146412	23.890792	37.697112	-50.887605	46.692995	-41.302767	-49.867078
	-39.070133	73.274851	-8.866322	9.123730	3.709944	-2.210878	8.950736	-39.987962	-70.709546
	0.987910	13.032270	10.273663	-1.188344	15.285982	37.243274	-8.169594	-58.356015	8.907607
	-29.125478	14.421159	33.265537	-75.674344	-40.100429	22.297149	-26.370050	-72.561133	-26.652797
	-45.159537	2.016522	89.413087	-63.961455	-69.285274	2.828223	-53.541104	-47.358135	-68.766146
	-57.759699	-29.829589	43.245997	-46.447047	-59.902957	-31.127054	-27.017605	-42.085935	-29.438543
	5.796531	-19.152828	-5.933627	-10.680541	-16.447615	-14.487983	4.492349	-30.445303	19.260113
