	-2.531418	-0.850442	2.587513	-2.764066	35.261525	-8.273686	14.672614	-11.181318	17.443301
	9.504455	-6.075525	21.437685	-1.016730	8.103757	34.271383	23.008316	-41.300917	55.736376
	33.927598	-6.539389	20.524878	27.669409	53.435687	-14.894127	16.345172	-23.269886	39.510213
	1.946666	6.837899	-10.983213	18.957466	20.516593	-15.879400	22.577642	-0.814683	3.833435
	-1.258590	-25.920683	4.275853	0.114473	-16.808156	5.986539	-9.449195	7.845390	-3.643314
	3.955924	-52.578328	21.664381	25.449916	8.171604	-9.159238	21.282493	-22.199049	65.798244
	17.165911	-51.527234	29.719906	-2.122604	5.716631	-30.744689	-39.962275	-26.232008	21.787594
	4.469116	-53.829197	22.842706	-0.881302	8.326391	-5.091221	-13.354288	-34.119402	38.749810
	22.707343	-49.748960	30.989518	-6.823401	23.469208	23.005153	22.279324	-55.303130	41.354599
	27.924298	-64.091294	35.568081	-3.146264	19.999371	-13.045027	-1.915593	-42.136441	44.757135
	-19.632743	-59.818309	5.871132	-28.095471	-9.530050	-4.089878	-4.176356	-51.632952	16.153608
	-3.332097	-50.522996	6.023571	-40.593761	23.295252	19.722641	-18.529002	-36.586781	15.135786
	-8.519532	-69.251798	11.753138	-57.906077	13.217931	-3.401177	-21.697019	-35.369145	30.034192
	36.484087	-50.224985	14.831660	-59.457813	13.982710	-4.572410	4.085865	-39.048469	68.379254
	28.307656	-20.278469	-34.420994	-27.723579	-18.002410	-8.069194	-8.944954	8.442531	-13.429800
	-36.210912	-26.721281	-23.855874	-6.142620	3.145441	-4.699249	9.273017	5.406647	-21.876559
	-39.231911	-28.401990	-3.097298	-24.603148	-16.204107	-10.351976	4.738507	-10.718051	-31.477932
	-4.169822	-57.976566	-30.688627	-21.060956	15.385789	-3.205652	5.794190	-34.395091	-16.347138
	-5.389297	-32.998115	-41.703925	5.567507	36.316962	-1.957705	23.779850	2.337866	-36.547358
	-8.395356	-43.413895	-28.937008	-10.771245	56.076832	-14.239660	-10.012786	-27.193120	-12.831854
	18.207715	-13.119576	-42.318684	6.839215	73.014554	-3.213128	40.846282	-28.453829	2.634179
	21.948281	-31.301586	1.409450	35.349609	69.124895	3.550783	63.224537	-6.095729	41.378555
	27.944861	-12.079388	-6.960225	33.196318	39.798468	10.421395	64.957769	13.064357	-6.614626
	54.284577	-20.431714	29.820800	24.998467	41.265670	7.687926	63.456951	-9.093403	60.660360
	35.850145	-4.868829	45.440056	-0.447244	1.052280	17.024160	3.343228	-11.622834	11.880973
	2.865383	-18.512039	8.066806	-7.823002	-40.197757	-22.791519	-51.266927	-13.720470	-10.832821
	14.567729	-1.163243	13.981952	-4.636477	-39.286092	20.933600	-15.449449	10.950525	3.040846
	24.708434	4.561069	14.287642	12.260433	-52.446900	6.916004	-9.738460	18.591878	41.737620
	14.766727	-2.693755	43.721727	-1.594870	-27.144834	-9.936623	11.390569	31.969104	40.044272
	16.615554	-9.628559	51.602302	-1.172466	-36.514176	-5.763678	-10.673085	-13.883381	24.614706
	0.280204	13.892022	28.558260	28.508943	-43.390470	-9.212487	14.170144	-7.686252	26.957613
	16.059305	29.823995	13.256196	24.437870	-4.568917	11.491768	44.720161	-36.497792	3.795378
	1.701547	66.402350	-3.146002	57.473741	18.116036	-3.584798	39.652628	2.009123	-11.436755
	6.492858	47.362385	-7.767496	7.770951	10.951859	17.524479	-14.689763	-12.964953	-53.314858
	4.749473	48.633983	-18.079733	18.583434	1.462523	-12.320640	-17.220497	17.935733	45.447264
	8.184273	23.539769	-3.518469	-24.712086	-9.572263	33.744493	-30.986580	-0.504132	10.044830
	-5.131833	34.892100	3.319979	-28.605726	-14.952668	-0.771193	-9.940817	44.221879	9.760256
	2.610105	-11.663464	15.611347	-23.781718	-11.748468	-8.691127	-18.070203	-2.644950	35.230972
	15.785620	-15.651344	-1.555212	16.264172	-9.970208	7.384011	8.920900	37.795637	31.581106
	17.173419	14.872395	-33.261073	86.820661	15.581104	-33.525196	76.133979	44.602077	7.372497
	10.814827	28.744283	-54.283758	96.088907	10.390624	-23.460155	57.489425	35.128988	-21.024293
	-0.635444	32.266154	-81.166981	71.767036	15.113414	-8.919447	83.988785	69.478483	-51.536827
	-3.753934	33.743375	-78.044720	149.384521	41.377306	-12.113675	113.536893	61.858713	-37.854164
	3.022249	54.492112	-78.741742	121.624893	38.790940	-16.826104	84.158484	55.166952	-66.107708
	9.209729	51.739999	-67.502524	103.708439	40.023650	-11.521951	49.048158	16.763666	-55.744810
	-6.994123	60.700501	-62.277353	103.080133	61.009421	-22.012671	63.529882	61.509078	-74.497731
	-6.566036	28.746581	-46.543921	91.590386	42.083715	-12.131940	74.748950	39.827682	-21.236353
	4.410584	47.098786	-88.920834	61.199066	53.321852	-30.289571	50.951395	47.651178	-38.430372
	-25.679395	47.500112	-64.677504	53.822972	30.677068	-13.154586	-5.749747	57.936047	-34.136468
	10.461601	55.334671	-45.310617	53.437513	28.401728	5.402048	16.057510	37.354467	-47.173703
	-14.923824	83.484361	-30.006417	58.578026	27.940586	25.149760	19.462267	46.697229	-37.418938
	-11.386125	79.810136	-24.260400	37.455973	-3.538552	14.648280	1.234089	42.144346	-48.209373
	-24.266746	74.940127	-14.059243	16.349952	-45.196222	6.043259	-42.596884	37.896763	-41.056352
	-5.098936	90.231326	-2.248238	85.001913	-50.305246	8.928391	18.792242	43.220060	-1.874256
	-27.140691	74.443235	6.966389	47.640564	-41.249551	-10.584886	-18.052308	35.620965	-33.709970
	-36.752489	77.814571	12.089785	-5.978707	-42.685034	12.031058	-15.869839	49.141522	-54.682100
	-47.330252	60.194649	-1.615764	-1.051692	-63.911332	5.800244	-47.017580	22.331703	-74.495106
	-35.880795	61.478391	-14.329105	9.589613	-46.560290	21.813587	-25.285494	53.412198	-77.391861
	-33.492308	66.892076	-29.228131	0.839706	-37.946268	-47.709875	-11.449091	29.429549	-103.813941
	-81.855169	56.068891	-35.237393	-29.366811	-54.878536	-33.079735	-91.730162	53.737603	-110.373113
	-71.089183	53.536393	-45.320134	-63.447057	-68.728156	-35.710041	-102.080331	25.058510	-102.004977
	-46.409615	51.620982	-33.948081	-35.957278	-54.891290	-35.324334	-53.580024	20.637119	-65.632867
	-24.678900	58.555262	-9.327695	-37.919295	-66.973966	-10.379212	-64.069159	20.254539	-61.994642
	-43.747616	76.580517	-36.123344	-63.028542	-44.037510	-27.427521	-80.966656	30.966047	-69.426140
	-55.358574	82.490186	-4.793067	-61.395483	-43.802313	-1.983272	-84.869286	36.793562	-99.618847
	-43.191651	78.661020	-27.318296	-21.667687	-40.903528	6.007353	-49.445952	20.683761	-59.299767
	-38.688346	98.807645	-41.952147	-29.569236	-37.922754	-20.149476	-53.089670	19.006639	-105.616542
	-25.188551	114.739163	-24.000731	-13.415739	9.102370	-25.206342	-71.987629	33.540613	-60.839086
	-47.629022	97.686378	-23.971831	-9.399681	-20.109706	-29.984545	-46.563931	27.870870	-34.845883
	-38.570269	88.412463	-1.218144	13.116649	35.377994	-22.350449	8.546998	48.700884	-20.120146
	-3.776790	30.890956	-6.329394	-17.582107	26.779266	-24.812994	12.681834	0.708602	5.742241
	24.764540	18.962248	31.465877	25.698995	35.202942	6.799346	31.316274	21.561641	38.246760
	22.736336	-44.173812	38.831676	12.480801	1.990534	28.504643	34.953492	4.361203	75.198426
	45.715915	-123.074086	64.147734	-35.582753	-8.411592	27.978207	27.813729	-55.927638	106.787894
	52.266069	-130.350628	95.827233	-31.438054	14.687070	44.075755	15.453982	-102.815564	99.090356
	67.724061	-118.849529	77.253539	8.369266	26.035593	55.280895	39.480628	-63.276608	131.216817
	47.028922	-91.729286	77.680678	-9.157759	-13.182119	38.813219	45.042443	-53.888292	47.089683
	32.407069	-91.325090	72.080950	-36.407098	-26.135419	38.097958	16.097973	-55.238730	120.735577
	22.931811	-77.755109	53.742643	-7.458991	11.250844	25.077991	3.236967	-24.329435	89.585608
	56.165699	-101.401545	69.837561	-15.185746	3.833247	19.563415	20.948512	-75.941396	65.911547
	35.893513	-72.104867	58.294480	0.497688	9.900206	47.918602	51.163458	-42.652956	67.578352
	24.330520	-39.168815	50.443921	-10.737656	14.587616	8.058397	20.857303	-9.491659	93.509085
	65.207339	-19.550785	42.922462	37.846785	-7.016003	40.902887	51.572866	-13.660754	49.326530
	18.681750	0.402819	27.074725	12.901934	-15.844565	25.573440	54.329296	-2.615965	10.021952
	7.958236	-10.265644	4.275958	12.926674	-20.412093	43.999327	17.882262	7.330222	-23.083751
	14.313609	1.031275	10.677909	-5.454761	-22.879143	11.701933	40.263618	-10.978448	19.249217
	4.808866	-8.715582	9.487501	11.856449	-26.257671	10.266148	8.944264	-20.377230	20.006559
	1.069904	8.395454	5.502131	-2.317366	-16.338580	6.459774	-10.545382	-11.156856	9.197279
	-31.343529	-0.495000	11.059407	-29.956019	-12.209481	-3.391063	-44.818917	-26.945223	21.173772
	-6.147697	30.237091	11.546784	-7.925374	17.893927	20.579405	-36.276931	7.403363	38.438948
	-12.189804	39.853825	6.159680	9.252607	21.343002	2.138719	0.241602	-10.975729	29.186913
	-25.693831	63.760577	15.758504	-23.069769	0.725000	19.631804	-35.364227	1.235719	7.540595
	-24.227822	50.997101	-15.363353	-53.878934	13.229329	0.578628	-50.967000	8.512091	-13.233935
	-29.843346	36.728477	-16.063719	-26.140217	10.765677	12.430550	-19.141074	11.978268	-13.072048
	-9.495440	19.000705	-5.204201	-48.081600	12.210786	2.801631	-53.059004	-23.198852	-34.547268
	-33.044164	-10.987546	-14.713484	-83.365923	1.585343	-8.218604	-53.143727	-9.575366	-20.902245
	-23.460093	-30.028934	4.811203	-78.829222	3.292382	0.697509	-27.690644	-15.077576	-23.126370
	-4.648940	-60.920722	-3.138820	-53.502752	-0.640307	-15.620079	-46.026661	-6.410004	-10.075541
	-1.268561	-77.370559	-16.003809	-57.809105	-22.074796	-11.728652	-30.506895	-7.024364	27.296494
	-10.385602	-56.126441	1.312224	-49.382988	-57.940068	14.582623	-38.614567	-14.796482	40.138587
	-0.242993	-26.099720	7.579278	-24.770952	-13.471106	-0.620330	-13.738691	1.121712	29.986587
	-17.875724	-30.169741	27.802440	-50.735365	7.628228	24.850500	-35.255095	17.342339	52.108540
	-48.156079	-37.170844	35.781797	-66.837616	-16.226809	0.646961	-58.301090	-26.050049	18.827887
	-28.532088	-39.680025	21.075394	-78.953988	-4.168161	-5.128120	-18.164531	0.304097	38.633236
	-0.529075	-26.301921	24.223123	-11.246286	-6.141636	25.647714	8.101718	25.846288	11.711110
	6.283159	-24.050026	5.446615	-33.761649	-6.473269	-18.837705	-29.691523	11.445148	-39.613603
	-22.528222	-21.516428	-32.731036	-15.670659	-49.116572	16.632586	-73.060394	14.149192	-55.993222
	-4.714291	-17.115014	-11.482545	-41.206809	-8.608284	-4.092636	-31.258510	32.924892	-14.633872
	-15.872998	-21.956145	-32.154589	16.275198	-14.681401	1.266896	-20.121319	19.974791	-9.295386
	-19.060922	-8.273025	-21.884461	-5.538760	9.491005	-22.493784	9.703742	5.660065	-29.663097
	-26.661876	-7.176499	-54.232024	7.586493	29.307469	-33.052386	0.434626	21.920862	-75.695073
	-12.473575	-18.569170	-29.341405	12.398350	17.563214	-45.552195	-3.745063	7.530095	-75.145190
	-35.578459	-2.507395	-65.015115	-3.932801	2.258437	-40.529737	-10.397765	18.940034	-111.743293
	-43.598580	-1.299960	-62.968290	6.834809	-23.290490	-19.202773	-18.630575	24.676909	-89.589202
	-18.591909	-24.217392	-24.877981	-27.024539	-68.759553	-5.138788	13.201872	5.261347	-39.177912
	11.456545	-33.054817	8.653235	16.634360	-46.060135	-10.933283	-3.366969	-14.704167	19.566382
	15.355235	-31.701774	-5.820487	15.591052	5.058326	-19.609723	3.006942	1.113442	14.335982
	21.361447	-24.077587	7.686832	43.398204	9.550487	-17.467957	26.721935	-36.096770	12.947946
	32.465264	1.975579	20.082208	26.500991	14.367178	-3.596876	37.167333	-48.498356	-3.935037
	44.971102	2.616285	41.502337	44.792026	11.498400	-1.979291	36.101139	-47.358301	54.835493
	12.790849	2.401000	16.271367	29.486982	-5.972984	-14.308047	30.335142	-51.404224	21.776542
	25.377191	17.700568	25.773365	17.858433	4.468721	10.882081	43.320692	-20.827046	40.357053
	43.185687	21.723207	2.955579	20.562943	-9.043448	27.060867	23.669450	1.804716	4.516639
	36.637256	34.147656	1.284885	65.503736	10.673929	14.662705	60.175512	9.448455	-2.477197
	-10.952497	34.318682	2.419705	61.080521	20.814570	3.272418	63.420733	4.249372	11.030114
	24.513612	36.994790	5.131031	56.751790	22.040354	17.155967	73.737194	7.928379	27.311708
	11.745504	45.638696	-4.165876	44.535426	7.812291	21.249553	40.521790	15.510561	-13.609732
	-2.848161	29.706095	-6.787105	57.156546	1.355979	28.041956	55.673203	12.152350	-27.541439
	27.212351	25.933715	-24.940353	35.813408	20.557911	7.735422	10.087534	3.204074	-36.281961
	36.315983	16.808955	1.622613	8.399782	15.514556	-8.426865	10.197118	-30.012537	-8.610057
	43.288535	13.539998	51.666926	-34.304774	-10.966812	46.400861	1.930234	-23.166521	39.745318
	-1.604859	22.297395	54.023766	-5.201471	-24.747932	45.580432	29.839246	-28.442183	51.383258
	5.353050	29.980046	44.742319	1.862471	12.842056	20.410221	17.575488	-7.395028	25.673971
	30.331582	48.181714	16.311731	7.901209	2.967482	14.950880	4.181221	6.739312	1.180650
	6.472941	49.787631	41.037164	-4.938844	-0.658183	22.511122	-46.280712	2.335464	13.496511
	25.840196	37.668388	52.620048	15.454374	26.964111	17.173963	-0.377228	-6.236740	11.129248
	21.896351	13.231193	17.813718	-0.748002	34.126342	14.772457	2.241942	-0.519019	-8.317062
	-9.451025	7.369431	1.081779	-19.471578	33.351524	7.409511	21.288595	-27.826949	0.575253
	29.516156	-0.097829	10.415357	-28.332823	39.626873	39.018263	-18.185636	-16.603732	7.402995
	1.083637	-20.111297	18.943070	11.608673	29.119827	-14.340795	19.937729	-8.864795	9.505808
	17.539514	-15.141321	-12.224665	17.204242	36.387401	2.421630	2.547328	-7.457584	9.361719
	-5.954455	5.278762	-24.807761	-3.170921	-12.626789	8.477770	-38.602006	7.439535	-43.112878
	-11.903005	8.966182	-44.906179	33.469912	13.708888	-20.578548	5.896664	-2.217569	-47.695466
	-6.390301	-21.873049	-50.233491	10.183838	-2.524185	-14.788037	18.815058	-9.509789	-41.687738
	-12.904638	-62.633434	-30.295646	-10.276803	23.346902	-15.851308	17.322720	-40.968871	-12.797368
	-40.415672	-78.826705	-21.574959	-42.936342	23.535683	-36.553200	-28.764651	-27.983847	10.661383
	-10.103090	-91.265224	12.690802	-28.887202	46.622752	-12.556141	-11.876543	-13.795304	22.527112
	-12.585746	-103.496841	39.585399	-69.146911	32.679181	-8.738611	-38.243625	-49.187233	42.633972
	-9.640433	-94.220877	45.047139	-103.527077	30.423728	-12.054355	-78.176523	-40.519352	72.566266
	-19.105449	-73.311554	19.861793	-109.019570	7.792759	-17.318212	-61.374270	-68.033106	77.246028
	-8.497377	-87.656220	25.343362	-36.955101	0.586532	2.169337	-17.611168	-38.519036	56.293232
	28.888950	-58.222270	7.597379	-32.277919	10.799757	-24.016436	-2.880932	-25.100922	11.395795
	15.371920	-58.014972	-1.691751	-8.120846	15.176754	8.663925	2.648194	-20.410977	-17.900228
	12.198957	-30.630559	-25.166695	-6.409127	44.753908	-22.731905	33.838795	-1.233921	-19.527330
	41.481996	-6.219533	-35.140581	45.807424	38.183289	-17.562817	42.655129	8.902494	-26.798140
	18.205747	33.889268	-31.247088	54.464036	40.457304	-41.312098	31.363346	-1.602136	-19.328499
	-6.212537	20.029383	-11.932319	5.532585	27.174511	-18.740988	25.779970	10.319137	-23.790170
	-26.447425	30.974102	-35.629107	32.444103	35.169732	-32.956923	20.191957	6.404640	-14.426963
	-10.912693	23.282983	-2.734234	22.465353	-6.736757	-25.034457	5.121643	-8.839751	-25.378471
	-27.359785	17.470385	-1.435666	10.523526	-21.637147	-20.215085	19.094234	18.900582	2.715496
	-9.146626	15.112082	13.474780	-9.491538	-1.522352	-29.477166	5.810470	4.312052	24.797625
	16.809648	17.787338	12.956495	27.231560	-2.421618	-9.384972	14.936323	1.707342	23.371996
	-1.989618	39.959496	17.775766	25.823280	3.037163	-7.263004	13.185714	24.816518	-1.781752
	-56.579070	28.526303	3.363730	-12.663587	-13.269685	-4.412410	-65.079648	39.995653	-22.195867
	-57.476916	-11.614436	-11.258708	-20.217351	-38.259622	-42.623759	-42.385962	48.229929	-45.335577
	-22.587528	-12.490621	-30.839093	-17.268143	-40.883038	-25.944360	-43.876481	15.789934	-44.439724
	-8.754460	16.977359	-39.784252	-2.068530	-3.700959	-45.008124	1.851564	50.999268	-50.228770
	-11.917052	37.155135	-56.782691	-1.530722	-23.909440	-31.880404	-3.616751	88.170587	-66.238425
	-32.826542	37.232338	-59.829990	3.474497	-47.530999	-38.731448	-11.608715	115.547276	-91.672194
	-41.885153	28.910116	-44.551874	-18.552466	-54.104008	-32.811531	-40.259896	76.260116	-56.015010
	-5.503744	-26.629686	8.892502	-19.546366	-33.903168	36.177510	-13.382153	24.452417	-26.098887
	10.148532	-34.309838	33.213204	0.888353	-22.512241	55.616400	35.653512	-16.685726	29.848173
	41.986410	-49.730459	54.608838	9.578988	2.634167	65.090739	45.504063	-24.381455	64.233969
	37.975556	-2.636847	9.767849	1.629536	7.366645	33.770683	2.674821	-7.136804	10.027532
	65.022391	8.174628	-4.840622	21.906202	23.424398	-3.167787	42.057586	-20.773898	10.774308
	64.564262	33.575540	0.816181	38.124138	15.870028	-2.489592	30.295626	-22.074685	18.509210
	63.107194	26.837867	17.362236	43.583377	16.917986	12.172304	60.465951	-3.410063	27.142228
	55.639824	-10.235081	21.809145	32.893958	6.155275	30.475918	27.180333	-20.428368	56.778155
	55.713416	-40.878740	40.956423	26.731391	7.110821	63.023200	30.374143	-44.077693	68.896761
	50.201673	-100.514562	72.440672	-25.958241	-17.134471	80.189126	20.395336	-81.920747	82.755773
	21.774912	-127.758161	76.983283	-41.192972	-15.307454	105.499109	-22.495668	-98.122073	116.266160
	15.373064	-100.332949	95.370389	-33.894440	3.043798	111.704099	10.318668	-77.404743	118.317824
	45.691812	-63.882135	87.151963	-55.098653	10.860468	108.461761	3.781484	-61.733697	119.856459
	17.328243	-101.565460	88.695028	-54.722583	3.745634	102.505442	-4.838162	-81.601565	124.226727
	12.062072	-61.322630	66.367969	-16.307040	12.744858	68.359074	16.015719	-57.950892	83.497315
	30.483464	-57.275460	28.031036	-69.679940	26.585707	24.342239	7.734748	-58.746494	70.773156
	-21.611154	5.831450	-5.301730	-16.175127	44.668685	-13.423942	13.579273	-23.303659	-29.678927
	-25.564676	6.242512	-30.408882	4.394738	36.016700	-29.845611	4.015794	3.516542	-66.574905
	-16.176828	17.293557	-51.094924	16.633684	27.326344	-16.943374	43.413644	13.194503	-27.151534
	-4.831142	17.875342	-27.872987	39.069630	23.167698	-9.049355	21.380691	9.665968	-45.461325
	24.318885	-4.471068	-11.003326	32.481038	20.074898	-2.975759	9.149537	-2.853964	-23.760635
	20.296374	-40.098503	6.440013	18.636114	-21.737764	-19.601604	23.544683	-22.134093	-20.247203
	-8.944882	-44.823969	5.769489	2.968670	-51.399349	-14.568737	-5.455592	-33.336903	-31.603386
	-27.398269	-25.554284	-11.280617	-34.076956	-22.795109	3.078703	-6.712029	-15.550485	-12.028701
	7.390999	-5.042229	-18.268927	-6.509985	-29.218024	-42.523378	-27.724944	-4.894646	-12.491478
	4.528663	-23.928952	-15.315053	-11.515925	-24.323052	-14.720496	-13.310613	-28.700468	16.203516
	14.186872	-3.554468	-5.059412	12.577862	-10.522969	-25.601717	2.332967	-13.467677	-24.749202
	-2.057880	28.710744	-22.708074	57.499418	-5.942096	-8.731693	26.227435	1.479850	-32.280863
	3.333376	48.178150	-32.830825	41.726685	12.596485	3.183685	26.571384	16.243753	-29.385236
	3.695125	61.797182	-43.702660	45.253017	-0.488115	22.424716	-3.188261	29.306279	-56.211149
	20.475430	55.067027	-32.388744	40.438313	-26.144261	7.424971	15.247532	20.077954	-58.299870
	-31.265415	52.459577	-50.391352	19.391084	-58.411702	18.002887	-11.522452	63.314133	-71.505905
	-33.116922	42.744723	-18.796571	-1.086301	-24.529908	-1.031314	-11.419975	41.138006	-38.041217
	-27.080882	17.500119	-14.331667	-0.115627	-19.203849	-2.196359	-32.478124	39.642952	5.176814
	-21.217814	-8.452789	9.642170	-24.450283	-11.787109	21.987853	-50.815214	13.976731	22.303545
	15.454869	17.242172	19.756132	36.973129	30.205081	32.569788	33.037101	9.414702	12.213746
	-7.801452	-19.861903	-12.376428	-44.361252	15.999399	15.018467	-9.381878	-4.404243	-33.461040
	-3.313578	-18.900741	-38.522651	-29.351670	14.870514	0.347207	-23.888309	1.125327	-3.428993
	-41.535829	4.895161	-11.294758	-24.989353	-9.438160	-9.733536	-23.347998	3.842282	-18.082053
	-31.345174	3.767558	-12.166563	-48.746432	-30.544009	14.090978	-16.652174	10.888665	-68.425335
	9.432567	32.091616	1.078173	-25.734452	-13.227089	-29.598618	-11.364017	7.424714	-15.933847
	7.163974	32.461405	14.455647	-32.268244	-23.549116	-49.028020	-7.646145	10.068193	-4.304933
	-10.390314	24.124724	-8.554114	-12.235635	-11.035176	-11.788078	-5.013450	-32.209789	4.991354
	12.516438	-11.608106	3.236877	20.309691	-22.795411	3.502287	3.807844	-11.470629	12.625260
	16.411196	-10.844414	30.701173	-8.471276	5.085903	-14.260432	44.344188	-28.257735	60.685531
	29.586988	18.944155	25.201264	18.855907	20.543112	15.410933	49.980107	8.150223	29.543637
	9.961559	-21.662962	2.786061	9.552412	33.604962	25.486966	14.628895	-9.936282	50.080441
	9.292849	-19.514401	2.287849	-7.139188	9.606754	6.854347	-18.645518	-24.709565	36.028454
	-10.140612	4.546422	9.236518	8.738616	-10.842316	-5.474100	-39.210669	5.582388	10.864820
	-11.461774	14.481051	-6.403713	-24.452512	-25.981305	-15.025308	-40.875575	-12.490623	-21.836117
	-23.551118	20.668374	-0.960255	-38.280170	-14.496826	-30.859358	-57.119572	6.682191	-13.381968
	-61.315122	26.687111	-5.211358	-20.292556	-45.042971	-12.173463	-60.119201	24.451759	-34.713757
	-47.332265	32.708938	-0.490414	-26.858799	-31.276217	-31.636700	-74.287793	32.906464	1.072866
	-63.945903	24.543771	4.881513	-42.700967	-21.817695	-40.444973	-65.327500	13.619381	-6.665395
	-72.435909	12.353112	4.149791	-63.067226	-31.814290	-32.881970	-47.761189	16.550744	-38.738836
	-43.649169	44.961216	-0.629043	9.645996	-8.469635	-17.903353	-5.435542	18.799033	-40.887779
	-34.395270	60.029982	-18.611725	48.983435	-2.322592	-15.275193	-20.712664	33.631778	-20.775744
	-49.004015	50.021658	-23.080310	36.553824	42.743857	-12.514355	-13.415440	30.779939	-6.648797
	-10.839229	36.256068	-12.588272	57.414384	34.025496	19.604576	3.027712	26.381227	13.255159
	11.603638	50.648031	29.670168	39.757662	27.311208	9.502749	8.639727	52.469557	29.171120
	-3.144416	35.461174	22.738811	39.848788	15.616336	3.156155	31.014419	35.646324	27.262872
	19.923364	21.632912	48.782605	26.251080	18.650152	7.632771	5.443719	27.520993	52.148515
	11.912388	23.908326	33.451176	1.228127	23.704156	-21.799955	-11.858883	25.038706	38.003176
	3.383539	21.151001	22.999877	11.568842	27.019242	-30.953894	-2.735479	8.683798	43.501767
	37.790112	20.743496	1.290430	-10.419843	26.308586	-45.236789	-11.816873	-1.957456	-3.322770
	28.303738	3.107128	-3.503681	18.208702	39.027183	-44.231419	8.834301	15.956400	-3.269715
	18.013904	3.764272	2.283155	38.513141	31.934516	-9.685472	27.112990	22.552679	-4.169753
	0.602380	0.867463	-11.195049	18.908806	22.019755	-6.192749	40.638897	17.678782	40.714498
	1.625089	14.828046	6.705472	2.676081	41.084541	-3.689834	-1.610392	4.247531	27.381043
	-11.179869	23.377283	-6.147457	11.349049	42.529272	2.510504	34.664187	14.746728	17.005326
	-2.918089	22.305594	0.204259	-29.774925	47.230783	9.296264	11.147213	12.418852	16.563307
	-19.407341	16.092594	4.092799	-26.071614	-1.354120	-21.064156	-42.387596	14.662054	-5.650839
	-33.075815	11.100258	-9.237753	-18.321528	-6.585745	-14.594886	-1.637741	27.607430	-11.096007
	-34.497769	4.471731	-15.445836	-6.177620	-23.571446	-15.589545	9.632521	34.599034	-24.767988
	-3.095524	-27.806102	-7.142756	1.934000	-8.817015	-42.410085	24.698392	19.303437	-12.655858
	13.477132	-54.470029	-5.292316	-3.122294	-14.831013	-41.625138	10.827649	29.524741	10.052139
	22.446647	-61.109814	0.864433	-1.691361	-29.416983	-24.396492	23.329284	17.771428	2.626590
	31.504744	-40.484272	2.389208	17.397050	4.100526	-6.827144	20.380438	14.256196	26.908152
	7.380702	-15.135308	20.384020	21.557257	28.291471	11.596150	2.724692	8.641058	40.760783
	39.770847	-21.055046	57.373855	7.365732	38.614682	17.774478	46.464884	-7.314740	80.348642
	32.639276	10.320735	39.911234	29.202033	29.069095	31.435249	41.780509	-10.491339	89.788264
	30.718170	20.088942	40.048372	4.027236	-25.621661	32.870545	3.197819	-20.253731	68.047065
	-13.704715	32.151809	10.535407	-14.503653	-32.745562	-1.965390	-38.837207	7.905249	-11.255822
	-19.815250	19.954067	16.926826	-42.893001	-56.963245	3.896445	-62.322883	-16.447519	17.338471
	-26.658281	14.118616	16.371257	-22.006669	-27.995023	19.891353	-51.509792	-17.645746	-5.611740
	-57.282170	28.333343	6.604365	-57.219311	-61.969350	22.040989	-71.741832	-39.581147	1.521418
	-27.627397	24.946157	5.300269	-54.300526	-48.673190	7.333641	-78.202603	-51.237227	-20.690067
	-62.333432	16.531128	37.724310	-69.124965	-71.304084	31.274100	-61.791071	-17.483207	-15.494678
	-6.787431	31.857648	9.127396	-62.679022	-22.365858	29.232590	-62.204864	-17.687395	-7.281738
	5.419201	43.600651	-0.978397	-38.230034	-24.547813	3.643408	-27.373399	-19.968450	-3.466312
	8.442116	29.017275	-10.339919	-19.603642	8.270742	-1.689832	-28.646050	1.013421	14.423437
	-21.990334	31.811265	-4.737857	-41.671867	38.964138	-3.187897	-26.348140	11.102384	-13.795285
	-30.210779	13.082558	-11.257791	-18.914417	16.682372	-22.138613	-17.491423	-6.376188	-22.460122
	-35.427622	19.965536	-1.956732	-40.412262	1.218348	-1.899809	-28.758974	2.840851	-3.421488
	-39.697190	-6.705205	-7.331850	-36.484073	5.407775	-14.560439	-54.630256	-31.631270	7.265098
	-22.130826	-3.666011	21.412622	-45.188236	-8.038045	6.858962	-49.327894	-15.666290	4.683412
	-17.651850	-8.846263	29.430919	-40.728476	-17.924108	6.085445	-59.277656	-6.396660	42.858522
	-6.588458	-3.460855	30.757023	-34.931414	1.597888	-5.153857	-42.885208	0.755128	34.491797
	-22.238106	-19.602590	41.350579	-34.038412	-0.977061	-1.165397	-33.105584	-21.848415	29.630179
	-24.033166	-16.727459	2.408012	-49.146827	-0.350619	-32.381734	-34.683189	7.219896	5.615754
	-30.237982	-23.179062	18.949678	-88.375197	-6.581556	-22.925066	-77.121869	-8.438960	-3.358279
	-26.119154	-52.467834	17.785839	-80.507289	-4.871161	-13.882117	-83.797950	11.327732	-5.920792
	-24.511294	-25.651350	19.015706	-64.281309	-17.343671	-38.683998	-69.572249	14.764916	3.076893
	-32.297843	-20.636944	5.590785	-46.485007	-2.391287	-19.633448	-19.442916	-20.169527	11.849880
	-10.476166	5.476009	8.263098	-35.109386	8.619799	-32.756984	-36.579465	5.828654	5.335276
	-1.324570	-3.188486	7.228374	-17.359057	3.791281	-8.794904	7.447696	-3.451291	6.744639
	-16.604986	-21.859362	-9.025820	-20.967869	0.584349	-6.120486	-28.507581	10.062306	-7.474621
	6.432196	-24.039770	-13.880738	-37.863845	-29.661821	22.075383	-4.502818	-19.092321	-28.371761
	26.352444	-30.286845	-13.300104	-16.352822	-54.949640	-8.503342	0.379594	25.113368	-42.905425
	5.452672	-12.213133	-10.590316	60.509786	-62.705556	21.150199	56.963151	30.292904	-0.467279
	39.886843	-2.311659	-13.125887	62.566630	-50.253349	-1.805585	67.803245	30.957692	3.346877
	40.502396	-13.638382	-14.111068	59.095009	-23.436410	11.541745	53.166723	16.163503	19.636437
	47.164468	-28.232035	2.099517	48.052065	-11.780411	-7.172244	46.187788	38.895888	21.654864
	56.071936	-41.052485	-5.570195	70.537413	27.057804	-4.979439	69.466562	-0.560475	40.711544
	42.481883	-23.728305	-33.259354	80.388367	48.242817	-11.019899	67.091845	-0.987864	7.368538
	18.141102	-13.822029	-54.360025	70.146082	52.216286	-29.244763	63.636606	19.887053	-44.280634
	41.380083	1.702501	-47.903779	64.055987	87.063725	-10.563576	45.351788	6.898106	-45.955535
	52.808262	-25.698683	-67.155891	34.372425	57.942314	-13.071543	50.872688	22.188765	-32.149431
	53.427450	-11.639961	-51.119417	27.203950	52.980538	-14.488681	48.324404	-6.661356	-8.395148
	26.820932	-15.368103	-62.638044	-17.858558	67.511454	-17.468684	36.146992	14.204878	-17.818277
	11.191788	-18.906758	-71.249272	8.187437	22.042431	-13.810138	9.962782	-0.619842	-47.635240
	-7.215944	-16.429108	-64.216416	-14.079543	7.826061	-5.998693	-4.508267	14.937334	-42.366159
	-7.603037	-14.039630	-43.753012	21.062100	-33.321552	-3.287366	31.073008	21.461943	-61.442001
	-27.996472	29.510307	-27.669495	47.099583	-40.224666	5.599149	19.624854	29.434534	-40.430580
	2.403031	36.763219	-25.286719	47.197273	-54.879667	15.058246	32.931842	42.325428	-55.676110
	17.501175	51.648127	-14.071667	18.404183	-83.220955	40.564264	-11.870160	33.395748	-17.347386
	-0.596808	65.133558	-13.493492	4.822049	-48.582773	27.055988	-26.997781	71.813926	-17.088726
	-2.076164	69.322361	-15.431641	-12.551314	-13.640300	42.179811	-7.668474	9.898333	-22.589790
	-5.815512	61.846371	-1.376497	8.481748	-60.389377	43.167449	8.431608	26.868314	-39.277779
	-14.271293	75.814160	-20.897197	8.746748	-22.817386	0.542225	-17.365579	62.189937	-78.921085
	-47.135290	76.990829	-30.691943	19.887423	-24.072084	15.547358	-4.388922	24.747936	-50.730953
	11.064179	70.472273	-17.226461	39.614555	-43.390088	19.184548	-32.395639	46.492830	-75.300032
	-24.007432	75.409157	-15.937412	33.003489	-31.467276	0.808102	-45.923742	35.486971	-54.426678
	-30.346823	69.776752	-7.770309	20.903713	-41.416329	25.003669	-22.818005	50.067667	-38.075348
	-32.544431	57.761275	-1.090264	3.642977	-33.216636	14.500266	-44.980431	38.702739	-14.039743
	-23.568361	56.236985	14.229223	38.464198	-15.016160	-1.602232	20.969637	31.947426	-19.775121
	-3.972929	31.959402	33.222797	-2.056705	-7.296762	2.156724	-26.598469	-1.895567	-5.277430
	-18.402520	6.322382	35.270353	-22.568071	-16.790814	-25.745093	-53.892833	8.261973	-13.896945
	-26.685487	33.320216	21.210570	-29.091325	-41.645286	-20.835673	-61.272926	-12.906367	0.835494
	-20.913493	34.521252	19.527366	-7.423948	-26.337894	-46.319793	-41.009641	14.179258	-40.172742
	-9.452484	48.013588	-5.436807	7.361914	-13.117578	-49.916314	-21.360062	-21.254095	-23.178557
	19.516305	58.017650	-19.718904	35.522136	27.083423	-24.612029	8.600224	11.753519	-2.545627
	5.457381	77.057441	0.130447	42.013583	42.418782	-27.253631	28.416808	-17.943658	1.390063
	-7.905429	71.885443	-4.951677	48.896565	53.943841	-24.718080	17.503213	12.953279	2.300724
	1.146094	79.433038	-50.019413	47.914078	29.643679	-12.646220	25.540938	2.086235	-21.545304
	-15.638461	43.002171	-51.012743	3.984720	21.777600	-20.639594	9.997975	4.408927	-32.927837
	-32.760008	31.279115	-56.646716	8.904476	1.517113	-30.149425	-0.786876	24.995511	-60.104347
	-12.685668	10.837583	-58.882542	8.761663	-38.709395	-12.686849	15.260656	38.351038	-6.839922
	-7.936721	-23.392647	-24.591306	8.486531	-27.287037	2.467542	10.021385	11.856764	-9.985897
	39.489612	-69.938031	16.356823	-17.664230	-21.581617	4.574447	3.607437	-0.159641	55.439084
	56.404037	-114.186943	40.355527	-4.356466	-28.062679	13.747114	37.693082	-24.693149	104.007974
	99.241147	-141.847108	46.964371	-12.893747	-3.901484	-0.348840	40.920538	-37.443622	119.731906
	81.157462	-132.400900	47.649046	-25.750292	34.761791	16.659727	24.336433	-76.818193	94.457487
	56.995678	-76.942645	60.516945	-34.571953	44.355855	-3.187822	49.125492	-76.045634	76.145637
	43.885915	-37.070259	54.182475	13.805105	35.542602	15.683153	30.775948	-27.221298	62.018092
	73.657522	-18.044625	23.575480	14.121761	22.006514	6.867642	33.368862	-46.867325	49.635730
	21.428608	-41.314520	29.804820	6.176183	50.443806	10.101915	38.674397	-45.144218	26.175623
	34.443105	-48.333367	9.931143	-11.859902	34.709168	24.226755	-8.387686	-31.501489	-9.246220
	32.943660	-66.997156	-9.820783	-3.148573	39.823607	7.359210	55.342070	-50.731485	34.644961
	13.640175	-66.620933	1.509129	-40.144973	51.956587	1.615203	-28.587293	-27.573851	32.596076
	9.253542	-79.050206	0.134535	-51.305403	34.010172	-4.691966	-14.679233	-40.210954	28.271420
	5.126563	-85.864249	32.056091	-74.466028	35.290034	28.080974	-1.903257	-36.392350	19.170366
	-3.837326	-79.421873	45.470460	-54.945620	9.743394	-19.567816	-34.490803	-44.940794	60.788356
	0.177144	-71.231472	23.078642	-25.248186	-1.260752	-0.176535	-13.690990	-37.654874	16.586970
	-24.294463	-69.443962	29.068321	-35.266136	-33.424953	-12.815617	-12.895889	-24.088178	4.756988
	-5.174848	-48.014388	9.771321	-20.362541	-22.906781	-16.500526	-5.446871	-14.185490	6.522494
	-8.583410	-67.078720	10.862649	2.854546	6.833702	-28.184649	1.098266	-16.910399	18.920554
	5.431222	-51.870590	11.854760	-10.277070	-13.520773	-14.833967	-21.360189	-6.862247	-2.615098
	4.152816	-51.207344	-3.147410	-28.597627	-50.773201	-6.025453	-21.918362	-25.565002	13.795413
	0.629136	-16.881527	-8.718997	-5.467230	-33.628582	0.481133	-63.904091	-12.463993	-8.699546
	-17.644540	6.949862	-23.478673	-30.999546	-12.830979	-8.799491	-44.175575	10.315183	-47.950881
	-16.852268	23.064938	-70.174502	25.228224	-27.227753	-37.370041	-31.150956	48.403412	-70.540247
	-17.557012	31.908657	-60.993708	26.074803	-30.830119	-2.738296	26.844790	16.734730	-66.926747
	-8.109200	40.099638	-65.943823	46.603357	-17.479948	-33.581271	18.241646	45.034024	-85.993421
	2.280758	35.960809	-14.592423	49.474757	6.033683	3.495459	4.705942	54.028404	-27.854936
	-13.022750	52.712822	-12.899047	87.373956	-9.117617	2.125212	45.426750	41.941122	-51.074683
	-13.208865	36.835401	-7.098966	52.717627	-20.942901	-16.875405	11.571002	41.617499	-9.752607
	-16.957914	45.931540	13.262228	39.208580	-17.240728	-21.513936	-6.060982	0.161793	-8.864476
	-33.202761	48.734487	28.013772	4.383480	2.808564	-14.981466	-34.490444	-11.650637	22.680901
	-44.684783	38.078038	31.570203	-16.432172	32.779859	6.770942	-33.986592	-48.783383	40.078532
	-10.674400	41.815570	12.686194	-19.457197	-6.772901	-16.890884	-28.201036	-16.637469	2.573277
	-21.257131	43.256297	-9.234837	-13.772015	-1.527723	7.660012	-25.747523	-5.565928	-18.527900
	5.285186	41.349395	-24.219638	12.219656	29.929173	-13.048424	-7.618920	-10.208709	-28.348663
	0.504229	8.804372	-11.295014	-29.420204	17.823999	-42.171457	-4.144930	-36.112273	-24.696588
	-9.145167	8.134212	-8.536560	-23.376770	9.350720	-19.984175	-10.860087	-12.272235	-26.753341
	9.537420	13.189464	-9.151895	1.737407	-21.492206	9.374861	27.016761	-24.048251	14.732070
	19.276653	16.791416	-15.201971	-20.968499	-4.725439	28.481493	3.979321	-6.914680	-23.596709
	25.620385	22.783247	-9.649414	-21.383236	5.289693	24.544326	-30.609618	-14.770915	-1.227199
	-12.937507	36.628350	8.525088	-3.989322	1.665482	32.263762	12.583763	-0.662137	-2.236229
	3.601751	-6.052220	29.728862	-8.142724	-4.854100	22.766361	21.082690	-30.802708	37.694914
	27.085936	-0.397696	63.040884	-16.819149	13.873084	58.890304	18.101674	-2.362167	66.857498
	19.521248	-55.320246	62.566521	-35.659789	25.529461	58.242039	0.404132	-63.901055	54.285956
	19.885278	-31.570299	49.822813	-25.894519	8.834598	48.140807	-31.856586	-30.897796	37.444399
	65.256498	-23.634010	55.107159	7.172682	7.550904	36.484098	18.946281	-30.450574	92.609523
	24.271211	-30.787427	10.529961	-17.099505	7.692872	7.091681	30.006860	-6.502241	52.344525
	37.378476	-55.341388	34.157663	-7.836107	15.846367	19.031942	23.916013	-38.375366	71.777398
	-5.764200	-79.750661	26.997516	0.471501	36.643098	-8.585084	0.952126	-52.057239	47.071364
	-6.135772	-98.095551	13.971681	0.099610	0.275558	-11.506859	32.055183	-43.769037	57.127075
	-36.873677	-110.887347	18.419675	-38.889792	-9.064690	7.794330	3.571837	-54.172435	15.324083
	-26.593040	-119.394760	8.988167	-63.260429	-5.935411	-4.742059	-17.573257	-55.870622	52.860062
	-1.751515	-98.516337	-14.599493	-28.786812	17.767258	-11.282405	14.565518	-41.602802	19.389958
	2.405683	-71.621670	1.494798	-17.808716	54.232059	-32.302099	32.277406	-33.901267	24.905372
	2.797113	-74.834152	-1.588156	-13.461210	25.941856	-9.750732	16.578877	-35.983179	42.391372
	14.099418	-68.832471	-5.229235	-23.944238	13.837919	-8.829171	19.616985	-33.523818	1.536539
	7.198995	-46.573752	-25.438797	23.465868	22.742114	7.523443	41.549710	-11.733600	3.009341
	15.118446	-26.847049	-34.440526	14.587776	6.116141	-3.429362	32.207652	12.764123	-42.144364
	16.336146	3.580629	-32.157999	3.344374	3.373280	10.679628	24.931268	9.891211	-35.319662
	-6.373242	-7.517736	-7.158179	-34.892564	-30.499919	35.016157	-34.437624	-48.991422	-28.583523
	26.744349	-27.503892	20.946757	-26.047386	-9.639555	22.179515	-11.620017	4.949351	27.187932
	28.004811	-23.291075	17.686451	-10.640724	5.109683	18.290901	16.312045	-4.307240	37.639170
	25.001681	-21.902956	47.548442	-44.177215	-9.789155	28.335240	-2.016987	-18.781428	74.750446
	15.257175	-40.460224	44.944016	-54.249136	-13.841674	-6.551521	-21.370885	-21.749491	32.130683
	3.979429	-35.255325	34.694006	-18.764972	-24.433115	15.105908	-3.711814	-16.756264	7.265285
	24.028481	1.779873	22.818739	-13.468179	6.458420	-1.861864	-16.893419	-29.976089	3.179354
	-21.750685	28.341089	-2.453933	18.300273	8.041730	-3.352111	13.930333	3.382705	-28.734745
	-25.550386	34.040090	-34.076817	-1.425519	-21.051746	-12.644091	-17.719280	8.195156	-63.325664
	-26.769879	18.396996	-13.000191	-8.561181	-14.454558	6.860648	-7.109885	11.450265	-59.595046
	-26.669241	39.063454	-6.273107	15.506283	5.308556	-1.130883	8.355896	19.334828	-28.062574
	-8.747854	48.979726	-1.024605	6.149978	6.941098	-10.669277	10.685152	20.615075	-33.474491
	4.957563	13.658430	4.444695	2.305449	-13.288035	3.257949	36.061300	-21.809500	-5.501015
	29.051845	-17.226653	11.738827	-3.074661	3.476502	31.317107	13.496957	-26.173154	15.093363
	20.200038	3.987671	1.450586	43.066222	3.425498	16.226646	44.038072	-0.786490	-9.663788
	11.620209	11.125413	-6.770065	24.395697	5.488464	34.765394	21.045613	-27.514426	-18.706414
	-4.621257	-3.180721	-14.276780	11.060276	22.738864	37.122008	34.079966	-10.669140	-28.246178
	0.394942	13.552297	-60.041635	22.624528	35.688206	32.737906	-5.342821	9.874024	-60.039065
	6.806209	10.967049	-56.270335	12.092083	48.780411	10.079727	-16.926178	22.639061	-51.227801
	-1.018000	-1.853459	-38.507779	-27.633701	51.347990	-1.477294	-18.691930	-2.317831	-47.894912
	-35.793025	-36.394704	-35.042500	-64.675396	35.700059	8.014043	-34.703790	-30.227263	-46.632597
	-31.719855	-13.489496	-50.192864	-34.127460	26.715932	-4.523392	-39.496663	10.131454	-48.733775
	-11.652591	-1.901973	-36.818374	-14.996287	18.816818	11.651957	36.005021	13.940611	-54.917629
	16.223780	-22.795633	-38.531551	-14.505295	-6.320697	5.858874	-39.461363	-5.422419	-44.912562
	18.211927	-8.424983	-29.531163	2.245865	-3.178185	-2.379238	-2.530194	10.195287	-40.729190
	30.012444	23.153887	-33.671278	45.051419	-29.929085	-6.428542	31.625541	23.669519	-35.052786
	19.086457	33.256907	-30.818809	11.490079	-7.851736	7.515070	-0.396275	11.882896	-19.718868
	23.544197	41.875372	-20.315478	24.994311	-5.049553	-1.723944	4.787109	-18.140756	-13.647256
	20.015323	32.009212	-16.605637	12.821373	-40.020846	14.675104	-16.404515	-4.470908	-26.884784
	9.185894	77.201544	-21.590579	55.272799	-34.624094	-6.228284	0.518476	37.427452	-22.561856
	-18.908278	78.417694	7.919613	13.077205	-17.662118	1.687642	0.477576	24.510117	-0.435390
	-9.802104	44.090955	-2.624769	-22.446098	-22.101165	-36.496807	-6.876153	13.012374	19.605336
	-17.810072	16.893899	11.134854	-40.573597	-36.846108	-44.812566	-23.046255	-16.570877	38.997223
	6.621089	16.812990	-0.698715	-5.292686	-41.982010	-40.651766	-31.072984	0.304889	14.709456
	-2.620066	-16.628574	15.674577	-32.655202	-10.599881	-33.420787	18.012866	-16.753877	-0.445078
	-40.220560	-75.427574	11.854922	-39.937986	-15.971696	-21.230524	-6.770450	-21.479336	25.182708
	-21.690865	-68.796375	17.130973	-24.452966	6.004576	-4.011975	14.819475	-15.011299	0.088577
	3.800949	-63.395952	-13.167891	17.505710	1.860723	-36.630569	3.553381	1.897152	18.106579
	-10.214123	-78.174178	-19.576604	-20.324251	17.862148	-66.987802	-18.806876	-6.792485	2.150060
	-23.962896	-78.761170	-32.698740	-8.263252	5.267424	-33.827908	-32.185164	-7.219280	-47.173197
	-41.544697	-30.914560	-73.166116	-0.364113	-6.650414	-55.008449	2.068984	-8.828007	-79.095594
	-41.401945	-2.761396	-69.874925	-16.684424	-8.191827	-49.831987	-28.710685	16.390669	-63.985868
	-21.890469	-14.039444	-32.400803	-5.814944	-28.670165	-22.101062	-24.130410	18.987614	-66.071094
	-5.918174	31.966647	2.018610	23.724005	-47.801103	-45.718542	-22.753265	25.734288	-58.399579
	-35.377490	66.691963	-30.052185	33.682120	-22.445409	-21.003324	-47.234331	60.415167	-36.673014
	-29.635038	52.805921	11.167422	18.742380	-3.573262	-14.513671	-28.459854	29.040874	-6.457659
	-77.068955	59.556337	1.304299	5.902316	-0.850621	3.724566	-45.628958	52.018736	6.690584
	-36.642938	60.045910	-1.854309	-18.827987	30.498989	7.433854	-20.573439	43.352571	21.498555
	-64.439074	83.913799	-13.049207	-25.469538	20.536104	3.855983	-35.185914	36.369447	-3.230782
	-12.620760	33.449621	13.130620	6.757788	11.633199	0.465167	-38.413372	9.532406	46.603280
	-64.753342	45.546693	20.653192	5.164952	-34.634226	9.230044	-41.800993	49.229868	0.270019
	-13.630453	39.924560	4.050250	-17.898407	-25.454771	54.371638	-18.003906	-6.460028	31.005532
	-21.726344	65.660134	33.551410	11.412637	-15.399376	48.143515	-27.515164	34.929882	11.101730
	-30.694223	54.067265	30.425604	-23.380155	-28.668916	42.890053	-42.314314	44.954167	26.760533
	-34.527926	20.528731	37.274892	-30.125151	-20.331852	36.911770	-16.734071	-7.048122	27.536800
	-18.499710	47.109088	58.757240	-30.200347	5.348949	11.281677	-18.467078	-1.314606	35.991212
	-37.769620	15.492284	65.729110	-42.595590	3.923540	35.202246	-43.613769	-18.360379	23.920881
	-15.231619	25.645722	49.202690	-43.085196	2.797075	21.798958	-59.440657	-20.138965	58.566840
	-12.609846	15.246018	37.527028	-49.635762	10.567715	45.016856	-35.007483	-22.590714	52.765889
	-28.781946	40.108216	20.461591	-0.647427	20.435034	43.151877	-11.469448	3.083760	16.025142
	9.283003	20.092093	46.415383	3.457686	-2.784554	26.486631	11.359377	-21.590532	25.310894
	43.831308	1.634029	63.448243	0.962879	22.935245	29.941978	50.462749	-28.754082	75.098535
	44.501929	-25.746318	45.516958	11.450974	20.712946	8.366847	78.173073	-49.439750	38.391899
	33.891381	-2.206732	-13.986662	58.544612	21.486679	-11.381481	55.934443	-0.215287	54.643985
	29.179587	1.128542	-34.891271	67.758977	37.030247	-22.805769	66.492998	3.957712	5.804634
	39.699284	23.075128	-45.841275	85.584213	9.495340	-18.637374	97.095732	25.777815	9.402710
	27.819369	0.748190	-16.348489	114.854770	42.606652	-50.177919	86.309719	39.236735	26.187601
	58.676980	-2.265222	-21.419711	90.928768	21.779111	-36.772996	95.453104	35.674817	28.283072
	34.985451	-7.463210	-27.891231	82.393660	48.983533	-44.705995	99.593014	27.618568	-10.426005
	64.331096	0.079334	-39.253338	68.629035	67.049113	-22.143032	83.103031	1.792041	11.775236
	19.454523	5.798676	-46.146831	33.413289	45.009034	-41.678735	53.311037	2.494992	-11.686173
	-7.825078	17.742303	-72.706454	44.805369	27.630402	-52.379433	35.145772	16.671327	-46.079185
	-9.343916	-2.497563	-53.733542	30.537340	15.054519	-32.230703	14.167873	38.428689	-33.022648
	-11.105020	18.101743	-28.559309	52.743246	-37.971376	-7.501464	27.324502	36.946524	-28.778984
	-14.695739	39.254772	-17.362433	67.341221	-15.253110	1.808309	12.534221	49.435463	-25.313598
	-40.362078	75.172763	-16.565533	72.647340	-10.037513	12.957568	20.231161	37.834968	-49.545603
	-25.180813	61.700696	-24.966647	36.964198	-5.668948	6.616509	-1.568721	42.925446	-64.678223
	-26.522887	65.461355	-4.968031	31.530104	-12.205814	12.339964	-11.744735	14.160041	-46.692632
	-15.049353	59.725156	-10.246448	17.712717	0.235008	23.112950	8.421951	21.844812	-35.156464
	-34.553262	54.896380	-21.920011	15.317439	10.189568	0.987627	-37.058621	11.550911	-46.267057
	-23.940014	55.674592	-19.702039	20.910462	-4.534028	16.023030	-11.946229	29.211122	-59.240734
	-3.288526	37.582491	-8.505596	45.362900	-14.652975	24.767198	-26.610995	26.821154	-23.964929
	1.273896	33.733724	-16.339601	24.545851	-20.035944	16.054553	4.459081	31.722523	-23.852240
	-24.718206	28.297476	-10.664359	11.127533	-37.648690	41.344209	-16.835385	34.723378	-35.858662
	-8.175906	42.780428	19.566257	5.868694	-53.487912	45.425811	-1.959057	9.131797	27.462296
	1.981141	60.801870	34.094280	-4.512821	-53.246432	45.347529	-41.289605	6.184270	14.144960
	-26.189923	76.383637	27.770479	-19.116766	-28.703060	34.670261	-35.252003	17.245899	-17.488178
	-24.292543	66.029182	31.055432	-26.892143	-32.782063	25.195626	-49.478681	9.251663	-16.807065
	-17.552018	27.042026	32.755127	-19.537898	-4.817713	28.746119	-34.164940	-23.886724	3.148930
	-13.209882	8.363211	53.655243	-39.841374	8.685330	9.103219	-47.014603	8.636085	63.857937
	-37.069601	3.320234	46.950080	-14.046634	29.739748	51.127122	-35.504769	-9.367627	52.602224
	-6.294675	-25.060262	54.072088	-9.928801	32.252863	14.034850	-0.548086	-23.336838	77.011972
	-11.448680	-11.624011	86.308265	-20.792521	59.918484	29.632651	-19.034121	-6.956071	81.940385
	-9.133774	-32.490052	87.334657	-35.663230	-4.746573	26.435120	-38.650315	-46.821856	56.466736
	-21.213776	2.783936	38.098138	-43.213876	-9.519660	24.828596	-43.531802	-22.211423	24.122899
	-20.611811	4.002112	37.752607	-26.109301	-25.155273	28.421472	-30.733118	12.238875	4.515273
	-15.537643	-6.953750	61.004139	-27.319947	-45.901520	34.254360	-38.176441	-4.547679	54.403840
	3.232035	-48.402445	40.680814	-52.016864	-48.559298	23.529397	-41.901332	-35.255299	59.926323
	6.281298	-86.172377	34.333830	-32.707682	-26.578420	-5.278850	-22.504321	-50.056342	38.849328
	43.533309	-105.207635	65.039969	-27.848384	9.900019	1.496630	31.448656	-85.752808	53.687586
	45.461976	-97.302084	32.641329	-24.050439	-38.501093	17.822745	26.701021	-26.934082	55.288160
	8.195780	-87.152093	-11.887687	-21.763472	-55.849047	-21.688484	-17.299876	-26.357068	6.578010
	3.418012	-72.121893	-37.253509	-17.284755	-58.911411	-40.784977	-39.687551	-27.911027	-13.646965
	-22.090734	-84.258627	-43.862156	-22.459587	-60.599691	-46.243119	-40.036364	8.378242	-52.691300
	-16.994572	-92.035394	-15.237549	-68.345814	-57.649840	-44.772740	-93.175521	-52.624369	-62.832098
	-27.471092	-82.035289	-42.793749	-80.849522	-65.171861	-62.047540	-76.710056	-19.589264	-53.823206
	-62.900137	-85.039775	-64.250369	-117.374847	-45.714532	-30.122509	-70.670379	-13.614500	-64.472004
	-49.608833	-70.823595	-63.734994	-102.522060	-19.054937	-14.834700	-87.871935	-20.881687	-41.446931
	-10.032649	-92.601537	-43.900516	-64.834384	-32.492343	-19.618683	-52.293501	-41.714622	-59.305101
	-12.304476	-86.606395	-50.797499	-37.942056	-1.336442	-40.153370	-40.071156	-20.211273	-43.290113
	-21.327732	-53.220865	-63.099695	-25.898143	15.667507	-34.270290	-19.543526	-13.303861	-49.455699
	-30.764235	-25.170454	-56.841992	-12.517702	41.031246	-34.740208	-5.552805	-9.517655	-78.026001
	12.965543	-10.197626	-71.208457	44.481879	54.274743	-43.764445	73.001687	7.403913	-44.638113
	0.727719	-12.619686	-63.812993	30.791048	51.085386	-35.189512	17.771973	-3.278012	-43.372536
	1.947148	9.771390	-55.576079	2.284954	51.761436	-35.138405	15.227453	-11.192777	-28.857581
	-6.473260	-46.362351	-47.186326	-53.531350	37.167206	-33.905882	-15.341091	22.836123	-23.204516
	5.283102	-64.188752	-19.767439	-52.121324	1.382377	16.759734	-22.786047	-24.889321	11.264501
	32.786000	-86.352677	6.710346	-17.035065	-1.952134	-54.068743	8.279284	-21.378693	55.945063
	33.537750	-71.430105	0.067094	-20.992154	8.115573	-12.951292	20.136518	-35.696581	15.337780
	61.782622	-88.424407	38.297059	-34.623079	-24.860162	-31.115840	17.773080	-41.360502	76.214392
	56.687269	-61.444960	13.754706	-5.673328	0.417953	26.482287	49.232671	-38.519179	33.203965
	36.355769	-56.206267	-4.234349	4.837710	6.697333	-10.646415	39.601279	-44.100620	-13.196766
	18.212144	-35.730453	-27.743266	14.106545	9.360853	-31.079015	67.696544	-24.596738	-24.344939
	41.876113	-37.080176	-37.027435	40.616067	24.788895	-4.464630	53.828599	-3.420858	-38.769417
	30.881633	-14.594646	-49.057297	54.194823	5.376714	-16.991545	71.401309	2.419632	-47.172316
	31.291137	-3.001027	-13.095330	53.497467	35.349452	-14.549181	72.563783	12.681033	-10.700527
	23.385523	7.055962	14.225775	39.910713	-9.402745	-26.353774	31.830076	2.414910	9.610990
	23.581758	25.684163	19.283537	55.256693	-17.955053	24.654285	19.893495	-9.062822	34.253760
	-2.057457	27.401667	-3.018333	54.773100	15.296782	-17.928158	71.176812	12.481887	-0.337077
	19.181620	29.099811	-20.468846	59.633432	-10.569718	18.408428	55.630690	31.318160	-9.848488
	52.896288	20.293496	-19.198260	68.105986	29.006492	7.799783	93.325584	20.164556	12.852543
	-1.751362	-13.201489	-16.138101	48.316024	53.969731	-8.648533	88.497845	21.434241	0.818032
	46.143667	-24.397384	13.666102	31.567707	73.089772	15.317709	52.391386	20.536168	11.783790
	30.611759	-13.282955	14.611627	-17.433973	65.079676	2.740631	47.179852	23.078993	-0.962579
	44.685759	-38.038882	24.950766	-6.670761	68.911262	-2.527948	37.407326	2.962252	46.785447
	39.493152	-41.391873	35.226274	-14.277580	58.413192	-31.738264	54.896869	1.222727	35.057445
	41.168476	-20.707278	32.510800	6.957246	33.519277	-11.988153	44.173158	-2.400539	41.517611
	47.821765	-3.181366	19.030714	48.369458	21.621511	15.055834	46.695654	2.378024	9.073962
	16.789492	-7.418744	11.753359	48.229527	6.128187	6.472679	49.187935	10.596339	2.532113
	-0.132121	33.691489	-1.179188	54.207677	15.432505	1.041100	8.814052	37.847694	-10.531510
	-29.032631	73.939563	-44.862105	54.394392	3.913025	-15.853317	14.800949	71.288442	-60.991018
	-57.067992	93.552640	-24.742553	45.459859	-19.336343	-17.703716	13.500260	79.575736	-46.686698
	-40.686716	69.012914	-30.372441	47.355550	-48.867171	-12.534626	12.735346	78.442999	-31.898053
	-35.297756	76.250990	-13.282866	39.060843	-39.193955	-8.486985	-16.731651	95.891343	-53.299763
	-19.480972	54.119532	0.079732	31.215096	-37.848184	-15.031791	13.330958	81.634974	9.495241
	16.363121	27.570307	7.853496	1.659212	-22.043258	4.388567	3.459498	68.950027	-34.307989
	5.077298	-36.967434	17.710274	-29.200921	-34.206705	16.029783	-18.091935	2.490054	-10.970705
	14.975231	-36.923187	27.720111	-24.055070	-17.812330	10.134913	14.153103	-18.071660	43.661436
	15.063002	-54.829523	45.553101	-2.773581	-37.021107	12.977431	-25.200043	-16.983228	27.125658
	-14.648679	-8.195486	31.390600	-30.018357	-32.530702	9.106476	-40.133552	4.974671	-14.134489
	-19.064866	-0.908196	15.174606	-22.580111	-19.962000	5.457311	-67.801434	8.165627	-14.741325
	-12.276420	39.914838	12.228191	-4.979142	-11.488808	-0.328925	3.977981	23.084929	-0.170240
	-14.388869	48.908062	9.509776	9.099569	-13.209928	8.028768	-17.936181	10.191793	1.270174
	-8.182259	72.013940	-10.351356	-0.617804	-22.802509	-6.161291	-35.325644	26.337881	-14.180540
	1.436008	65.802331	-29.703207	18.447773	5.479943	23.308987	-10.666239	45.249210	-27.935515
	-38.690630	66.242032	4.606380	47.135263	-12.492800	31.641846	-6.530350	59.050558	-32.117672
	-13.470143	64.714061	16.634589	19.724696	-41.975181	36.607132	-30.837009	25.375935	-34.420471
	-13.594048	75.027028	-20.256627	25.878498	-38.737454	12.264021	-11.312217	42.813716	-47.748687
	4.482313	70.362369	-8.149522	39.054600	-32.789387	30.662985	1.919782	52.503657	-44.737667
	-13.594424	75.228789	-29.926193	15.773613	-35.059205	12.117833	-1.121150	53.043296	-74.510752
	-6.810691	66.737810	-7.659515	15.191547	-38.698410	21.698978	-15.723683	42.823873	-20.038621
	-10.940350	75.074063	-18.892276	9.493395	-25.201761	18.771779	-21.555751	43.831349	-81.395373
	21.145010	38.987364	-30.745954	-26.953053	-30.623643	32.345215	-45.218995	-4.315987	-53.838696
	7.121885	52.957553	7.659169	-32.809592	-13.270720	55.334053	-39.303635	-21.422676	-38.748623
	-18.980538	60.381526	13.594356	-7.252567	-6.509468	60.058642	-42.583961	-26.953894	-34.562076
	-11.387207	71.222379	-8.623843	0.192703	-24.135885	30.569853	-25.313477	13.290438	-31.361162
	-2.962192	50.800414	12.662184	-17.409282	-7.426758	15.552449	-51.771151	-25.265454	-27.971840
	-17.367677	60.150599	2.446384	26.876523	-19.502026	40.210347	-12.169653	-12.684651	-0.276306
	-12.334017	43.105586	30.701324	18.859714	-2.130282	44.630441	-23.091861	12.193104	2.694902
	17.907260	31.589740	25.156998	-1.530335	-5.073863	25.691000	31.232625	-20.066413	10.292602
	22.860958	7.410752	18.607523	22.269542	36.831797	-0.273087	18.694650	-8.253915	23.173810
	15.279094	-6.044356	31.985142	15.557560	34.390731	-7.655877	43.617255	0.407314	10.302024
	38.096638	1.331798	28.726819	29.707455	38.096085	7.804580	28.095506	-14.546312	28.100527
	1.488423	-16.088065	11.619310	-14.960442	36.353018	-26.768045	-3.100385	-18.553805	-9.543974
	-12.969497	-55.708420	0.361488	-12.221578	20.793585	-51.352013	27.949037	-38.921211	19.183711
	12.557520	-65.648115	-3.266660	-7.628727	22.816238	-38.906231	35.901003	-5.542886	-11.321297
	19.892467	-60.276029	-14.082814	-2.618237	32.632049	-23.444966	25.928529	-9.838974	34.911775
	19.557543	-32.677572	-4.875522	-17.529052	15.285920	-17.719056	29.633688	0.556791	14.396772
	22.737741	-19.330294	10.476800	2.243747	47.985633	-13.323272	43.617451	-38.019587	26.840346
	21.760858	-0.239557	6.551787	-2.799895	60.121802	-22.493722	48.239244	-15.737004	39.961378
	-0.225635	-10.529340	14.529180	22.889432	46.577962	24.098408	49.518388	-26.533622	48.436989
	23.294140	7.480372	60.471208	3.198890	22.868122	28.087232	42.746674	-8.516556	41.428410
	51.557819	-11.191372	44.259059	1.874852	33.290506	42.126654	42.438795	-40.871449	64.104236
	9.796972	-59.334585	21.632923	-28.697277	54.425724	51.626618	32.840407	-52.835262	66.344909
	-16.271431	-82.766108	46.828061	-78.299890	34.821816	22.174941	10.685907	-61.389605	83.207667
	-6.531708	-55.569311	40.069259	-94.609146	-44.089093	32.174712	-35.296708	-24.309020	45.625171
	-55.082167	-23.214397	-0.951983	-54.524441	-23.940837	19.581526	-82.699823	10.274844	-16.899769
	-50.130032	-14.284038	-20.279488	-65.923688	-63.950632	4.172906	-83.612488	-18.907697	-53.958008
	-53.792597	-20.694452	-31.552725	-35.019071	-41.465462	34.929610	-91.056297	9.414004	-48.142060
	-30.530946	15.055990	-32.064251	-27.385030	-71.653339	12.992871	-63.470697	35.967580	-43.966488
	-4.687669	35.728342	-19.414205	20.768670	-29.347914	8.659992	-13.982253	73.976212	-83.875389
	-48.741638	48.620439	-2.949612	-9.603273	-41.482463	29.052234	-22.037472	55.832386	-28.405230
	-13.330755	62.270632	4.056652	20.494290	-46.096703	12.355903	-11.619246	41.678798	-55.768046
	0.423431	47.121714	13.277930	12.827240	-33.319857	40.509125	-2.757676	19.952088	-40.485227
	32.967793	43.203268	6.455435	20.348632	-2.157436	46.797644	-1.962304	7.656798	20.126287
	20.727594	12.970267	43.746466	-11.368953	-18.784115	3.526352	12.322054	-28.490624	64.953105
	20.961493	9.570860	50.492146	-13.114969	9.096191	21.346884	7.344270	-19.371945	21.771570
	40.825281	36.611828	41.889199	-21.706684	33.426530	25.883887	24.593882	-24.553187	42.857109
	12.502061	57.652361	10.884443	-0.227791	44.312583	21.811699	0.069863	0.960033	-14.802209
	25.939798	49.989405	2.309386	12.322428	36.780494	-11.426728	-8.822600	-0.042816	-33.946528
	22.689660	-0.541795	5.321116	-0.826457	5.717621	4.512916	5.803944	3.156092	1.803818
	12.767360	-30.794662	2.797932	-10.427190	-3.141078	12.464092	5.056091	2.886816	15.941970
	0.393523	-23.256474	4.460599	-29.344037	-0.108816	3.011120	-7.700740	3.928708	29.806434
	-1.646157	-23.160192	-10.895992	-12.283143	-5.277214	-32.830772	-5.021615	-0.855752	2.255315
	-7.956797	-22.209693	13.823958	-4.936709	14.821350	-36.148313	13.416772	-33.929441	0.752533
	-26.935984	-9.440606	-6.915287	-12.140692	-8.073476	-15.675564	7.884653	1.034404	-6.732186
	-14.858433	19.388857	-28.446823	3.842772	18.897453	-47.177824	27.828362	-12.482006	-48.523257
	-26.382272	15.127162	-19.986571	41.395842	20.694388	-6.151862	-14.246379	-7.455555	-23.900735
	8.851610	37.088659	-16.076322	50.053600	47.354602	-41.695495	42.638136	14.901855	-31.682975
	16.742989	23.535604	-4.189529	28.703004	1.402822	2.153400	12.114557	21.422146	-25.013948
	15.246460	43.099140	-14.553915	37.184145	-1.082885	6.808563	25.537848	25.676723	-38.734724
	32.681982	28.890658	-23.462311	38.068284	16.729678	8.416458	49.202910	3.994767	4.138236
	56.314177	55.228769	-19.847444	67.381849	28.609234	22.044139	68.277714	-15.879360	18.600987
	25.728131	26.411721	-11.300623	54.059924	21.719679	11.498095	33.618058	6.750301	4.982504
	31.420023	49.697044	-1.894311	97.899916	16.000851	1.919681	50.467269	9.450114	-0.559507
	10.181467	44.068350	13.203628	43.819854	30.899440	-21.339348	43.987703	35.541453	6.023771
	9.038047	38.042484	-12.579067	61.528737	29.033560	-2.335962	50.297738	27.702145	30.480253
	21.938347	36.945926	3.241100	81.241242	0.003830	6.931857	56.480875	22.407451	13.560874
	34.346101	38.643883	-23.714895	57.303240	1.022635	25.713001	37.711915	54.934185	19.326399
	7.206782	22.451342	3.441826	85.651315	11.427116	21.377211	53.555015	34.271861	32.028771
	4.055782	5.837987	2.403279	71.580438	-4.447992	20.843350	66.108981	29.644980	26.037299
	-17.125742	-21.002320	-9.605751	54.691997	20.453783	-6.560840	23.172982	1.075993	29.629069
	7.426992	-50.979744	7.984832	28.526193	39.114686	-37.074156	45.184555	-11.153270	50.720571
	-11.711495	-29.641120	-14.402455	27.710376	36.703491	-28.875026	31.338935	0.032759	55.518416
	11.358909	-26.553063	1.628990	69.578583	46.538686	-42.573194	69.561497	-3.346824	33.527802
	-4.748044	0.749399	-51.651159	47.650843	81.040332	-51.544518	51.448719	5.225647	15.257424
	-0.052745	-20.725212	-5.899137	30.905235	56.126769	-53.730818	65.323906	-2.519064	25.567205
	4.630739	3.229066	6.081208	42.264379	46.098078	-20.933615	10.474807	-31.694608	10.165971
	14.359577	-25.587633	2.550276	33.803427	9.647959	-14.405303	-2.894504	7.733400	32.603002
	-8.142281	-28.872117	2.785332	-9.714895	15.736947	-23.138817	-8.202583	-37.772472	32.191265
	-19.662548	-66.671631	0.841050	-37.285822	-2.987771	-17.304356	-26.557749	-7.323358	14.557525
	2.200661	-63.451266	10.087322	-24.464318	12.397712	-23.576426	-16.817060	-39.379497	9.127651
	19.543973	-70.039479	17.233810	-7.067626	19.740122	-3.126904	-7.239557	-52.812861	46.543680
	13.832297	-44.103664	6.314582	5.778445	52.196065	-46.527926	24.804197	-22.424801	37.250759
	20.143995	-62.562203	-2.797830	-12.779014	57.204574	-39.509491	15.742743	-57.727561	49.373372
	3.893050	-53.378597	24.146044	-16.513880	45.398501	-24.796843	25.384125	-52.493670	42.742928
	6.541553	-46.571357	2.872313	1.982804	47.344231	-20.726753	41.647263	-23.770256	67.522951
	7.702312	-20.936061	0.990758	24.939616	32.231809	-22.215929	23.225224	-36.028237	20.321901
	19.802085	-25.175652	-11.045553	-7.904170	-5.193956	-29.285242	-5.063803	-26.650860	15.638950
	16.112101	-8.016667	-21.009297	43.977890	-23.142134	12.737214	43.144103	18.878445	0.861795
	17.327525	-14.211230	-11.126978	35.791755	-17.895520	16.760399	39.247602	14.215345	-6.754710
	31.026504	3.824117	-29.624767	23.640716	-17.977545	13.708613	38.141983	18.564422	-5.252284
	23.641777	20.576345	-7.215120	50.862121	-19.160852	11.565199	25.492943	22.125767	0.223033
	12.933010	52.734381	12.727914	30.190473	-46.233612	24.980570	10.994346	48.743332	-5.287590
	46.704919	49.578090	36.648607	29.381779	-22.853244	13.737347	14.578445	42.671803	27.093594
	52.781543	24.927325	38.470887	39.075977	21.245822	6.849035	60.671625	2.004545	38.387007
	9.799871	-7.344937	36.804413	20.521931	19.315716	29.324760	30.683780	13.766120	49.370055
	3.742776	-12.694092	29.730290	8.293719	17.000981	20.630597	37.962323	-3.642875	50.469523
	13.324914	-6.164853	43.564725	-16.078349	-25.336816	24.425984	8.519659	-27.574873	45.734050
	38.250421	-22.107851	27.804062	-12.519543	-0.692218	23.550335	8.706777	-42.321035	51.612900
	2.893392	-23.080305	36.239041	-36.153220	0.166137	0.407225	-5.501720	-46.963834	37.343160
	-9.057752	-14.854478	13.374718	14.385559	26.916627	15.073554	1.966012	-31.914699	11.452188
	27.417305	-5.416435	1.153999	25.285785	23.305612	13.521153	2.261255	-25.277332	1.711863
	30.390262	4.979503	18.879456	28.576217	33.481996	36.072543	27.109032	-59.880540	34.506961
	55.670252	-5.077967	20.950441	-21.776158	7.063053	-4.037453	-16.327974	-21.949060	21.215096
	59.237209	-28.171203	56.875673	-6.372071	-10.582107	22.048387	-8.400191	-63.654826	49.932351
	35.312760	-71.750923	73.241972	-21.470415	11.376274	22.142318	29.180927	-45.499973	54.011808
	2.345749	-69.984868	65.147988	-40.587199	10.360190	-8.551819	-17.640182	-50.052006	33.752157
	1.678362	-63.242481	36.420915	-39.762967	30.721357	1.654504	-6.628815	-57.745315	7.087229
	-8.323806	-69.659011	11.210474	-36.606340	6.611092	-23.603300	-10.514248	-54.631219	22.119890
	22.618798	-53.957523	24.428758	-22.031409	25.959109	-16.989758	3.584130	-22.717097	52.280216
	40.839403	-29.213635	37.530611	-7.820323	20.095365	-12.957322	52.266356	-28.828190	26.269542
	15.385790	-23.577215	15.586354	-27.341013	-0.964760	-0.660312	-6.181986	-17.980702	38.513882
	35.245215	-27.793801	43.251722	-14.058437	-5.633478	-16.531221	-26.499459	-4.543448	53.836149
	32.399219	-46.167495	76.639422	-24.246621	-14.424970	2.248145	1.810929	-36.712375	68.091635
	34.400081	-55.515244	79.191534	-32.381983	8.247849	20.319469	10.098122	-54.862701	73.032551
	30.532344	-33.281581	55.051982	-27.990108	8.469494	-5.963992	0.692111	-59.599158	72.348184
	35.681345	-7.360735	30.863580	11.804976	20.325393	17.129159	13.850064	-41.849801	52.738150
	7.943470	-11.061820	13.582651	5.412041	37.214185	3.901600	4.855315	-12.945217	25.993002
	0.313827	-10.192653	-10.093305	-12.032531	34.638245	-0.091556	-19.790662	4.171986	-20.697435
	-8.733620	12.031776	-36.338983	-27.582443	28.164856	7.942058	-10.015313	-6.714644	-29.591503
	-11.531223	30.808644	-20.326537	-0.942661	26.905301	5.306438	8.934967	6.801189	-16.376461
	2.171046	24.249545	-6.308894	1.994742	-13.066996	28.621045	5.474024	-5.709244	-8.998705
	17.373362	25.032148	-7.787358	11.555744	4.583588	29.915560	-20.987638	-4.833888	4.347392
	5.961698	41.784016	7.147997	-6.801256	-4.375893	29.883668	-22.605585	-11.156272	-26.458685
	-20.467597	49.410920	11.924308	-35.001730	-4.553288	37.444919	-23.257520	21.338297	-30.215741
	-17.487708	53.618518	11.297755	-48.396162	-48.001642	11.118424	-58.121410	0.050741	-17.078851
	-17.142112	41.743580	17.408907	-54.116992	-28.409818	29.877924	-54.453604	-13.829065	-21.261623
	-24.496207	43.576715	18.517054	-68.313297	-11.070016	8.043879	-70.968811	-3.722614	4.473559
	-60.241789	26.236776	-12.118874	-68.350345	-37.106635	12.107705	-81.527960	32.110491	-45.682759
	-39.838454	14.216230	-17.297495	-66.006941	-32.995909	9.755728	-106.118700	3.677385	-44.429340
	-62.040106	25.923495	-29.583482	-60.765896	-32.190789	15.155488	-82.127241	-26.645937	-73.323160
	-46.714436	15.544484	-36.995816	-67.731057	-36.490809	11.008365	-76.506356	-24.333880	-110.916674
	-53.346211	17.226262	-33.463249	-37.424681	-26.165980	-36.591458	-100.510682	20.769978	-96.002223
	-47.892632	-18.432093	-34.510046	-41.289920	-60.706381	-29.474061	-77.008500	2.440560	-81.073141
	-27.887935	-20.129653	-19.699423	-42.624433	-40.666742	-24.061551	-56.320146	12.069861	-54.976788
	-16.049956	-12.002306	2.282104	-36.080365	-56.240759	-19.183589	-34.467401	9.817580	-57.269050
	-21.100477	-8.805151	-10.237767	-45.181241	-62.580300	-37.874397	-46.288006	18.552062	-41.073788
	-33.432066	-9.387743	-5.334588	-91.519247	-86.675232	-25.994426	-59.327558	13.206184	-53.433738
	-48.418833	32.272325	-14.287241	-18.680655	-57.176902	2.013058	-57.861406	-0.313812	-28.757197
	-69.829111	-12.379599	-12.639115	-82.817722	-42.544573	17.342144	-65.431277	25.857080	-29.630839
	-38.083436	-5.860679	-10.137084	-31.776455	-17.585401	32.948880	-44.847885	5.553879	-54.060727
	-43.711632	-27.086196	-21.670625	-65.458284	15.838208	0.537029	-42.150659	-5.353176	8.860913
	-15.046372	-25.628310	-10.776996	-16.911133	25.010196	5.152955	-39.447415	23.710694	24.714877
	-16.804246	-42.946406	-6.037297	-70.817040	74.738249	-34.563147	-20.539621	8.189830	19.024283
	1.363808	-28.547513	31.821801	-48.396465	61.942094	-14.880699	-42.885316	17.007415	44.537724
	5.284966	-23.867921	5.276966	-61.172530	19.308451	-11.406069	-32.886238	-27.248925	48.129248
	-35.612309	-16.573380	-4.745540	-83.415991	-0.245846	-26.131580	-39.813318	-6.726555	-1.908781
	-56.218484	-22.797139	0.323677	-84.862341	5.121166	4.427284	-58.576004	3.228985	-18.019520
	-50.525823	-10.730670	-12.932934	-73.885598	19.671047	-36.631053	-49.203366	-8.118215	-28.730254
	-41.839864	2.978135	-21.431197	-51.722253	-3.849204	-30.656519	-64.552073	13.093432	-37.563777
	-27.817503	11.571841	-21.739230	-34.780807	-10.318856	-42.726482	-44.651576	5.311464	-41.452471
	-12.782528	29.701022	-7.703502	-0.810048	6.102945	-55.767513	0.871135	28.799342	-23.212660
	2.080583	47.614927	-23.742472	22.785472	7.637983	-15.307489	13.804710	49.077990	-5.386743
	-8.628571	48.769636	3.761477	25.494498	4.936311	-2.405340	11.246196	35.478202	-2.032919
	1.397740	77.463455	-23.543651	41.342872	21.367085	24.675328	17.909137	53.538119	-2.476399
	-29.989849	62.605420	-22.426516	21.484055	-23.915866	-26.499776	-9.769743	45.286190	-8.407992
	-9.219035	31.638667	-2.334625	25.703243	-5.304234	0.775477	11.382665	38.277379	30.396716
	18.228925	53.973211	-6.657879	12.667035	-16.942410	-36.429959	2.248745	25.016326	-23.052679
	-0.033681	65.733205	-19.692358	-8.520647	-41.125376	-9.399315	3.959519	35.612039	-24.933040
	-34.972346	42.542417	-46.461458	-13.963684	-58.922504	-31.199857	-60.489526	25.776808	-50.252566
	-27.891447	37.244569	-44.148736	6.170829	-39.003427	-19.660571	-32.809275	57.350227	-75.319341
	-57.093331	36.751549	-54.887311	13.828529	-41.818716	-11.410506	-28.016603	35.756694	-80.870201
	-43.112603	43.892883	-35.177469	13.692786	-36.360235	-14.279751	14.779237	58.763246	-54.227162
	-1.921204	29.486747	-6.012868	13.950723	-13.377130	35.154404	-27.972467	59.271806	-12.360793
	-8.378164	36.585674	-11.839287	8.504291	-15.765737	14.781415	1.929168	44.803490	-17.016097
	-52.633805	37.279125	-29.650034	19.654209	8.787023	-13.343064	-1.541110	6.481467	-28.777000
	-23.492382	44.406937	-26.298080	10.009787	-14.588241	-9.860610	-12.951044	37.324200	-39.391435
	-18.874033	30.910869	-4.204712	20.365730	6.074238	6.059881	-1.230858	28.019904	-22.442068
	7.938716	43.400982	-13.324607	25.246274	27.411487	45.187364	-1.916050	18.156333	-27.806792
	20.680327	30.369753	11.013175	31.037845	19.992387	20.673273	12.430968	-4.662849	-9.381898
	63.591553	30.463927	28.571773	27.436557	33.412988	15.575804	27.492500	-32.896864	15.084280
	79.679200	18.563463	60.404200	8.681688	70.741707	35.621335	24.028827	-77.737044	86.614367
	44.587192	0.723719	83.622842	-21.710813	54.091685	10.642520	14.477640	-51.701574	95.506167
	24.841622	4.214897	63.876279	-23.200863	31.909382	28.452134	-7.034374	-26.763575	89.772634
	-3.992882	-1.617776	42.432377	-37.118529	9.770034	21.866040	-49.125460	-18.546811	55.888802
	-38.797810	17.626757	22.753306	-53.999948	4.574916	-5.158814	-32.971773	-33.675217	33.868044
	-7.526296	26.778342	-25.862411	-22.956883	-3.694365	24.766466	-0.683395	7.402807	-27.626687
	-40.860240	17.367965	-39.435257	-15.892412	-16.749145	-17.316034	-3.913245	21.224073	-22.836900
	-4.110057	-15.606345	-36.830856	0.341705	-25.979744	0.630122	-13.041689	-18.888845	-43.751095
	22.161134	-21.570901	4.917158	-13.015682	-7.991678	-5.733233	12.500299	-28.699514	6.244708
	2.694502	-12.566479	-42.672712	22.185546	-9.619664	-11.059868	21.136582	14.452219	-20.420337
	19.956572	16.176403	-72.030780	10.389385	6.714972	-42.259684	16.348328	20.758513	-31.080764
	6.909743	10.511779	-53.246650	7.061118	8.093404	-12.561277	43.320343	15.937559	-56.031260
	28.632140	25.554673	-40.422425	29.955840	-0.440183	11.377139	53.779750	15.687750	-52.208904
	-3.960932	23.526874	-39.929921	38.785607	1.884123	3.671657	26.020915	12.620730	-10.010598
	-6.232030	26.953920	-12.912882	31.995049	28.807716	-4.880170	15.446552	22.047219	-26.113401
	-10.784652	34.208618	-7.541919	14.835315	23.748075	-0.796721	17.512967	29.724400	-23.011150
	-18.795658	38.553581	5.943718	39.740739	25.260204	-26.756647	50.527472	31.204335	-14.686678
	-32.332560	-20.090854	-15.997507	-5.663087	3.611681	1.374274	30.532247	-8.198065	-21.784787
	-0.283456	-37.751129	-19.355443	-1.181018	9.860606	14.874475	3.981912	1.941821	-46.511496
	-18.751135	-42.690543	-26.053460	-39.979698	-34.585204	-1.380998	-21.484694	7.381092	-21.181354
	-33.469129	-34.798562	-20.114358	-28.843100	-45.077147	8.007384	2.513509	-12.854993	-13.175558
	-22.260822	-48.825718	-36.049635	-62.991217	-45.512557	13.012004	-23.547845	4.869482	-47.678750
	-26.818462	-64.727481	-4.585963	-31.703459	-39.863785	-2.494277	-38.283307	-8.058619	-53.919190
	-10.429971	-75.629981	-6.756679	-80.917189	-29.122965	39.159367	-47.054995	-33.603139	-33.885184
	14.472759	-76.264262	-11.004716	-36.068754	-0.046242	13.005200	9.755059	-15.069327	-8.429337
	-6.923067	-66.937670	-12.482157	-33.338772	16.613277	-11.187216	18.860293	-49.951958	-1.621395
	9.004257	-34.886702	-17.164838	-24.140294	18.597953	-18.825782	9.847926	-39.746317	-4.269485
	-17.368782	-43.353713	-14.035629	-61.241541	5.952357	-18.804833	-5.746178	-44.101538	-12.112227
	-7.073601	-35.779322	-11.692477	-42.482914	29.325009	-34.087056	-32.312392	-43.071369	17.639020
	-21.592180	-27.160612	-12.358414	-49.563108	31.840068	-15.433938	-50.819486	-25.865927	-5.802197
	-46.499666	-29.888084	-20.445335	-47.449833	10.722222	-0.988471	-26.006053	-36.341952	-32.545141
	-27.259559	-27.700877	-16.480235	-39.591940	-6.335284	13.023776	-72.199494	-20.237387	-30.544725
	2.858836	-18.157905	-22.101356	-35.624682	-10.413178	15.491856	-42.609982	-15.827543	-23.695865
	6.864303	-16.442400	-27.342056	-29.202156	-1.612707	-12.501763	-31.831088	3.186855	-40.552088
	-10.803742	-13.040375	-27.978116	1.545738	-27.256137	30.980904	-1.982075	2.139945	4.833817
	21.473413	-27.048835	0.144994	-20.616484	-11.580158	-6.083873	10.326442	-22.829108	9.912346
	34.656596	-22.688089	2.905287	-3.407629	-36.861613	13.260901	-2.899289	13.517706	26.500360
	9.107490	-3.536517	-15.382699	-30.810944	-27.535064	-9.684115	-3.687659	-32.734198	18.091419
	-23.878368	-14.760142	-7.694221	-46.666006	-25.433857	-38.353368	-43.456384	-11.533899	-7.309094
	-27.259045	-25.577629	-38.919834	-46.220463	-18.458357	-54.479526	-18.675592	-1.775519	-45.731484
	-4.769668	-46.683272	-23.318768	-39.380771	-30.787029	-36.348021	-14.415746	-6.083334	-18.857463
	7.403849	-82.464328	7.899147	-10.922120	-17.958642	-40.992263	-14.459295	7.914133	10.066585
	25.229813	-91.135299	10.481190	-2.646517	-11.839988	-11.339951	-2.735217	-2.413834	31.784524
	-12.324073	-90.478681	13.794071	-39.030176	-32.281285	-26.315531	-38.282825	-6.071236	16.265455
	-3.953632	-54.303675	13.254919	-51.364764	-66.622088	-4.933930	-53.541464	-36.605038	9.751569
	-38.055118	-43.682656	-11.541060	-76.360155	-72.902612	-23.642991	-57.650461	-12.256706	-8.416200
	-14.987273	-4.321111	-11.247450	-33.619506	-36.374462	9.786940	-70.715910	7.152963	2.625784
	-20.292991	2.455172	-4.677117	-22.933830	-35.669895	10.248588	-55.628815	11.119602	1.912096
	8.832323	15.614255	18.762892	10.846756	10.150775	8.701485	-20.829075	6.051289	39.087488
	33.359706	30.408985	27.557860	33.651682	52.113707	14.406408	57.533198	4.711434	93.174228
	42.620304	46.768309	40.917234	48.093265	41.627236	43.376749	55.049486	-33.133744	66.732652
	50.477872	43.026725	49.357959	52.903808	18.782872	30.158934	26.964473	-5.264032	80.598942
	13.516945	45.221049	55.207372	65.049832	39.524831	0.414325	22.150014	4.910863	82.626491
	5.849000	38.623281	61.456106	41.077408	47.133621	6.835282	3.946545	-3.877914	77.636255
	1.005436	54.825036	71.267660	25.948701	43.825212	-30.584431	-0.567294	-19.697406	108.947268
	9.120635	28.468700	66.142636	29.141257	25.108745	-42.401829	27.053072	-3.819481	90.849166
	-1.659476	31.720106	56.552022	25.626260	47.597710	-17.362431	-4.350945	25.976699	82.954478
	-14.112876	4.221255	69.514350	33.864523	41.622860	4.342765	48.251687	22.773037	101.243687
	-6.331777	10.411623	78.698376	47.542251	29.761608	39.954886	48.953278	29.181935	84.884821
	5.716250	-7.694864	48.973834	23.536876	32.361762	18.713310	5.050968	33.041124	83.839492
	2.048587	34.835227	29.106899	38.072040	38.546884	16.713448	0.027020	39.979444	18.759090
	15.180402	10.383186	15.103222	16.981489	22.179792	-20.819618	11.385375	42.848777	30.661352
	-13.669098	32.354648	-5.728779	30.264078	49.807500	-21.350137	23.559014	42.734061	-25.677415
	-8.109825	-21.975458	-8.391289	-3.162245	38.204828	-39.101643	0.381116	1.529089	-3.396370
	-56.703854	-21.985084	-26.671647	33.959344	-14.862809	-9.908903	15.418809	23.270443	-47.420232
	-62.935773	2.332432	-49.782719	24.805520	-30.866399	-22.904792	-36.204267	37.111244	-70.880236
	-55.728354	-2.515018	-25.158083	8.919671	-31.905625	-27.682280	-27.471173	20.085884	-76.972793
	-36.664947	1.781315	-22.336409	4.143620	-44.391722	-10.799907	-29.910947	32.050175	-32.667508
	-24.101746	23.762046	-27.534370	21.881671	-67.749691	-23.215046	2.686055	33.040009	-25.116475
	-14.589436	45.402826	-13.171812	38.120429	-67.743201	-27.424308	-1.335262	60.457532	-51.331192
	23.636124	41.376983	-5.024041	61.995711	-67.151325	-12.872201	-18.819392	56.698848	-23.660458
	10.991427	46.258276	-7.124235	39.587755	-50.567352	-8.262011	16.177308	12.015775	-50.130861
	1.173008	53.742634	-13.353911	60.030728	-58.895996	-2.671946	4.352493	29.498730	-47.891651
	22.763219	60.970699	-25.254710	76.046218	-53.626741	12.091065	31.715404	7.980242	-64.947974
	14.999554	65.876139	-46.644869	70.644235	-53.592509	34.536068	68.950539	24.792671	-35.914305
	-2.882692	41.226422	-30.495786	80.972775	-21.504719	-4.956362	49.260585	-9.235382	-21.735527
	2.407331	41.132755	-9.919161	94.666748	25.552230	23.028330	43.766485	10.051424	-14.411986
	-1.466996	33.930235	-5.536374	75.813530	39.399543	2.303297	39.603043	-16.681345	-4.585306
	21.125570	25.246781	22.447584	45.737043	18.064551	16.625352	35.784144	-1.315364	-16.515845
	14.178613	-1.952130	39.558856	28.983141	24.100407	-18.168267	20.761404	-38.276631	6.221469
	-2.169391	-11.104655	11.302113	-21.850879	-30.318252	-5.017120	-8.564953	9.391128	1.534346
	-31.859712	-22.150928	30.232708	-13.243698	-52.285605	7.413611	-20.863158	3.043790	11.464803
	-32.390548	7.842648	7.694033	-7.356086	-72.349260	19.949528	-35.921180	11.499829	1.070994
	-15.788556	3.391419	3.388363	-1.345791	-57.903229	40.823595	-17.374683	16.980218	19.329145
	0.758416	26.879592	11.690843	13.149162	-44.266045	16.312586	-16.370783	5.112618	26.893297
	26.452033	43.545252	12.359194	39.275646	-31.740838	25.642632	13.648132	50.764303	2.473295
	-4.891169	49.503453	3.020751	52.785984	-55.898509	18.486378	24.995970	29.361286	-7.779454
	3.638265	55.728757	20.085776	56.759140	-25.145269	3.170981	18.515787	43.267620	3.567898
	15.679590	51.392452	27.418202	20.910730	8.374282	26.235785	13.849242	30.975037	12.692379
	38.166885	41.185819	32.404431	15.302186	9.934944	14.644871	42.288958	-11.889883	15.875314
	30.587582	37.207650	22.163902	17.045036	5.378240	6.647065	25.756719	9.578389	6.451596
	26.525540	16.367508	20.918813	29.123632	23.881381	28.719960	13.237707	-1.186576	54.368710
	6.641168	11.618358	27.657662	2.145406	-30.595399	53.741809	7.015150	35.697548	66.716916
	9.070768	-4.694487	31.339610	33.519008	-13.788072	12.022235	24.597083	32.596874	57.579881
	-3.689471	-22.505605	-8.998620	33.067534	-10.464899	6.984390	17.222080	1.828526	30.070767
	25.668344	-64.666171	-7.320786	-19.074031	-0.229885	7.879261	-6.000606	-18.898399	34.707243
	33.999701	-57.668700	-31.899846	34.564193	33.031453	-15.158690	57.608980	1.231783	25.435833
	53.799616	-84.196631	-44.662120	-4.176869	36.724450	-4.309556	25.711547	-12.783445	24.443622
	28.763212	-86.468722	-46.947254	44.551904	22.473949	-35.388568	66.111283	-5.286751	21.007741
	21.454363	-89.885427	-12.656781	18.183052	31.330864	-10.326978	58.608766	-22.886994	26.808107
	56.855741	-81.338098	-2.884469	51.755301	52.622053	-6.934858	79.710797	-29.468082	34.111785
	42.927526	-86.659598	-30.495606	29.584495	38.676349	-38.404462	81.704785	-30.918845	6.156703
	48.756147	-90.921092	-7.089563	23.136277	65.446441	-8.604166	61.836405	-51.258074	45.670465
	34.592490	-89.532827	-14.520784	18.050658	71.399655	3.964657	27.152249	-17.359488	14.920547
	31.278114	-98.060681	-11.305429	-29.662467	66.562647	-34.198956	37.635733	-79.441767	21.358643
	12.972439	-92.731933	-3.060201	-51.915391	31.949017	-22.759747	7.995325	-52.794829	34.206045
	-0.988755	-93.918534	-10.006837	-52.492136	36.866333	-10.687153	6.352158	-67.181028	23.887030
	37.413783	-64.551574	4.644062	4.099009	24.077414	-28.988488	23.146602	-35.408207	45.074664
	32.093019	-36.764304	7.488604	10.913879	8.410369	4.774847	44.301603	-4.993350	33.817338
	7.511189	-3.749295	-12.444088	59.306715	-6.705181	15.937350	43.360647	-14.024177	5.921038
	-14.432038	29.221115	13.492821	21.814631	-6.003367	10.737417	24.345333	26.773542	-8.488333
	17.416860	69.340007	28.117488	48.571719	-0.379567	26.508569	11.307772	42.959998	5.113765
	-26.947621	83.950176	26.048874	19.244077	-23.445936	-5.750105	17.438189	48.027539	17.341711
	-32.716288	111.044468	17.777290	33.361036	-14.177216	16.107047	4.827833	52.331245	-13.316079
	-39.955874	127.251399	42.916643	18.697798	-35.311359	40.791021	-43.951136	52.123805	-16.604376
	-34.701922	103.634240	26.505172	15.981518	-6.863410	14.320589	-41.381168	1.818638	-2.234737
	-15.957565	65.284045	25.310810	35.198432	13.346017	3.390172	9.772701	-25.303105	8.489957
	31.670749	46.449500	42.662007	25.566820	0.580243	-3.653442	55.631907	-17.217132	23.996158
	41.087205	-4.070329	54.336312	33.676288	7.651383	20.001906	41.000695	-20.838585	60.581870
	65.364130	-16.598584	68.564059	36.201676	18.273625	21.293999	20.877992	-15.802685	44.287176
	53.758284	3.978882	82.352162	19.382414	-20.358067	-2.186901	31.210724	-55.753195	46.306201
	45.857873	25.155877	68.062608	26.734727	-38.977939	-4.052900	27.264309	-25.425650	22.719984
	44.882248	7.705400	55.219621	-0.826325	-12.968637	24.531081	19.648931	-18.964809	46.998214
	27.102154	-35.444254	38.817885	-8.014882	25.886412	10.433997	33.768370	-69.685496	66.859179
	30.508161	-54.093304	11.961751	-2.673573	10.150883	21.500192	43.779099	-37.443480	33.643239
	54.652653	-40.281935	-24.737908	26.875392	17.121804	-10.491511	54.456230	-27.549533	14.252103
	45.688737	-23.763160	-35.846601	23.445956	37.408503	-2.892280	46.972583	-35.734855	-9.707805
	57.558730	-25.648538	-43.192210	33.542635	45.052891	0.210032	44.990521	-24.717802	-27.826576
	4.921593	-15.727005	-44.723276	-2.182606	28.895974	7.570731	-8.690699	-0.102175	-45.875013
	-13.395542	-19.608436	-49.033507	-31.706581	18.244455	10.956218	-34.782160	-13.176824	-49.684865
	-10.978940	-28.128931	-40.368598	-60.090893	6.483402	-0.508664	-47.774248	-34.890421	-64.950482
	-6.043094	-43.016363	-37.855408	-44.988649	-21.639909	-21.487843	-37.836215	8.391047	-60.277130
	-29.162786	-34.572132	-15.504003	-44.598990	-12.498250	-21.412103	-48.621666	-0.768652	-43.153713
	-25.232646	-19.689139	-20.712216	-34.916034	-9.285178	-18.799474	-63.238524	-16.182052	-42.368639
	-5.516229	-1.274369	-61.778215	-29.993677	9.026777	-31.976302	-24.472716	13.469679	-56.686046
	7.133527	32.274088	-77.108998	-8.714072	35.677881	-5.481897	-17.523625	16.718971	-53.889394
	15.277031	30.375180	-66.508139	-6.628260	15.527620	-24.141594	-11.105487	-2.054518	-58.628955
	-2.287836	10.794799	-50.936711	-1.055179	34.251817	17.418035	2.182233	-5.048578	-72.715469
	-6.865062	-10.497113	-19.547961	-1.202188	-10.407217	28.844069	-0.029899	0.144991	-4.845545
	15.014440	-23.471405	-20.582660	13.103847	15.315332	6.807314	35.483954	-46.168208	23.837549
	11.263021	-44.922911	3.448296	-36.734416	14.022841	4.778861	16.618676	-18.270271	41.752131
	7.769120	-34.477249	0.446639	-2.775666	16.545842	21.301167	14.895496	-36.563925	15.820628
	18.828200	-32.179714	-8.471475	14.343792	47.856018	26.311215	33.543797	-38.284844	13.729094
	32.188549	-28.481949	-5.032714	55.086361	49.413959	20.239321	87.891159	-11.706349	24.924887
	55.403838	-26.549565	23.020327	28.760804	65.622032	29.020038	65.645935	-17.880525	36.770918
	59.995070	-7.804141	32.425391	37.382413	31.746112	30.320102	57.561608	-33.062851	30.132295
	30.778811	40.723501	-8.268903	21.579471	43.486452	0.241927	36.300941	31.070026	-43.761959
	7.570155	48.632587	-26.218020	25.821759	20.764331	-1.393583	1.628053	10.159256	-89.982972
	5.801022	39.047535	-51.656858	14.080072	21.345855	-10.162974	-28.650465	-8.765000	-70.569309
	-6.456056	27.843000	-51.935318	5.434374	11.597904	-5.847440	8.182212	13.161473	-51.822948
	-11.809783	22.074517	-51.609240	11.904650	6.257371	-19.360709	-8.675024	32.717239	-53.680790
	-9.369999	-1.482332	-47.697481	26.100797	13.367534	-7.033748	-0.405027	26.514658	-11.151857
	24.457750	-8.597056	-30.965708	43.818167	26.885812	-7.776358	40.242439	5.323780	-20.757346
	9.472208	-41.315826	-10.915771	9.035129	9.142808	-15.978950	20.087618	13.353572	12.643390
	7.195380	-23.174238	-19.597889	10.545298	-27.487246	-7.906462	8.196013	21.284706	-41.833327
	-32.548249	-43.442577	-31.659872	-6.674906	-47.994692	-1.330249	-30.380694	29.941603	-54.304702
	-51.740001	-30.061981	-47.788817	-34.483593	-61.691333	19.623680	-52.542239	14.623981	-62.282773
	-66.503297	-34.674626	-27.924553	-67.003874	-54.169569	20.680828	-80.313198	26.721373	-29.540251
	-42.953371	-28.768721	-51.141240	-54.414785	-77.297333	36.441801	-69.197612	36.110725	-78.742899
	-55.862591	-20.702855	-32.030629	-54.412040	-39.936067	36.480020	-42.656718	-23.991466	-62.224148
	-57.378457	-8.725930	-11.194416	-33.665410	-53.147882	22.160713	-47.356036	-12.556697	-15.555545
	-41.306509	39.494986	-12.076742	-18.979112	-23.120720	0.654295	-54.259664	26.243782	-26.604205
	-66.828875	48.532202	-12.849534	-15.892396	-9.955464	5.392238	-53.202467	13.256500	-26.340405
	-31.098984	56.338834	3.990988	-40.699722	-10.105458	20.270228	-28.317392	9.649873	-18.971423
	-22.900888	62.212858	18.580893	-26.907100	2.761483	20.732640	-52.162332	13.754649	-6.168505
	-41.117105	54.503243	39.969291	-33.331531	11.158949	16.474978	-39.702082	20.596763	28.754578
	-3.024425	54.298662	24.223582	-4.910249	20.580924	39.961816	-32.911017	-17.907793	32.277831
	-50.549701	37.465550	19.976031	-33.120910	6.281359	28.104303	-51.120288	-8.361165	21.578745
	-54.893323	23.391123	24.913468	-53.190644	-32.370418	25.743887	-55.895652	23.679197	-26.631934
	-69.379401	-29.219233	-3.474277	-78.581024	-54.985954	28.207869	-52.678469	-23.776951	-19.992276
	-35.304514	-2.998645	-10.819493	-49.683377	-1.070761	23.351648	-59.077387	0.373975	-23.100485
	-42.912808	2.559618	8.102486	-114.746635	4.758662	49.307855	-56.041384	-20.656812	-29.486648
	-42.655794	-19.177837	-17.539695	-104.798196	0.154176	36.539325	-44.159694	-31.998286	-29.491124
	-65.895015	-17.687461	-13.177940	-112.839695	-3.975332	32.466171	-99.695180	-10.913722	-24.840019
	-30.085130	6.441723	-30.251303	-85.781316	-8.480995	-4.622857	-46.336020	-3.558160	-49.595612
	-33.433709	-5.559137	-11.622983	-84.600759	-2.032580	-23.042035	-68.932440	-16.491366	-24.985412
	-42.937483	-4.011004	-6.398401	-89.166409	-19.457842	-25.257046	-73.108739	0.969390	-1.097457
	-59.197986	15.105512	19.226702	-57.457305	-10.608145	-25.929268	-50.548197	18.257043	16.930696
	-50.568584	-9.830068	22.889861	-52.101309	1.709055	-29.213726	-69.271686	23.759386	23.472857
	-31.051288	-14.582013	85.177535	-20.603989	24.643764	-0.372745	-27.715988	-2.036307	56.266665
	-9.205448	-52.761537	69.756544	-1.428453	-30.835038	-3.919238	2.570922	-11.609261	52.109471
	6.333915	-33.442677	61.767744	-24.112858	-10.915007	-16.257196	9.842528	-16.955946	83.944632
	-19.600949	-29.650035	61.580699	-54.131718	1.188871	-24.609349	-24.838738	-6.341238	71.919317
	-35.047214	-16.367521	63.994869	-53.985184	-30.543556	-25.118191	-53.853218	-13.975365	42.743669
	-19.111252	-2.180072	20.656706	-34.009685	-48.800939	-24.507760	-52.654807	-0.704810	9.881394
	-36.437149	1.346163	-1.854830	-19.539156	-53.891730	-40.377326	-85.904201	0.992928	-9.799568
	-26.289936	25.671276	-6.806147	-2.128133	-72.619639	-37.355458	-39.671841	33.798693	-40.855114
	-10.116236	-1.629648	-41.088294	-34.746222	-47.204864	-24.389458	-44.881796	33.140691	-65.202001
	-20.166442	10.880912	-34.578349	-25.325130	-47.402796	-23.124237	-22.411414	28.223481	-48.149720
	-35.334347	24.218191	-46.270574	-10.557737	-14.422587	-6.643841	10.382221	41.097872	-74.821214
	12.361674	5.861565	-21.049703	8.515682	8.083204	-25.191430	4.789542	-1.137985	-38.718009
	38.985789	-19.234838	-6.099768	25.833136	5.612099	-28.102337	13.898976	29.704375	-21.236433
	63.950274	-19.001287	17.102527	38.401226	27.519930	9.095370	35.903557	19.696145	12.685496
	68.991837	-11.763227	36.096509	78.580301	23.933969	5.085170	64.593810	20.571417	43.158867
	85.208533	1.733860	44.540269	115.148839	50.000079	14.370657	132.996411	-8.251757	54.503266
	95.905145	15.549059	29.492568	82.748929	32.756434	23.955272	101.681617	-21.891586	58.934682
	66.228557	10.664607	22.038074	97.348933	10.586856	-4.454533	102.355005	-9.135167	65.835382
	69.526404	10.586930	12.208033	116.505812	32.017742	15.505711	120.461847	-41.078003	58.966870
	68.405488	45.118811	-0.417689	107.460060	49.495159	-33.241723	81.281521	-7.378201	48.071682
	46.190672	57.510360	-11.910078	117.706793	45.994593	-34.222681	126.733996	28.906314	43.255823
	35.973261	57.125842	-37.715156	125.761748	41.230245	-61.215353	63.461119	11.128648	-20.329717
