	6.144442	39.773763	-8.486452	-6.272729	18.891562	-16.034705	23.428423	-24.287860	-49.792283
	7.287943	13.267103	-5.160948	4.684725	14.494821	-3.522604	20.273130	-26.198853	-26.750695
	-3.074137	-4.718529	-27.096658	16.248091	5.200039	-22.907099	1.202470	7.018306	-46.901470
	10.417295	-29.896407	-45.825549	-4.969605	12.684487	-26.392973	-9.716601	-1.465385	-16.732439
	30.028515	-20.751620	-11.341733	-23.308843	11.691667	-27.850101	-8.214120	-44.131315	12.041868
	39.231501	-42.098771	-0.155637	-23.751655	-1.563477	-12.897631	14.332060	-57.923943	7.761167
	61.988567	-54.847140	13.092964	-36.040119	7.595802	-3.468525	26.063877	-29.827073	62.479739
	92.103035	-33.496647	48.163630	-33.815822	-53.998144	12.915181	24.388160	-56.310422	45.355648
	77.631970	-23.764130	87.345251	-65.171771	-65.894650	17.930176	34.417761	-58.636682	70.846573
	39.974594	-4.174470	73.661561	-43.498263	-77.620597	20.957721	56.037446	-60.920987	89.456776
	26.483431	-4.436723	71.925798	-65.164941	-74.383427	14.059975	26.969198	-62.970154	108.929242
	51.385412	-6.612074	67.611950	-69.977302	-55.009102	20.460172	28.526067	-55.420800	86.115067
	60.360609	-12.175792	85.296574	-71.745005	-40.632024	16.476585	33.844256	-95.187397	108.365438
	44.388915	-32.711877	86.830312	-108.279416	-49.150069	53.016392	11.731627	-76.050223	137.671763
	51.654871	-46.704510	75.678557	-115.196508	-53.129166	31.460336	9.904793	-98.961157	106.027620
	34.726848	-41.706515	56.713985	-103.960033	-29.797564	9.726577	10.338952	-94.480159	97.881275
	56.145381	-54.476077	54.042487	-56.338062	-31.034368	36.619312	19.043242	-81.656402	104.755027
	37.778092	-53.445935	39.878065	-73.269050	-33.772878	55.432643	4.932679	-59.264507	78.436692
	38.040210	-42.369081	16.376548	-50.241551	-32.682655	22.669571	-44.483245	-23.342685	65.922284
	-7.243804	-21.510123	16.621676	-38.146213	-30.404092	-26.129032	-22.885322	-40.331385	30.418033
	-1.318629	-31.588744	-26.733786	-38.415784	-63.362886	-31.394622	-43.334259	-8.888629	-50.997876
	-40.473074	-29.045588	-47.026622	-20.918012	-43.595459	-26.188761	-95.604234	29.465946	-45.035016
	-11.816412	-5.176412	-60.113484	31.047412	-12.539649	-34.620706	-41.828969	34.120287	-84.411568
	-44.865362	6.690998	-41.657101	38.427166	-11.537361	-32.935179	-5.703701	34.377870	-28.854827
	-27.252723	35.053031	-25.761757	69.179073	6.095573	-15.563579	16.756609	55.618182	-32.357909
	-6.725059	16.635707	-3.239053	44.019632	14.006590	-12.768003	22.781748	50.184930	7.312072
	-25.779523	22.620923	-2.641381	32.344250	67.312097	7.613757	9.353843	46.659393	9.840052
	-34.246850	10.757118	-7.374317	17.529750	58.794237	-8.280061	-5.642095	38.512594	36.940697
	-39.468488	5.537255	-4.021989	32.215692	30.653745	-16.977952	-3.595396	63.082633	29.007300
	-10.460851	10.477656	0.506301	28.624429	39.124566	-10.180379	10.671511	31.052370	-12.557530
	-25.958153	16.309210	-8.805870	19.073030	14.137233	-30.129206	2.360269	38.264077	-18.961157
	-32.616826	33.397840	-17.986347	79.301832	14.283183	-26.341139	9.465716	71.921523	-40.845442
	-19.597674	21.026755	-30.471902	105.460032	41.952649	-15.417850	17.073140	59.816998	-55.246315
	-23.296834	34.029451	-21.442929	83.267247	62.432727	6.637091	40.088330	52.163216	-32.151400
	-9.265524	27.869231	-13.018591	87.267845	21.400250	-9.034428	33.207963	48.726042	-30.226749
	7.469110	19.753325	-18.953437	82.447895	1.165941	-13.666468	34.068206	56.440749	-28.496892
	22.243068	16.642638	-12.574782	90.710316	34.237994	0.071355	39.644089	45.838625	-47.452351
	-0.459586	2.614280	-7.320812	71.614102	33.537825	-7.504898	44.595736	31.634715	-16.035056
	11.197290	5.168411	-22.777909	55.866120	51.890239	12.192681	21.607493	3.718704	-52.797476
	-48.590772	34.821041	-32.194408	65.915704	25.690583	1.323724	11.733541	22.454506	-79.380646
	-22.947018	46.996126	-21.218292	42.082546	0.774354	14.979728	-12.933973	43.964359	-85.640990
	-49.906125	43.022668	-37.119734	25.753215	-22.245710	-2.136566	-59.996891	43.914015	-71.174795
	-65.293814	41.994085	-24.574524	12.619369	-8.691939	16.166750	-51.038323	58.984972	-69.654579
	-36.489062	23.429525	-21.753046	38.349292	-19.531242	-0.622389	-39.660366	48.196933	-81.096329
	-40.497581	1.470406	-35.905237	30.118377	-16.606934	-18.858060	-32.972607	53.814507	-45.212420
	-35.799433	10.168112	-52.772346	58.550003	14.215507	-7.634842	-41.883100	46.012063	-75.952072
	-24.562531	6.307142	-26.114074	36.873033	-11.566559	-21.249257	-31.957814	23.764485	-43.970472
	-19.774522	5.536388	-5.811176	16.172295	-44.008443	-0.399721	-46.197847	34.421603	-19.525320
	-14.124678	-15.857541	-2.825898	-9.512733	-88.666907	29.155827	-57.166356	40.885435	-38.994338
	-12.762223	15.603048	0.744342	-4.350355	-43.020210	17.872768	-44.482861	18.436330	-48.997767
	22.893825	9.950812	-3.640851	19.822785	-51.851384	10.171019	-23.463063	0.882331	-18.669644
	26.048599	-27.715639	7.276973	6.734845	-6.142850	37.942541	14.011929	-4.355715	3.392354
	10.165441	-20.505774	21.604704	22.448383	-0.807758	8.605747	13.043966	2.183180	-8.771462
	23.726967	-5.070037	20.699102	-1.624436	-20.099912	-18.375966	8.942885	-0.856265	30.245424
	-3.728765	25.714046	-14.716054	13.602950	24.304374	-6.986185	41.110733	-42.365739	-39.036728
	16.867534	15.715841	-16.801603	5.204315	0.976392	-22.075984	40.961033	-8.080284	-10.788316
	3.241456	15.335419	-8.614069	36.779814	12.402571	-21.373226	26.558282	19.186395	30.059824
	0.170881	15.690930	-17.746914	13.090334	-15.896267	-9.783929	36.355721	24.045184	-17.824350
	14.825199	55.237645	23.861790	28.393847	-16.767037	-2.617617	16.949529	21.435299	-24.106782
	-24.032748	46.417057	29.749793	27.134151	-41.503656	-4.462275	30.340699	20.441753	-13.856530
	-13.503855	31.404023	25.018281	16.680101	-52.450714	17.393346	12.633290	1.877724	-14.853304
	-16.727894	34.649449	18.308433	12.575628	-44.923699	7.587006	4.719312	5.980639	1.603103
	4.751255	11.672379	43.693957	-14.498685	-31.288419	8.074921	11.975600	-18.607191	56.775635
	3.539432	-21.363375	35.090332	-47.418394	15.337772	-2.357994	-19.223077	-29.555247	46.940696
	-22.408054	-51.811364	-0.707970	-42.410056	13.833823	-7.693229	-25.305425	-19.138982	21.483321
	0.022870	-42.439313	-18.670545	-58.599417	59.993472	-16.171016	-50.459039	-36.057413	-5.650491
	-23.893683	-62.256006	-5.334711	-78.319229	66.584804	-39.146503	-34.609629	-63.984970	22.629868
	-11.943861	-73.139675	-27.045364	-99.976693	71.574060	-25.478505	-73.190962	-80.861527	29.497709
	-46.383962	-69.359793	-68.072348	-109.474488	33.634247	-47.001411	-94.825534	-68.926730	-35.873579
	-40.105811	-44.885716	-40.736581	-88.463969	-7.114007	-35.401123	-64.218620	-59.889331	-40.640455
	-2.342075	-35.602727	-22.924849	-42.269187	-25.552826	-38.499806	-49.494943	-21.825955	-25.886532
	1.507085	-23.523560	-38.151198	-13.484798	-16.029728	-16.677181	-30.632383	13.210332	-53.443993
	15.333748	19.592566	-36.576410	-2.692770	-11.805913	-6.145498	7.355793	49.196180	-57.243972
	47.741728	26.737856	-41.961194	-17.981732	2.202423	4.675212	-14.241275	32.953854	-15.361095
	12.869107	27.728737	-42.452937	-16.633320	-11.630094	-2.145112	-14.347537	3.737898	-56.464996
	58.989619	42.805686	-41.934723	-10.363125	30.908289	-10.842030	-4.299462	16.450293	-42.304929
	50.974578	49.982436	-32.579620	-2.963691	2.189561	2.885053	18.630037	-15.411880	-40.579940
	29.256636	50.118450	-2.329917	6.259968	7.527662	5.072707	2.655714	8.303077	-67.264524
	27.810212	49.826670	-8.230559	5.774489	5.829270	14.784132	-4.788553	20.744988	-27.238583
	25.424234	55.697162	-26.276753	4.693475	-5.811925	13.816389	17.261643	13.295651	-44.098399
	45.084479	64.299633	16.433043	26.388182	-16.327434	14.236617	23.681320	19.359829	-17.129753
	21.937038	71.178262	25.920493	45.887416	-2.185011	18.385703	18.120595	8.402536	-10.984262
	-33.038299	88.471210	-7.075972	34.991567	-3.476459	22.336917	32.107898	45.168621	-42.734411
	-32.510932	85.027836	1.638518	26.373912	4.570699	32.748870	-14.072325	39.014708	-17.838511
	-47.402031	84.917805	3.662028	-1.151075	-2.198281	5.862363	-11.826834	29.633602	-24.978915
	-53.941711	68.765710	1.903767	7.204211	0.115775	26.176566	-22.000673	47.127165	-22.350941
	-28.202396	48.781921	18.508924	41.896321	63.099605	18.468786	13.661875	32.229501	-15.316533
	-25.630331	42.885367	39.035738	18.346319	45.412553	3.598188	-1.856971	24.942705	19.374483
	-32.654286	43.348118	12.807638	12.685674	35.852645	24.320402	2.083810	20.892386	2.914108
	3.364268	23.514148	8.938888	37.505845	54.489953	33.263820	19.480771	21.837758	-11.291970
	-17.134319	2.617260	5.917470	44.301212	43.597393	51.393917	2.377585	31.694494	23.138267
	-4.655934	-9.122162	23.115852	30.409618	28.281670	40.367410	8.237084	41.821529	17.459394
	-4.485324	-25.001048	4.532963	12.486289	35.658570	21.178597	10.220755	24.811611	17.839145
	-1.902328	-32.279942	-1.677419	4.577759	37.598918	41.295396	-15.845758	26.775438	-4.894094
	-43.819518	-40.195380	-12.330620	-4.053933	52.036174	8.192543	-22.840273	39.061470	-24.401247
	-16.753345	-28.120497	-22.038535	7.622634	64.659639	12.405281	2.955608	38.419059	-0.002135
	-24.806457	-24.193621	-20.996117	1.249924	57.850714	34.778260	-11.793590	41.593377	-0.931598
	-21.170373	-35.154195	-16.925329	-43.975331	56.504503	31.552414	-29.168519	19.917366	16.310246
	-35.443223	-30.643443	-18.928639	-28.471531	45.501518	-7.280757	-42.589314	13.883135	9.547773
	-29.919400	-39.537235	-36.955724	-9.204610	48.884923	-14.081509	-18.198166	24.350907	-0.923396
	-6.417344	-38.453239	-43.726793	-33.170334	92.899158	-8.492051	9.959736	10.096622	8.578919
	-24.137949	-15.110617	-46.219927	-20.905041	89.300944	0.394848	-26.632960	3.122353	-1.266246
	-34.647819	-27.627309	-46.257404	-42.274104	65.737231	-5.047952	-23.330353	-26.076992	-32.476412
	-11.642915	-16.379400	-13.960156	-34.704900	52.317760	2.652540	-14.665943	-3.504988	30.713831
	-2.189011	-13.670087	-11.261155	-27.296591	4.960276	6.890894	5.432725	-19.611925	7.943642
	-2.217570	-24.074570	-5.221498	-59.466505	-19.196697	1.661404	-39.266069	-54.389101	-1.838914
	-10.853940	-30.732578	-18.904120	-49.287943	5.537774	7.291411	-26.010179	-10.733862	7.248411
	-0.915657	-45.402539	-4.471328	-36.756765	-17.203855	5.518047	-17.471170	-12.524790	38.307538
	6.147262	-31.157051	-21.933629	25.912898	-33.364536	8.487646	7.713804	35.337904	33.539880
	-1.937562	-5.232298	-6.868443	49.951703	-22.088022	-12.251941	28.411273	2.626396	-22.163861
	18.590030	9.751956	6.818931	46.127075	-16.226678	-9.448933	47.501692	-1.335723	31.307329
	7.779529	10.382280	14.144500	58.829940	-2.949665	-4.541493	36.619507	7.062638	-9.971844
	-2.056337	25.028650	13.495384	66.766188	-7.926541	-6.331875	60.418444	-7.195265	-5.543185
	32.738523	25.957475	15.314147	66.930422	-18.337504	-14.058192	66.502136	-33.183551	-11.434828
	22.890144	5.562964	40.589018	40.993084	-27.241711	-3.617988	69.870278	-45.921207	17.911489
	31.221503	20.823392	22.530300	63.811799	-2.618349	-5.998363	96.749716	-49.565638	20.051665
	3.930700	23.606132	5.462151	56.110371	-21.173992	-8.533430	88.116893	-48.735519	-6.738255
	17.759979	4.575576	19.917320	46.278973	-10.841685	-3.318789	76.487589	-48.131329	23.683832
	-10.638675	4.665821	17.775204	22.438072	-14.227012	-10.920849	77.654872	-52.291774	8.458081
	-4.009148	-0.773792	17.140840	34.068318	-2.885468	-8.656547	43.625442	-13.002721	-21.883510
	-5.658403	-0.179005	3.122398	23.361556	-44.912934	2.496032	20.223829	-22.012441	36.079275
	0.190103	6.476011	9.796277	21.199420	-19.710283	-9.689628	7.666867	-31.071189	-4.655573
	3.122444	-1.262280	19.151426	-22.295284	33.151832	10.711510	9.444418	-36.587956	35.214199
	12.755326	-36.186098	15.526091	11.255486	30.221609	1.168566	8.259386	11.666154	28.957355
	-14.463005	-45.193297	1.372563	10.219747	17.000685	-5.807562	-1.441859	-10.490621	-12.464859
	-8.220204	-26.240614	-31.259726	-4.891036	41.827307	-27.968213	-1.555999	-22.044244	12.181229
	16.836685	-13.891888	-8.454024	-24.592551	-0.417423	-13.141979	17.280495	-15.677535	12.009502
	4.657856	-48.250255	-51.268936	19.012901	15.013436	-45.840890	-18.990758	29.844718	-54.785301
	-47.921591	13.486501	-48.370612	-10.563366	2.286820	-36.378292	-40.412970	21.042835	-44.655712
	-50.819338	39.069034	2.450766	17.878647	-18.198397	-8.699924	-39.527205	30.954244	-33.983329
	-37.824037	26.937323	38.601003	18.535794	-25.377796	13.650698	-40.763844	52.010724	28.347786
	-27.447911	-6.552310	19.704537	4.528932	-18.373098	44.118936	-27.039272	44.628513	-37.128711
	-22.848057	-25.320626	7.353243	-22.452721	-2.301708	37.318442	-40.402337	13.649291	23.058808
	-24.867637	-23.953116	16.518070	-10.453876	21.405826	35.386714	-2.057623	13.517827	20.059414
	24.175281	-20.193138	29.147160	-4.140523	36.475367	25.797009	-0.612435	-5.511520	74.761533
	5.628733	-13.674484	1.577059	3.443546	49.873142	24.379150	7.603214	10.965839	26.988133
	-8.568842	-11.052376	10.513079	-16.911669	73.047442	-3.022924	1.454487	-3.376483	23.802551
	-2.877657	-23.427007	5.201508	-35.749516	37.545117	-13.188768	-25.525410	-24.966874	7.031848
	24.988786	-42.391336	11.962761	-47.371469	-8.189277	-17.855274	-23.902329	-36.245295	40.697063
	11.075191	-30.156327	6.127436	-30.664693	-81.546833	-33.549856	-14.817968	-29.798370	16.286173
	31.676227	-7.540766	12.126687	-19.796015	-41.635461	-17.168377	22.918253	-16.267320	40.583636
	29.906658	8.871923	21.320971	3.522470	-43.396367	5.060371	25.345631	-17.612267	25.209147
	-0.872355	1.624499	25.445340	-2.639933	-40.712265	0.625444	19.111181	-35.867545	2.985491
	27.378780	-26.079891	10.372238	14.011365	-41.303199	-4.750388	1.955599	0.076730	5.653468
	-4.460510	0.274363	-3.870865	22.233996	-29.732741	-11.818856	-6.887266	14.554540	1.371543
	28.399993	0.127746	6.776455	39.476758	-5.712018	6.733363	3.788570	11.728867	5.395534
	-2.295027	4.221589	25.845390	44.396077	-18.140439	6.948755	8.699630	9.396828	20.505948
	-10.131440	8.085152	23.165643	44.610853	13.804310	3.511638	-8.509013	17.020938	-47.299859
	-26.982089	15.442812	28.335770	21.679018	-16.162921	0.487081	-24.457136	10.262569	3.184800
	2.462854	17.400771	39.718677	41.810156	-12.612355	27.627707	-9.701567	-0.295835	-1.547926
	-9.494131	-2.621130	25.813350	20.986574	-9.393378	0.023132	-8.706099	4.038101	-34.816745
	6.658864	10.231458	1.052036	17.167776	-10.313005	4.334779	-8.031174	-22.525291	-33.762604
	-11.458770	15.073069	2.155184	12.648832	-7.273688	18.204728	-4.716050	-17.222825	-39.628152
	-9.054956	22.692765	-6.848450	11.501570	-3.555095	3.525990	-1.031241	-5.217361	-52.512688
	-23.666889	31.239406	2.989962	5.743556	5.482841	13.863129	8.534560	10.994391	-32.243990
	-22.755413	34.542356	0.712712	19.266163	28.662517	7.650216	-19.183080	-16.942155	-14.310110
	-4.063485	7.369360	19.809176	-28.189032	44.190802	19.956063	-27.319255	-60.198193	35.915463
	-18.165152	-6.127952	47.753633	-33.465886	18.879428	-0.011814	-21.420626	-50.326832	40.321201
	24.841348	-22.197881	42.505088	-51.080099	-4.225299	11.278202	-13.348210	-50.970724	61.688581
	45.487648	-27.733936	67.925004	-65.755579	-31.637466	-3.982853	17.000573	-71.818687	119.982614
	66.073895	-50.037151	71.528623	-84.144348	-4.248255	34.117410	17.037024	-65.838808	149.288823
	37.012329	-34.861576	72.002500	-71.433295	-41.532845	16.510394	4.651393	-66.976763	73.026887
	34.583368	-30.841090	27.272263	-85.452014	-33.416127	-3.794671	8.961299	-71.008877	84.469895
	35.432346	-36.917106	45.506963	-50.102244	-11.820689	-8.306045	20.905339	-82.372076	65.569818
	63.677642	-45.931802	31.713635	-77.828410	-12.196583	-16.488051	28.178329	-89.688522	103.658707
	70.499279	-26.680830	53.183754	-84.259318	-35.567880	-16.919181	39.995511	-69.634775	143.522220
	66.844252	-2.317342	58.792262	-67.936670	10.142230	4.510933	34.216669	-68.489058	139.610531
	48.560726	36.078657	60.377376	-46.795851	-9.183428	7.700126	51.755370	-57.507420	111.892630
	56.161152	16.688017	13.173490	-22.097224	-37.967363	-14.954165	62.684965	-73.249998	60.088725
	11.524060	2.281243	6.393581	-30.017204	-47.559285	-35.629311	22.137722	-66.125204	71.771651
	32.801372	-28.149607	23.845301	-58.913576	-1.308378	-17.150345	19.779997	-57.632865	129.068178
	18.215767	-31.386486	21.619788	-50.914081	4.814185	-12.224669	23.160258	-52.290142	115.617982
	16.030955	-43.205518	37.013540	-61.593656	21.267795	-11.900096	-4.490060	-50.980491	104.032432
	7.934441	-49.030588	32.490689	-91.259826	-0.113896	-22.699459	-26.291173	-57.793234	79.825865
	5.232355	-38.392205	43.814876	-48.178148	-15.917088	-11.668375	11.125663	-54.899426	65.085670
	-1.640775	-1.060408	1.190290	-22.448994	-35.733089	-22.517386	9.422494	-20.200154	28.736076
	45.207645	10.595960	-7.871713	-0.173607	-31.919729	-16.130634	40.861984	-19.646089	31.320725
	13.028879	18.912788	-38.723626	11.291750	-27.081178	-42.932989	-4.050081	-14.782828	-17.677091
	43.523645	1.754957	-36.220669	-22.710500	-48.294563	-10.208521	2.788146	-30.932555	-4.972236
	55.568660	17.858005	-3.886709	4.667700	-30.144330	2.095164	33.175324	-19.867471	25.672313
	40.530280	4.491728	-15.532987	30.135197	-46.484386	-4.414214	42.488135	7.001411	33.087988
	9.207763	16.012266	-0.654570	7.654826	-7.752108	-10.472977	26.008809	-6.105600	12.945532
	15.259611	-3.608382	1.712779	15.219175	2.216697	-2.111893	26.582181	12.632833	60.498678
	4.727283	25.574818	-17.915717	43.242191	-1.689468	-19.832406	37.140008	30.637015	-2.978852
	12.700523	36.151982	-15.926302	51.663804	-19.342740	-9.642842	32.136451	27.927614	-23.704475
	14.610821	40.720607	-17.548201	24.904880	-8.633627	9.525306	16.333887	23.817512	-0.667322
	-4.463098	30.850264	-8.967781	9.394307	-1.586135	0.278744	8.952029	21.309407	-12.616214
	-38.318245	0.360435	-22.324593	14.515461	-50.826695	-3.832912	-22.069033	43.149490	-54.492700
	-38.166891	-8.912121	-48.388542	2.336168	-7.081400	-15.789426	-31.352446	46.533870	-56.475801
	-21.345758	9.172144	-43.247105	16.538663	9.920978	27.275488	-2.611974	48.236813	-62.754283
	-51.024709	13.809928	-31.075241	24.859570	5.903237	5.567955	-24.890879	56.991667	-59.164598
	-34.825205	37.689330	-31.441562	38.259960	21.946741	4.862986	-10.546911	39.697874	-66.046901
	-50.417493	68.728461	-40.000901	36.615293	34.297650	-13.268121	-13.029573	39.960616	-93.283160
	-73.179720	64.311201	-25.282256	9.685169	33.916692	4.479197	-25.129287	15.680071	-56.731716
	-42.523491	56.826560	-13.790713	6.387949	3.404833	-6.623996	-39.345371	24.491881	-73.959515
	-35.687781	57.428012	3.437094	-26.281486	19.859079	-10.692489	-28.889200	5.015651	-36.485388
	-63.676480	45.357603	-29.037646	12.151302	2.512493	-33.337968	-12.678656	36.772080	-63.321775
	-21.759112	31.628501	-5.353136	-14.471451	4.037740	5.346769	-34.791457	59.607876	-6.764826
	-26.238352	28.443895	19.832230	-5.547395	-0.252924	15.177411	-24.010007	26.282978	-11.002726
	-28.295455	32.891774	15.383447	3.990248	2.292245	16.759472	-54.814250	33.216300	-16.528038
	-78.161303	46.128171	17.158328	1.892476	18.499821	-8.006452	-51.772343	39.538514	-23.183434
	-27.406377	20.579010	15.035226	-15.757472	-8.271604	-1.860621	-48.102305	35.211553	-22.842185
	2.329541	-8.096304	-0.107088	26.650512	-8.675792	15.021765	-27.113675	41.268704	-15.866088
	-23.748396	-13.059883	-8.428674	19.405323	-17.342482	27.628578	-43.235505	38.734134	-7.544620
	5.607315	-12.396600	3.864337	-12.153169	1.963982	44.034040	-28.509774	16.904206	4.492461
	-28.738030	-3.792788	2.389227	-5.133703	30.166802	14.188077	-42.592306	35.410483	7.930348
	-50.719696	-16.445398	-18.759090	-6.075808	34.665194	27.927776	-25.362485	12.072991	-3.450110
	-46.989360	-18.619087	-17.023981	-12.169405	32.630118	-13.610670	-37.014176	16.488970	-20.581384
	-28.075674	-29.607889	-20.919329	-12.595580	44.953100	-0.629144	-41.396558	11.529548	12.006604
	-5.704331	-16.276699	-10.344409	-3.092132	15.881569	-3.289152	-8.777362	0.047913	0.263898
	-30.838569	-27.163357	5.177226	-35.992437	74.369333	-8.425393	-15.913470	-26.682728	3.163582
	-13.092998	-7.862328	-0.018621	-28.435789	62.834845	-4.505213	6.671514	-31.863513	42.501540
	-21.676387	-0.631401	17.136122	11.604325	62.216534	-0.658378	2.940371	0.425295	31.572393
	-53.131130	2.826533	-30.666888	-2.500201	51.896434	-5.793457	-6.458461	17.145468	1.249098
	-14.519853	-15.035322	-14.748799	-21.960538	48.542529	-0.432543	-26.505710	3.938567	13.281522
	-25.476829	-8.340292	-1.578453	-17.690932	34.403972	-0.410191	-31.076030	34.536173	-13.345363
	-25.079266	-4.644103	-0.515715	-19.351842	37.181346	-27.265059	-27.093635	21.891417	-12.986545
	-27.514472	-10.527223	-5.400941	-27.625363	-7.490350	-29.880644	-25.264233	23.180980	-24.803758
	-26.057606	-14.736777	2.660873	-4.480186	-15.686484	-29.133418	-27.444025	8.778570	-24.985475
	-13.036473	-13.045917	-6.411648	2.242100	17.659772	-1.620673	-16.511427	34.978659	-43.622510
	-7.866562	-23.465044	-29.887264	-3.822144	4.260061	-29.371563	-29.266938	7.965578	-62.652311
	-30.965143	-23.092756	-22.297510	-5.555891	14.414428	1.599725	-1.237989	-3.888291	-47.745334
	-2.487361	-15.233566	-29.737629	1.609723	-8.782434	-21.908185	-27.991315	8.210566	-35.471364
	-7.738475	-10.263474	-35.521734	6.108344	16.631265	-4.585797	-8.006838	31.177751	-53.470412
	-36.328280	-4.760624	-30.201791	40.129535	10.047079	-6.308524	-2.049039	33.742722	-72.960311
	3.199117	7.951106	-29.335122	27.442776	-9.249846	-21.314028	1.953051	27.799648	-52.792852
	-13.319769	14.049801	-0.522240	7.929751	43.019144	-2.326738	-26.060660	22.054060	-23.531198
	-41.803271	-12.703397	-22.537465	-55.236991	16.651388	-19.769421	-50.936437	0.818603	-23.370926
	-33.687839	-37.677729	-31.608043	-53.660609	14.832490	-28.008904	-58.347674	2.731997	-30.495191
	-36.836561	-29.157837	-22.219360	-41.819163	17.709038	-27.171949	-44.769698	14.057050	-63.236403
	16.250779	-25.329701	-19.245808	-38.512004	-0.632224	-14.566930	-3.774987	-1.988925	-35.766287
	-34.742991	-14.590836	-31.769214	-6.214913	-13.725279	-18.643521	-12.713294	28.109014	-45.461213
	-21.752173	-4.302755	-32.152475	-15.325349	22.446761	-27.113808	-6.018839	5.049266	-68.795768
	6.361901	-13.746154	-25.887522	0.099573	28.649502	-13.358095	-2.696122	-10.406561	-4.667262
	-9.496153	6.079301	-0.772659	17.125523	35.827660	-2.602435	17.743523	-20.057025	9.508087
	5.513225	33.621906	15.551006	41.784492	39.988952	-3.380256	6.524258	2.700704	6.265265
	22.914196	36.589280	12.584230	20.171873	-13.144045	2.144721	13.092926	-5.120068	-13.057985
	18.525076	19.874821	0.340719	22.452820	-17.662162	30.118694	29.303339	15.091502	-10.715034
	-1.127366	10.079703	-25.264283	53.919656	-55.799218	23.264838	0.156409	45.936461	-43.958757
	2.061914	4.816472	-49.456026	27.703128	-56.856231	27.901528	-9.667715	57.249436	-88.143235
	-10.239516	-31.987400	-37.063384	16.381844	-58.954781	-2.238387	-8.812715	42.871973	-78.750833
	7.148742	-23.860742	-45.755255	39.422071	-35.179182	5.623297	-11.634834	50.768936	-55.079174
	-45.886180	-5.766418	-39.828841	6.327790	-20.846958	3.295027	-21.570173	44.519221	-80.857634
	4.603836	-14.234998	-33.471322	0.063644	-16.602004	-13.307123	-33.495011	24.863204	-53.681007
	-6.695023	-14.888421	-19.598497	16.003662	-22.258088	19.925520	-15.618568	55.354172	-35.093959
	-12.665958	-23.761426	-35.144352	4.561212	-29.792600	14.037718	-32.628292	5.027797	-38.039006
	-3.769125	-29.885642	-7.487395	15.659222	-34.232758	-8.126267	-19.669370	5.958461	0.392035
	17.248576	-13.688390	-13.949223	43.477491	-42.854722	22.876750	18.332828	27.856551	-26.317329
	-37.356606	-6.083672	-25.885941	64.362222	-58.532599	23.642168	53.800042	39.846305	-51.017575
	10.335789	-12.196597	-2.162371	57.994033	-60.113168	21.072582	9.156213	32.628326	-34.143927
	-5.934275	1.721773	0.263098	49.993159	-78.091220	39.972482	8.282812	25.542303	-52.678157
	-2.309558	-4.111358	-22.505163	37.835250	-61.865480	19.943280	-18.801856	36.496984	-23.281595
	8.175113	-8.881691	-0.549277	9.629878	21.220422	-7.689735	-1.269445	-8.726396	-18.622432
	15.377422	-22.980920	10.031775	-36.283127	14.412296	4.892754	-7.800599	-35.029572	37.864731
	3.862589	-22.188870	-1.090356	-41.538837	36.253473	-6.322666	-14.335453	-45.544014	-5.983296
	-25.651117	-10.765932	8.381545	-34.870133	41.612263	-15.117986	-9.091184	-32.571911	0.282634
	2.050440	-23.592727	4.243604	-43.512251	19.106423	0.397192	13.124827	-66.913014	22.238610
	-2.554878	-10.309842	1.311685	-2.385675	19.971425	-16.955983	-7.989107	-36.565190	9.173290
	-3.196617	1.300706	-1.179503	-9.065888	6.507290	-8.029235	29.813777	-26.188561	9.152507
	6.319869	-12.599714	25.720781	-11.923100	7.945595	-6.175271	-2.677877	-49.538250	15.317393
	23.112879	-5.975923	22.552958	-30.427658	18.802282	2.865538	2.123506	-45.751922	4.953839
	-6.413912	-28.563742	6.631039	-54.180593	-3.037984	-15.324474	-20.691184	-27.362052	17.640159
	9.000068	-29.370642	37.506496	-47.059195	-5.526608	-6.222241	13.193613	-50.578388	16.968584
	26.511339	-36.819120	33.986495	-49.482780	13.133216	-10.557034	16.263935	-23.354229	48.477494
	10.514042	-20.168733	14.175122	-11.017538	34.831522	-15.942705	7.033069	-26.080461	41.115613
	-22.829932	-2.058981	7.352778	-13.829306	25.097878	-21.598110	-0.172656	-36.993625	-4.404282
	3.277994	-23.703228	9.825710	-31.503881	26.042391	-48.583388	-19.670534	-58.503783	31.559643
	12.683308	-9.053940	-8.467864	-31.810845	35.977882	-43.949723	-6.896736	-8.511563	8.634921
	-8.619074	-9.178147	-33.790944	-23.371090	27.407462	-43.425338	-6.263890	-33.678026	6.537795
	0.319027	-24.100365	-1.248696	-27.806232	15.059750	-11.977274	-7.651556	-1.179667	34.119914
	26.816421	-22.486785	-5.805053	-19.688269	14.611932	-15.022851	8.542157	-30.354412	7.459582
	31.119823	-1.795709	-6.775316	13.312148	-15.235480	3.481751	10.572845	-7.557793	-4.880860
	45.129579	18.065989	7.695776	20.218661	-26.420242	29.685096	24.710891	-9.852696	0.158626
	41.224406	27.204417	-5.633020	41.498887	-24.395559	8.672655	27.562543	24.112740	4.780258
	47.395198	10.089028	-13.177096	50.196225	-3.927576	9.120704	6.582396	26.852976	-13.421577
	28.689168	7.844502	-6.516079	46.574011	-47.714531	16.070231	20.403093	29.735490	-7.950557
	47.130452	-10.223452	0.302939	25.466175	-40.532142	22.852508	25.302699	52.717464	4.515861
	29.708422	4.207112	5.572973	50.390645	-50.482293	21.943844	20.460047	40.603108	-17.432176
	38.339548	10.148676	0.855367	43.852543	-48.537750	7.310357	-8.874757	25.166171	6.488052
	6.617342	5.085780	-9.820747	18.083108	-32.962982	-16.564277	-2.250162	19.958494	-28.036903
	-16.948924	7.332956	-20.239005	13.184831	-11.205216	-2.478073	1.273288	-15.181080	-32.383916
	-9.292863	22.219851	-28.441704	-6.201143	-28.910278	-24.046103	-2.276199	-9.005360	-37.312914
	1.760175	0.201469	-41.438589	2.278605	-21.132389	-9.286795	6.592532	2.214178	1.664282
	17.604765	0.218046	-17.953635	13.989924	-4.514125	-22.028373	21.597606	3.282626	-22.968853
	16.108842	3.284970	-20.599967	5.645036	-1.428713	-16.058601	4.231836	0.948461	-27.883710
	0.041530	4.828201	-1.722061	0.998971	-1.469015	-17.104759	21.375067	-39.701517	13.702748
	-5.218700	3.430503	-24.800339	5.406095	-17.238003	-16.986411	24.265284	21.799306	-19.827875
	-17.732391	2.568985	-7.780964	-27.198667	11.611887	-11.694720	-21.904452	-30.755570	-3.624719
	-7.542795	-2.306188	-9.174151	-46.390648	16.183490	-6.464153	1.436347	-33.157355	-5.260538
	-0.211634	3.528987	-1.177187	-11.993266	9.666334	-18.753219	9.684752	-35.632487	-10.059821
	-22.295927	12.398667	-16.419235	-24.399582	9.649590	-25.109715	-9.319571	-30.249922	-2.165372
	-48.144037	-2.772597	-17.783273	-35.264775	-5.675571	-50.658608	-37.835672	-53.037291	5.624627
	-36.085224	-22.359658	-3.033357	-34.978108	16.968652	-3.599019	-49.753025	-23.101146	11.381310
	-14.932330	-43.601848	-5.814750	-55.398542	33.485319	-44.507542	-21.572241	-28.229743	47.474790
	-9.313516	-34.327105	16.608910	-49.049900	17.660739	-8.458176	-25.166720	-48.674586	20.917184
	-3.701384	-60.935865	16.688370	-77.237033	10.198069	-13.136037	-22.815582	-42.867502	31.683956
	-1.972622	-56.784229	-5.408902	-91.811515	22.947159	-20.280089	-37.173339	-73.706892	64.064897
	-25.940381	-28.550610	-13.794521	-70.667670	1.187124	-5.057824	-31.029404	-47.328903	6.267760
	-0.327556	-22.736145	-30.050146	-54.008558	6.640435	-21.247175	23.291246	-45.991808	-3.725921
	29.958246	-27.608513	-22.286813	-47.152299	-0.030386	-16.302913	-2.516884	-36.122764	-16.168508
	26.014395	-27.288845	-16.396982	-44.505833	1.354389	-3.207872	5.219731	-25.118383	35.802824
	-24.485922	-9.088534	-13.074905	-37.076089	25.354392	-14.243263	-7.184505	-22.359083	-8.030378
	20.777889	-17.545865	-11.862810	-56.034861	25.154230	-9.282311	-11.814093	-33.404828	37.860309
	-14.517844	-19.186828	-13.913075	-46.408344	23.349419	-14.761370	-19.532099	-40.631249	62.745419
	16.973846	-8.502884	-3.247838	-55.848463	16.824673	9.816032	11.658985	-16.386018	41.744554
	14.601785	0.185961	10.669250	-39.754735	12.541425	-10.024585	11.983567	-31.438839	53.328875
	19.800280	-15.516673	0.844419	-25.029302	41.176683	-15.601055	1.818326	-48.342165	33.075708
	10.761990	-15.871653	-5.248432	-39.980504	23.751761	0.607816	-6.613796	-8.220662	13.331606
	20.838710	-24.432029	1.194110	-9.111287	-18.704617	4.658282	-9.773703	-24.220359	15.272445
	56.628902	3.991960	26.491328	27.599176	-48.761390	11.067964	57.861454	7.635200	63.074511
	28.327720	19.144706	28.311140	31.175030	-50.491584	32.597005	61.828439	29.745216	33.028334
	52.968934	30.758328	24.530849	57.981433	-43.447017	47.707439	63.047262	29.464954	16.797526
	38.110476	15.779526	21.459416	24.877976	-19.803063	29.351098	53.138053	29.004813	20.747193
	1.392218	21.417789	26.705935	6.866031	-42.458092	26.459718	6.449774	6.168602	-20.206438
	-32.200538	-6.396466	29.195706	-34.835308	-45.325685	0.645283	-38.273396	20.102287	0.209564
	-32.411652	0.163054	18.359321	-40.225818	-18.821746	8.967721	-15.767580	-15.130156	25.580678
	-30.962901	-0.222765	18.617580	-43.142928	-15.057029	18.149564	-32.848650	7.075721	-1.557348
	-7.574727	-6.874009	36.907929	-54.799145	-30.547662	20.619034	-39.262971	-43.664423	10.406776
	-15.026283	-8.628373	15.101021	-51.915568	-21.954918	5.821116	-36.748208	-45.900185	16.869928
	-0.945648	15.268928	26.463062	-33.690311	2.003296	13.807575	-0.500646	-34.756931	18.915887
	14.625895	5.824483	37.857638	-12.618778	-11.342082	-5.201964	13.596788	-7.163185	37.245433
	43.965956	-3.010771	10.243162	11.223054	-11.343258	-4.380517	11.772006	4.839685	5.849689
	60.811433	7.125535	16.488280	40.366271	-48.534813	18.741300	38.581279	37.296773	38.875691
	91.673480	10.923397	48.779664	30.430829	-75.637676	51.636788	61.926373	16.110874	51.440180
	82.597745	24.153014	75.810124	-4.876040	-83.742578	52.925281	50.151945	-7.160993	107.280218
	41.406390	20.436472	46.513246	11.241724	-69.096300	5.869519	34.393892	-3.216082	24.110450
	68.185006	54.540004	84.016795	-15.793100	-44.188121	50.469204	41.655295	-9.603255	109.573247
	83.019424	42.750308	39.633676	21.970673	-45.824872	23.254428	41.806492	2.231220	39.020182
	35.894968	59.083088	59.857697	56.187446	-70.559763	55.333826	36.610437	37.948186	55.017645
	69.209330	24.151786	44.951399	41.048363	-55.056540	7.873190	57.891374	24.558934	36.836012
	60.502081	-19.941328	48.395126	1.240395	-82.093680	24.959525	40.390823	-0.043665	71.028379
	96.976379	-15.381420	38.166392	25.617534	-87.151152	22.525449	54.759399	2.790093	73.797276
	72.056732	10.936134	12.475117	57.512175	-63.279033	12.379381	60.680648	33.037641	51.014049
	44.888630	62.076374	21.040051	77.452260	-18.703054	28.555130	86.734707	41.161702	18.235028
	39.268037	78.223899	10.069055	89.038830	-14.930449	3.908022	48.378198	11.177234	-29.202266
	30.986444	81.194301	6.684622	72.326971	27.442823	16.412355	49.889358	8.079187	-14.818116
	24.347007	93.549069	-4.091159	65.733062	41.636410	31.763116	54.487788	22.614493	-13.708760
	-0.069203	62.784900	11.893916	34.992221	7.360221	28.178372	4.002472	-1.659087	-31.533581
	4.841083	38.430590	1.674815	43.238947	-16.939953	30.512137	21.292974	18.858623	-56.754733
	50.433065	19.827759	2.309939	63.837686	-39.147270	20.565966	40.804336	22.857333	-16.683444
	45.402977	10.844464	24.277536	81.549665	-27.739358	3.295778	46.941330	48.673977	10.984308
	30.591906	-4.248897	13.880739	104.550628	14.089376	7.653962	32.136338	74.543864	19.022413
	48.757310	-10.711156	5.656577	109.510546	36.039021	34.259399	47.409874	48.455725	39.196508
	18.848260	0.645721	7.300364	72.576989	26.416683	18.148361	22.591974	85.138984	-17.853812
	25.267115	-14.535504	21.156705	56.456019	40.863767	17.617598	8.369236	48.456253	-14.656793
	-6.623055	2.754788	34.489698	43.130880	48.581198	11.991277	2.054916	14.625069	40.966084
	6.483071	3.384871	37.481329	24.706802	22.487004	16.314054	-7.617346	18.463701	23.006858
	36.260685	7.481726	18.125306	6.986886	-3.585064	29.954950	3.235709	-3.428041	48.779123
	34.705715	3.864299	58.712202	-7.444848	-34.381429	33.195043	-13.658814	20.305227	42.341576
	36.040781	-25.065915	24.553788	-21.995031	-26.317232	10.071141	14.656317	-19.436180	29.345965
	31.690516	-18.116577	18.861840	4.354611	-21.222447	2.306627	18.259187	-14.498917	39.739747
	20.888399	-16.809312	11.843971	53.788291	-30.553595	18.743171	38.210597	24.956750	18.687332
	9.645593	-17.690937	7.934207	47.332345	-4.370969	15.897896	11.206225	50.625426	32.408199
	-10.371506	-6.667643	-10.762197	30.218393	34.787369	34.994670	-4.557152	34.212208	5.162670
	-58.101295	13.501435	-26.005806	19.996227	22.121370	31.844245	-7.445672	35.549006	-6.691898
	-35.256545	1.675438	-39.720466	19.656203	12.526229	-3.627988	-8.457997	45.125215	-65.778971
	-52.704727	-6.516914	-30.218065	27.883823	-10.529880	27.832947	-6.871450	39.669843	-59.363985
	-32.003241	6.119099	-25.857200	50.474416	1.828971	22.868684	0.694797	58.517391	-23.360821
	-28.795622	4.190357	6.911238	21.846070	-4.229238	18.897199	-8.121002	65.658511	-34.286356
	-9.344333	-1.586902	-7.025323	46.292077	26.837693	3.019132	-17.637255	63.382925	-48.869075
	-41.032062	16.830542	-11.463433	33.861471	11.092627	23.996215	-7.537395	42.928741	-21.368396
	-41.310688	18.980318	-8.529340	18.150913	49.694962	7.455455	-16.276979	68.861980	-21.133202
	-30.597004	16.295035	-14.185075	6.795384	43.772123	10.735998	-41.699503	43.473083	-15.654124
	-58.352941	13.079711	-15.720283	18.206355	63.701743	14.306686	-6.766571	52.031453	-12.047464
	-52.694092	5.597320	0.815852	11.030010	11.329478	-0.512307	-9.622064	20.828724	-18.685206
	-56.907240	-4.418625	-10.508219	10.027191	8.916053	-8.703645	-20.998408	5.746440	-29.769488
	-24.695368	-1.624509	-3.013905	1.851438	1.232780	-4.341783	-5.433913	-2.755483	-16.213635
	-29.177617	5.086287	-16.536841	-4.136999	-7.214802	-20.194828	-2.603211	24.160265	-9.146160
	-39.442248	9.432759	-17.428276	0.835738	-7.552239	-16.678313	4.397650	18.290661	-58.970219
	-34.045442	23.643745	-6.813763	3.375202	-12.327279	-18.388660	3.043940	14.573232	-39.081343
	-36.450989	21.695595	-12.179286	24.033061	-0.386181	9.780324	-15.340371	19.194408	-35.729931
	-43.826424	-5.621271	13.178854	-4.257861	-8.668678	22.340214	-28.468602	-8.959996	-12.902745
	-32.857309	-33.317963	-2.670752	-46.479496	26.595543	15.789903	-47.838229	-4.174856	-1.434795
	-30.092748	-27.819492	-20.947557	-50.339862	61.640352	-11.156830	-38.823594	-6.665193	-8.147375
	-14.555618	-28.130640	-20.166744	-42.878008	21.346602	3.062816	-41.269473	-2.051102	-15.509407
	1.591358	-28.425924	4.082039	-46.244594	34.293119	-4.559208	-38.270639	-23.397381	10.307573
	-13.271576	-18.991813	8.560130	-28.697902	-7.558781	11.352911	-36.120764	-26.337226	-7.509243
	-16.422046	-35.618247	-3.119396	-28.223181	-2.331054	6.301263	-23.155116	-6.813005	-31.290181
	-16.644926	-23.303381	29.086300	-46.690828	30.832242	-3.081755	-47.279002	-19.997288	28.692825
	-34.316085	-17.111778	-15.368615	-16.288135	37.391426	-26.495681	-23.843870	-28.568266	-32.406593
	-29.128287	-24.216443	14.122412	-56.313490	57.562403	-22.915137	-33.739743	-31.834934	-12.255129
	-27.180012	-28.512776	49.025158	-54.381325	51.836768	19.142137	-22.637197	-60.017749	16.758927
	-11.825610	-26.730974	43.235509	-51.070385	57.599100	32.989227	-56.582134	-51.976256	28.788970
	-4.318091	-19.001910	34.246954	-33.357103	48.006549	20.671236	-25.325114	-33.867764	12.428652
	25.754724	-12.644210	-6.302803	-10.532948	19.534422	2.165821	-30.703687	21.603458	-33.939214
	-8.064452	-3.588040	-56.841680	-17.956236	47.786186	-11.012325	-5.166029	-18.107115	-42.255821
	-21.389306	-6.369968	-20.489247	-46.108725	73.248580	-23.183597	-14.850270	-34.324629	-13.792732
	-47.396134	-20.276132	-1.458396	-71.272218	67.742257	-15.477250	-19.236258	-66.685500	-17.039443
	-30.303444	-27.592729	-58.581255	-68.319065	62.544601	-26.338675	-30.041300	-39.577836	-32.567982
	-46.887434	-3.598992	-47.481254	-63.907276	83.121090	-13.652002	-49.692588	-40.578827	-28.191202
	-34.890708	-14.079401	-36.379138	-71.566618	75.970899	-14.275178	-30.038080	-30.271347	-27.752571
	-33.404888	-10.736489	-28.648958	-49.804220	74.237965	-43.729319	-43.074835	-43.150526	-0.260558
	-33.168507	-1.055911	-46.611377	-14.883894	61.940560	-49.905858	-1.245337	-26.463599	-26.992937
	-41.648555	-4.363455	-6.192153	-16.970844	33.867604	-26.961262	-25.670562	-38.538449	-60.621252
	-12.390720	-4.236426	2.717912	9.136884	60.471595	-25.176846	12.442549	-1.848607	-23.554953
	-44.899694	7.775288	-14.823784	12.177945	35.202142	-11.564307	-26.710167	-6.728104	-45.005118
	-20.517202	4.772345	-22.312399	0.223980	38.980877	11.355377	-13.113759	8.759535	-42.024345
	-17.627198	-21.173019	-30.152868	-17.175555	34.127742	7.831593	-32.691227	3.042980	-51.554702
	-21.961414	-13.911221	-59.195979	-7.792289	-30.567588	-14.504990	-35.280826	21.857936	-77.505075
	-17.059402	-18.822912	-68.469569	19.921077	-31.431631	-33.678039	1.308284	24.058610	-56.615976
	3.452941	-3.612134	-64.859389	17.408005	-28.763343	-35.220644	-1.367241	0.556498	-57.077672
	-29.849297	0.717226	-68.852467	14.993049	-8.384403	-27.250100	3.565299	9.229971	-48.223843
	-30.942043	25.629389	-41.115476	46.473016	-10.537902	-16.946149	15.799537	22.736357	-68.854042
	-37.871008	42.790407	-49.399359	67.691608	-11.451851	-22.096573	2.558518	27.508976	-65.219978
	-14.613613	36.622874	-17.707508	35.787508	-42.586539	-23.898134	2.170870	26.629634	-10.790973
	-14.282480	45.462160	-37.428570	50.923013	-16.169188	0.060705	16.616485	39.068460	-54.716058
	-15.943308	41.846640	-30.430331	25.837818	-26.374243	13.100426	3.342212	28.900967	-61.039996
	-33.594191	12.705458	4.716079	12.388552	-24.626355	24.134900	-13.035257	16.035970	-21.873894
	-4.793709	-1.182200	-5.365277	-9.680483	-31.635087	10.119166	-11.386016	3.233771	-14.023181
	-10.724167	-2.369801	-12.994246	25.402919	-43.052227	9.500976	-4.971029	39.499224	-54.434822
	12.428532	-4.346249	-27.926504	27.705987	-59.108621	9.005663	-9.183515	46.917529	-47.468585
	5.237121	-9.065770	-18.252619	13.237753	-57.035402	27.966373	-16.962736	23.824335	-2.578603
	14.484072	-0.988120	16.342471	-1.985142	-48.042484	-3.125985	1.789944	7.105177	21.150030
	15.240067	10.370877	26.384682	1.766664	-38.433812	16.079641	3.546691	-0.003492	2.478279
	11.194929	-12.888804	26.605089	-36.897121	-14.644969	11.872180	-39.059802	4.858717	15.103960
	-3.304070	-19.214040	6.257109	-43.272016	-5.959038	14.840232	-40.481004	-5.508927	13.442909
	1.968470	-13.844497	-5.871166	-17.429868	-11.254404	-17.718856	-21.284490	-0.965315	10.302233
	11.157281	-11.794808	-21.885383	-36.698222	-1.814081	-26.704510	-18.555213	-24.963908	1.296323
	11.844861	-20.316700	-19.807799	-43.591350	40.794480	-38.445928	-23.311909	-17.539363	5.467575
	5.287182	-3.503143	1.811838	-42.425613	43.999389	-30.925568	3.477183	-13.457772	28.811934
	7.237287	-13.173501	-12.542279	-48.641413	45.691271	-40.678495	-26.377506	-24.275507	38.496036
	-1.059364	-16.082046	-19.152249	-69.219944	59.931365	-30.649676	-16.701906	-35.847065	34.546992
	36.405047	-17.258728	-17.015125	-71.085410	68.229668	-24.533693	-15.161955	-34.584146	45.379714
	2.494859	-12.085633	5.371906	-44.964169	62.945236	-25.927642	12.508037	-45.346357	22.713808
	18.076354	-34.833943	-11.580154	-70.389163	47.914211	-14.164512	-8.641963	-31.732084	50.620650
	29.569734	-37.594821	-22.522442	-58.782391	58.873368	-11.398319	-17.612695	-53.328838	41.644882
	-13.792753	-9.773820	-23.860329	-36.963285	62.895496	-24.805025	-23.654248	-17.475346	22.696429
	3.384082	-16.197900	-19.985051	-48.792771	30.439366	-10.567475	-7.636329	-38.947156	22.399820
	3.253455	-14.469140	-18.511810	-57.735966	54.041242	-29.887355	-30.085044	-7.485312	14.700060
	5.672252	-14.215094	10.578948	-58.720284	45.861146	-27.219986	-19.942574	-21.613846	14.668953
	-13.615730	11.392396	-15.128223	-25.427867	25.475910	-27.258704	-21.012321	-18.451237	10.894813
	-2.470781	1.163305	-6.889050	-6.152132	-3.237093	-21.569606	-0.747841	-0.733552	-54.027860
	1.215816	10.414135	-7.213709	24.940993	-53.432577	-4.678110	5.962081	17.068555	-22.217322
	8.834587	56.610775	1.632244	73.842459	-9.646916	9.763654	38.785907	28.257447	-65.483542
	-22.175905	27.815694	-41.903809	48.829604	2.769463	-8.087367	11.298452	28.779442	-39.925711
	-38.288578	20.422352	-29.809427	75.753403	-19.623410	-28.337419	29.381407	37.529279	-90.627361
	1.627578	19.267786	-10.699532	84.480075	10.549239	-3.627571	28.721555	54.986105	-25.795396
	-22.941866	37.538353	22.218229	76.346382	21.175581	-6.200187	51.169500	41.732351	3.231808
	-9.351355	39.696725	-20.579106	70.144293	38.526393	-20.256250	11.978063	36.090506	-47.193864
	-20.071839	28.532563	-20.117915	72.278637	-3.784343	-11.451032	13.871953	41.744331	-63.031440
	-36.206339	12.212087	-18.991964	40.903101	-33.848923	-22.642907	-12.054661	30.115850	-76.686559
	-22.491671	28.498950	-33.814532	59.116370	8.297685	-23.752635	13.030196	35.846152	-45.623773
	-55.848480	32.191661	-11.995728	42.035053	-13.256611	-27.162277	-3.145496	43.458245	-57.231335
	-18.895811	23.074181	-4.770497	25.095772	-34.619566	-16.693860	-20.567009	40.413613	-25.614190
	-29.064213	19.979431	-6.998009	38.169295	-22.393042	-12.366896	12.595820	28.603587	-12.368001
	6.386796	43.935230	6.044229	50.639399	-3.812738	-50.509989	31.230800	35.745389	-30.266210
	-17.139125	35.649755	6.706850	48.545010	-4.851670	-4.018560	11.832367	17.874681	14.001217
	-4.916390	50.024455	8.327098	63.108151	-9.074265	8.990431	35.176125	31.218475	-7.499732
	-12.822210	51.745050	19.077522	73.760993	-16.546753	16.259829	19.235409	18.482021	7.028501
	15.928069	39.275936	-0.450926	73.553844	5.109345	15.900893	42.310903	9.920374	-2.915995
	10.593554	25.963832	-6.296870	49.933786	17.020486	9.670612	57.407610	3.127980	-19.885511
	23.316133	16.184193	9.333252	52.272118	30.474913	13.626924	32.222492	5.534844	-2.072059
	5.514746	16.442498	-5.704643	62.523158	-2.243801	-26.326585	36.766826	28.912812	-39.456218
	16.280450	4.425127	18.969082	49.732654	-32.504022	-11.336636	32.935711	-24.993280	-5.862416
	34.774368	-22.167480	16.808417	25.749415	-50.410665	5.023062	27.984065	8.125570	2.616340
	28.984132	-39.995024	1.320254	-10.304866	-64.665271	14.408523	10.134195	26.261982	23.219867
	24.367312	-33.591577	-12.164731	5.144080	-62.454232	14.769483	2.695309	21.013527	45.331226
	8.686484	-17.396526	3.853722	10.213514	-60.356533	19.325484	-1.350520	24.582725	-11.190595
	1.329162	6.088986	1.511728	37.990353	-48.911332	11.623509	3.142835	40.902037	12.189982
	12.782560	5.713077	24.247117	25.678068	-15.421191	38.217082	-2.360435	51.531956	-28.754483
	-1.899952	5.851125	43.293873	23.984927	-16.537716	36.253544	-24.802122	42.394626	-1.014822
	-20.749928	-6.022684	47.997792	4.182127	-4.340007	17.423339	-27.110850	51.865201	42.783614
	-17.347829	0.060684	33.946995	-8.480653	-60.064064	-1.894444	-20.226992	62.054450	-15.543004
	-16.413235	4.672373	49.198035	14.905262	-33.247798	0.813046	-21.855829	29.484580	14.536006
	29.557425	39.777850	109.062052	21.144176	-14.560221	34.390099	17.052928	10.861070	51.225153
	36.399991	-5.194408	56.555328	-24.327273	-20.031306	58.309572	-6.702465	2.411958	56.636091
	63.642260	-31.966665	85.044669	-31.611519	-28.116607	112.143831	4.702039	-0.888568	102.262684
	69.944526	-39.554161	127.190686	-67.208407	-10.576193	103.077373	23.548695	-27.063768	159.632739
	37.241748	-56.579008	94.621020	-78.411714	-16.141628	83.641812	-15.532425	-45.794996	130.058776
	54.598852	-34.673754	19.156518	-62.836996	-8.268749	52.053571	-29.758927	-34.922610	72.465470
	33.515213	-1.175878	-36.340847	-18.919634	-9.206720	-3.541841	3.385191	-5.929632	14.695362
	38.630417	35.147638	-51.807923	-5.815570	11.564410	2.333696	-1.746972	17.543463	5.568346
	37.346229	26.679244	-10.442542	-22.141486	15.259100	6.947501	-4.147816	6.582042	-6.201842
	37.368377	21.239741	-17.108962	-29.494819	20.004072	-19.961814	11.607617	-12.816745	27.072222
	63.200679	6.646924	-22.191518	-43.535804	20.515035	-14.851170	15.252832	-3.823766	-0.962553
	22.730837	16.445199	-19.801079	-40.010311	48.675614	-13.650327	-15.852481	-21.765434	5.296092
	38.596723	20.723560	-26.007540	-37.646110	52.077443	8.327433	-6.270464	-25.467718	4.742663
	33.022495	17.645036	-35.011300	-23.954256	42.668420	13.744525	6.285009	-19.253861	-20.630463
	19.779303	-9.073629	1.437913	-32.681585	15.293038	26.060107	0.678610	-36.022186	1.218454
	37.197464	-35.122864	26.649339	-77.795888	-37.783020	24.263109	-23.219806	-57.455018	61.436128
	41.187472	-26.465278	6.363071	-42.912424	-28.625295	31.259992	4.979324	-34.618667	21.011560
	43.011350	4.994824	-10.938752	7.299296	-5.234855	-10.115056	-9.669138	-0.823232	61.137218
	-3.020481	-8.811938	-23.027306	9.878631	-40.622408	9.139665	-37.289467	29.616697	42.460911
	14.443852	0.836558	-15.566122	14.853092	-51.349303	33.202476	-31.350357	44.222353	-1.132551
	10.022840	-2.511617	-18.335890	35.445152	-24.580296	24.278255	-23.392931	61.281765	-10.878917
	-34.238882	9.285991	12.419561	35.749165	-44.478244	53.046543	-22.953986	67.394115	-1.572658
	-60.839596	37.625910	-14.612741	69.906559	-49.962537	32.120459	-38.671496	101.908277	-55.271593
	-58.322029	34.050692	-4.466667	52.293709	-48.808260	21.288104	-21.796229	84.534284	-53.921304
	-54.261856	30.330219	6.757155	36.656357	-50.353815	11.652907	-37.384286	52.271009	-59.355114
	-62.709737	8.109060	-13.413654	4.164374	-75.785226	-4.780012	-43.762166	13.202311	-59.884783
	-38.647397	-8.212910	-31.754254	21.047098	-50.150057	10.667865	-24.450155	45.545098	-81.590873
	-24.708856	1.705000	-39.787684	27.552853	-23.071694	5.674922	-16.080657	41.574870	-56.361743
	-26.397967	3.824259	1.507872	29.255485	-18.510744	-2.550642	-2.209693	25.941348	-47.751745
	-0.433485	-8.032429	0.365730	7.984749	-41.410267	-20.453926	-10.238457	22.499080	-18.409062
	-4.715214	-18.743032	4.898113	25.061062	-20.205150	4.348953	-10.361608	40.244549	-26.925413
	-19.978681	-1.508801	1.740814	61.717857	-22.790234	0.207810	2.239570	35.413742	-40.138452
	-29.618065	2.650642	7.149689	34.252249	-3.140639	-1.345486	5.333477	6.130209	-52.547262
	-38.544449	10.938725	3.174555	34.522124	2.462783	-10.696108	-0.843743	-9.145691	-31.288527
	-11.945725	0.016610	7.000520	12.725015	6.110905	0.569360	-7.496642	-23.025212	-27.262421
	-22.403733	4.624508	23.736142	36.291553	20.599662	-7.638057	4.374145	-15.891101	-18.501813
	-0.008823	-3.838744	1.990456	7.057699	-1.703641	-9.990304	14.440779	-40.705832	2.721076
	1.372185	-4.291305	14.387902	15.132807	-3.456614	-11.067889	-4.836141	0.852135	-33.457542
	-38.883114	-0.597479	-24.860615	18.320360	0.708660	-8.606506	-26.141395	8.054359	-54.337298
	-41.736148	37.897259	-12.122021	28.586836	-13.044128	-23.691587	-14.980790	-14.054445	-71.637122
	-42.261878	40.208918	-9.554530	25.644296	13.263311	3.483941	8.119036	-15.387016	-53.976213
	-32.429688	43.915299	-25.325626	37.581568	11.025820	-20.469425	5.685953	1.141041	-55.531180
	-45.888949	42.145135	-25.668742	61.594497	29.050961	-31.459796	8.009499	-18.313021	-59.912812
	-42.593191	15.650562	-8.212656	35.645219	25.472634	-30.836106	21.526369	-11.834764	-26.646505
	-26.287783	18.795452	-7.331966	29.481872	36.926323	-7.643733	20.749247	-29.142301	-25.500353
	1.698540	20.356069	0.763320	43.167398	25.469454	-4.171217	51.322282	-29.409380	-24.420887
	23.927493	11.457264	13.880850	21.602285	24.054719	-0.505578	59.756854	-23.194365	6.039348
	21.640687	20.334631	15.754372	24.922297	37.207821	0.229739	61.715927	-30.477547	-5.234875
	16.193703	25.722269	4.590195	28.851708	59.922410	-10.143323	44.929489	-31.308729	13.510154
	8.851498	20.629701	6.267987	42.392341	67.632806	11.716482	72.012868	-49.298349	20.241762
	24.986997	27.370150	15.721006	45.657839	61.676789	4.297782	92.927646	-58.761178	30.452768
	-11.139506	24.003489	23.314514	36.705685	21.112874	25.810068	84.952575	-28.873913	-6.597375
	-11.793331	8.965343	25.822913	5.094165	27.438121	10.419085	45.085256	-33.922084	15.165570
	9.159652	3.679244	13.202807	16.056584	30.787324	-5.616902	46.233281	-61.911640	2.911695
	-12.496880	0.323369	28.547980	-2.080559	30.867128	8.333225	46.247685	-57.039153	-9.789627
	-1.851736	-23.794357	10.098888	8.079917	37.777498	13.397023	34.233963	-23.180479	10.687171
	17.927442	-41.289659	-14.882571	4.851063	31.806646	-6.180830	26.740552	-23.596283	9.202789
	-0.352946	-38.774830	-9.785860	15.026400	15.564855	-9.384980	4.619694	-20.627654	5.527672
	-11.043681	-45.862535	-2.164545	1.553252	-3.693068	17.625815	-10.387776	-3.520086	9.695623
	28.186330	-56.662785	-11.222377	-30.438127	-5.243851	17.011311	-6.395355	-11.250743	50.264272
	-1.774487	-40.120877	-23.420777	-23.971024	34.459355	-4.041797	10.536041	-22.080139	-6.255247
	31.915716	-19.606344	-11.980577	-8.081058	30.290211	-15.833511	-1.089371	-18.928877	13.508426
	23.759034	-27.359251	-1.659898	-3.890056	14.649918	-9.940479	10.732940	-32.550226	33.390704
	53.406563	-15.378622	-9.295246	9.614172	16.487097	-16.046117	15.651055	-29.486721	35.846633
	70.746415	8.594475	20.678369	13.822882	30.005272	-3.551054	56.578761	-47.687437	84.426231
	81.104166	30.110415	12.342841	-0.503170	11.872460	4.468396	73.193177	-13.076069	65.681037
	48.275025	42.950415	-9.359985	-24.386794	24.696832	-12.198228	43.719337	-33.108627	56.316397
	37.075876	60.803778	-9.228919	-23.167256	44.721789	-16.765448	60.510196	-67.785248	62.042731
	39.416679	28.355443	33.883359	-12.277409	42.760972	-18.909689	37.942457	-39.741996	82.953515
	50.735430	-10.183460	39.421565	-1.868561	15.192802	22.451064	38.005142	-25.607314	73.617371
	42.531184	-19.591308	30.247744	-1.956975	-14.336875	12.529154	38.624021	-22.226145	69.402347
	39.534497	-37.775172	37.226399	-28.544055	-26.203505	9.569160	27.487748	-17.166996	71.338215
	45.639496	-25.672010	16.412785	0.458594	-47.270498	17.994374	24.721654	5.356409	83.817260
	36.363753	-16.954426	-7.201118	15.226744	-9.154512	-24.628347	60.790291	30.835899	45.281119
	49.604805	-6.867892	-15.041384	32.483940	-22.607273	-18.229555	28.478391	20.933854	28.036961
	27.776154	-5.449985	-29.155183	19.217834	-39.552353	-23.832648	-0.475062	13.507062	29.816772
	-5.647909	8.594800	-37.397424	17.370486	-29.681787	-22.029889	23.124256	-15.470205	-27.085925
	23.494752	18.873039	-35.201916	24.640748	-11.590049	-38.065187	8.306763	11.321563	-39.565202
	-4.782131	23.289614	-39.180420	-2.496565	-26.235360	-24.032817	0.746290	-2.412656	-37.311869
	3.147633	10.217900	-37.884141	-21.199002	-28.086855	-49.055335	-19.040968	-16.076889	-11.213056
	8.696147	-17.904322	2.791353	-42.863297	-10.461011	-25.556453	-9.102944	-42.584357	11.128861
	-3.537913	-22.135791	26.195051	-37.629951	-6.444345	-19.452314	-6.788128	-3.934690	32.954896
	-16.844510	-1.896311	19.660666	2.901266	-46.555491	-18.464155	-2.193439	3.831822	28.602394
	-8.371551	4.591674	46.039198	2.519966	-12.970032	3.851321	-10.022865	14.354195	31.789701
	-27.683353	14.782357	5.625743	18.977822	-23.206576	-4.317209	17.325223	26.593636	3.379830
	-31.567957	25.944063	-18.429409	34.202971	-19.281094	-24.172832	25.121205	14.180136	-52.614714
	-29.409926	44.688862	-27.299764	39.566344	-6.055992	9.495379	21.073511	21.265129	-67.345861
	-66.722598	65.140297	6.938519	17.442997	-5.127247	11.279038	-1.945225	-7.815988	-48.894260
	-51.110096	61.811941	3.444804	6.236809	-17.039553	24.154548	-24.234679	-11.952341	-37.581694
	-20.498558	53.177841	26.307034	3.572486	-38.422766	-4.714551	-27.758781	-22.105655	-29.407403
	-19.214084	33.750615	-2.095070	9.336734	-40.129446	-16.313427	15.010564	9.190258	-69.043208
	-20.203143	4.387410	-10.756271	-4.254752	-30.495683	-10.822941	-18.751008	-21.970409	-41.328546
	-3.720326	2.496031	-0.605768	14.182188	-6.399764	22.612545	-17.362721	-4.063132	-43.459352
	-2.580204	-8.600942	-7.172583	12.081472	24.270349	14.897952	-12.620652	-0.290055	-47.146021
	-20.052076	-7.289208	12.281620	19.935509	5.626561	31.283145	-28.544486	6.808009	-52.481621
	-49.244688	-30.594973	13.835017	-2.760848	-23.923150	42.365377	-66.716008	36.201716	-25.122120
	-29.320668	-32.251059	14.991026	-20.314528	-23.696619	39.078528	-67.523019	36.963970	-20.500924
	-42.066812	-27.168680	6.416286	-10.699607	-18.776292	21.199108	-58.061701	14.637132	-34.458843
	-31.167242	-25.203179	-7.600797	27.499746	-0.578799	9.190837	-19.032198	29.355175	-71.039762
	-39.653106	-19.046703	-0.485148	24.347240	9.086906	9.963883	-6.168572	27.312996	-38.738966
	-13.856958	-22.202513	3.170391	10.864482	-32.852802	13.724524	-12.106580	27.379852	-0.484933
	30.189620	-43.193581	20.225884	-13.776809	-2.002423	28.928571	-1.527270	-10.208481	41.856229
	46.328708	-31.131338	6.717650	-2.121731	5.451552	16.376504	29.398102	-6.737890	61.287817
	39.895006	-40.629342	33.531557	-35.710726	12.628058	34.197571	12.653699	-39.989462	106.231056
	64.830199	-50.742008	39.584846	-62.177179	-9.957205	16.914405	-9.927385	-34.313122	101.107248
	35.780716	-58.513269	56.681239	-97.658290	-30.809518	31.911423	-2.439146	-32.537499	127.551416
	35.112125	-57.109174	46.913621	-97.111746	-19.193808	10.996672	-0.505744	-46.298901	113.629812
	51.707002	-47.461853	53.447509	-66.556587	-3.769404	11.187172	-21.756013	-40.127073	74.180873
	56.333979	-13.712902	64.752394	-65.784723	-3.201421	13.288875	18.813652	-59.251309	91.606190
	23.049621	28.442203	24.253160	-25.075255	28.793317	-20.921787	45.535718	-81.957843	26.387669
	61.119282	23.627193	14.977212	18.063170	13.541564	-19.304887	48.497870	-52.643579	80.048004
	9.607215	22.808675	-9.662954	17.637000	23.541316	-13.961281	61.831956	-31.115072	10.596718
	40.753925	-22.102776	18.886827	2.372643	-4.514420	-7.027391	52.101285	-36.816575	42.268325
	22.718400	-22.354232	11.121689	6.613703	-36.303823	-13.548171	18.638285	3.942587	31.517309
	31.676971	-8.616498	31.275157	27.909971	-57.247010	13.291946	15.648814	12.307648	24.339949
	51.275702	-21.261582	67.811328	-9.314918	-22.942010	37.149576	30.324600	-20.611844	57.055211
	37.991487	-0.355141	54.738424	-7.986832	-23.303869	32.447917	25.443039	-3.493059	46.291072
	37.735713	0.634253	79.442353	7.905485	-28.319244	48.447653	36.979069	8.155039	79.876814
	61.989668	-6.785989	93.057095	-16.827729	-4.069971	52.562726	27.478142	5.441565	90.235479
	32.484980	-6.752306	80.009442	-5.098482	-26.383664	75.831690	18.098140	32.230569	108.341188
	39.337966	-9.920929	71.533161	-10.584493	8.393253	22.101872	48.284854	13.967770	80.589600
	4.401247	-13.437247	71.029488	-29.840358	23.949669	-1.444336	21.320322	-20.798344	50.386401
	-30.380504	-20.267808	50.391664	-29.185836	-51.315725	-14.978706	-13.473200	-1.765250	34.549673
	-13.107790	-0.092731	19.962994	16.832464	-86.922330	-11.723713	-9.118211	8.753557	-10.255615
	-13.125554	17.256182	28.415397	33.387582	-80.264227	-5.869283	-17.670846	40.451299	-5.555253
	-8.242963	17.153642	19.159171	33.368328	-42.585131	6.509556	17.004931	58.704926	-48.914798
	-53.802745	27.892598	0.008295	43.205204	-21.424160	-16.076026	-13.254167	47.112876	-2.492629
	-29.002587	15.808753	11.894140	35.188691	-9.381765	-7.789913	-18.559876	61.959858	-47.962011
	-46.268643	7.910240	-30.509765	37.828604	-9.739504	-9.892584	-42.974714	71.948240	-74.686681
	-39.545276	-4.182728	-10.413324	23.790976	-5.293253	6.869983	-55.178701	70.333687	-40.129144
	-46.782684	-0.979528	-25.338872	33.741448	57.850393	-13.819457	-62.794078	65.589298	-17.668498
	-31.539224	15.703362	-39.229161	24.434979	32.133834	-16.364866	-58.400314	61.692624	-34.966056
	-11.328639	17.208847	-40.934334	57.333589	44.406681	-5.944033	-14.376146	67.232310	-47.089275
	-13.548703	9.885807	-57.045028	77.309907	58.590307	-28.894828	-5.548222	59.726772	-46.567756
	6.181679	-19.085788	-51.888196	77.480725	54.041181	-12.840609	-3.418004	51.470218	-36.164801
	-15.766472	-31.941687	-60.721976	67.545167	46.237157	-10.390192	15.878923	44.374524	-47.758743
	13.828210	-27.690462	-23.407129	23.470004	69.964804	-10.295166	9.103300	11.395346	-7.177764
	-1.996995	-32.625802	-12.397044	-16.032481	86.139553	-0.101163	-7.876169	-12.878656	21.150833
	11.376711	-32.234370	12.383164	-29.887385	73.481399	-4.423366	-4.195715	-29.225047	61.606116
	7.226355	-22.588589	0.925401	-43.366286	79.916103	-1.991086	-20.309970	2.762513	33.604068
	-13.709675	-29.085284	24.989460	-38.937777	88.461499	-16.952066	-19.345883	-23.693436	85.464480
	-20.777857	-43.247916	9.060051	-78.656167	82.561927	-24.408368	-26.464023	-17.135365	68.025150
	-5.252740	-60.975763	-19.824015	-47.998782	68.960084	-12.732700	-54.038861	-18.463889	10.877002
	3.783754	-41.441533	-20.500543	-29.145373	26.576334	-9.636010	-36.034419	11.872764	1.391716
	-27.846636	-45.318736	-65.977486	-55.032030	12.639331	-10.776182	-33.190501	-7.561328	-53.058384
	-9.047489	-37.379074	-42.095186	-40.962779	8.240112	-13.057948	-28.201086	-5.063888	-62.429446
	-15.093296	-35.571308	-24.060802	-35.970349	-4.001211	-15.488972	-36.045946	21.950012	-18.945285
	30.154786	-19.423236	-12.155414	-21.379785	-11.289824	-7.870410	-23.261782	1.445567	-6.208670
	12.254472	8.564296	1.045255	10.124122	-12.184725	-12.456200	35.673874	-26.301929	5.120624
	51.468172	35.730205	-8.448861	18.978211	-47.371145	-17.066811	50.347612	-26.263045	4.984783
	33.827537	28.387312	-27.774280	63.062752	-28.713012	-30.286354	56.822450	-5.394613	-7.161235
	32.402090	44.286165	-19.593778	70.737785	-18.153787	-16.269656	67.923908	1.965481	-25.226529
	34.797604	60.096152	4.872410	63.827582	-33.920581	-13.311646	55.647288	-18.089117	-5.668902
	-11.833604	57.725808	-5.578553	50.892524	-11.119243	-5.692978	51.342101	3.084839	-27.358348
	-7.055662	39.204012	7.718613	15.963779	-15.107259	8.623200	20.209537	-11.915692	-24.489794
	21.384724	19.902632	4.645062	10.003337	-6.093838	-2.004853	12.673863	2.863591	48.064011
	0.405532	-21.738946	-5.338140	-24.147037	-34.135279	-27.507200	-3.696028	-26.253878	38.981262
	-33.857402	-15.381452	-29.716068	-35.184731	-56.195554	-21.657746	-34.715386	5.628185	12.977770
	-28.011714	-15.408184	-18.327111	-35.405713	-54.627524	-41.429812	-50.457801	-19.577416	-17.498821
	-20.137779	-35.864061	-16.614065	-47.185999	-94.998522	-36.912805	-61.186303	13.451443	-28.721013
	-36.330668	-35.027354	8.170577	-54.332542	-105.147788	-6.713222	-50.273809	-16.063930	-16.546339
	15.661847	-47.666158	19.507290	-84.664944	-68.830984	-20.776331	-54.409394	7.668128	29.779436
	18.439281	-45.215158	43.574712	-55.420556	-54.020608	-9.660944	-23.089131	2.254420	47.474766
	23.224807	-26.493349	41.870097	-64.708397	-12.750214	-17.280988	14.157368	4.740328	77.046448
	16.005092	-25.426494	1.023387	-42.391011	-28.238884	-3.015565	21.022372	-10.196966	63.980623
	60.270538	-9.650881	9.944136	-63.708071	0.746466	3.410409	21.677327	-39.957344	57.282690
	19.517620	15.299650	11.280416	-36.218249	11.588856	-9.119929	22.738951	-32.393640	43.259658
	23.915820	18.889542	-23.138445	-31.311684	-0.245898	-31.163370	-8.673108	-30.517016	-21.990848
	-4.141105	50.264291	-45.146001	0.435043	19.024451	-17.588642	2.694513	-12.167014	-39.396830
	26.623509	38.483771	-22.391954	8.659273	13.274183	16.181893	36.536724	-4.469260	-9.693622
	-7.881591	40.243906	-29.191945	33.198090	1.459218	-23.912684	46.972369	-7.788809	-31.728621
	-4.425345	34.843924	-10.505450	11.004050	10.301742	-12.766984	24.864129	-23.195829	-37.652395
	-24.186900	18.915184	-44.074229	31.618538	-0.114224	-0.962275	25.272225	6.111432	-44.624489
	2.168450	-7.578501	-15.765641	4.327889	1.000283	-18.526020	37.700950	-5.859223	10.530075
	26.591896	-25.620751	-19.658168	16.247644	15.249774	11.516308	18.988803	7.774246	19.240446
	34.569852	-37.952554	1.828175	6.312835	-2.197616	-7.105490	33.071252	21.654358	17.797487
	44.551151	-31.159275	0.283621	9.811977	-1.526985	-11.086674	21.350547	-4.230003	56.289512
	63.723999	-41.149753	38.873295	-22.369106	5.918630	23.974950	31.260256	-33.912570	83.936648
	49.856439	-34.979636	62.053341	-18.605501	48.667424	22.511193	47.606149	-57.993007	80.984591
	-6.131182	-42.514341	54.702665	-57.866711	20.643418	6.621211	7.188895	-50.355519	58.556418
	25.321466	-35.895220	42.298321	-16.539243	28.724592	-1.675010	35.058716	-39.069214	96.345274
	30.602564	-57.243172	63.071627	-23.677740	-17.044931	9.497957	-9.682691	-34.565463	86.057555
	30.466609	-47.046771	32.628170	-55.247966	-6.890013	20.105504	-12.498088	-30.354968	65.859687
	10.283199	-23.800868	1.855300	-43.817139	4.845256	17.388927	6.958117	-27.393437	23.270572
	-1.024186	12.433521	-21.736420	-13.931501	31.142026	-4.234374	-1.646550	-17.801591	-7.681791
	-32.834854	33.162370	-14.128183	-17.370275	50.906164	1.351962	-22.230606	-29.862241	-23.850343
	-21.126758	30.666804	-29.512982	-32.078401	46.767079	20.604740	-18.638921	-6.740026	-28.502250
	-37.339092	39.346778	-38.716074	-32.160776	62.059983	18.955394	-15.202672	-19.630989	-36.357156
	-30.794467	23.810477	-24.851065	-22.533495	36.691411	-3.918964	-23.436290	-29.572655	-36.960090
	-27.325841	8.276898	-36.852369	-5.018081	3.711553	-3.794550	-27.654488	-24.231491	-45.794328
	-9.300866	-2.450115	-0.571628	-28.712105	-1.302728	15.687425	-30.867997	-20.602854	10.318448
	-5.056916	-33.019127	1.841359	-65.472431	-2.448499	-9.582817	-51.299309	-37.046073	48.369523
	9.637425	-40.261871	-10.754790	-98.011731	-1.571136	-8.777978	-26.312099	-43.463350	61.398773
	-5.222429	-32.866614	15.060222	-47.031321	-12.831684	-6.313957	-16.097642	-20.136336	37.290671
	12.505196	-41.083323	-9.661376	-12.888528	-23.151036	1.896268	7.955590	28.427807	35.637724
	8.998842	-32.345064	15.492765	-16.445251	-53.061862	15.675658	-13.564531	60.809248	30.867339
	5.569235	-29.401696	11.422595	-9.707176	-68.255505	0.866830	-45.064610	48.768575	28.004387
	-10.427543	12.749388	-2.520635	34.139717	-91.384596	7.524147	-17.343387	41.311214	-12.230532
	6.600011	-6.479492	25.238579	33.394651	-61.219854	49.526723	-23.895827	60.695164	1.007460
	-25.111098	-13.045677	36.542689	7.668156	-40.271967	10.910880	-46.866793	31.873817	-26.272484
	-16.516553	16.481943	20.525455	13.877702	-28.755678	37.609607	-17.553719	35.115492	6.748323
	-40.488143	38.151703	22.549330	33.520100	-47.597979	7.403778	-36.318636	64.367361	-42.561051
	-15.685957	51.311425	3.091809	63.215062	-39.019245	22.068778	-16.090123	71.818518	-19.326952
	-64.510711	50.745011	12.616942	10.137423	-52.379980	16.158135	-14.376743	63.145604	-45.286134
	-27.919318	31.516407	7.493678	32.834022	-50.605091	9.128152	-5.337877	67.006325	5.775343
	-9.073963	34.568691	-8.563984	47.287673	-66.589315	20.364047	15.510452	51.419262	-40.680257
	-8.435763	28.223685	8.709719	36.341638	-61.818773	31.691511	1.218384	72.607193	-25.745636
	-18.052788	15.720963	23.376475	45.968615	-30.861319	36.794416	-6.902483	67.375803	2.900317
	10.410291	11.137379	45.422462	21.333018	-17.444400	63.673208	13.346364	29.625147	16.708075
	58.073872	26.960328	45.663698	18.514102	-1.715384	51.088497	59.147662	-13.520362	58.200727
	48.061725	34.211229	-0.183507	-13.330068	7.092358	24.990904	44.153076	-18.523164	30.076735
	2.712553	29.881105	-12.056995	-51.573045	4.647840	-19.852044	2.292516	-36.696078	1.652776
	28.939827	31.347224	-21.015990	-50.975366	-18.176830	13.444633	4.752766	-35.124901	-29.954493
	12.567524	24.654158	-26.647436	-35.537007	-8.861676	-5.336919	-17.523606	-12.988922	-1.300701
	24.231959	35.021241	-14.488319	-70.268782	-20.188287	-36.944019	-54.120092	-41.501349	-15.543383
	-12.856288	45.243278	-46.368481	-47.612383	5.560204	-4.774784	-47.474243	-24.276015	-42.368427
	-25.801457	42.085723	-30.981287	-58.716504	9.006961	-21.911910	-39.491774	-18.393326	-51.675861
	-16.928382	52.811553	-27.330137	-36.696350	30.130643	-5.814176	-48.672490	-33.995395	-72.416743
	-42.834778	49.565864	-16.082327	-63.874038	17.008040	17.504454	-66.910323	-66.494105	-63.543079
	-69.384331	46.093822	1.929485	-85.489903	37.658036	-17.650481	-65.533316	-72.457782	-41.998752
	-12.329856	-15.407500	-28.055585	-99.517080	49.557124	-17.599944	-48.239889	-77.126368	-23.662361
	-17.071963	-17.116391	-28.032753	-94.160134	9.385584	-22.645990	-7.867344	-86.721932	-34.978888
	6.491478	10.768724	-28.512300	-39.328143	6.068386	-14.497974	28.846839	-58.695665	-26.193466
	24.771043	13.667773	-12.716584	-39.542672	21.958836	3.150432	14.919183	-64.302575	19.175889
	0.908486	26.020934	2.473357	-34.570572	14.528174	10.800512	7.005668	-65.673099	-14.937871
	6.375151	16.069458	-26.274291	-9.530929	-15.396231	-1.124795	7.622624	-72.068760	-24.989552
	4.511993	15.885137	-25.269753	8.187667	-5.586283	-33.764967	3.783424	-24.526831	-38.565871
	-9.393681	7.969477	-28.617284	30.429995	-6.130488	-22.164999	9.052915	8.004729	-47.718350
	-19.750707	-12.734367	-38.016036	17.390403	14.648161	-46.132239	-3.309131	-27.723755	-39.097335
	-9.944076	-2.683815	-29.405200	51.133933	-3.116867	-26.566624	0.508508	32.639647	-62.770236
	-48.102883	-12.950263	-23.718186	59.698822	17.682524	-20.717239	-27.199350	35.338179	-27.677316
	-23.120570	-7.380032	-8.390149	28.277491	20.251018	-1.545671	-38.973868	13.430030	-23.113499
	-50.770258	-0.284945	-37.066226	12.282118	9.548161	0.489242	-27.359356	29.875104	-83.463332
	-39.313207	-3.021483	-4.835364	10.281539	-10.690665	7.387261	-42.404053	45.365257	-32.986454
	-30.105729	-1.934303	-11.579389	-16.351681	1.011842	5.946084	-39.810728	32.599980	-47.504228
	-53.307010	5.358271	7.693043	-30.066672	-13.907008	-4.819001	-66.280189	28.669691	-33.219032
	-20.867320	12.312966	-14.696175	2.713340	-16.759460	-14.654697	-62.470132	27.889859	-71.994494
	-16.443211	20.054697	-17.373004	28.445209	-13.368760	-26.208713	-30.898747	2.207864	-39.841461
	-16.981977	1.681295	-2.868616	12.586077	-9.096240	-11.953457	20.796008	0.705783	-15.949545
	-11.282302	-14.992754	4.209568	16.948669	1.537218	14.553730	21.508238	8.010421	-8.423059
	-13.169946	-13.480444	0.714664	37.793792	-11.099809	21.504996	17.641461	25.034680	6.224837
	8.449260	8.787256	7.503489	47.406933	28.136360	38.105061	28.678270	27.512484	2.514519
	-4.774070	-1.440765	-5.501564	29.830966	-22.266182	1.326466	0.256919	36.036802	-9.071109
	-20.902995	-22.545840	14.674167	34.145909	-41.331617	32.473168	-17.617051	54.479743	-32.273601
	-16.239373	-3.057377	15.263888	62.238798	-29.951010	-0.936836	-26.811447	36.759555	-39.243138
	-26.048063	-4.942222	-20.214013	26.520710	-15.090997	-1.662237	-21.035849	49.185496	-51.228287
	-43.983834	14.893679	-25.423541	70.344265	-15.400073	6.820954	9.254352	57.369255	-28.363164
	-63.087142	19.335640	-6.023244	67.461729	3.212585	10.459772	29.013341	54.578840	-40.585495
	-55.711389	1.980327	-18.638787	31.921114	-24.959295	-4.120337	17.188653	51.234471	-27.926642
	-24.019601	3.604987	-39.033042	41.678643	39.927609	-0.930663	-8.690843	41.497576	-54.320567
	-17.262938	14.203811	-22.134036	59.991057	45.823055	-1.063960	31.095685	45.631549	-35.933733
	41.661843	11.464310	-47.338371	78.183069	84.384652	-9.726330	77.094902	16.508071	-31.249444
	0.951519	-9.804638	-13.346850	55.535980	116.501937	19.999090	59.628124	16.052770	20.727161
	11.688346	-4.525975	-17.474687	67.872009	76.926529	22.117096	37.075709	17.986931	-11.785934
	-61.451292	0.866776	-26.056973	69.692799	63.200706	-6.783517	6.804003	50.874879	-68.445276
	-63.336090	4.559284	-18.234201	25.659764	29.090827	-5.975075	-17.975900	3.703584	-52.057973
	-73.176222	21.515086	-23.339178	41.357826	19.918543	-29.415322	-6.740986	41.743598	-58.470110
	-60.838249	27.378248	-0.797574	41.499143	33.498554	-15.191212	-18.135994	33.613418	-43.052271
	-34.790795	37.895217	-16.542044	61.779241	21.296049	-16.104363	-9.885361	50.883327	-40.322654
	-9.768524	7.375960	4.936959	27.044769	16.144263	12.737361	-32.470464	40.887423	-57.014522
	-9.108497	-1.488499	12.817136	29.100380	53.804487	22.203078	-29.759026	57.065485	-10.723419
	-1.685089	6.288605	18.249256	26.913535	27.814949	16.319505	-13.408691	56.080875	-17.852180
	-0.454607	3.023257	5.587262	44.839148	38.618856	29.174676	-9.438666	68.300117	-30.169559
	39.463230	3.328217	13.874078	58.478143	35.826328	48.364785	7.842583	60.688658	-7.271091
	69.337588	-2.866899	51.781206	43.094893	27.766685	74.840581	22.726196	-5.881930	54.166694
	56.758408	-17.335082	54.096766	38.788495	46.406596	37.754606	30.654860	-7.759960	81.280486
	51.809147	-25.280365	25.033694	26.173886	26.775025	21.503158	58.405568	-40.270123	54.971822
	44.659430	-12.786236	-9.394272	21.892594	40.735182	-10.133208	55.558906	-28.883227	36.823033
	47.277418	-13.793173	-12.130841	-0.240248	12.774472	-32.491476	18.998383	-44.471343	30.899565
	22.968327	-8.242997	-26.997558	14.745476	-7.988718	-5.982577	9.301752	-32.459932	-25.330043
	45.554811	-15.447187	3.535904	-4.760435	0.028393	-10.610521	49.451095	-71.178241	22.816982
	29.453585	6.871900	29.669953	-5.061665	28.818437	-38.347445	72.333438	-65.561225	34.579626
	-8.970481	1.995489	22.298556	-11.072120	56.403536	-2.581636	39.838829	-67.299372	41.690220
	4.864623	2.707640	35.524515	-53.874865	43.441947	-26.805521	27.975069	-91.371976	39.185285
	-23.709880	-1.470048	16.410097	-44.216083	42.870885	-40.572935	-12.879143	-82.750868	32.095379
	-15.958788	25.236993	34.844109	-77.197233	10.609904	-23.114246	5.468439	-139.096669	2.201044
	14.845829	-8.042009	-8.636941	-54.465816	0.927758	-37.036030	-4.858149	-107.430587	19.446006
	-18.561960	11.045597	-23.814204	-8.603211	1.302074	-52.821341	-0.960126	-9.622993	-32.547586
	-29.229771	6.085643	-49.712954	14.195633	-19.144609	-17.785066	-20.926090	40.629460	-35.050258
	-35.875756	5.191693	-45.006795	19.927495	-10.086289	-7.727627	-11.636863	33.510837	-77.241046
	-26.122130	2.732279	-59.864800	1.153437	-34.790416	-44.517575	-50.190634	17.381057	-83.184609
	-37.138521	-9.868043	-60.812274	-11.110099	-30.481866	-46.300926	-73.609570	62.095090	-70.504037
	-41.468109	-3.834219	-55.712416	-6.646350	-23.935876	-46.124322	-61.087965	60.228500	-50.399868
	-39.967061	-5.529733	-56.863233	-5.563193	-8.448081	-55.009922	-56.682851	24.424906	-25.551938
	-61.027369	4.744621	-69.143139	-14.597284	6.536064	-53.695563	-23.946378	36.193598	-76.727506
	-24.605958	11.954561	-47.615137	-21.194817	55.774870	-40.407670	-47.114821	33.116129	-22.959796
	-46.925921	12.509678	-48.983803	-18.721504	48.542535	-56.492594	-25.256584	2.656380	-32.630373
	-6.600063	9.851445	-16.068161	-16.016717	66.967448	-8.877926	-49.799801	12.741315	32.792098
	-35.716718	16.909087	-3.110086	-15.218820	43.393092	-10.764265	-29.385774	2.793020	16.219665
	-17.638030	17.801490	-1.259411	-5.198804	43.205206	-8.504812	-8.289288	7.132712	-26.503888
	-26.358950	14.923990	11.464380	10.030909	56.426114	-7.525692	2.120518	13.397888	-20.103946
	-39.433926	6.589005	8.203266	-31.686764	-7.628562	11.940395	-1.211172	-7.299138	-31.309337
	-31.661134	5.837731	-20.516395	34.946668	-43.716979	-28.197903	-19.223092	35.519579	-51.017894
	0.091163	-4.522210	23.105141	35.915825	-10.420186	8.884131	16.339284	9.282812	-36.735063
	21.024242	2.004820	17.062019	54.909326	-12.922067	2.913093	50.152802	7.567357	-20.366016
	29.604354	0.442602	22.935150	40.564524	-17.623301	16.822588	71.641596	-14.258443	13.593717
	33.661152	17.227325	29.452809	52.112479	17.544076	17.717832	59.066104	-19.199753	26.172295
	41.632710	3.573176	19.682609	34.793579	28.549733	14.194864	50.790948	-24.373230	-4.570479
	12.174982	-4.735011	-10.701304	23.215398	29.330185	10.458547	21.428782	-22.265788	-18.311368
	28.318544	-17.606160	33.140694	-26.661869	21.062632	25.708852	-25.078739	-19.980285	14.734219
	9.235465	-25.905303	6.061686	-12.231562	24.432924	7.548911	-13.539500	-2.675063	2.261694
	-8.534747	-9.442314	8.958057	-29.689929	24.798247	-5.298460	17.841383	-55.241149	9.256526
	-10.238000	-14.698751	-39.009463	-39.034362	-23.257776	-16.894744	6.455920	-32.437972	-26.266943
	27.161103	-10.350185	-9.137171	-38.129580	-13.457475	-13.133467	-0.217450	-53.726199	7.052910
	17.048165	12.682689	9.794946	-51.988840	-26.977743	-18.522471	22.647984	-84.263474	27.043499
	-0.116315	4.761945	-10.379766	-43.081699	-13.734854	-35.229555	16.171928	-80.283708	-1.314403
	3.644414	-26.980800	-30.335438	-61.093159	-36.254675	-6.751814	-3.837515	-75.021118	16.722024
	17.921963	-47.749774	8.049894	-45.978475	-21.326867	-15.280864	23.278865	-27.112653	32.153450
	24.470740	-50.123248	-10.032554	-38.494922	-9.663003	-22.474142	15.087991	-25.981830	69.100007
	21.624537	-51.018267	-15.530861	-22.253837	-46.733018	-15.899388	8.420615	7.059433	26.127181
	30.190050	-48.066877	20.666785	-22.236451	-4.472064	-13.272962	13.479054	-36.117240	41.396764
	47.393130	-66.570558	31.432450	-37.698946	-26.348763	10.054057	18.560714	-44.184356	52.817542
	67.314634	-64.115203	42.341983	-67.088558	-2.412585	-24.456949	20.416796	-67.464623	73.413508
	86.091398	-51.079570	48.104479	-47.720427	11.165919	-26.670991	20.423353	-61.893564	91.017961
	57.617875	-47.613856	-5.629681	-45.143865	9.947774	-16.281432	17.046481	-36.672287	78.542828
	59.850628	-28.736213	-13.718712	-56.655432	4.616677	-10.055787	14.681254	-55.666398	53.933995
	50.211850	-23.029967	-31.014953	-36.666222	-10.448722	-21.777172	11.847162	-54.478509	-10.052557
	42.571909	-4.112329	-34.004491	-40.183643	-35.864889	-22.810669	-3.663114	-55.106709	-16.313829
	48.209505	-4.380245	-36.933640	-33.409935	-35.890657	1.320178	-0.534327	-37.679213	-22.991757
	61.703914	16.753986	-5.864699	0.526899	-39.354729	10.315315	31.980417	-16.367985	9.039782
	64.634241	3.482247	-34.813580	25.280150	-27.560173	-10.104203	53.736496	-25.351313	16.593012
	38.995008	8.036600	-18.006469	57.263248	-6.125901	-4.722191	45.608335	14.172927	-1.633091
	-3.737489	13.955070	3.485844	19.538794	2.592861	5.543043	11.527382	12.951369	-19.443711
	16.330882	7.973633	6.210141	18.335374	17.039281	-8.524178	17.376228	-3.770561	36.135190
	4.268052	-10.412333	16.114868	-31.167716	-21.901210	4.177401	-26.897177	-30.817117	4.712654
	-9.407190	-9.044137	-6.945712	-12.892495	-31.584663	-21.914029	-17.813733	-11.343642	-9.386322
	-6.286646	-18.180270	11.199442	-8.478689	-29.547785	-2.687626	-8.332629	-13.192214	11.063577
	-28.496836	-11.072966	-10.715697	6.792127	-31.732900	12.244957	-18.185791	28.233523	9.821877
	1.246858	-16.147099	-6.119076	8.859658	-47.864679	4.337872	-24.302924	9.457170	9.940311
	-40.616491	-8.279138	-11.836503	4.137315	-31.571254	14.145127	-40.916624	36.445250	-10.018578
	-13.384039	7.951133	-12.386848	13.908009	-31.062893	7.601870	-53.443153	44.973373	-11.969861
	-24.471318	-1.809852	1.101324	25.204630	-16.213377	13.543506	-50.950666	55.487267	-35.177645
	-5.520526	-0.438689	22.022345	27.254946	-43.079014	24.112517	-35.881651	81.564745	-9.240404
	20.555097	0.787387	35.237626	2.706618	-19.701483	11.071011	-27.013114	52.478357	46.721891
	-8.256008	-3.414932	45.431832	-68.473292	-23.161648	4.691171	-33.430056	14.291382	64.665651
	-30.313617	-7.676111	57.587311	-38.507617	-13.865837	10.838868	-45.767072	-4.195221	40.086320
	-25.262198	-15.248454	15.552488	-58.975715	-0.253258	16.025285	-25.655729	-10.733646	40.636285
	-7.404515	-8.549593	13.851590	-26.066426	15.710896	-19.677931	4.304828	-21.697838	31.857931
	9.016356	-16.101633	6.514308	-21.409795	49.423672	-5.711994	45.835676	-38.131026	41.731198
	36.590476	-11.525245	-4.730704	12.014751	34.201001	6.137815	59.666083	-50.136791	61.551572
	55.051648	-22.488394	-12.680626	-4.906676	55.993042	6.351088	59.596496	-25.643182	43.447079
	7.200379	-10.344780	8.705346	-8.700191	88.196439	6.873237	65.763779	-28.464593	98.045550
	2.372373	-9.784236	-8.096967	-5.008816	67.665340	-24.890762	8.390425	2.486985	26.531391
	-33.067907	1.696114	-10.852155	-52.675905	46.589678	-9.778886	-32.942339	-45.243895	-10.239615
	-44.450288	30.108494	0.339831	-29.266281	41.962256	-19.677689	-26.151107	-45.369964	-12.506673
	-53.000388	51.599004	1.469815	6.165617	41.282331	8.608598	5.233559	-34.494496	-17.087331
	3.612991	15.155320	-10.286217	39.674511	9.344536	-17.290896	32.136587	5.168636	-10.714882
	7.583968	2.970358	8.381655	19.188972	-16.521442	-9.324137	22.578097	-20.561439	-11.165841
	0.324531	-18.625378	27.021908	-0.434114	15.125077	-19.479183	-4.879711	-18.118213	-8.536283
	20.211908	-17.172027	2.520771	-14.641157	-3.194681	-8.013135	22.418308	-8.726134	27.447843
	-1.240705	-16.625846	15.028186	-9.698820	-19.836239	26.624568	3.758607	-15.123273	6.784919
	31.559921	-18.502540	-2.188044	1.676800	-21.972926	-1.841770	14.393523	2.025434	10.758935
	42.222777	-16.088102	-12.370069	15.629842	12.904896	-6.491155	29.204803	-22.684228	5.537149
	14.089748	-0.119607	6.963420	14.891820	21.142313	4.129382	8.247024	-6.200533	-21.817078
	-23.618540	5.841125	2.042117	2.904591	29.753178	12.292079	-20.261102	3.644982	-32.546742
	-14.051483	-5.672064	2.000277	-2.474725	17.641334	7.055657	-21.286560	-9.202306	-38.267908
	-17.573649	4.607856	-7.369372	11.198052	29.661439	-6.875114	-23.016495	5.999126	-39.128023
	1.633668	-4.995894	-23.220345	-4.879108	7.665268	7.519314	-15.027069	0.714003	-23.530581
	-51.040076	-30.783907	-10.127141	10.736259	-16.680899	-6.829411	-21.526311	29.512170	-28.374929
	-38.341416	-16.790799	17.044595	18.950475	-22.109987	28.205537	-39.902595	60.585462	5.085401
	-29.622647	16.364028	29.430796	8.484176	2.430000	7.507490	-24.216585	43.610170	19.230284
	10.484766	14.494087	18.607432	38.461704	-9.578154	35.660723	2.025672	66.877305	42.843493
	-33.940473	25.114312	-5.442855	59.213656	-40.449114	39.081881	39.371869	53.608284	-29.388118
	4.732157	2.552963	-8.472270	59.724299	5.706691	0.930775	-7.541876	65.138760	-2.849913
	11.871094	2.663237	-7.550061	79.582644	5.196905	13.207394	1.559901	61.396014	-52.618481
	-1.537811	4.319819	9.359621	52.287962	10.260445	29.251890	10.946672	56.340850	-29.289767
	3.484489	-1.700184	20.106258	51.909596	17.498074	22.908917	-24.361772	20.898547	6.238975
	18.844365	8.675619	23.844109	35.801463	29.969543	39.751919	-17.278069	30.263691	-0.895025
	25.760396	-1.216400	-10.176346	29.910604	11.922860	37.776816	50.572237	15.513190	-5.614535
	-0.712197	0.667431	-25.679105	9.763667	11.795728	9.576766	57.908196	-9.688015	-21.085308
	2.746556	-0.991129	-26.693314	-19.356146	8.944542	-6.440271	11.362591	-37.261291	20.006120
	30.256256	-2.289313	-1.018400	-25.022880	5.620547	19.908029	7.387270	-36.434461	8.164138
	3.161065	-5.849050	24.256216	-22.639403	-15.128717	8.606108	-19.960991	7.834502	37.599968
	4.741892	10.375642	2.390338	-7.037856	-15.317199	-8.021882	-3.486577	2.418294	13.243328
	10.164179	15.802067	22.796900	-23.756836	-12.337423	-25.017802	20.547345	11.272322	32.151126
	-10.080291	18.029057	9.753878	-5.303044	-18.343533	-12.480300	-9.571311	17.718360	16.695837
	-14.094165	28.991714	28.906067	-0.207021	-64.081545	5.790648	-18.157187	13.463205	17.450739
	-23.741397	18.155760	39.342664	18.373390	-31.063174	-9.679596	-26.783346	20.523208	10.849389
	-13.907844	19.369356	29.787698	9.879993	-44.564478	7.595187	11.836212	19.945350	64.111313
	12.918550	10.069329	50.429620	13.056791	-48.939447	30.287253	20.364177	5.279960	42.604938
	-27.441992	22.937722	25.497895	17.502672	-34.396429	2.516654	4.996881	50.997767	25.408581
	19.502116	16.078626	-9.660026	39.388414	1.554504	9.711846	26.980979	41.973233	33.160838
	11.568667	13.354053	-17.962756	27.951447	9.724924	-13.212838	7.111049	37.962813	-17.609115
	-18.253608	11.498279	3.369462	5.613789	-17.920111	4.749515	-30.330496	24.580688	-11.187809
	2.854976	19.284100	28.988940	-2.531137	10.647539	43.379254	17.956142	10.892557	8.237936
	49.663259	25.021588	33.042509	49.886924	23.014146	55.489752	48.776958	24.354629	52.376677
	43.173434	12.651334	31.928011	61.253996	-12.033779	40.850265	48.807061	66.682011	38.560316
	60.329602	-27.155341	-21.696712	7.235315	32.110978	-0.704819	54.752644	-24.702735	-10.976715
	17.786783	-31.255890	43.436033	11.654338	-28.931630	22.232325	19.836737	-0.190773	6.651476
	39.650157	-21.990390	33.731690	31.752599	2.329564	41.701984	39.427395	32.138608	30.672462
	21.304472	-14.491441	22.882224	37.643265	9.236397	19.987702	11.494718	22.542361	-11.527934
	3.452597	6.424428	-4.275390	64.213175	-37.217656	5.591091	17.209101	21.367423	-86.566916
	21.012788	12.451392	10.036218	51.888897	-15.387681	5.805827	36.636615	15.380110	-14.724818
	29.627695	19.235939	5.611166	58.784020	-3.364533	20.319439	43.557727	33.399371	-27.919902
	19.724819	2.744145	-10.021970	9.258873	-14.164344	10.262780	23.582061	5.441505	-6.300599
	-39.236711	-4.117523	1.163521	-15.433688	-55.385415	2.813681	-24.888872	8.450653	-19.285945
	-36.337975	-11.696385	6.770063	-67.166335	-37.343405	-17.635230	-66.053210	-10.759875	-6.633761
	-22.819379	-25.296778	-11.501912	-36.289676	-3.243011	-41.163353	-22.272294	-5.538317	5.529325
	14.235039	-30.688278	-39.234902	-47.752780	-21.826501	-54.413533	-16.611543	-8.123174	-23.196215
	21.995586	4.001562	-38.987992	-31.607027	4.240654	-39.305425	-13.160171	-5.947458	13.936800
	7.913667	12.315485	-19.316326	-40.182426	9.845099	-5.615800	2.230727	-34.944803	12.591605
	22.486896	28.510293	-27.850436	-3.800367	30.738904	-10.987654	16.834012	-28.107231	-36.801925
	-13.410943	17.878234	-31.747487	-50.025255	11.979698	-9.387471	5.801089	-64.956229	-25.983123
	-49.546025	23.101557	-16.808420	-46.637730	29.653472	-31.913376	-60.550644	-48.652768	-12.386380
	-56.833793	12.646697	-24.630789	-61.968699	35.123702	-21.199189	-55.778277	-27.068395	-30.445806
	-54.892878	24.539808	8.732033	-78.952668	31.947821	-6.762000	-55.200381	-48.545979	13.488038
	-46.460616	30.849074	0.372144	-87.004898	29.381593	-6.958735	-89.784274	-49.476654	-8.629234
	-90.120531	34.793462	-6.927300	-57.967449	-27.101480	-19.584347	-98.226753	-9.373475	-76.738282
	-72.376380	31.394063	7.883274	-77.384692	-30.256156	10.013085	-109.760075	-2.037012	-64.171655
	-86.660721	14.687286	1.666561	-76.639184	-14.463421	1.002283	-100.755141	17.986207	-23.575090
	-56.070910	-0.641351	26.322585	-87.375910	-30.926715	0.838816	-77.745791	-14.749205	-20.108579
	-53.696687	-1.791163	3.775423	-54.049958	-17.813898	12.298244	-62.325992	3.150457	-20.653735
	-6.340738	12.720711	-9.340274	-10.366900	-18.208354	-14.335056	-36.306631	28.770092	-28.997928
	-19.820697	24.828176	-12.650878	-4.164421	-2.623653	-4.713038	13.074426	8.309504	-5.011361
	21.206919	-7.439896	3.162188	34.580693	5.573809	38.946195	39.588131	12.984338	32.945933
	0.105752	-8.047853	6.596608	4.144311	16.214804	41.378094	6.644654	13.601070	-33.649426
	35.796059	-0.605210	31.077910	18.178187	19.299207	37.676667	8.436288	31.134544	35.543443
	30.403828	-8.228660	4.736425	25.485338	11.276677	24.470064	32.147775	21.217696	11.726257
	-13.000871	-5.742311	24.706135	-19.783611	-9.600254	28.176155	-47.899872	6.369168	-11.168827
	-47.330574	23.670418	33.976104	-50.677953	-12.596268	36.080449	-57.268977	19.030070	-26.728937
	-23.086514	15.398753	6.998808	-17.984211	-7.351004	5.238113	-44.598926	28.885948	-1.236433
	5.088788	9.087952	-6.520477	12.581600	9.737095	0.037507	14.226191	25.825903	5.661349
	-3.042874	11.142183	-8.544141	5.602152	47.881024	12.816323	46.386415	-14.805052	16.932177
	24.195536	7.433525	-32.160654	21.633164	48.226862	9.633146	43.303830	-33.135934	30.002991
	20.025444	-1.269911	-12.619221	-9.273972	1.026301	-19.607867	17.093287	-28.762113	17.747349
	-8.720129	-12.385829	-13.547183	9.255802	1.464124	-25.902417	14.506695	-24.630264	13.434046
	1.497328	-10.904542	19.988732	-12.727810	-3.915899	-10.251775	19.362319	-34.583356	9.515201
	42.992152	-38.726820	28.230983	-25.518190	-17.977370	-7.734551	48.546968	-34.941040	62.912867
	21.647548	-39.823598	22.982837	-2.466582	-15.298068	18.353256	37.612976	-4.516163	59.562937
	24.962364	-27.606495	18.080114	33.437474	-1.636871	12.531726	38.467833	18.056810	77.014841
	44.500203	-16.856667	-20.580946	31.733425	-17.027204	13.320500	49.886864	7.909975	6.422288
	49.424858	-25.202510	-7.255536	43.899059	7.497742	15.135070	59.531484	-8.757614	-9.270857
	15.226680	-14.689282	-41.583181	27.468213	-14.998313	-39.708014	29.708500	11.507795	1.184821
	17.333864	-5.196453	-12.951279	28.971256	-12.083806	-21.772959	7.602216	6.692161	2.077816
	0.214186	23.103313	-6.963921	9.787874	-40.002521	-21.497108	-40.951603	7.859498	-26.108115
	-16.699119	25.717025	14.319589	30.709758	-56.839508	-34.111054	-30.813633	9.292473	-53.039151
