	9.442180	-7.202656	-107.832194	-26.731671	-32.735536	-43.631763	-65.387935	5.956122	-93.988616
	-8.301368	14.668339	-53.242362	-13.682716	-6.899748	-19.726837	-65.791120	27.525978	-40.112725
	-17.760029	38.570368	-38.042141	10.918732	-17.902351	-50.479288	-14.851205	38.414683	-39.069891
	-8.640143	23.839997	-46.239729	9.796684	8.801807	-72.938543	-8.528477	25.900255	-1.523915
	-13.909177	-0.508748	-37.154874	5.875921	9.914956	0.908780	-22.908099	44.659419	29.885868
	-30.174480	16.768242	-59.085331	34.921159	31.381464	-27.985054	-3.601236	73.826832	-35.269154
	-13.386914	10.044141	-91.592726	36.611216	31.181604	-82.209666	11.736307	28.594792	-68.499347
	-8.160354	5.323869	-30.174732	31.057609	38.740388	14.884581	1.353245	24.009141	-31.333688
	-4.887234	44.838304	-17.636406	61.083976	9.091482	-6.516317	19.353839	32.675440	-36.441522
	-14.863782	40.406164	-68.744828	25.279861	20.673325	-54.756111	38.441722	9.130301	-33.604714
	16.995949	22.979117	-61.489655	28.788151	-30.957144	-16.514509	36.527765	-0.609742	-37.284350
	11.222703	9.437035	9.929234	11.214869	-29.152677	54.783932	25.998759	15.937929	-9.977945
	-16.502218	-9.469328	-39.694788	14.634060	-62.688969	13.997768	-21.570397	27.011251	-32.481254
	-0.991401	-9.205899	-56.583624	10.816103	-59.967489	-4.669643	1.552538	46.043108	-41.181681
	-20.377389	2.613633	32.419570	6.381651	-38.961674	67.433152	-30.125143	36.060815	-30.155142
	-24.215609	-18.600033	31.726682	8.891629	-41.466488	60.741493	-39.187637	19.845570	6.177988
	-32.170695	-16.719801	-29.704970	-22.645581	-12.141700	-25.277830	-57.576930	2.793131	-48.839142
	-12.338925	-12.472584	-22.646618	-36.552974	7.616036	1.587003	-60.724610	-24.150974	-27.016887
	-26.173570	-6.796057	76.884791	-47.805941	6.035631	61.849437	-79.082202	-23.895997	8.704166
	-39.707215	-9.408924	-5.625270	-58.775794	-0.520637	44.801036	-77.619923	-6.190826	-28.536791
	-36.261061	8.201233	-74.546234	-49.152200	-22.879788	-13.706490	-74.771108	-24.745234	-41.089437
	-18.780958	3.172910	-63.137050	-58.440403	-32.424638	5.848158	-80.435991	15.209258	-64.199981
	2.920651	9.641427	-23.520716	-26.615657	-39.551500	27.604614	-91.108351	18.803851	-61.899862
	-36.847628	-19.942998	-94.585593	-33.335237	-49.618461	-16.499638	-90.357677	26.795101	-80.203889
	9.898101	-24.904042	-28.755343	-35.584153	-32.781199	15.991840	-49.947982	4.717049	-58.559595
	1.856244	-16.651093	-25.113665	0.078706	15.123603	9.499235	-6.477943	5.867251	-15.851644
	-22.090522	-14.365809	-26.742110	-8.020014	-16.984932	-63.363064	35.220606	-17.901269	-16.499428
	-7.981429	-4.883785	26.842819	-2.185865	-21.286054	18.333619	-3.881257	-5.059630	34.877036
	-26.385094	-11.395718	78.635499	16.254819	7.357636	31.701169	11.038422	-4.516292	21.290655
	-44.441237	8.908268	41.881200	-3.782357	24.615368	12.994379	13.574379	-8.845843	-21.132494
	-15.291938	25.011410	113.842149	15.102817	51.596102	71.071297	-3.423673	-35.341512	37.600701
	-44.701833	16.663298	101.828536	-4.543316	36.685890	66.215581	-14.677015	-32.640081	41.852537
	-33.608478	-3.824369	57.222509	-30.220454	4.374381	70.831461	-39.026478	-32.542101	-13.899795
	-9.261856	-45.098925	85.731812	-34.764564	6.668844	73.814912	-41.817951	-25.083188	6.766388
	24.359986	-51.023665	110.151678	-44.916375	12.265729	43.142828	-8.508933	-47.742274	25.599134
	11.771497	-36.657771	33.383138	-52.225944	0.253266	20.256880	-13.311684	-57.554913	-12.179111
	18.031532	-21.471823	16.876450	-36.329326	4.316733	50.839452	-28.872502	-47.339705	4.014441
	19.675028	-14.136883	-57.584456	-21.374660	-0.141984	-3.329061	-10.890446	-50.640745	-26.217080
	11.510351	12.016699	-83.366417	13.109733	-11.582105	-69.590164	30.103078	-25.957893	-51.775132
	26.073008	5.689449	17.025102	9.776556	0.557336	9.280123	-14.997503	2.018453	-2.002532
	-18.159790	19.485533	33.836325	23.879089	11.776444	-4.907797	8.786932	22.431911	42.235881
	-0.541461	-2.433691	-8.203229	-5.371435	-15.088716	-44.878579	-14.246249	-10.773393	9.945435
	3.167821	-6.326820	59.539920	-36.795502	43.756664	44.498977	-25.023326	-16.426570	64.753139
	-27.932759	-18.495534	35.763589	-51.931691	26.606634	6.754778	-46.566843	10.755040	34.677118
	-11.599086	-17.877025	34.156041	-50.561967	19.710632	-45.591707	-42.084879	-10.735785	18.654810
	-14.445080	-20.809982	98.451692	-58.971301	34.958796	15.637817	-66.333609	-18.280020	45.842742
	-45.051604	-21.239069	71.403511	-34.997935	-7.576965	15.618929	-64.278480	5.845161	50.426070
	-25.173517	-26.082885	3.937531	-19.858993	-0.938242	-69.222393	-56.936906	-9.197126	-17.850159
	-20.807247	-15.868788	-5.133662	-16.932922	4.995914	-15.448626	-28.248227	-31.850922	-5.729001
	-41.584298	10.813276	67.795978	-6.510011	24.138392	36.466189	-26.989992	-8.729000	-5.576631
	-29.164435	2.774197	-35.654183	-20.834230	-12.431221	8.245590	-55.006660	-32.207151	-67.713976
	-29.888896	-1.029423	29.289530	-28.411572	4.904374	22.204176	-32.101194	-5.341490	-21.046808
	-29.260182	15.884529	74.888056	-22.662040	3.594002	69.771222	-84.954236	-6.932316	6.395770
	-40.992062	11.851579	42.375851	-17.049137	7.080268	17.457475	-34.226333	-14.428598	34.023647
	-11.559454	21.940763	9.055601	-16.271481	-23.876917	-27.160718	-14.472651	5.867623	21.383998
	-39.773391	47.714705	68.024609	8.454898	-19.493657	48.800952	-44.339238	25.797525	22.296157
	-32.829725	44.751589	-11.126599	-0.441158	-31.535222	-22.812123	-63.934095	41.400605	-26.896730
	-4.371928	26.544723	-3.377656	17.516149	-25.710645	-21.965717	-25.720697	51.994046	-15.591058
	-24.093924	28.822406	28.107915	24.699592	1.386432	45.183417	-40.989109	42.684041	-11.613257
	8.579057	-29.358307	15.077447	-8.477991	-42.768107	12.145797	-24.553304	29.878386	-39.356335
	43.926611	-33.444957	-35.031302	-18.572506	-35.995384	11.089411	-31.512752	-25.700093	3.365189
	32.233353	-26.942961	90.372998	-3.044649	-19.252265	65.063125	-59.638003	1.468134	25.727100
	-1.241478	-48.878896	21.685424	-57.784721	3.162221	40.932150	-63.833366	-35.182712	5.131803
	4.078857	-33.007950	-14.237520	-63.137908	-11.881443	-16.617282	-40.957818	-53.512040	-54.853772
	-27.831033	-6.512557	29.175476	-30.339617	-21.740706	34.440922	-68.341157	-20.673962	-47.754601
	1.002683	-28.845676	-38.221249	-54.262044	-18.200547	-2.024171	-30.072959	-14.410034	-19.179639
	19.573600	-26.986400	-35.329146	-27.851092	-20.341143	-37.574084	-8.954657	-37.010775	-8.488719
	-11.525546	-16.858889	-60.070003	2.242039	-54.856737	-38.344474	-12.424026	-25.653749	-0.952794
	-0.669292	18.287809	5.403147	38.860837	-37.864934	5.809529	-14.520631	36.900992	17.506338
	-7.696040	8.732532	-41.808187	24.080807	10.608477	-51.042345	16.266673	24.173972	14.665897
	-22.748418	14.734734	1.090439	8.396051	3.424555	-62.980092	43.418248	-23.201012	7.219540
	-18.712126	-5.683161	-6.997430	-4.539752	2.005833	-47.010816	2.560271	6.018859	-7.887242
	20.332407	-8.692679	61.462997	11.007985	24.486718	0.764781	59.224080	-2.285932	40.571979
	35.046823	9.433777	44.830840	52.228231	61.225866	-27.193587	115.113064	4.726052	56.957141
	81.033420	-15.310257	28.618532	54.467492	74.258757	3.317619	138.318979	-23.459805	90.643743
	54.154743	-18.214798	74.995005	70.645755	67.102936	8.933549	155.432583	-4.521317	80.805808
	58.246079	-9.455839	58.213369	60.515590	46.131495	25.309224	131.995404	-32.519428	105.376500
	68.002085	-19.025738	28.478700	43.525895	5.813740	32.150227	119.895923	15.670915	97.391067
	60.482088	14.075451	44.670682	94.523071	6.634278	70.833602	136.564667	28.759719	43.470617
	67.159548	21.103637	19.194912	51.480008	12.314526	38.068863	102.414703	4.832129	66.602405
	22.377669	-0.562638	61.885369	42.712338	49.340474	18.302315	140.643440	-7.430030	89.971103
	45.452895	6.510794	24.158526	50.854928	52.657317	18.403753	138.375598	-4.029132	126.409878
	42.180157	-28.290423	6.577408	13.610269	-2.773373	-17.076323	106.033709	-24.867388	41.078742
	4.239888	-50.548633	75.281058	-16.668512	43.987042	54.052860	29.774834	-25.232080	91.633463
	39.541958	-16.288595	44.635583	1.974544	31.871695	34.628517	75.903371	-2.038890	58.712212
	49.055067	3.315058	28.551970	26.071122	61.739280	7.795771	77.756094	-10.814259	73.035727
	44.031499	-13.763995	48.245860	-13.038632	61.263588	39.901811	49.646342	-38.158364	90.016530
	61.936673	2.479204	9.964117	0.170986	107.774668	34.386751	67.831147	-28.343276	66.588545
	37.973936	-17.020370	9.934870	-10.728072	62.684967	1.724389	61.336967	-48.362730	74.479853
	13.103292	-34.834900	32.117010	-14.428815	6.956465	20.050864	13.440559	3.189581	45.071089
	4.500525	-27.880570	54.197177	-2.667414	37.123154	46.369248	0.174245	-7.782038	75.199882
	22.413082	-11.170879	-29.279242	28.000414	5.567972	-45.286275	34.288102	10.508046	23.647070
	-41.526277	-19.208105	20.610435	8.552966	-8.357953	-22.008071	-2.594891	-7.384751	8.594243
	-44.803661	14.366541	40.417774	62.737044	-47.787254	19.659628	0.160920	55.709589	-32.623358
	-37.717248	42.138881	-5.795022	97.338991	-74.257725	2.700274	40.109057	75.510618	-65.723072
	3.782265	63.090111	11.320352	122.842831	-28.457862	47.395870	49.492698	91.611412	-52.334249
	-1.272434	81.523300	50.632286	136.416371	-47.257731	91.785394	53.659764	118.992436	-22.921440
	6.862707	81.004389	23.387761	88.471467	-28.085712	27.167521	34.151344	89.629709	-3.960193
	-32.729281	53.031575	40.651176	44.489365	-24.341390	65.153151	-9.312783	101.859003	7.708078
	-12.176069	39.023086	82.200424	10.666583	-43.540305	105.206025	-50.460894	48.382525	31.095744
	-12.445704	-17.463887	39.912969	-16.316591	-87.636753	104.169209	-99.505334	40.126577	33.384459
	-5.591493	-18.205599	12.798385	-23.099651	-91.343070	86.283802	-51.192865	2.354293	16.013815
	23.423025	-11.149551	40.197842	-55.206647	-103.307460	92.695539	-86.430534	4.463841	44.835578
	-25.326009	4.148237	65.943320	-40.545568	-74.298123	98.274567	-115.711950	27.441444	3.420062
	-1.221466	20.198046	43.757112	-18.210277	-46.277253	51.467928	-88.754469	35.967069	-31.842394
	-29.847640	19.498513	11.959372	-7.571071	-44.974554	57.123116	-100.230833	41.956514	-22.817960
	-16.977973	44.052225	54.547384	-1.053176	-77.855755	102.217617	-96.894987	59.446074	-66.279904
	-4.788447	63.258639	-31.495640	21.697575	-72.242938	23.610773	-49.887247	50.739342	-31.022584
	-23.727867	63.852526	-30.095861	25.037361	-34.698244	-5.313015	-34.938210	63.198823	-72.439577
	-16.585511	54.466144	-30.313079	31.342702	-53.003823	37.431168	-17.698232	83.911676	-81.695459
	6.887892	32.086729	28.812723	25.570831	-22.456301	58.356458	12.738802	57.365598	-18.178715
	20.108210	13.512977	17.958818	-2.208667	2.879881	47.166172	-10.440564	30.434379	23.552591
	-17.492859	17.183666	13.168950	-25.520934	-9.738696	34.559495	-5.860854	13.150289	14.384988
	-10.904063	0.685841	63.883242	-1.218071	-26.279289	7.808685	-39.048443	-18.539157	-13.273447
	-16.421449	-17.280900	-5.103106	-41.770252	-25.425340	-23.814358	-17.454497	-35.151658	-60.311036
	-11.483643	-27.802036	9.693017	-38.485518	-14.653148	-14.062555	-40.904954	-58.463125	-64.358419
	-20.643892	-54.112680	21.797018	-68.481145	-3.612520	2.478299	-56.697774	-65.336213	-60.128114
	-45.173985	-52.417101	45.327112	-59.101356	0.002249	33.246221	-33.166183	-84.210577	20.530871
	-20.564138	-42.154187	-7.411257	-41.266358	-32.415841	11.738436	-5.862646	-69.685963	-39.560625
	2.557844	-47.431471	-18.220234	-47.613862	24.562825	-3.853346	21.413082	-65.433067	-16.284007
	17.393105	-33.132855	28.323055	-6.037779	19.372669	18.473611	29.211816	-13.992373	38.745760
	63.252465	-35.712859	-7.267825	8.732732	38.684568	-6.972519	42.050166	-28.797005	53.540201
	25.670151	-59.453698	20.111239	-14.054510	30.895370	-0.474182	12.404950	-23.169211	57.128083
	20.389007	-63.162616	67.264735	3.880187	68.620346	-3.173837	57.529332	-27.277141	105.083229
	43.254233	-34.116543	10.977771	42.335278	113.857805	-81.592690	95.599472	-47.789692	77.150362
	15.208854	-40.842088	10.791836	28.193915	91.693721	-80.109373	80.750431	-28.576474	56.803096
	-6.959485	-31.081772	16.719723	26.427328	73.176916	-40.797112	42.643104	-23.127309	52.595090
	8.657365	-33.999357	-6.500010	9.703085	11.276146	-69.333851	85.472297	-14.381555	32.302693
	7.532397	-33.542202	25.098537	-10.953808	11.130051	-15.839550	46.840332	-20.458697	72.689016
	18.666353	-31.867173	63.558117	-42.878596	-11.524367	15.368963	-35.433964	-18.615826	114.917906
	23.931967	3.375270	97.583220	-10.283861	26.869263	7.245439	8.694497	-42.524951	91.193987
	37.395365	2.628671	18.488197	-30.129315	18.521632	-67.214791	42.866766	-52.504815	53.049409
	24.899703	-9.393415	-2.359562	-45.088489	-5.293152	-26.201941	-29.931501	-28.786773	25.100916
	9.448440	-16.960738	58.129399	-51.648789	6.291729	20.766326	-44.855725	-46.893319	56.772436
	26.732170	-17.953380	-10.946629	-54.915667	0.378524	-71.031335	-24.548271	-51.556716	33.084799
	2.447882	-40.618440	-12.941669	-66.150707	8.640381	-40.370617	-40.974669	-65.804262	52.696363
	-14.797779	-28.715877	29.168106	-64.636111	47.898368	-34.746878	-18.443265	-39.402493	78.213823
	-2.290659	-16.573805	-2.872563	-36.717934	41.727623	-50.579819	-18.123132	-31.135886	38.279352
	22.141768	-8.653506	-6.451670	-32.756614	55.187912	-48.839562	7.087772	-39.510524	32.910701
	-15.532245	13.224859	40.781805	-45.683082	90.211623	-26.469529	-9.533765	-11.848001	76.236936
	-56.251672	18.501600	-0.014091	-23.438007	72.374921	-61.754938	-17.989156	3.687462	6.465198
	-52.879471	19.827592	-17.598996	-14.095517	85.206197	-98.988213	22.504628	-19.015618	-9.907729
	-29.188515	-1.932648	-38.006052	-48.268423	36.251356	-55.657469	-45.638397	-22.872294	-5.949215
	-42.493175	-7.296176	-23.891737	-53.300058	24.359901	-44.347805	-26.113632	-38.154525	-71.478375
	-44.020896	30.099373	-56.388648	0.625997	39.261289	-92.868351	15.025198	-27.116557	-76.733780
	-23.999569	23.346823	-57.884763	22.525951	35.604139	-100.085190	30.195221	-51.436568	-75.908344
	-37.408172	5.608664	-46.018572	16.599396	-13.218346	-45.888964	-2.353253	10.282133	-101.554589
	-11.971654	32.705691	-74.628178	26.705268	-3.251088	-35.774748	15.142537	-19.941550	-66.712133
	-14.709101	18.639618	-83.166469	2.568224	-1.272744	-14.579507	16.042095	-16.403612	-59.368707
	-35.890941	26.433341	-15.696342	-29.169084	28.591060	44.075350	-26.251787	-8.801616	-64.338879
	-10.357310	16.739664	-34.906333	-28.032228	-50.482511	28.507828	-51.087478	-34.857904	-57.604441
	-24.938581	10.180638	-29.659391	-25.516799	-25.475202	2.308575	-41.842815	-14.706543	7.985144
	-28.497138	-0.421732	-8.146734	-29.437202	-9.819385	-25.937720	-16.064994	-8.953389	21.849192
	4.195286	-18.756180	26.821560	-21.032694	26.963016	-29.054970	-37.810260	-19.672795	26.754093
	-8.027971	-31.787171	-19.009011	-13.459426	11.174500	-14.178232	-20.206640	-5.775044	2.411104
	22.999649	-11.685355	3.525756	33.944746	57.926335	49.024834	71.982487	-23.656678	21.782324
	49.262950	-13.793796	-21.476429	31.070004	60.135061	21.117309	67.422735	-44.293666	17.850150
	16.843351	11.180812	-7.487431	46.297431	55.258676	50.752408	78.547106	-45.358688	-8.392672
	14.795455	9.022260	19.559030	37.939119	37.430439	57.320596	75.009500	-3.642975	14.305511
	-7.177845	17.213834	41.781964	16.277913	65.045525	76.159222	12.568625	-20.074573	-12.101104
	-11.698092	26.703968	4.303256	31.413183	82.422099	60.273823	40.586641	29.503335	-56.250127
	11.359558	25.628117	-42.011911	43.986818	41.044716	14.055507	49.188342	3.805580	-56.506149
	17.057337	50.431585	-65.652696	72.457730	41.492587	-9.379559	81.342235	39.248520	-62.114529
	36.425246	33.501181	-48.096301	61.595175	38.753837	-25.089996	78.351856	4.651629	-3.237186
	18.330455	11.000678	-76.679709	52.519299	50.055440	-116.699069	76.621920	-9.087843	-32.517916
	-5.595080	-3.990667	-24.775318	6.817610	36.930887	-113.025140	52.990299	-41.399515	-22.028033
	-4.988974	-52.019630	-35.864782	-58.550458	36.906856	-81.515966	17.600850	-39.641673	18.433776
	-20.212003	-44.496820	3.353215	-72.719722	16.566562	16.216924	-59.317577	-18.606727	4.378933
	-45.612289	-17.441829	-4.421031	-55.087530	-23.960603	60.861686	-107.377084	41.511611	11.163448
	-32.700661	-9.330233	-7.433956	-62.262804	-67.657551	69.323065	-83.191508	0.191049	-4.279589
	-39.593779	-5.038679	54.802584	-57.836364	-26.418730	69.072881	-82.988283	43.932695	44.447246
	-7.700028	-5.927169	9.903026	-36.626499	-64.723919	13.721747	-71.073741	30.554051	10.035387
	-16.103510	22.395714	-10.677151	-7.462288	-47.176096	-21.192680	-30.819700	45.920042	7.710506
	2.022214	51.931931	-3.882395	-3.614995	-43.825531	-13.206578	-37.100150	47.295473	23.833172
	-6.418621	75.559801	-6.491007	28.281557	-30.723035	-12.164791	-39.809491	70.305520	-6.131445
	-32.114910	69.523603	-21.345068	5.054326	-27.050767	-2.529744	-45.972540	66.552861	-48.673086
	-43.663428	26.335451	-15.519850	14.678489	-17.825824	5.037055	-55.360937	48.211965	-16.001390
	-40.091557	-6.158254	-2.883329	-13.164573	-2.911219	3.538627	-44.595829	18.853427	-30.616101
	-55.299296	-15.060609	80.957280	-27.914668	-12.876008	24.080232	-26.617467	-1.678090	-4.379223
	-23.657968	-47.568678	30.042877	-75.812233	-53.866937	54.500902	-115.936409	-40.193768	-4.238000
	-75.070978	-40.365699	25.824671	-45.741146	-53.078561	25.517527	-86.216933	-21.036702	12.244566
	-38.816882	-11.169634	39.575117	-26.741595	-25.435878	39.690412	-100.092648	26.582510	9.655576
	-30.439654	6.166290	48.683759	-28.034778	-19.906556	64.774245	-80.835245	-2.654873	28.184333
	-4.404882	-11.085439	0.267752	-7.752200	-9.811525	4.226951	-19.624473	-2.208255	32.082848
	5.342279	4.542385	-11.133235	7.118398	-12.524004	35.432049	-5.097160	-20.913646	17.747060
	19.993510	-22.765536	30.054495	-15.312619	-0.433325	45.303197	-13.119923	-10.489880	11.309089
	69.282618	-20.004043	15.823744	1.956477	24.883224	5.512836	25.407051	-50.653420	25.168541
	81.119069	-27.000150	-48.737483	23.122405	10.842257	-21.192273	52.292744	-47.632238	4.622212
	55.198634	-21.901726	-16.367128	48.990150	-14.897770	-35.725396	78.186224	8.122200	-16.381035
	51.416334	-4.513166	21.016218	69.946538	-6.434279	1.132381	44.012841	49.517785	-15.006639
	35.271585	-36.102288	-0.992085	38.424581	14.252390	-21.741600	22.409483	8.705041	13.089896
	17.785693	-30.397022	35.116151	31.849227	-28.532156	-18.857488	15.701944	8.441754	16.755212
	31.507997	-43.430058	55.382680	-7.935199	-0.180843	18.827635	-32.433852	3.270009	21.255924
	25.075054	-30.930558	26.339579	14.063959	-23.183826	-20.978467	15.729503	61.468966	-30.217081
	-11.531914	-28.019419	20.986636	30.318297	-52.722228	-19.220197	12.623220	25.313090	24.813544
	-12.068124	-12.854227	42.822041	4.923201	-35.124928	37.430309	-44.666345	16.629218	54.623850
	-39.697693	-18.398108	12.407354	13.595972	-46.649101	17.207460	-52.827241	18.104469	4.789816
	7.361586	-16.878935	12.934902	8.854346	-36.505468	14.551993	-42.919619	37.977783	5.534137
	7.174828	-8.392891	57.787848	23.169807	-84.444391	47.593538	-29.885034	36.878145	-6.615107
	16.722239	-0.823395	43.383257	29.335357	-72.350372	59.703231	-26.743700	44.543444	-8.336133
	-7.278307	-1.233368	42.928939	19.138183	-68.416462	79.282510	-63.582138	61.428013	-20.260735
	1.475364	23.230024	69.681228	11.067978	-67.601482	86.055878	-61.139411	27.362068	6.005485
	-0.966369	15.837984	50.001230	0.212838	-35.849764	45.201330	-69.548491	45.398897	15.973303
	3.407897	33.521777	56.629407	-19.611600	0.736373	41.196585	-67.776675	22.743948	32.429567
	1.484601	36.785602	39.267958	-8.978697	-3.540196	42.302720	-33.162156	40.131746	-8.491773
	6.625852	23.508543	9.323496	-34.956310	-23.511453	39.667880	-61.051047	21.561776	-13.794089
	15.100433	28.383292	52.417232	-4.859298	24.703164	59.274379	-55.546118	11.117995	17.242503
	-13.362211	41.813842	26.190837	23.177405	43.177400	34.083100	34.809031	0.060926	39.547250
	-8.410000	19.564586	-48.485552	-8.459799	-9.200105	-34.547103	-2.659142	23.891954	-24.913690
	22.661830	10.561369	-67.246247	-25.364104	9.051564	-62.928177	-0.450852	-39.252308	-20.391475
	10.545128	-2.645884	-81.533463	9.293241	-19.118425	-13.654138	56.715459	-21.794825	-68.158379
	4.162291	17.390055	-176.927041	21.274504	-1.554631	-127.323379	70.640431	-31.838463	-137.705917
	21.929615	4.743967	-151.857880	8.799959	-19.395320	-134.085935	78.748899	-28.740034	-108.876493
	-11.569881	-29.428327	-135.313176	12.465554	-31.992652	-116.408479	32.903060	-0.219363	-152.126483
	-9.927658	5.397997	-47.120768	4.340885	10.960634	-36.508308	11.022231	9.474855	-105.094040
	-29.758979	6.776661	0.075671	15.671069	16.653670	31.708770	-19.145610	38.937259	-9.501158
	2.382174	12.516280	50.965896	15.946833	21.159976	-13.646408	7.082337	9.966286	-19.381268
	0.644826	28.923822	46.043832	2.968205	37.445939	36.031122	45.938535	-16.799405	38.098133
	-27.286208	-17.182010	-20.344087	18.254141	23.982339	-56.963697	-2.574185	18.034767	-27.396930
	-19.303726	6.568596	46.057261	-13.940152	32.705671	15.149009	-14.518183	13.320105	22.857095
	3.512956	18.186071	34.442082	7.661264	0.212662	48.456661	-14.542803	6.444803	27.384305
	12.133443	3.968562	5.488838	4.827730	-32.207356	28.548137	-32.302476	30.000724	18.476450
	-2.700913	7.797721	-47.591150	-2.372711	-105.307232	21.512321	-10.133593	46.405960	-18.894057
	14.038501	23.859134	-67.106148	33.658895	-107.459078	5.061257	-18.785323	55.470994	-86.132403
	7.107550	26.262912	-4.301443	-28.428217	-101.603586	4.611659	-17.404710	45.738837	-24.823435
	2.097617	11.767345	-6.631002	-28.507840	-101.537548	8.236906	-13.163014	64.341496	-44.311401
	22.482319	9.959298	-10.955916	-39.534432	-77.868919	21.250354	-49.204292	53.421972	-59.722147
	-12.729598	3.146076	36.579270	-24.112316	-71.248733	106.735818	-17.902883	40.698185	-14.909459
	38.336362	-16.021650	-4.172377	-6.794193	-43.256992	53.730636	-5.753081	-2.175786	3.281834
	52.942983	-27.570729	-45.409804	12.996626	-13.780801	-7.056507	44.813749	-20.814066	20.042248
	47.436905	-24.616967	-23.982222	28.985247	2.624738	13.111576	88.968311	-26.104310	35.315621
	46.491575	-40.282300	4.358129	12.959833	34.166831	6.216690	89.559673	-49.760441	32.875369
	86.001593	-31.333755	-51.699826	39.917982	76.770611	-36.588605	119.298289	-73.212429	37.204974
	50.505784	-24.269281	-31.489578	43.037379	130.218159	-94.233030	128.445994	-57.577098	65.126206
	37.117867	-30.832133	10.609336	46.736834	100.795371	-49.935960	142.136148	-18.883857	51.943671
	9.890371	-41.188428	15.750144	-8.586744	43.604139	-61.994313	64.068319	-50.810826	57.544912
	21.549702	-37.733844	-17.769370	-16.881932	24.437112	-60.471933	13.670723	-29.394086	17.039589
	-0.482438	-27.343621	19.255828	-24.070153	-16.878511	-12.306626	-4.031724	-27.740904	-7.934061
	-24.262639	-20.928856	7.251259	-38.562434	-20.211401	-36.869343	-71.849071	-37.711438	-11.985119
	-22.038607	-20.206528	87.016230	-52.323810	12.683906	10.089725	-35.240540	-5.333789	62.927518
	-5.276198	-10.414686	-34.298190	-31.364511	14.256792	-80.713811	9.601846	5.952978	40.042191
	8.896832	5.983899	12.232503	-5.699988	51.320355	-20.583160	22.060139	-15.257779	61.663537
	0.631283	-0.013354	39.680237	-11.848585	-7.126457	41.549918	-28.651336	-10.579318	21.099947
	20.075512	-33.629761	-70.581764	2.669497	-28.631945	-69.581665	48.517596	-26.835323	-4.644610
	-1.240291	13.551027	67.590023	30.521183	34.773012	54.860400	-13.848342	23.571373	58.841589
	-15.904590	8.174292	85.833422	26.803195	29.802892	76.990680	0.102765	20.007941	61.497257
	-11.894668	39.278669	56.413731	36.467587	2.733380	70.956835	-11.744134	19.810607	67.007718
	-19.895380	26.469657	50.959980	33.123037	2.834134	45.399328	12.016631	28.104834	35.165198
	25.156986	19.174817	22.343789	24.392189	23.519766	7.529269	-2.611306	1.952406	45.077060
	63.109239	21.309839	19.308846	33.359817	31.208871	24.311131	66.535777	-24.518237	95.886868
	52.639574	-14.751760	-19.191150	19.858892	38.975171	-16.861590	97.952097	-71.939854	54.514270
	33.601845	20.985918	-35.541430	32.106467	68.143541	-2.951795	88.324871	-44.267843	45.143866
	46.774891	43.756757	-54.351140	23.630346	18.748387	-87.054764	58.449771	-23.586534	-63.522557
	-27.908842	24.285362	-56.709802	-1.815833	38.580709	-73.533065	70.233171	-48.353230	-49.802252
	-17.110253	3.904372	-15.444058	-26.973997	17.961072	-14.143557	37.412962	-33.637130	-36.173143
	9.799488	22.459108	-40.957225	-8.428773	13.232900	-24.769115	66.079344	-5.023317	-8.511113
	2.308044	11.123439	-34.277279	11.455755	22.577805	-59.108271	61.877933	-20.368228	-17.661773
	11.675578	-10.016185	-30.810756	-10.246653	-7.811242	-3.852412	-8.406880	-8.218298	-17.284377
	-15.899369	23.827160	1.333798	44.402239	11.463649	32.994207	32.360736	34.227062	-23.682446
	-11.404097	6.415665	-61.153951	61.263045	-2.056112	-20.504766	41.595265	57.347296	-26.115897
	19.007964	1.864266	-38.194376	21.829043	14.980377	25.254974	38.726241	12.296088	-19.438877
	-7.864686	-4.183043	23.862030	7.452129	14.165197	49.846843	21.405020	46.082727	23.456477
	15.830134	27.660282	33.721540	57.386064	44.197207	4.806436	34.539705	36.615082	3.820600
	3.764657	10.550905	14.210715	36.831813	15.030179	12.628524	40.340924	8.272005	11.511745
	27.580287	2.735109	16.542033	22.541270	16.832421	12.597455	36.377852	-15.041935	33.664663
	7.664608	25.134892	36.001276	56.079164	7.712447	15.612292	39.688112	40.589078	36.832924
	16.404305	40.977175	5.821403	78.092422	0.275099	-21.374571	79.622159	35.372024	22.079342
	22.778229	3.398994	42.806688	25.429183	-27.835207	35.201729	28.865370	32.872386	0.607244
	8.220089	24.811435	41.756340	39.270259	-34.997095	40.769310	9.772589	49.641236	7.445655
	1.585460	37.579697	13.983642	47.751099	-44.740500	29.370829	22.065982	44.122704	-12.609054
	-1.714353	29.132892	7.249427	-5.794373	-62.454974	22.049065	-10.617801	15.641925	-39.825993
	-18.135392	37.632004	14.012573	15.674036	-99.292825	57.012228	-26.309727	63.364613	-20.866685
	-7.998861	55.568686	-17.662418	7.754437	-66.471329	59.853867	-22.815103	41.649014	-46.988015
	29.575250	19.873075	4.797132	27.720807	-59.065615	93.186764	-4.542846	27.090849	-8.642704
	0.001529	-26.102875	-37.242240	-20.966745	-55.466056	29.924475	-17.901748	-1.659645	-47.545170
	23.730149	-27.324035	-72.616918	-20.579522	-41.528668	1.015505	-23.315684	-23.062754	-17.670667
	27.508358	-22.827004	-9.739789	-23.524506	-33.476293	35.627893	-30.291165	-2.498217	16.942684
	71.740021	-24.022764	0.720193	-2.909129	-30.061382	74.821903	-11.016481	-8.366596	33.774193
	67.269768	-15.918872	-0.138146	32.381305	-1.466371	59.385328	34.277592	-35.954924	48.938005
	69.559553	-6.364353	23.818165	-8.394624	-13.047858	81.138901	13.118309	-15.964674	41.319928
	22.602278	-5.512183	22.152447	24.200140	-18.664229	43.326916	11.713806	-6.165350	30.585719
	32.053143	-4.928996	22.243998	20.329895	-21.064440	23.353296	16.819600	21.954453	41.673708
	10.430446	-0.364375	39.790119	3.185751	-3.138097	32.209997	30.150739	-14.373332	7.784634
	9.693694	32.663706	21.038736	29.890237	19.611267	48.202635	15.592065	-2.216547	35.278684
	-11.691096	17.133831	60.982119	15.040207	16.926769	55.102704	11.084651	2.780394	46.041258
	18.212242	10.498359	26.177712	-11.220930	16.849349	43.836128	14.520874	-2.950485	-0.219958
	26.261689	7.217256	-59.171031	11.367658	-15.167698	-32.468783	24.651632	-10.984004	-44.329678
	9.020108	2.039293	-108.596381	1.986163	-26.242388	-55.324153	21.464136	-22.236302	-87.347235
	-22.248647	-9.112903	-149.516122	-4.650962	-31.524899	-53.687467	2.986097	-7.991117	-107.750874
	-15.981815	-15.477535	-183.753972	13.950202	-13.376096	-91.461174	10.531991	-36.397209	-169.274584
	-11.280651	2.810496	-120.811748	18.108361	-35.674833	-94.620985	40.810047	-38.393700	-123.590137
	-57.017259	-42.296553	-58.755221	-29.970521	-27.917408	-46.285685	-13.576896	-22.231067	-80.792000
	-51.189490	-34.663774	-34.180087	-42.408003	-17.029563	-27.035059	-27.756543	-8.246361	-47.460940
	-22.945312	-10.844007	-40.495156	-13.540894	-50.618154	-35.168926	-38.371051	43.340681	-52.993002
	8.544638	-4.875382	-18.359293	-34.395058	-45.211179	7.743060	-50.406587	24.591516	-20.084422
	62.332871	0.611787	-42.076752	-17.805701	-49.396601	-18.584442	-2.607582	20.383134	-41.437815
	12.001533	4.792988	-24.346910	-9.808468	-35.388135	6.780622	-16.480351	0.367871	-53.340588
	8.394521	0.852055	-7.048850	-45.134001	-15.150854	9.926461	-72.723479	14.864607	-27.356606
	5.092486	-2.936253	-30.202267	-58.587856	-19.768337	13.876975	-92.823173	8.528118	-20.757632
	-11.758335	19.436572	38.512664	-73.129889	-3.427547	35.473610	-60.143024	17.584439	-1.091843
	-1.176092	33.009636	44.461197	11.041129	45.837485	33.700182	0.344497	-14.584957	28.077513
	9.158772	18.414267	33.732116	-5.929535	1.390710	52.961183	-32.883933	-2.634199	54.800811
	8.454486	10.637143	29.904243	-18.367713	11.893866	68.045390	-26.086610	12.291632	43.030555
	-4.299957	16.758843	-5.553831	10.604343	50.469107	0.620233	21.303782	17.258230	4.661065
	-3.629993	31.361634	36.970891	3.657891	42.131502	6.753523	10.548041	6.160858	-5.450383
	-15.540541	48.619604	61.642698	26.041505	64.940271	29.954456	11.399019	28.326897	83.330795
	8.762968	49.316703	87.649255	40.317498	66.318971	36.494386	14.693562	41.077131	68.445689
	-6.567773	47.650950	26.510790	45.691891	85.174045	-1.687023	26.502458	7.747790	49.033979
	-10.138802	25.061127	-19.861415	21.112803	26.680855	-37.911151	7.316149	22.445057	-26.437683
	-5.141665	5.626685	-26.524841	32.832256	36.050657	-37.309988	3.569949	44.210025	-46.459024
	22.285363	-34.294212	-96.035143	13.125008	-23.677798	-43.633504	7.464218	25.134021	-90.377783
	19.550819	-39.909926	-89.716831	8.016434	-49.823447	-43.486936	3.782446	17.937602	-144.086211
	9.181886	-43.355616	-138.767428	1.823809	-59.741342	-71.856749	18.609301	0.851342	-147.078617
	0.958572	-31.956767	-100.189332	-10.903884	-28.574326	-52.642877	-29.256963	20.300056	-157.471395
	-33.455742	-32.078614	-86.586655	-27.298972	-36.696483	-50.630906	-54.903044	28.031099	-124.229676
	-7.980109	-17.860014	-72.197720	-19.489925	-0.717445	-47.299825	-19.136142	18.314058	-111.186613
	-21.045859	-17.844233	-14.455237	-5.915128	-26.387881	5.643440	-1.845708	33.414351	11.586327
	-2.672084	-4.363669	12.957061	1.098982	-8.183901	49.840548	-14.343486	7.292083	26.225908
	-28.325866	-31.881205	-11.859575	-32.524210	-26.649434	-13.819292	-26.593429	-9.838713	-19.314484
	-30.912987	-21.469094	2.552750	-45.655612	0.835337	32.653233	-68.479859	-60.689888	-3.279698
	26.451323	-11.408164	13.843881	-37.555374	28.404397	19.744417	-12.179992	-41.558425	20.096543
	2.196697	-26.608823	78.381975	-52.138231	39.314753	47.408165	10.386051	-55.329722	97.009719
	1.776938	-17.024845	46.546256	-37.872068	36.025426	23.022968	0.108213	-43.557550	79.882659
	14.210575	-15.906479	51.633217	-27.205238	43.066181	40.865940	-2.657115	-30.714720	104.717604
	2.010392	-27.813455	37.222906	-27.757665	45.646903	34.235372	18.230395	-3.059923	77.226019
	8.520406	-14.564451	-17.446126	-39.091404	42.642344	-20.069742	-7.549292	-14.337862	65.312181
	15.785309	-7.562145	20.139463	1.164731	19.840159	22.151768	35.933330	6.903670	58.333505
	-27.125447	-7.305771	-7.759050	10.161304	8.360149	-22.731475	9.938001	-13.158892	16.144112
	-5.713457	-0.105579	-20.573102	19.533695	-3.616740	-8.162146	-6.049417	3.845085	-6.709788
	-14.700955	3.611031	11.262060	17.254612	-32.988480	30.643246	-33.060003	53.189934	13.014705
	7.637984	16.030917	23.447350	33.150865	-23.064644	33.546693	-44.478690	8.304580	13.175767
	35.587295	22.189457	50.521914	25.099072	-20.264650	65.688044	33.510410	22.363375	43.991873
	66.569854	14.137171	66.519632	59.931499	-0.722635	92.434706	56.817443	20.674641	81.515077
	31.037244	12.040479	37.389244	31.055325	45.549272	17.923134	5.959145	5.146930	70.205045
	31.216101	13.896171	62.550980	39.242877	28.523866	29.447934	-3.721984	0.985039	127.953063
	5.389256	29.433387	86.027234	48.284302	27.374750	15.598572	34.462377	19.958975	105.463876
	30.626582	15.123345	124.225952	35.209914	28.999296	24.563854	33.733419	13.260023	134.419390
	19.769359	8.145769	9.403184	12.436182	9.367702	-48.438884	14.012291	5.489655	34.287206
	-11.580264	8.648911	3.658866	-14.743354	-15.098377	-37.058479	-27.941035	7.383369	25.305197
	25.096579	6.994569	-21.744657	1.410066	16.902523	-41.773224	5.696492	-4.849382	-20.942661
	-9.060969	25.288588	-67.378355	19.803636	11.123088	-18.187500	21.612495	-33.605501	-59.533196
	-20.211848	12.683983	-86.674162	-0.691758	72.880834	-74.001631	-4.822012	-47.769721	-58.629310
	-26.457975	-3.946203	-85.734258	-15.063799	68.921884	-55.339545	4.846895	-32.090773	-51.913624
	-37.775544	-5.123299	-1.472699	-16.843716	30.915217	-30.509835	-26.136977	-29.673620	1.038038
	-50.886266	-12.250603	-16.516453	-43.973323	17.288395	-68.290953	-79.066262	-34.051862	-12.468680
	-63.449605	-6.035287	0.756477	-59.122339	-29.132170	-6.664880	-108.427307	4.515470	-11.643726
	-86.164078	-8.838421	-34.428633	-70.005401	-60.942104	-60.751539	-123.248632	8.517930	-46.341065
	-45.355219	4.344813	-39.095366	-59.493489	-89.060302	-39.237802	-112.190505	20.663915	-63.404741
	-76.659959	-11.609701	6.388324	-41.140309	-81.318969	12.081185	-91.317058	24.921437	-58.890969
	-27.162455	-16.550701	18.399812	-49.511181	-90.690490	15.405584	-113.983234	47.056042	-28.355097
	-0.397228	2.582497	4.999904	-14.477415	5.216919	-12.717983	-32.998850	10.005959	22.564509
	-19.623680	-1.927973	10.995731	-36.621483	-23.795801	-40.451515	-49.801767	-9.534703	-24.184096
	9.276513	6.650909	24.770689	-8.238192	28.899062	-1.462781	-20.499866	-13.985156	34.378729
	6.084992	3.782678	-23.763318	12.339023	42.578594	-33.838130	-5.989765	-20.115417	5.473054
	-14.000802	6.124630	-5.240961	-11.119006	22.574516	-15.730906	20.376511	-40.804497	-15.607343
	-3.616669	28.792756	-22.553000	-0.713937	28.308617	-34.552937	56.116094	-23.516728	-28.518626
	-17.598967	12.785086	-17.191364	-0.372655	1.702389	5.908087	-0.369415	-28.178402	-16.631526
	-16.593279	24.874174	-18.253248	21.559252	-26.098899	-37.414061	61.721178	-11.202544	-40.871926
	3.014681	18.731712	-9.876720	46.879826	-2.294186	-14.879724	60.925130	-3.499291	-14.999694
	0.502665	18.609788	-47.576904	45.956181	19.867638	-35.630575	80.512448	-11.744888	-23.345185
	-14.647917	42.158393	-9.264274	42.404536	49.445390	-56.222695	44.415305	5.907030	18.734188
	-30.505563	24.935757	21.915185	10.152844	57.521512	-26.470803	42.558967	5.623581	42.712977
	-39.663263	21.790298	8.193416	-3.746575	6.417572	4.416373	-23.716686	12.871510	32.342640
	-32.185748	6.927991	28.536205	-19.016139	13.466838	10.678547	-14.839953	29.066962	7.428466
	-37.456746	-23.152810	-0.441826	-36.547114	-27.535014	-31.448738	-15.513600	39.037546	-6.870474
	-27.267306	-44.446270	-73.762816	-14.364427	-93.808764	-33.195903	-31.332188	25.599701	-117.934676
	25.156389	-31.389148	-39.103994	-26.092867	-82.681569	0.463631	8.077989	43.642165	-81.006193
	74.004810	-15.311905	-66.564528	27.196077	18.741308	-82.202920	87.900032	-17.448632	-59.970041
	45.301879	-5.710888	-45.135379	34.703066	-2.832918	-18.069897	96.244146	-39.544818	-23.930110
	47.175695	13.510372	-22.554536	48.685927	14.179993	-34.249664	97.741956	-37.749611	-20.618290
	81.673798	-0.348302	-37.085311	31.292286	32.260574	-62.027338	111.314274	-37.518768	-5.854267
	67.357338	8.362995	-13.258822	35.574858	44.633225	-29.598881	104.415586	-16.170663	38.052072
	45.297830	18.636373	13.211108	30.888112	53.374447	-23.500520	77.413250	-13.666896	55.606785
	55.453717	38.415878	-21.920672	43.037809	49.866352	-10.984429	82.443524	-21.172008	77.075799
	43.114528	42.939981	2.843920	50.391255	43.964610	-8.616375	69.948144	-5.961252	63.194813
	47.342094	30.774060	-5.421761	39.155683	45.780196	50.881221	79.214829	-4.156823	39.522224
	29.899709	50.945699	-51.179780	77.054003	55.452904	61.577008	90.687067	-16.653190	27.746869
	20.570541	44.562022	-41.219173	69.007277	48.944594	3.701617	99.522905	-14.926727	-16.153552
	24.832212	50.058209	-32.803010	75.474653	47.030768	-4.799914	104.983998	-6.264309	6.152014
	13.821461	40.583185	10.107050	79.715803	66.679673	-6.054853	114.231989	-24.433243	70.026682
	0.767367	27.280633	-13.646855	56.504205	49.608688	-13.260604	90.595706	-7.581162	12.500277
	15.170903	21.914653	-44.854011	76.973157	56.716614	-59.529251	116.978948	-11.117636	10.143524
	17.969153	9.054444	17.674482	20.302473	40.590095	-2.491944	68.048154	-40.618255	32.027984
	31.309415	-0.803906	25.289351	8.055413	27.986109	7.933880	28.419015	-32.961368	28.155369
	11.783537	-13.628417	-14.755471	8.127045	-8.544319	-28.524896	21.722824	-18.842813	13.103970
	43.100154	-20.437856	-26.885006	-35.264784	-10.939062	-17.520118	-7.639830	-19.717469	14.359389
	10.894659	-28.516575	23.649390	-17.632936	-18.752694	33.203098	-26.579339	-13.606945	68.312068
	-23.976865	-27.600790	-6.986754	-44.888654	-21.148969	8.253902	-54.502133	-3.270138	-1.362656
	-20.170961	-46.041116	-10.226521	-32.422423	-18.433544	-3.651702	-56.744899	-3.965639	30.789568
	-28.638122	-23.657329	28.560059	11.039341	-24.671459	38.835555	-23.184217	9.149648	-29.787110
	-46.922998	-26.063923	-9.845248	21.137584	-63.126803	-28.936732	-25.923724	32.324106	-41.240762
	-45.725794	-7.156063	-26.665053	29.371449	-52.914149	3.204919	-8.560153	25.336907	-41.461558
	-50.137488	-0.654097	16.766428	54.746990	-7.775115	15.181053	17.341215	32.980312	-15.310197
	25.841261	6.180504	10.129533	60.293058	-18.803645	35.814893	39.560854	21.801442	-21.309050
	-20.137802	7.520725	-23.917676	8.147873	-10.547782	-5.665345	28.556573	6.515021	-39.428828
	-29.454806	11.295421	-33.274616	0.021619	-4.316122	55.791564	9.640539	28.735356	-25.839309
	1.933052	28.710323	-0.102120	31.061993	12.758963	66.071106	15.291797	24.581992	27.114860
	16.034225	20.242906	-10.262256	28.968862	34.131027	38.726266	16.811357	-3.524065	1.173052
	3.620772	20.737064	-15.319320	36.049445	48.201529	13.680458	40.704743	1.217642	-3.453428
	13.580231	24.992146	-24.079706	39.336757	19.559314	-21.236365	35.461714	12.043391	-1.300398
	8.257088	15.443261	-18.506529	19.589292	29.098764	28.997998	12.165970	32.084763	3.372469
	7.775307	18.718875	-0.298621	9.573049	4.839267	17.347388	0.034993	23.118966	-20.179123
	-3.803588	1.111636	-28.068693	15.286318	-9.010020	-17.595329	-29.035258	20.171231	-4.875294
	-35.934042	16.898651	-41.925202	12.911911	-55.768768	18.276814	-27.656965	66.657281	-45.358792
	-33.882360	-23.049617	-6.886780	-39.112276	-35.850058	7.755231	-88.477182	47.057436	-33.366360
	1.566351	-26.480492	-22.909493	-29.300025	-53.064969	25.645737	-15.278259	44.481677	-55.092908
	-38.171459	-31.417714	-12.810305	-36.066327	-50.229355	15.282924	-56.555948	32.059379	-57.916945
	-22.898307	-11.863275	-19.520001	-12.865107	-43.268733	23.744687	-37.796437	27.167748	-79.704870
	-14.052872	5.826830	14.520259	-30.321654	-48.360510	40.810460	-39.366738	10.559414	-29.139239
	-4.101126	10.660931	55.256565	-20.723918	-40.176738	63.053192	-16.010137	17.328496	-4.075025
	9.726027	8.014274	74.658173	-20.770986	-46.945014	52.770999	-44.791235	4.436672	53.170792
	0.456539	13.743632	71.853760	-30.872664	-56.568745	84.030141	-37.424557	2.211057	28.634994
	9.111871	-14.317520	-17.904924	-19.224843	-57.239669	12.474719	-5.260157	-11.317651	-11.679508
	32.036012	13.952488	-50.422342	14.308214	-42.969867	6.679379	46.629417	-13.326659	3.303844
	60.454930	5.317074	-60.868080	33.618616	-20.208169	-32.827233	65.453604	-39.467311	-11.606317
	39.334096	37.431768	-40.088694	33.160705	17.346441	-55.313132	77.905338	-52.298014	-24.945258
	12.557721	53.770270	-67.104050	35.782497	91.588447	-104.820416	121.353603	-38.880569	-16.099104
	17.278600	59.287408	-59.447589	60.171014	102.641766	-85.108597	144.916311	-41.156558	5.678823
	4.433012	28.298883	-31.184590	51.002049	94.492655	-65.384563	126.306432	-39.659189	3.334113
	10.660069	12.674671	-26.501335	-22.214580	33.494771	-59.249134	12.315562	-6.779987	-17.581155
	-9.481841	10.969979	-48.483780	-20.556780	57.790829	-22.260286	72.919930	-14.687632	11.095133
	-3.846381	-4.463914	-9.122590	-16.283618	56.732254	-83.544567	49.076612	-18.006949	53.226114
	7.540181	-1.727989	38.603752	-29.311558	14.105359	-19.233947	37.290674	-7.439418	21.552361
	18.570485	13.344592	37.116706	-43.798073	-30.909858	-17.451669	-61.494941	0.783084	-9.606750
	10.115043	-13.692846	30.984882	-36.406817	-73.405528	2.511462	-44.839085	-1.217318	18.024305
	21.534976	-30.085697	14.669807	-17.656442	-18.378033	9.599918	-13.697725	-1.559203	2.068335
	-19.644445	-37.792513	37.133130	-11.687677	-23.191768	39.336860	-65.108649	-13.467408	14.572529
	-16.605688	-49.667076	-2.686730	-66.472827	-44.139896	19.895892	-81.691394	-32.560444	-29.633622
	-13.979681	-31.794196	14.677688	-44.368516	-18.558365	6.700091	-46.156171	-29.344884	3.082463
	-0.695459	-13.828770	35.894346	-19.565934	24.201231	2.737192	-12.758199	-44.142027	12.055111
	-1.636280	-26.192175	14.794116	-33.078417	9.044656	-38.192703	-49.792649	-40.555817	-6.394987
	27.813932	-28.176506	3.539963	-16.622122	75.766841	-50.423984	26.937969	-34.867117	-2.753129
	28.209607	-28.893107	5.652355	-6.946596	70.486208	-61.623359	89.464059	-47.781050	43.494720
	30.128958	-27.390799	-29.779582	-5.465555	103.197929	-61.141054	72.794537	-72.272532	14.326919
	7.002382	-23.517585	-25.952979	-4.573823	88.159344	-62.623822	83.964074	-87.160927	6.503141
	3.768708	-18.741975	15.400010	-7.190133	107.222714	10.924630	27.577162	-42.580759	31.275378
	3.999132	-11.886379	58.801184	-5.901760	69.040617	30.650220	29.448132	-39.883631	31.825219
	-19.196728	12.705722	33.474467	27.643732	46.373803	-13.574032	35.694405	-18.664399	5.464669
	-12.032414	16.499905	13.924461	39.890509	33.253767	-10.561756	65.072321	11.774426	44.651066
	11.514294	31.395229	5.513037	38.092171	22.168481	10.859895	45.615970	2.508889	8.746669
	12.776022	32.034844	-33.031485	45.613449	35.068385	-65.741452	54.182644	-17.857078	-22.849257
	18.585658	27.937185	-72.969599	23.760350	57.221281	-101.613399	85.082450	-22.716594	-48.519055
	33.425749	48.252380	-46.543798	81.296033	73.854592	-124.443607	133.495716	9.142520	-22.842816
	16.862432	32.779899	-52.789357	44.112566	62.248642	-122.911487	114.292345	-24.358094	-79.838218
	10.865011	46.173983	-26.262100	67.478618	96.693107	-87.919811	120.861487	-25.479820	6.330258
	-21.774219	47.647859	15.670603	38.399363	58.826444	-40.190074	63.460973	-39.817117	-6.479430
	-24.639336	40.941090	33.506235	16.270658	22.603729	-0.091239	-3.511592	-0.257194	-8.015980
	-36.993259	6.395765	38.042859	11.818560	18.559917	35.313795	22.186992	-33.242190	29.770567
	9.950915	24.212809	25.461872	6.068077	45.636069	7.918638	-14.858132	-8.498004	9.994928
	-30.463147	26.224446	80.794089	17.514980	64.738378	38.456638	-15.465286	23.183017	63.818328
	-11.151693	-2.951891	84.966689	-9.480645	31.908896	62.101957	-24.101438	6.384296	52.865144
	-11.621625	-1.101446	35.980206	-10.439345	-40.685096	53.619463	-37.062952	-4.932224	57.961737
	32.913149	-19.459961	-16.800115	-32.570971	-57.905990	56.720089	-39.042825	-17.811816	54.753188
	31.911982	-28.070323	-50.347968	-31.986292	-66.670406	47.098076	-57.068158	-6.383074	36.391335
	49.593607	-30.099043	-106.648711	-17.998896	-103.306198	37.300278	-80.107294	-31.214260	-23.924965
	78.039238	-28.237801	-93.703308	-25.680325	-39.381045	-57.155158	-25.040921	-30.622478	-6.636966
	19.567693	-28.571945	-42.710389	-36.900712	-65.341388	-74.312869	-25.052720	-16.207037	-61.559562
	-31.910491	-4.225568	-58.712313	-27.226322	0.037945	-76.890615	-31.772992	19.508850	-29.733808
	-9.112331	2.409665	-78.083833	-14.400260	-19.183251	-59.927155	-57.064350	15.968087	-65.031182
	-8.870663	-11.488558	-86.665979	-23.226663	-32.467453	-59.998329	-18.427096	9.667172	-85.796631
	-25.225353	-35.212607	-72.915495	-8.182422	-52.638672	-49.949695	-68.350238	18.737920	-80.921986
	-28.644254	-25.930706	-61.407088	-7.587912	-82.535644	-25.667752	-47.299103	53.840723	-95.851297
	-13.286110	-7.417183	-105.238511	7.029115	-63.571105	-46.338012	-47.524422	69.579386	-72.817321
	-24.529697	-9.437337	-13.875105	6.505409	-55.531307	-0.890586	-16.615629	48.413261	-33.142240
	-12.418023	-4.444494	-39.848096	10.731881	-48.603231	8.558109	-1.158499	36.506046	-38.959827
	-9.943542	-2.400273	-34.645566	-0.161114	-48.311957	-0.685785	-52.755678	47.487236	-48.904566
	-21.382965	1.565964	-14.962268	10.285264	8.737296	48.139120	-45.348379	17.763679	-39.693108
	-3.315677	5.729844	16.040429	9.076332	-8.980360	42.350761	-33.404049	33.436054	-3.036051
	-32.940742	-12.590226	-36.408494	-28.034224	-24.578773	8.807878	-59.237665	19.059294	-41.061965
	4.065026	-0.372952	-35.076790	-14.456093	4.939835	-9.288209	-45.742862	14.809795	-21.458169
	-25.243558	-9.034884	-45.858530	-12.461667	-35.259950	-26.362683	-65.319306	-5.858143	-37.601129
	-48.701600	-19.412049	-47.957797	-37.642878	-22.105569	-36.490658	-93.866613	28.489635	-18.048465
	-26.775132	-14.254030	-31.664945	-45.499862	-13.488453	-31.802896	-34.978398	-2.217519	-11.625120
	-18.547549	-25.957095	-65.074569	-7.474152	-16.107027	-58.472930	-36.632092	17.682634	2.162692
	14.940654	-27.408922	-26.413497	-27.841181	10.562009	-23.101225	32.846344	-26.298543	39.064980
	-45.667677	-39.961405	-0.214330	-52.721498	-6.782395	-19.881169	-36.055612	-4.364954	-15.591777
	-9.835146	-31.510450	15.233872	-36.034696	-20.931339	5.195994	-62.137219	-14.606273	-27.635647
	-8.932992	-25.650644	42.465229	-11.767362	9.462241	36.794895	-4.137865	-0.078201	-22.389675
	-12.049102	5.802610	34.259341	0.859965	16.325399	10.289922	-38.240589	34.441116	25.960950
	-12.374463	27.023179	55.650019	15.404279	28.992285	20.995717	2.767713	14.254792	32.965382
	8.796895	41.091623	67.709719	41.401674	54.559274	15.251691	40.409854	10.294338	104.200754
	8.541714	44.510218	35.051444	11.412779	47.224363	-11.644490	36.627360	4.785901	27.157168
	-7.371943	53.666241	-14.886861	9.110827	42.099852	-20.501833	56.326693	-8.025583	-19.728021
	23.420652	42.595786	-44.484144	28.446725	33.702763	-63.331839	54.787714	-9.167456	-20.426260
	3.223941	35.541435	-74.760586	8.493437	-6.415980	-73.335498	61.478401	-5.442598	-84.500340
	-16.281093	17.350845	-52.449659	-32.189792	-26.561813	-62.777443	16.852417	-19.261997	-46.005261
	-40.554399	29.953886	-30.650333	-13.272795	43.236542	-32.149350	-1.050092	12.109504	6.964456
	-42.149509	22.564292	-19.593488	-37.658611	16.172321	-8.349144	-58.686342	19.183547	-26.090345
	-43.404321	23.934538	38.615948	-17.639229	-33.359267	9.599951	-76.614721	39.168872	15.536176
	-33.969654	16.125048	63.146729	-1.682218	-20.899839	34.851107	-29.599534	45.022778	32.075085
	-3.433030	8.085538	11.587786	8.647594	-35.370742	26.456313	3.631936	24.703896	16.348023
	14.758092	10.048038	-7.797665	17.144638	-60.987528	16.215741	15.532183	33.769171	-8.324183
	4.574392	-16.453135	-2.166565	-12.715615	-92.135591	-16.662224	-62.831678	38.795540	-22.050276
	-38.496462	-11.999011	-18.535656	-45.898838	-92.881575	-25.614714	-87.156838	26.260742	-59.899386
	-39.476766	13.857953	-49.788890	-28.745491	-44.244202	-101.007801	-59.212946	23.613294	-7.420573
	-37.852486	20.018917	16.906682	-36.856972	-22.079804	-49.824885	-86.023267	19.820342	2.022004
	-15.998666	9.823452	30.189295	-26.003647	-13.159047	-72.758482	-80.529541	21.752182	-14.495927
	7.936205	0.119426	13.203925	-4.310532	-12.685006	-87.070127	-6.715493	-19.563500	24.969352
	1.009029	-49.729097	-30.071626	-6.507482	1.254056	-69.118805	12.068986	-41.272564	-26.190894
	20.359814	-78.944087	-41.681385	-1.560215	-25.370264	-60.986797	35.749848	-50.937785	-19.730474
	3.398279	-76.437473	-85.108098	-10.787181	-33.555665	-72.520279	4.605608	-55.100719	-62.536487
	-6.516295	-49.270201	-64.332277	-5.255032	4.246089	-75.365317	-2.743490	-31.533452	-17.714885
	-21.622675	-28.160232	-32.007761	0.375572	-14.635926	-40.512695	-10.723869	-32.470708	-13.692266
	-6.988513	-11.244518	28.755242	-11.977811	-11.240653	-12.233237	-26.522980	-6.369542	22.493380
	-19.692620	11.079858	55.423299	21.116314	4.004026	33.965430	-36.472025	-16.744182	32.652516
	7.676571	13.370617	31.376174	13.957741	4.724979	38.590274	9.282513	-34.589630	103.600547
	25.962546	6.231410	12.783423	4.949237	23.583740	35.730550	15.110660	-18.777053	120.221437
	14.819178	-3.030304	-17.924450	-3.397605	-4.876903	1.482882	-9.069095	-13.549979	20.189556
	3.157781	-8.263247	-18.649752	-23.766170	-51.343382	8.568462	-44.581826	11.275967	6.978500
	3.739555	-1.608552	-6.366929	-31.758898	-26.854761	-23.814512	-49.814679	-6.807129	7.517558
	2.950093	-23.194853	-52.354043	-34.308109	-36.794071	-31.113087	-23.909967	13.892880	-5.282413
	0.584635	-29.221526	-15.445536	-25.309020	-29.424182	-16.466271	1.568828	-6.003164	-32.595120
	-37.673826	-8.787301	-26.136298	-8.056241	-31.461295	-29.701627	-50.020755	20.475998	-47.036630
	19.361204	13.391133	-26.560231	4.675458	0.039933	-24.667937	22.113696	8.136630	-3.753314
	9.741276	-6.845827	-19.496610	5.974145	26.106659	-18.088135	22.342682	-12.446474	24.016504
	-7.373508	-19.405086	-13.846935	-16.350416	41.360448	2.086901	28.527870	-9.034969	1.537681
	-67.797192	-11.383247	-44.421678	-22.695154	37.759422	-38.893253	-25.833308	10.316679	-26.256466
	-6.873502	-19.894780	11.702787	-15.066959	43.026151	23.281654	14.400057	14.191446	-20.691172
	-6.141587	-10.972258	-31.172030	1.147551	22.783434	26.895399	1.654974	25.093136	-17.363177
	19.583360	-9.971909	-58.672278	-6.676230	24.993331	-14.068223	34.122510	11.007122	-51.418077
	27.834934	10.973477	-71.901760	26.277334	18.433472	-23.952647	92.492174	-1.712027	-50.859402
	45.255241	16.180223	-10.371142	49.970715	34.016352	4.039817	93.916169	-33.385103	4.871953
	37.542363	2.140109	-22.200916	34.844751	42.579878	-73.619804	131.521491	-67.090455	6.794270
	2.443174	-3.861431	-109.975438	2.006209	-38.336038	-80.113873	40.008974	-31.555684	-40.306443
	0.543551	12.134495	-21.741721	8.601517	36.642688	-57.732353	114.036461	-6.458110	50.802790
	-3.744673	9.138862	-44.572951	17.622329	50.871466	-129.960071	85.942517	-7.966625	46.979913
	-14.626378	6.576955	-41.162524	7.991909	47.201790	-84.310971	56.248909	9.246834	15.003653
	-24.498352	12.881808	10.257322	14.928628	15.388987	-104.342466	31.663468	38.688906	11.117631
	23.782632	13.659098	-12.864036	13.231815	6.443403	-120.650702	24.191671	40.217978	-11.271487
	16.388264	9.654074	35.758893	35.107458	39.821723	-61.606271	44.371405	22.028556	73.119796
	4.332072	-9.868255	76.012699	27.259150	11.364613	-14.645772	43.729130	39.267773	73.329977
	17.816341	-27.514139	27.940349	12.286150	42.435406	-44.209547	50.607501	-3.577355	81.319132
	9.252575	-29.724567	31.084295	9.484380	51.781993	-69.759409	53.106492	7.675877	90.295719
	9.614277	-11.587927	62.527431	4.183913	78.617021	-41.609171	63.761864	-10.342403	94.483310
	15.921610	-1.030275	68.311286	25.018185	102.726476	-1.340933	79.393789	-15.643752	106.405811
	-4.387071	5.092568	35.017245	14.399547	75.529071	-43.160058	69.604537	-26.873347	67.252257
	3.792446	21.617093	34.171911	26.567431	51.200289	-39.139686	56.403359	-19.766085	44.526666
	-20.815213	29.024041	31.479265	25.716178	39.517113	-27.481139	48.626592	-25.727156	8.717817
	-24.145695	25.273016	47.387515	16.649749	51.541344	-76.026120	21.642783	0.954356	38.480560
	-6.983352	28.607673	9.942052	19.090075	23.192416	-76.707620	7.520999	16.020008	15.396145
	-30.400410	8.435661	24.571549	7.721792	1.427976	-57.616624	-0.167760	10.997432	46.911991
	-39.213404	-16.710589	29.609770	-40.508571	-45.181087	-44.022034	-64.960535	17.065760	14.273832
	-54.816076	-38.211006	7.735495	-76.880064	-26.096297	-55.086378	-104.064311	7.272051	4.305193
	-40.070219	-48.817190	16.811673	-88.924494	-25.337397	-5.974743	-124.036822	17.183047	-4.776852
	-73.371731	-54.851051	29.942216	-90.785630	-38.084110	48.963606	-122.430947	16.920548	-13.992709
	-28.978083	-7.057574	18.507880	-39.622469	-2.253275	-6.845478	-50.961781	-3.072597	-17.206502
	-44.372801	0.680529	53.457900	-34.473223	1.141973	54.437078	-66.414138	-4.635803	-21.629015
	3.136568	1.977979	54.772179	-26.968510	14.141504	45.955751	-45.794397	0.838883	21.775715
	-18.517785	12.849784	16.548972	-27.251822	-8.142888	43.037725	-22.504624	-11.582444	-26.370591
	-26.613374	8.442268	1.212658	-28.097047	-4.758736	40.087914	-77.081315	-12.789841	-45.067273
	-3.924796	7.425704	42.972940	-41.922637	30.067036	67.774642	-39.989673	-34.208071	10.826058
	-34.308847	9.476827	50.134441	-28.720100	9.902184	29.683193	-52.928664	1.191263	-18.677863
	-42.706502	22.133097	30.113011	-21.029556	-5.880142	33.000414	-69.726383	-11.470951	-36.385013
	-18.555628	17.124588	28.172295	-19.018370	-32.645457	28.100508	-51.120947	2.304349	-36.282199
	-6.320991	15.806614	4.808391	-15.715068	-24.364198	18.223051	-29.396507	-21.399775	-57.442178
	33.509906	-0.535407	-44.329244	-27.456529	-58.461211	-18.876064	-21.374256	-29.936026	-42.200319
	28.137308	5.534247	-39.641073	9.614762	-54.030402	-52.193421	27.778641	-36.323094	-62.910761
	26.489184	-8.186407	22.635778	-6.178585	-45.284595	-20.910623	10.321069	-41.810327	-33.927132
	7.844564	-12.500524	-42.250732	-24.085830	-29.851519	-24.574152	1.392665	-50.669735	-61.848797
	-21.972964	7.501909	-66.367439	-7.360413	-22.466997	-36.444344	1.400462	-36.923308	-68.264811
	-12.245245	13.970092	-8.987978	2.810573	-18.081596	26.560567	-19.622733	12.389256	-74.126114
	8.236459	-0.407875	-10.436013	-7.339118	-42.345697	20.190288	-30.724817	7.092970	-17.405682
	34.507968	-8.572971	-22.051374	8.180458	-8.838549	13.172627	9.359741	18.767966	-3.377378
	10.861382	-29.882814	-17.107317	9.971551	-18.544069	-9.384255	-3.248625	-2.269477	-31.541667
	4.193078	-33.776404	-33.118457	-13.813976	4.353736	9.225915	-5.067365	-3.512791	-18.164483
	14.675422	-17.998470	8.890153	-13.882030	55.437837	32.249519	5.527217	-19.633735	12.712984
	36.860233	-30.222742	38.546139	-9.433245	42.819440	43.981550	24.583506	-28.984721	18.488991
	38.115263	-39.767119	-40.936969	-22.548204	-14.749806	-32.965961	15.957300	-30.405274	-31.316936
	42.862556	-15.733838	-46.876745	8.058856	-25.499593	14.093260	-27.142904	-12.569993	-67.045994
	12.897516	-6.285772	-24.193582	15.850906	-15.953049	-0.996610	9.941370	-10.136068	-0.221009
	32.620481	-3.279106	44.941251	7.056872	14.155765	15.134529	37.580944	-4.620910	11.416756
	50.867367	19.162526	30.960834	32.117731	26.311393	29.428861	51.545250	-17.267702	26.033405
	33.362652	4.913157	13.152171	-1.400811	-6.131054	8.959582	13.334711	-34.534744	7.438422
	21.912108	8.791822	3.987474	13.985798	-20.045132	19.995474	9.559144	-8.682781	-12.149025
	37.002212	30.777370	19.393664	34.367305	-9.458824	45.325750	47.386434	-5.421943	46.537278
	60.198329	18.266796	68.970944	29.707068	-4.118009	70.002079	56.009208	12.596054	62.998877
	7.156015	11.417074	34.335370	17.553048	-31.319818	31.981964	-0.995732	32.938988	38.466377
	20.218269	-0.319860	-2.022222	16.701732	-42.419234	27.967649	-0.850104	8.773928	9.473958
	9.738454	-22.309596	-38.653379	10.111202	-45.588572	-26.708215	12.704033	-11.943037	-22.702396
	11.949335	-54.456915	-117.717326	-24.403951	-54.022265	-74.074799	-12.100528	-12.884948	-80.271327
	-9.063125	-43.235859	-126.535063	6.914061	-0.509801	-57.829030	40.636791	-13.623961	-127.700020
	27.838342	-62.306929	-168.828079	20.918131	-6.520420	-153.109057	83.786298	-50.455364	-165.331523
	-25.139903	-63.262368	-159.496333	-32.961714	-55.510947	-158.603505	17.635323	-17.211559	-194.043464
	-14.036647	-31.746731	-129.447045	-17.353999	1.316137	-162.721801	-12.064635	-3.284526	-191.258231
	-73.529194	-5.553548	-80.963797	6.305774	20.380592	-69.348115	10.026861	29.625951	-71.698906
	-23.854376	25.860103	-38.032667	28.179608	36.509755	-43.388941	34.701859	26.578678	-4.606847
	-28.567259	30.647830	26.292515	6.163448	24.464294	-17.356710	8.009886	28.226245	24.070433
	-11.746340	-24.358039	-6.418872	-26.448078	37.703870	-36.522628	-16.942002	10.795179	23.342408
	-8.150060	4.075608	28.890285	21.105458	6.015662	-20.214944	-4.781819	44.423408	9.494217
	4.045746	9.915400	15.488330	10.785700	23.062149	-2.842473	34.204056	-3.502523	2.188860
	-7.295996	7.927393	-8.902144	-11.116754	33.935754	-66.641860	4.734586	6.371391	41.820749
	-24.369185	-13.292101	-18.779756	0.605619	5.504362	-14.452741	-23.379277	14.935425	-29.286837
	-5.606108	14.240391	-40.828153	32.458084	-50.231600	-18.016490	-0.428567	13.185564	-36.519652
	6.527823	-7.549126	-32.054620	13.548826	-35.306802	28.343299	-53.095246	8.432471	-45.718777
	-15.879288	-27.851858	-67.783540	-18.808595	-10.559792	28.985500	-68.765181	-7.523664	-74.998836
	-19.042282	-1.231358	-59.573151	-23.174863	-87.323953	53.356564	-88.515657	19.725760	-98.777857
	-21.915318	-10.216872	-3.237789	-31.751997	-79.228697	95.366250	-51.662014	-10.096123	-23.334763
	-13.056400	-29.466499	-40.331210	-62.188631	-103.362792	70.046161	-100.639452	-0.363621	-22.837429
	-7.129178	-13.873309	8.344392	-78.470496	-96.919328	120.842650	-138.152226	17.140370	-4.238251
	-20.003834	7.945008	66.696179	-69.325489	-57.701946	105.469460	-133.742136	31.404091	33.646419
	33.660230	8.006524	85.797672	-42.428959	17.860213	84.504947	-26.895231	27.951379	112.037742
	24.461144	20.502916	44.436359	-39.216275	5.306992	114.281088	3.307150	-4.090330	138.881900
	30.129332	-19.573695	-2.050383	-27.116369	-45.416510	76.891573	0.741265	-11.974664	38.062722
	43.966628	-5.123355	-43.574062	-6.387737	-53.711609	33.681254	50.014254	16.347143	4.121066
	60.474721	-14.529611	-14.554004	0.144675	-8.387246	43.407840	87.459356	-44.483932	16.705032
	58.174316	12.733996	-49.767111	4.905702	-1.227459	32.221590	70.645017	-14.107370	-50.370896
	23.135348	5.545015	-76.253571	-9.366093	-26.219616	7.957215	15.697206	-28.126508	-60.677830
	0.071604	-0.354996	-67.349548	-6.003640	-15.992049	-20.699390	32.066208	-37.876769	-78.713801
	1.983411	-0.567707	-45.967117	-5.665183	-27.800203	35.331709	10.845464	-7.662019	-42.091618
	-3.581321	-14.169778	-65.573541	22.041231	-28.587666	-1.581286	24.340509	2.893739	-44.558100
	-30.204629	-35.576215	-61.497190	-18.314112	-28.084780	-10.674179	-3.973030	-32.447247	-20.826198
	-7.261290	-13.817786	-53.711239	-23.563910	11.441558	-6.215952	13.720202	-35.268282	-26.787536
	-5.002451	11.783268	-49.954004	1.904937	41.784739	6.203580	-16.376385	-33.510827	-18.719837
	9.312375	32.527188	-8.863188	3.381007	6.226771	-0.496392	18.154042	-5.012454	-24.535567
	42.676998	45.102992	26.629272	32.129916	2.621809	37.908300	47.287872	1.801466	8.070727
	37.589999	69.915790	45.591265	93.229965	-3.727420	61.048217	59.147410	43.609621	6.173450
	11.137931	29.693466	-16.844781	59.567807	-8.356167	9.169109	35.243118	40.642210	-10.287667
	-8.031156	11.889960	-42.612555	62.082391	6.065806	-33.037047	55.398740	1.040559	-29.699405
	-7.729581	-19.450935	-41.540672	58.795403	4.895640	-42.349615	40.073661	-1.206928	-20.568580
	-7.203637	-6.919579	-65.725880	58.939531	12.548484	-48.844599	28.692671	-4.194051	-32.885311
	-15.452309	-25.137505	-29.898388	34.281981	34.371489	-49.074473	5.214278	-1.863762	-29.833064
	-25.384254	-34.533401	-27.364125	46.712400	-8.724482	-38.412461	14.084271	7.902073	-63.785742
	-36.256837	-25.910730	-43.224866	50.875162	-3.359009	-22.603922	-15.760843	34.199507	-50.368395
	-9.515813	-22.039691	-61.212551	38.243992	-4.399903	-29.560886	-1.875636	29.347004	-56.831810
	-24.016545	-13.845913	-21.853756	44.045780	-28.163778	-8.392223	11.806434	27.752388	-41.194774
	-3.626141	2.340328	-11.620997	37.472139	4.068190	-1.869800	-5.375605	14.013148	-28.667344
	-17.406147	4.006898	9.921690	16.900452	22.617951	29.504165	2.191168	18.163013	-7.150823
	-16.221501	0.948167	40.240527	-10.341653	11.264603	39.189843	-32.971676	34.843667	19.710425
	7.183287	-0.454667	24.742741	-37.233956	8.974201	20.100623	-42.509140	-17.072350	5.471177
	-34.227244	8.330086	5.021037	-21.621073	57.637844	-24.826401	-36.947328	-13.846136	8.687486
	12.346984	-6.065234	41.031373	-50.507224	67.436641	4.267807	-12.430403	4.131132	24.126990
	-15.275060	-1.899748	23.520534	-47.665163	38.584028	-10.240883	17.360446	-43.183394	42.255079
	3.121445	-12.542266	20.961508	-6.683558	30.139717	-17.839507	7.838979	-13.317397	1.022276
	22.790213	-33.590705	12.637513	5.519863	-8.316623	-30.135411	32.333426	-48.440407	21.951674
	46.845111	-11.748727	-29.151877	20.275820	8.998535	-65.768080	80.170456	-45.146142	1.660899
	25.596357	15.852919	-59.771487	37.049625	-3.645295	-74.280789	75.193168	-41.860036	0.700090
	4.960265	59.185733	-41.400599	48.530846	-5.401260	-70.875123	73.609785	-8.968367	-17.609303
	8.096114	76.899619	-22.858786	72.400908	17.582719	-35.157720	107.614621	1.225319	17.176165
	21.181599	90.392456	-15.704936	67.825826	37.356037	-20.735842	106.486521	14.129837	39.982959
	30.869213	97.901218	83.750699	58.080863	42.822062	29.859041	48.016372	38.598431	56.974764
	-59.782738	66.497140	140.970093	11.895023	-2.543270	73.516089	-44.015200	67.451919	16.873178
	-18.956325	50.709011	61.914299	27.511645	28.678348	31.522906	29.292582	56.107101	59.772603
	-7.545932	22.080423	80.894847	-9.927168	48.599561	25.721667	49.359501	-24.832811	80.818630
	4.967467	-3.561557	81.128138	-55.243235	-13.201153	6.965309	-10.596896	-20.679933	59.156026
	29.333498	-22.147007	8.339537	-59.785882	-12.372976	31.701846	-42.169639	-17.237028	39.773646
	67.507333	-20.819838	33.708912	-48.359537	-27.328389	33.629148	-34.660957	-5.449763	40.682097
	61.699211	-7.304167	21.856938	9.029796	-18.152088	93.012812	7.185446	9.874800	40.481438
	54.478708	-17.894459	-11.345662	8.093804	0.627242	40.430057	-1.199335	-7.030103	13.458096
	63.567066	-12.409480	-0.734070	29.771259	14.343064	59.914600	22.334537	-5.687372	15.003212
	47.611589	5.902740	64.196589	31.229294	24.531657	56.667452	31.580248	13.367523	54.680196
	28.288037	14.221566	34.354847	28.380872	51.023866	66.338159	19.090309	6.585734	60.817736
	10.860184	10.806482	74.616838	7.780023	53.631804	47.899003	38.409058	14.693776	87.821364
	8.411141	1.883203	28.477233	-16.015734	70.374045	37.720991	60.194276	-26.425685	51.705960
	-2.559372	0.893268	-18.168915	5.545092	58.314223	1.775968	39.143349	-26.039112	60.825059
	-28.343195	17.059966	0.287427	10.303354	41.210504	-0.025740	42.329540	-0.164337	7.090894
	-10.196741	35.167035	48.799723	24.801340	80.568671	17.659176	32.386189	-6.193784	47.623485
	-8.487415	-1.255692	42.704163	5.470540	70.090058	47.159498	13.675230	-28.299446	72.890989
	2.862952	14.515077	44.623480	-11.070952	27.385097	2.334534	-27.570506	13.265400	43.203972
	-9.288725	13.289366	84.482185	-13.897288	7.482997	12.649113	-57.370023	26.547717	47.513324
	-14.559781	-1.076400	65.229562	-41.309911	6.626353	4.477371	-90.931720	35.577097	57.968318
	2.349791	7.865289	60.295527	-44.640627	-8.357262	16.641998	-87.387550	31.028741	82.646698
	-22.044486	-17.938243	-14.607243	-60.250600	-23.267292	-24.683190	-88.656139	13.801913	-48.491618
	-40.545133	-21.358674	-12.438058	-64.904049	-1.209144	-15.986911	-61.937351	-3.844803	-20.841987
	-71.664262	-77.441532	34.374912	-66.194133	-3.981589	-30.848945	-82.646879	-16.395927	7.527330
	-55.744116	-86.072215	-5.126758	-87.712208	-56.054542	-86.988989	-85.910823	-35.744459	-61.168566
	-53.225060	-84.438296	27.786657	-94.599876	-50.042203	-78.880157	-105.669482	-39.027765	-34.946749
	-49.538758	-75.471812	22.046615	-99.170851	-44.002539	-114.105388	-113.513092	-32.439568	-22.360523
	-60.857938	-20.371939	29.312541	-68.041712	-29.389187	-78.104794	-101.802737	-37.057392	-43.229365
	-45.802484	1.473120	66.466922	-86.163122	-70.666910	-17.306941	-124.666658	-11.683570	-16.700744
	-42.560342	1.530089	69.079161	-76.188487	-42.666094	-18.797314	-104.574180	-9.849254	-8.305790
	-38.929624	15.948396	37.765467	-32.431512	12.451489	-12.087606	-49.099581	-1.724926	-4.054924
	-3.484186	6.384545	29.830368	-46.136880	45.958356	-39.973975	-53.591184	23.942009	34.698450
	20.065666	10.886930	12.736564	-12.914557	25.335731	1.273178	-15.849067	20.672216	29.396677
	-12.736807	30.621727	17.123616	5.270502	36.816480	33.618262	-33.415656	20.142074	22.711199
	-31.158771	19.432756	40.758879	18.052444	11.206499	36.615131	-29.408964	41.333579	1.399720
	-38.082368	35.034360	29.746398	18.232479	5.138102	41.440030	-39.470744	48.260484	19.775229
	-40.868803	28.627514	43.321758	20.340816	18.296613	58.304120	-57.964926	61.188616	13.164392
	-20.945871	23.775897	73.634451	-2.660466	-0.455135	69.097942	-35.108347	36.795854	41.397189
	-27.016983	31.609655	2.111440	1.201683	-33.829734	38.951873	-54.400222	23.226106	2.059164
	-24.854902	10.616773	-16.724958	-21.363350	-47.612510	7.517851	-76.207908	23.234645	-46.498408
	-10.104243	0.937620	-5.924963	-11.165491	-76.886053	1.604976	-81.789377	16.860438	-80.173981
	-34.301897	-11.825152	-3.650765	-40.620162	-91.239400	-31.582244	-108.739861	-15.713798	-43.483321
	-50.235026	-21.295498	-20.251705	-57.042433	-72.496376	-87.069914	-125.609284	-10.740444	-63.231021
	-44.920844	-12.424614	43.078809	-49.926090	-39.664615	-68.579594	-82.513446	-14.735863	2.532069
	-25.101509	-3.160117	7.973203	-38.812757	-12.095172	-71.618375	-79.610961	-11.593378	49.969125
	-23.608505	-17.278714	-10.854247	-69.649345	-51.567811	-77.944553	-133.509519	4.316792	-21.221882
	-15.610838	-10.055046	-32.531540	-39.667885	-36.661408	-76.413269	-113.444932	8.961565	-3.227377
	-30.437776	-25.753499	15.090935	-60.072769	-33.544600	-4.318914	-97.902579	12.831610	12.469832
	-3.612539	-5.623847	36.059424	-72.542481	-25.787513	41.371193	-66.478566	3.027856	10.799848
	28.472273	-0.653833	29.385089	-50.034449	-66.217559	42.333438	-128.140421	17.423701	-17.082550
	-8.225929	4.913298	44.862032	-29.829473	-48.593074	50.757304	-101.323164	23.104829	12.716431
	-7.035083	1.952492	48.522416	-40.616772	-43.098403	40.616084	-118.273103	20.826717	12.179909
	8.789113	5.655788	76.255886	-7.085731	-25.289044	58.920372	-69.397638	18.151458	68.817318
	2.195635	-22.316024	31.203544	-25.747136	-67.984963	53.380766	-67.048887	23.939411	25.691947
	23.600680	-19.675454	-8.026681	1.332030	-39.816566	17.586095	1.428860	33.447786	-26.461883
	36.569428	-54.019114	-43.786876	3.223489	-6.197711	17.111270	28.174112	19.400061	4.407047
	22.299875	-68.581546	-72.079580	5.408617	-24.766118	-4.793493	32.742583	-13.525346	-4.659680
	22.102571	-64.595268	-90.012143	11.350507	-24.277443	-79.231125	63.774594	-16.921973	-70.184568
	4.170065	-60.849746	-88.972609	4.235470	5.146666	-92.912307	61.016559	-32.946435	-44.924696
	-17.155738	-49.417664	-34.135209	7.989690	14.955445	-47.464948	61.822034	-34.993140	-15.197488
	-3.940249	-12.233983	-59.319909	33.519416	23.404816	-77.171914	83.524563	-17.315888	9.782921
	10.545239	8.252662	5.243273	60.694645	78.117594	-34.114705	98.669127	-12.350314	28.634867
	37.079121	12.396955	68.846437	76.267603	119.361367	-18.530881	118.101107	-4.823279	36.999265
	15.026431	-7.348855	29.148305	51.187308	88.046262	-13.542604	93.494220	-12.667338	39.442963
	-1.387652	-35.539277	54.641423	3.306210	67.668920	-28.932628	65.892740	-33.746527	27.770395
	7.657090	-41.927066	50.565666	-7.597655	37.806844	-26.058311	40.045438	-44.897939	40.597766
	-15.530973	-37.185924	46.968989	-17.332439	-6.852904	-13.956418	30.805467	-43.281122	-4.634961
	-13.634712	-11.771170	44.538446	-11.738895	12.634811	16.279078	16.138557	-48.678526	27.427914
	-16.124465	0.439094	49.190120	-23.547985	16.631034	52.154666	-2.918543	-32.609306	11.167520
	-13.220245	-14.670330	30.394327	-13.639403	35.203151	30.727014	31.231716	-13.063140	12.527439
	14.058774	-17.565888	19.393876	9.561704	-1.679064	29.002577	40.760608	-25.373498	23.421806
	36.798823	-22.375715	-29.738569	28.721904	3.006346	12.725465	69.065777	-20.475422	-21.308583
	-3.462990	-10.364266	21.197279	38.972028	-36.833236	8.378344	12.375327	-0.513675	13.594989
	-16.067881	3.257990	19.569446	13.994308	-13.507811	18.224293	-8.047529	3.929669	53.177805
	9.351920	13.195195	39.560198	28.872087	-2.217913	36.383129	-5.135454	28.790937	36.468759
	21.391827	18.236453	40.444133	12.485171	-9.323644	39.303278	-15.138163	-1.326434	34.385709
	34.824813	20.642865	-9.046632	24.187536	-9.371049	67.659469	-0.903564	-17.776096	-5.710145
	32.297174	9.665436	1.021766	32.273626	-4.072908	29.440406	39.049142	-27.949938	23.765268
	24.408668	16.434884	-6.993681	18.100348	-41.013123	9.242408	-11.581070	-5.297179	-8.107394
	18.579279	26.083489	-42.511842	41.020682	-51.129456	-8.852283	18.712470	-42.401407	-15.852094
	-17.404154	36.440938	-71.515957	38.495104	-23.126877	-16.878457	28.606539	-10.726470	-57.909668
	-30.126128	58.865771	2.185869	50.388775	-10.252174	-30.701653	29.260916	6.620698	-57.684613
	-54.959812	51.654292	2.817678	16.963609	-19.909523	-33.794067	-14.461729	2.795258	-75.471915
	-69.816230	17.138714	15.223319	-11.544323	-23.562862	-0.810653	-1.680755	-4.338364	-18.659173
	0.316191	-23.918740	-11.427860	-12.746429	-30.318992	15.765913	18.534832	-21.777854	22.086254
	6.692799	-15.660815	-59.158324	-9.236018	-20.707186	-0.483487	-11.546811	2.871334	31.590847
	33.715241	-13.598036	-53.529851	3.010415	14.093768	-27.997194	21.510558	-5.264792	34.999317
	28.841610	3.091159	-25.668779	0.226493	-20.410759	-7.043675	-8.219784	-1.847629	1.293438
	4.251254	18.855740	69.490250	-0.964474	-15.778118	78.375457	-18.211567	2.559612	17.797625
	35.790891	23.524080	64.838805	-3.800198	-10.142874	62.442401	0.636880	3.364351	50.369667
	44.125058	12.020589	73.950680	0.510968	-26.166876	48.179896	-13.655699	16.472446	82.413934
	-9.109869	3.898553	63.741122	-5.101365	-16.532745	25.303817	-34.992443	4.325059	72.541835
	14.322401	-5.551366	17.411805	-19.987361	-31.286743	5.442499	-31.264866	30.401928	38.571988
	-16.735323	-5.079279	7.540490	-31.014661	-20.570582	-36.368682	-42.307069	28.726673	2.542247
	-25.398244	-5.568576	16.608656	-48.885103	-49.475024	-21.030931	-96.444601	62.153536	-51.757345
	-41.446664	-7.288711	-38.684499	-47.358689	-65.032362	-41.746420	-107.596619	51.356994	-31.341832
	-43.216274	-3.998621	-26.659700	-26.817538	-19.923476	-69.754727	-63.300157	60.478464	-22.700742
	-62.860473	19.654915	-20.292527	-25.069099	1.448867	-74.080039	-21.955583	33.960613	-19.732907
	-40.433756	7.621004	-65.633874	29.625199	30.953640	-67.339967	44.478348	30.976146	-19.073737
	-10.002430	-5.806607	-39.900685	49.924144	66.143064	-55.748919	52.590293	2.019826	0.924143
	5.397120	-24.972160	-20.969386	47.251779	41.173754	-33.082863	28.776610	-18.415133	-41.277671
	35.868203	6.463184	-38.266305	52.956913	51.714641	-20.444431	96.215295	-14.716659	-33.192428
	9.722435	15.241481	24.742458	31.077292	57.041230	9.879967	62.742635	-30.938763	-3.942887
	19.182881	19.477164	21.203998	13.319658	50.167922	-29.547143	46.334148	-24.615720	-6.884744
	18.912202	3.172046	38.850364	5.127697	35.210480	2.376047	31.531926	-11.344193	-24.344289
	30.490970	12.527298	19.433579	32.431628	64.631887	-18.045101	57.760609	-19.438572	14.881996
	51.403275	23.677255	20.938487	31.622908	42.492664	-31.422111	30.311915	-1.282082	57.053071
	5.313594	4.562660	-0.446736	7.557438	46.778976	-13.400193	28.122139	-7.955446	43.941575
	7.621420	26.682691	53.708019	22.602244	59.325007	56.157807	45.315288	-37.263091	65.507226
	8.671911	24.368399	111.097030	38.936477	66.681937	59.299045	41.982218	-27.726116	92.627445
	16.353635	42.434815	93.122550	59.785453	71.114848	49.668306	67.935128	6.379710	96.594185
	36.577266	35.141020	63.187067	40.617564	113.967470	-0.032137	85.288073	-19.970617	81.186980
	1.663301	43.770875	137.217175	50.070015	86.808288	46.541118	79.714942	2.783681	104.535202
	9.264211	22.403070	22.761077	40.899622	51.486217	3.030232	87.031836	-29.754389	87.933082
	18.036249	14.380445	-26.483344	23.195977	23.022656	-11.683423	40.943508	-22.556330	10.478713
	6.726399	-34.945686	-24.475379	-3.352878	-3.789195	11.865480	41.217517	-23.269414	-58.277159
	3.997006	-25.634809	-89.916890	-40.422931	1.717402	-9.714267	19.435342	-13.850032	-50.308288
	-5.850885	-15.976261	-58.156839	-40.138890	-9.251017	-0.359439	-30.487241	-19.537863	-93.792409
	-9.034504	-9.514409	-33.444586	-23.210653	-32.041941	-23.720286	-7.397100	-18.033908	-101.578520
	-42.782873	-3.797749	13.824521	-36.440946	-56.798898	42.269304	-49.212600	15.852272	-41.645218
	-36.061257	-28.757635	-19.866204	-29.089029	-55.570077	-4.651787	-28.285598	-1.454111	-22.665518
	-3.792643	-30.354060	-23.626692	-18.975874	-38.997604	-24.666791	-29.650786	-4.316624	-44.595258
	-67.188903	-30.722344	-0.875819	-2.060105	-10.148848	11.899785	-55.311983	33.011956	-42.257848
	0.889553	-51.504187	15.281458	-7.294229	27.056078	36.254046	-35.170506	-14.886512	24.699965
	-56.917730	-31.884671	124.615387	-39.685942	24.708402	68.031874	-86.288141	35.656373	73.070687
	-43.708661	-25.281097	102.896928	-30.144088	37.731202	82.470282	-11.094115	4.247030	82.653133
	-24.571124	-20.076271	108.265460	1.673991	61.851781	34.196225	23.123161	11.670395	117.776556
	13.737902	-36.292771	58.757476	-29.130000	24.338952	36.871173	-39.392295	-7.969765	81.323483
	17.991323	-44.637899	13.387388	-23.380475	-19.457295	39.353673	-20.346344	10.199496	81.104024
	44.549351	-23.080035	48.364443	-29.239879	-70.296500	108.446245	-56.581859	-6.038880	45.450256
	62.902095	2.656017	44.559194	-13.038296	-110.317076	111.308199	-42.324175	19.015306	25.200744
	53.204714	18.998000	-10.973341	12.677025	-78.161470	107.248153	-48.089998	41.343561	-11.287471
	46.602838	32.558147	11.822083	31.051211	-15.769302	135.715671	23.737903	26.678862	-11.644513
	28.204052	45.614515	14.090053	68.768801	14.478871	139.176228	70.832090	49.506144	-4.467616
	25.796153	56.526627	19.775887	68.748289	7.903852	123.920819	22.747114	78.213398	0.772456
	11.734717	43.288133	42.005853	66.549710	-0.744182	143.931044	-6.768214	83.012779	-3.674059
	12.276792	29.255177	14.269976	57.645133	4.140984	93.904939	16.613604	24.639940	3.657138
	3.542482	37.336119	3.432026	61.559452	-0.705640	59.115872	-12.473942	35.130514	1.922666
	-12.248064	37.352877	-13.062596	49.171859	-5.591305	52.150618	-27.940973	37.037381	-10.841704
	-33.054978	23.991526	-4.805740	29.555327	25.074913	39.567584	-17.883902	15.508774	-42.988365
	-7.049683	12.171557	-32.950475	10.999476	18.748503	-20.801714	1.360717	22.247858	-66.213334
	-40.938656	18.314399	-54.526604	8.451870	9.102388	-34.026767	-41.509136	18.179054	-62.272091
	-24.227352	5.758022	4.805856	-42.991835	-20.615554	-5.491263	-81.682961	26.907817	-37.906922
	-60.725754	-4.818953	17.887601	-56.878469	-24.331700	7.186645	-119.297540	23.224037	-47.482229
	-76.278584	-8.349898	-5.346280	-54.477833	-16.191793	-2.665724	-117.757876	29.376947	-28.243507
	-41.857016	-15.379049	20.675084	-36.210416	-15.945282	-11.422423	-66.309441	13.865701	7.073958
	-57.666780	6.773735	5.445065	-37.383610	27.210528	-28.073590	-55.355378	30.456751	-24.313105
	-47.459496	17.512406	-14.878949	-33.734901	41.759728	-35.975942	-24.303778	41.107320	9.571583
	-29.371237	29.073583	16.574567	-2.992118	26.983012	21.041588	-24.502402	49.753333	16.517050
	-37.254417	32.545852	47.435520	26.200494	4.141662	8.895202	1.593266	58.938911	-5.914892
	-54.478980	39.346473	49.401157	14.553739	12.192291	28.503665	3.220156	52.414480	25.775705
	3.952247	38.516046	80.352271	19.293123	22.448734	68.421886	11.879875	48.816118	20.622801
	-2.036986	44.086168	73.747310	46.617871	2.903348	78.150010	35.756480	51.461533	59.367460
	31.059242	41.673849	49.377355	54.378713	30.754780	53.120531	29.781407	67.284840	63.823994
	23.271488	32.907303	136.826945	4.839932	-24.991496	130.326641	23.038708	34.392521	83.343458
	34.918457	35.639158	117.154866	-3.414645	-24.786240	83.546168	-5.914594	49.139196	77.526167
	57.764549	21.227801	141.198112	17.200321	-27.277193	64.612173	13.629650	5.505457	98.223887
	23.565530	16.062646	77.902674	12.822580	-71.106557	87.708214	-4.332954	7.855018	33.000611
	38.327662	-7.530021	19.646736	9.836680	-49.160868	53.514511	-16.291264	-1.361354	0.889697
	44.684110	-29.868382	-23.711374	31.085517	-52.016074	22.230928	2.881920	16.666600	16.047534
	45.008860	-36.568641	-19.944946	45.945060	-21.572123	10.700441	38.166999	-12.009295	9.595052
	68.036342	-19.634258	-70.939983	59.414018	39.614848	-26.369597	81.894581	-18.930701	-32.198068
	0.684062	-12.199086	-32.890849	26.021254	41.087705	10.534531	80.141542	-35.186025	3.038713
	14.912287	-11.875729	-50.352492	29.898796	64.437842	-14.481293	106.316229	-66.001261	11.393755
	11.709204	-12.854795	-8.579537	-4.722377	26.320850	27.257724	22.120744	-29.053791	3.575390
	-3.483627	-1.627676	14.030590	37.702310	6.257506	16.240918	43.689190	-23.464729	30.561985
	10.294886	7.179457	13.155577	46.146378	60.682277	13.183307	91.290771	-35.608602	66.744947
	-8.644783	20.696450	46.682083	56.000429	21.886373	52.198696	80.109877	-19.529365	15.866067
	12.542267	19.099672	31.091125	47.489576	23.373274	-0.171969	61.360593	-12.129636	-13.913144
	-9.018476	-2.392614	-11.812473	20.177562	4.629437	3.319529	2.101891	7.233511	-34.552249
	34.682714	-0.471104	25.604822	25.601063	12.800606	22.749711	33.358979	-23.041557	-3.977305
	12.494709	12.987087	-0.410181	5.906304	3.436617	25.851029	20.044477	-12.777516	-27.017426
	17.718957	5.827790	14.820516	2.918204	-34.429941	8.095113	14.977483	-6.078804	-16.203071
	-29.667219	8.476428	17.321664	-37.840789	-28.444947	28.483413	-43.172459	-26.170411	-20.703818
	-19.031220	-12.803463	59.967856	-35.165307	-43.959091	73.128275	-31.919842	-33.378673	43.183814
	12.656944	-10.278526	27.499192	-31.253714	-45.229175	58.250581	-39.712488	-7.408083	11.790522
	-13.498307	-11.669651	9.143010	-21.920181	-23.400502	32.449546	-11.242087	-24.687784	23.351633
	21.069994	-13.748972	3.631731	-7.562870	-3.085848	35.227078	-3.557251	-56.418914	26.641312
	18.819981	-8.067770	-25.830044	-27.065438	-8.811344	24.840607	-5.379192	-30.175813	-5.941707
	27.924181	-0.335891	-34.823205	13.201159	-15.381841	8.661851	-23.404090	-33.124758	-34.738517
	-32.158704	-0.577221	-4.054878	10.481188	-13.743932	4.887314	-22.339816	1.872923	-0.641889
	-7.492672	30.524754	21.770484	34.756296	34.237215	5.942703	8.258685	-36.290146	6.774684
	-21.420789	27.759848	22.531409	40.373617	21.838892	12.182364	24.700846	7.444430	8.468803
	-34.067905	7.377855	-25.992077	34.663649	12.547509	-40.813281	2.626989	-11.402966	-24.250613
	-25.584055	12.064850	-27.946876	34.221204	-10.990626	-0.716371	-24.552047	21.280692	-23.040151
	-51.659811	-19.648245	26.702016	9.972498	-17.225717	16.039255	-20.701765	46.559772	20.703046
	-18.662959	-10.534500	13.626667	32.785887	-3.964818	23.423755	-7.607526	40.866914	-45.826441
	-23.702708	2.339127	13.846342	19.922757	11.732856	6.150718	10.501050	46.398259	0.482184
	23.007846	13.825850	-7.013514	44.651687	12.178371	-4.785828	8.765196	44.800500	6.931181
	13.444960	16.146508	61.435936	39.180445	35.354585	17.398865	37.183836	47.782764	38.381075
	-9.263615	-5.718407	57.966144	5.885847	18.875894	52.088003	-0.749598	15.418126	51.697625
	16.429125	3.631377	51.234024	-2.648147	13.238831	54.302408	45.629421	-2.934403	15.262841
	43.405511	0.015976	62.952634	17.859814	8.912262	63.527676	35.407496	-4.586159	12.674124
	36.637589	5.755938	69.182183	23.614285	15.696080	47.949246	34.221895	19.296283	45.457324
	24.180254	-10.979806	69.928511	18.287489	-37.049399	102.115600	11.752300	30.991337	42.827600
	22.706264	-30.273932	43.140734	-3.463830	-31.849722	78.053364	-11.348537	31.261393	46.248401
	42.768524	-30.102925	39.899541	18.416960	42.675290	83.357484	2.242433	-6.963891	52.463678
	30.652145	-44.933670	-21.818379	11.700282	36.828257	64.026437	8.678652	-2.944847	12.889860
	-6.978084	-74.910580	-84.993824	-16.193879	26.482136	-3.850081	-11.392429	-35.427320	-39.880787
	26.128903	-94.485352	-120.193843	-27.471920	3.241325	-49.200064	4.838286	-34.023398	-47.487496
	-9.690701	-78.671596	-109.110593	-48.636940	-0.272692	-33.086651	-38.593434	1.964829	-126.514769
	3.837823	-61.514283	-106.617484	-42.891285	-57.001724	-52.263928	-39.073276	6.613204	-87.881492
	17.085629	1.675486	-24.825207	-56.021282	-59.366950	-26.598929	-80.553289	-20.224696	-49.322281
	44.106832	22.256156	21.980814	-39.751783	-7.118425	6.720418	-6.135680	-24.113611	23.662115
	17.931084	24.011715	10.368151	-53.982160	-64.992775	34.166802	-13.785993	-25.509526	6.612491
	17.541259	20.927598	-8.216977	-56.432628	-86.845264	8.507830	-32.902536	-4.657947	11.839404
	10.040346	26.590651	4.731604	-55.960940	-84.714701	16.030395	-75.152071	51.498005	-35.176514
	17.427037	26.906968	-34.480818	-7.225276	-60.331317	-21.099212	-48.286421	46.193738	-49.003663
	8.008217	49.506638	-27.486967	6.512653	-31.246598	-12.341488	10.905502	46.188224	-51.807629
	-18.320541	34.022305	-12.368786	-14.160194	17.061199	-4.776585	-26.670560	36.556802	-56.497315
	-38.867342	40.510094	-7.076671	-34.797875	-18.208291	19.931797	-54.105765	52.014935	-39.803940
	-36.518308	31.137568	1.973448	-9.496611	5.105948	5.008609	-46.526771	34.572815	-14.242938
	-30.449808	34.684034	-6.500896	-27.580703	6.127750	-17.703458	-29.638434	19.557650	-7.974236
	-34.655189	20.531636	17.541680	-12.734286	35.703147	9.794534	-38.817310	1.910799	42.217665
	-5.726633	30.807603	20.588231	-4.980855	37.708095	6.130459	-49.397532	21.027278	-12.465271
	-14.139077	28.456062	7.826653	-3.770422	42.218782	-33.957319	-16.384956	33.105206	-21.774954
	-21.310436	16.900727	-19.029855	-9.650039	18.700370	-52.988657	-4.270657	-8.541655	-20.498716
	-7.446372	6.199746	-33.762589	0.006856	13.966658	-76.241421	5.843583	-7.833445	-8.149864
	23.988092	4.930868	-48.102860	31.197117	-6.985152	-81.802804	42.858149	-12.780894	4.358937
	37.103321	1.598742	-43.508999	9.668216	1.652039	-65.296507	16.551059	-14.709405	25.465531
	3.053860	-17.043787	-46.790718	-2.045052	10.773024	-62.823411	6.431682	-17.013862	-25.871883
	2.492767	-17.892344	-23.103113	11.016837	32.950575	-45.053362	38.238246	0.578672	-15.429635
	8.493381	-17.663325	-64.867587	-1.022410	34.664798	-80.337430	22.421253	2.430295	-24.990399
	-14.866867	14.461748	-66.981985	10.057993	48.124459	-76.037585	2.314298	-4.644364	-35.778758
	-12.772564	12.399735	11.016958	14.353915	38.727161	-50.677359	-14.736043	4.419001	-13.356225
	-25.564699	14.712466	34.408521	-1.648286	46.485030	-8.161110	21.815092	-9.255709	37.963964
	-7.637133	38.172385	65.517106	28.034071	103.611541	-32.146137	57.257131	27.349659	69.549164
	-6.377675	47.262300	102.257881	36.954142	99.154193	45.358823	52.606369	18.002422	102.914993
	15.267090	19.067473	92.626010	32.079083	30.396830	27.129485	48.414837	24.186242	37.308639
	20.553467	6.926732	38.261253	20.467631	44.325880	8.119342	52.033737	4.138428	86.158996
	45.104812	-29.723969	12.141316	-0.259054	24.329072	31.517811	32.812455	2.222262	17.524409
	22.216603	-36.474581	-35.137381	-21.551103	-38.237698	12.676163	2.374056	-2.263749	-35.216625
	41.521327	-41.661240	-84.072001	-48.094015	-78.570455	-41.999895	-15.354231	-51.901592	-75.937016
	-1.280664	-29.125987	-39.733454	-61.872481	-48.874411	-18.568006	-28.673122	-41.418774	-37.453607
	7.306627	-2.702117	-9.056208	-35.987758	-47.294759	-47.458251	17.458278	-43.082746	-13.561257
	-23.684083	-4.295123	-12.551851	-59.916157	-37.149465	-54.379636	-59.487933	-12.956493	-28.061775
	-29.374201	2.033720	-15.175336	-41.568388	-37.870048	-37.565232	-84.666214	-21.546679	-3.766025
	-26.476709	4.263436	17.881649	-37.997620	-42.159639	-8.018260	-86.588964	4.840426	42.420556
	18.506915	-1.955962	37.412214	-22.391115	9.802731	15.227751	-63.977441	-42.897448	41.209691
	22.448332	24.257629	56.305616	-27.277318	21.863692	36.880808	45.598341	-30.227502	76.550617
	10.538991	22.258910	30.582754	1.917830	43.948811	4.758256	4.698612	-46.108538	76.868303
	13.443222	27.421173	29.444614	-6.216593	17.520148	-20.142679	16.231777	-6.871303	103.136804
	-10.047087	29.143364	45.020652	13.131620	35.861793	-4.247701	21.948396	-7.574377	50.164998
	28.154037	16.059781	7.245127	21.448260	12.503822	-25.828643	35.623009	-16.949909	23.098552
	-9.636553	26.622033	31.706083	16.011125	-12.193571	-6.206300	5.975916	-12.988357	11.627495
	-7.341220	13.040368	23.479813	6.166193	-23.928106	16.410002	-29.505626	37.005060	-14.504047
	-56.286144	11.322566	-14.017570	27.054196	-2.468017	-7.206963	1.472737	9.435515	-28.354604
	7.926034	4.288825	-23.910435	30.538420	-17.553959	-28.169939	20.397705	-14.755588	-9.246481
	6.867394	-16.460102	-38.306564	39.321274	-10.997525	65.576045	58.381484	-29.770036	-22.906625
	25.825732	-45.270014	-111.729099	16.509917	-55.023430	-23.681179	35.114445	-45.478665	-86.159492
	31.550696	-43.505370	-168.429857	13.052552	-33.720388	-9.801434	58.370368	-17.443894	-114.219786
	47.200557	-61.358062	-148.310586	24.500746	-18.825441	-11.189844	80.679404	-65.103673	-102.654906
	26.205090	-54.925917	-94.512157	2.587857	-32.320463	-42.793475	50.019648	-36.056780	-124.598939
	41.762927	-26.777954	-77.986977	22.102471	3.279314	-69.514347	46.945068	-47.253927	-79.472190
	3.068447	-31.985909	-85.067775	9.770220	12.419662	-62.293790	38.697748	-20.210753	-60.691648
	-8.525183	-21.494513	-48.283547	-5.251769	-10.262549	1.173823	30.211079	-33.603392	15.578542
	-8.495164	-21.966510	-41.378996	-23.935521	-3.518551	-47.460630	2.926237	-20.568368	23.830237
	-17.215094	-16.772736	-20.001708	-36.345727	6.471633	-33.234035	0.671501	17.636492	-28.170023
	-69.063712	-26.303153	12.193299	-33.352809	4.180023	2.488998	-23.761155	12.538431	0.298708
	-51.889215	-21.295286	-8.208528	-50.205371	-26.377467	15.853309	-55.858489	-15.191900	-61.991791
