	-24.660423	88.056028	25.134043	32.106226	43.108630	-25.347718	6.535007	83.931111	-14.091995
	-9.891667	47.596126	7.936468	-1.894070	40.173817	-35.759472	15.641132	80.186806	47.599961
	23.800979	58.653000	-35.573189	49.968728	23.852990	-35.847185	28.986263	105.543493	-24.843228
	34.081739	50.940313	-23.905642	54.123143	68.295724	-18.235991	80.981320	52.056233	9.600097
	-4.835042	2.531986	-21.398994	-1.010040	-2.231497	-7.888314	1.460476	5.069272	-18.983851
	1.694465	0.130917	26.354527	0.822831	-9.626825	23.649351	-3.228939	2.527661	13.954276
	12.140092	9.723582	51.925108	22.292408	41.455068	-8.144786	19.405982	-9.334329	57.857296
	-17.286682	-8.826725	42.970949	17.757414	-23.814670	7.464911	17.108046	-16.404395	-5.329996
	0.117697	-19.903263	35.030000	-42.706925	-61.557867	53.039610	-20.004997	-10.614099	-33.788515
	15.824945	3.581178	-11.473141	-0.334828	-54.509000	19.681379	14.474760	-18.800166	-54.440607
	25.342363	-23.480837	33.326905	13.267163	-32.797323	70.028765	-1.526305	-59.233910	35.123483
	25.632484	-25.547820	18.430356	20.710725	-40.987586	38.215332	16.619524	-75.976293	-4.984397
	-41.532331	-6.119177	-35.538064	-21.628140	-3.132664	-19.693754	-32.928538	-43.977382	-30.761223
	-20.593405	1.206680	18.114549	-8.922358	-8.014720	4.951590	-22.443907	-18.158484	-12.679180
	-40.711441	7.979906	-45.558797	-16.195848	-18.591419	-25.734146	-28.236998	-32.573769	-17.231850
	-23.750660	-10.494984	4.229743	-14.220945	17.387060	-4.711965	1.275907	-32.954292	-12.581548
	-4.909041	-24.745397	3.610287	19.816683	6.749429	0.696245	-11.977250	-24.157346	-10.882623
	-11.801479	-9.451770	-40.299835	36.424771	-13.163309	-21.233737	1.499477	14.860936	-17.322218
	8.542977	-28.906529	13.196140	38.588679	-28.979053	-1.441137	0.135339	-7.216516	10.136609
	15.369509	0.711771	-33.327801	26.356284	-37.417481	-15.700203	-3.759985	14.566999	-2.477721
	-13.506188	-14.392376	-56.514852	9.398021	-52.365671	-9.698853	-14.447016	14.503901	-7.408254
	-8.147998	-23.749799	-17.707911	-9.648721	-31.850894	-0.322740	-29.252335	32.318381	-44.009385
	-14.520917	-18.093524	15.422858	12.861326	-19.602268	1.292751	-33.725209	21.406734	-13.958908
	18.260649	14.308800	73.803679	30.660576	52.417012	13.639986	28.978740	6.067083	80.290626
	35.380378	6.990523	57.716052	41.238018	52.613009	19.881361	12.765230	-15.945886	67.860792
	-0.912636	14.626561	-17.281951	36.067951	-14.566797	-34.287260	16.694833	31.060626	-9.009307
	17.016994	-16.439734	34.757548	-0.098795	30.183834	-18.106616	0.472470	-34.372803	48.376761
	-6.738490	12.325724	-68.875495	-7.886314	-0.033207	-32.626669	-5.290158	20.406728	-43.664916
	-17.921470	-35.228345	-9.726821	-49.317838	-28.305572	-8.919756	-45.025366	-24.651366	-39.318639
	16.384368	-30.411605	98.040084	-18.831231	19.674230	58.321184	-3.695312	-37.912339	58.362019
	21.347658	14.604418	4.235169	-1.775827	-0.951414	67.313987	6.327468	-14.572416	-1.744268
	-16.760681	25.839557	-59.718502	-4.135522	-32.723082	19.532061	-11.660078	-2.218251	-53.307909
	-10.673274	12.549137	-38.583506	-35.285207	-38.196514	-4.472286	-25.717333	-5.753379	-44.680053
	4.839103	17.097612	-6.744775	-21.537307	-4.581556	-15.934201	-20.031000	13.939824	-10.697912
	-4.088495	2.108993	32.748620	-16.984186	-0.234515	-23.525119	-13.135789	0.091215	40.390305
	1.165091	-0.743591	-8.865401	-12.398135	-12.299559	-23.192443	-16.240107	-42.884519	16.717133
	-12.944759	0.943901	1.297356	-15.710743	25.433938	1.052126	-1.004490	-5.861443	26.893349
	-14.261461	0.488462	-0.694777	-1.477274	43.401012	4.727818	20.859281	-11.142035	-25.243180
	22.048903	-2.098725	-24.423575	39.017505	48.977785	14.634199	13.853558	29.767300	14.057598
	8.941972	14.344545	-37.630830	39.299400	30.234560	5.002058	22.232654	8.317412	-8.405274
	-5.000801	-5.990037	-35.884520	26.549415	63.218126	6.921537	15.895952	20.569909	-10.048407
	-26.813693	-12.919693	-1.720580	7.191008	42.513575	-8.031774	16.243050	-7.670328	-5.216564
	17.600246	-18.220800	-1.321816	6.912712	32.853808	-38.267480	18.214118	-38.829126	26.161685
	-6.387844	-25.690875	-27.221495	-18.274398	-5.668312	-48.199699	-31.245401	-13.447293	-25.508964
	-0.232704	-2.201856	-28.111331	-0.237512	5.843566	-37.344169	5.620035	-11.814170	-11.425456
	-2.388765	12.526555	-65.139694	30.694352	-33.070240	-19.187130	20.632374	23.348166	-54.039916
	-19.640675	24.688442	-35.721888	26.302297	-27.880589	-8.970717	23.745863	46.606163	-31.103500
	10.046533	-1.186163	10.852401	11.031469	-34.329189	16.308711	14.326071	-18.498991	-15.856672
	-21.313417	41.917147	24.745297	17.845044	17.446136	10.810170	39.843424	-0.074360	59.525522
	-39.875718	12.439792	-73.633117	2.203731	-15.920917	-22.955565	6.461488	19.688518	-60.385130
	-2.705655	-3.349366	-50.102988	-3.160479	-30.108593	-17.542900	12.977541	12.577660	-59.754125
	4.260720	0.754374	-26.897036	8.869909	-28.059978	-2.668002	0.068572	1.346322	-36.046078
	27.766681	14.862568	-0.966228	33.463233	14.281674	-11.278510	33.942939	1.320790	19.743646
	11.257029	-13.854228	8.897901	35.484655	12.167955	13.782059	38.726062	-14.108164	46.857417
	25.468218	-41.108861	47.578638	32.394261	4.102527	-1.621867	-14.018935	-23.709357	66.072912
	19.788547	-48.030985	16.087204	-9.909194	-48.468066	-18.914995	-44.137211	-47.598976	-5.759206
	-7.019326	-44.074413	17.007411	-19.676980	-11.932339	-24.425634	-49.408235	-23.624927	26.811027
	6.685221	-22.662959	18.283875	-31.394075	-22.113305	-50.991373	-46.101541	-43.170921	8.939054
	-10.851943	-9.611476	38.584109	-40.834863	17.426850	-20.674757	-20.573427	-48.963755	29.606965
	-1.867620	9.251265	47.320106	-25.243309	6.454396	-9.256071	-50.294799	-13.612061	7.954019
	-16.616708	33.340370	19.123768	-19.297560	-15.409758	-29.280844	-35.750020	0.363864	27.448875
	15.624882	32.643655	22.444213	0.172415	8.963494	-6.177290	-3.756036	10.022710	73.261270
	39.667559	20.789612	-19.262032	44.444361	31.160579	4.545919	21.446841	50.285925	-11.365598
	35.506202	18.514259	4.647598	55.505563	50.325666	5.788561	47.423509	42.057353	4.648594
	31.763936	29.460243	26.928681	66.520221	57.768359	-8.653369	48.782085	38.073444	41.312173
	54.142864	8.322384	32.725748	65.171409	63.918660	18.764849	40.345411	-17.498208	77.746313
	42.286213	7.607221	-3.700997	45.689235	14.832190	-9.231604	46.174889	-9.904938	6.839610
	16.854195	17.642821	6.734700	37.268228	12.985065	-15.807050	42.723326	-11.230723	36.945496
	-5.832496	25.526689	1.686382	28.729174	20.758466	-11.522565	17.675125	4.718883	-13.063381
	-14.475331	27.180620	-20.617397	0.270946	19.570337	-19.927661	11.779380	-5.437689	15.268769
	-30.904360	22.226939	-9.239807	1.105259	10.183642	-26.806126	-21.789289	-7.530567	13.534149
	-49.529017	37.340032	-55.949179	-31.543966	-14.830317	-32.081802	-38.079491	8.579916	-56.079665
	-25.783592	61.825033	-46.639782	-11.301932	3.709635	-32.914242	-21.510596	36.128177	-60.076197
	-30.031626	67.879627	-4.338528	-25.269574	24.500196	12.809160	-15.165767	36.245454	-5.778870
	7.855827	56.156556	34.488315	-8.415461	55.365162	64.809127	10.051043	-3.095574	5.534395
	27.027438	3.015779	75.067700	-41.608177	29.889356	105.861339	8.857015	-46.704488	73.410483
	46.442519	-10.202838	103.273283	6.336093	27.927056	116.100062	18.251168	-20.993671	60.777781
	35.075656	-60.548136	44.732386	-1.532980	-47.148790	124.449620	8.394691	-49.918893	47.799163
	22.825115	-68.332394	3.751932	-23.205567	-56.690607	109.045569	14.903844	-29.090993	39.487291
	-4.217341	-21.367947	-67.324327	-24.665612	-34.838484	95.023161	14.076848	-13.839953	-16.421315
	-25.228941	-4.239011	-74.297052	-15.706676	-60.143526	53.475717	-11.890764	2.425023	-67.869535
	-2.300059	-22.077498	-82.940020	-23.367578	-37.032894	61.638187	-14.185629	22.786076	-87.439628
	3.787375	-17.570204	-67.762097	-35.658421	-30.794486	37.390613	-6.353298	10.226213	-36.575002
	5.610420	-48.160913	-75.036084	-50.848373	-23.981385	38.137248	-34.050714	8.469378	-45.475042
	12.969884	-48.546782	-64.261402	-79.646019	-24.844182	21.705104	-46.993017	-26.347173	-10.939994
	3.709208	-54.311159	-37.650258	-90.752887	3.866950	32.830575	-38.863179	-63.712045	-2.361096
	-45.725025	-42.466246	-27.780668	-79.756497	2.019147	16.138808	-21.374349	-27.466997	12.226842
	10.833321	-50.676141	7.086277	-60.046142	15.337014	-15.261460	-9.209900	-53.454809	41.204897
	4.262758	-60.085229	-28.122951	-42.086288	16.037710	1.447297	6.597806	-42.953880	35.792666
	-9.451962	-46.547887	35.035274	-72.901977	30.837507	-17.828444	7.408493	-41.941947	80.329666
	1.619281	-38.910070	58.925087	-46.254522	37.471987	-3.685044	-12.380593	-57.902514	77.364463
	14.513522	-19.656021	41.288162	-59.058638	50.541892	14.645573	-3.031093	-44.557779	30.997964
	7.553309	2.802347	11.388224	-42.766625	39.729163	-3.926446	-36.913325	-42.536072	34.018917
	-2.239493	2.358995	-1.086193	-13.881747	22.060550	-5.731936	-19.609753	1.149536	31.429812
	22.390163	-16.204349	12.300312	-7.289524	10.342850	0.584056	-16.555388	-29.652683	10.887885
	30.689350	-14.056480	26.059950	-13.689867	-3.761911	18.584634	6.846575	-38.536245	-7.375960
	-3.536717	-0.453040	-10.728969	-2.955901	-7.033702	-5.621658	23.763618	-33.301557	-41.295357
	-29.479470	3.395210	-67.129819	-15.157687	-47.427931	2.756741	17.108679	-35.219760	-66.515818
	-14.904750	11.897792	-83.435230	0.145800	-59.469364	-28.142295	15.706465	-0.827888	-77.458910
	-19.733884	22.308700	-80.785842	14.281533	-81.139213	-29.844715	-12.654350	18.516140	-105.851590
	-40.944846	8.844600	-71.256847	-7.496120	-88.327376	-16.874400	-24.443781	13.892644	-105.714725
	-23.639585	-1.912578	-42.910747	-30.852789	-79.487865	-28.680206	-46.230607	31.713609	-88.179689
	-22.929966	19.666772	-28.248539	-18.298440	-58.165109	-6.172747	-45.372007	53.375118	-34.099237
	-28.244157	4.679430	12.173257	-39.474170	-36.837582	0.021296	-35.211348	25.572026	26.795813
	-23.126386	-7.486749	45.226731	-30.784381	-5.106513	-8.209766	-34.252707	-5.489174	29.998904
	-26.016929	-1.042731	52.581734	-56.447735	-1.660646	-9.093727	-40.609626	-6.942519	59.053104
	-10.518718	12.966534	34.902045	-56.670508	-11.386384	5.225889	-29.290869	-14.787303	18.962809
	-16.399187	44.154945	53.143953	-32.578464	29.029875	-5.132544	-30.906246	-10.069713	49.078452
	-6.984730	39.993946	67.580444	-26.795580	-2.483266	8.754256	-14.354742	2.272176	27.617172
	-19.382620	46.232007	16.443121	-7.170119	-23.463129	-7.179321	3.701980	30.741817	9.779241
	-7.943528	51.494531	41.058867	18.592940	-34.078834	-0.222370	-30.502716	14.521510	45.192457
	-20.660929	30.612968	14.768484	6.386724	-58.682676	2.011500	-32.259577	38.429813	9.824857
	-6.734083	16.583418	-8.290489	-11.002116	-29.372384	-1.510700	-24.816425	16.237640	-14.439858
	3.101652	10.436042	2.748548	-33.537102	-21.995900	-0.742063	-9.223572	3.475357	-12.908821
	1.486417	19.748807	36.459794	-20.204160	16.826893	-13.008073	-12.089935	7.445775	14.107184
	19.658129	2.015705	21.422834	-49.470193	28.122813	-17.360496	-7.662530	-20.014276	4.472855
	26.278030	9.365976	58.714139	-20.225241	51.614895	-15.476765	18.236942	-34.360454	43.754241
	-10.248415	16.921559	0.467095	-17.335085	41.671557	-16.662920	40.857820	-37.943742	-5.873247
	-2.728860	8.227635	13.846065	-5.687031	33.805482	-19.936969	41.514860	-17.955283	-4.287241
	-24.433551	16.609956	4.170757	11.727712	36.901946	-58.112323	22.425037	46.572595	-24.952083
	2.521303	12.102400	55.377113	23.309761	46.722540	-20.520993	-5.245739	-3.948654	-6.709201
	10.246259	-13.863067	27.902849	-14.126412	23.861884	-33.490328	22.865000	-20.887864	19.569634
	31.220087	-19.849631	65.621089	-33.837110	15.560117	5.171550	-15.427727	-63.108744	45.837341
	16.933927	-15.729832	77.436400	-53.845209	21.519913	7.197848	-40.210798	-57.850332	47.565502
	17.646349	-13.051034	136.974202	-52.199705	15.616914	31.767044	2.424480	-72.306319	77.892627
	12.279401	-10.860330	71.816867	-48.655538	-9.381055	4.091561	-6.958301	-48.294825	74.686708
	31.361646	4.806545	86.651481	-35.112924	6.205622	20.808293	-3.110284	-30.399341	77.440671
	45.110200	30.974257	69.908080	-17.154632	34.761635	-0.392143	35.143130	-13.472126	66.443617
	12.032396	39.682300	54.191510	-16.519376	57.721433	-3.732173	27.329165	-17.313756	53.529148
	5.770489	9.162257	69.443607	-36.768007	60.750911	7.814721	-1.466254	-29.106098	100.521364
	34.365417	-1.669223	104.049598	-33.190918	59.597291	-4.933537	2.447453	-51.703735	69.380510
	24.267565	-20.713103	54.654318	-54.333692	39.359989	16.426188	-7.589765	-92.778163	68.327097
	28.714452	-44.240268	25.467710	-43.450879	30.500051	0.798737	-13.335376	-73.015219	49.207724
	37.319470	-53.162227	56.494156	-48.642268	30.180576	10.684682	-26.124878	-78.282751	37.218294
	6.084142	-54.291894	37.785579	-43.169255	46.543694	-8.069121	-23.416647	-61.517361	40.466413
	-15.437072	-42.806292	37.523864	-41.000209	35.548069	-19.954557	-11.927410	-67.279477	33.844905
	-2.355390	-39.378183	30.274918	-48.200068	53.746307	4.732084	-35.139373	-40.122577	16.406369
	7.949732	-24.684028	-23.434476	-26.637438	34.740723	-18.609981	-28.232777	-41.345002	-16.219478
	17.396793	-27.781235	-2.656081	6.692416	22.601169	-2.896560	-3.323276	-53.609185	6.100459
	7.139084	-13.600507	3.617214	27.624556	-2.186240	5.912692	6.352796	-3.792988	-37.118387
	9.452692	2.793806	-42.403005	51.163282	-24.414660	-3.734288	-3.899377	-0.900964	-36.269079
	-20.061582	6.329039	-38.104449	61.549019	-54.116688	14.756636	0.031453	21.928554	-69.528127
	1.728545	2.935062	-44.456890	90.812607	-22.361827	-14.536239	16.447096	55.407408	-57.407489
	12.712491	18.291298	-90.321382	81.739450	-56.795714	-8.743866	-3.446421	81.973983	-85.500199
	19.631028	27.607634	-62.180915	103.843252	-11.714461	14.642714	12.714694	83.068497	-55.768681
	-2.156217	36.543044	-73.875542	104.873168	-30.131611	3.427268	20.304943	88.517562	-58.659613
	29.435840	24.541810	-75.925827	128.694449	3.243655	-13.786673	50.011263	112.027349	0.110413
	25.139580	50.731547	-77.352827	114.339238	-7.753393	5.321320	60.978175	90.534371	-55.798720
	15.301097	46.343873	-12.684557	117.781735	33.703434	22.599659	41.859595	86.476244	6.527489
	11.333216	28.609916	-21.293860	99.760016	-13.377125	9.308825	38.512845	67.820270	-31.869968
	5.581969	14.066020	-23.921656	70.782561	-35.562547	-0.487715	25.331695	76.691016	-18.411362
	25.855923	-22.637763	-53.443918	57.942487	-70.669497	10.521350	9.942987	60.207364	-24.885038
	-3.718735	-30.910479	-49.539145	64.474575	-67.177385	-7.130478	-2.101820	54.570389	-35.665855
	-14.344450	-25.816669	-71.095551	41.959287	-110.891947	-0.694832	-35.808452	69.730822	-49.883257
	-17.747239	4.031015	-26.647506	27.140837	-65.826029	13.429320	-39.985910	47.215456	-50.670210
	-49.352424	18.069313	-47.599901	22.294162	-95.579418	4.748076	-54.293821	69.813363	-88.218821
	-47.416990	37.438474	11.179703	37.315603	-56.343612	6.838828	-25.182382	99.623327	-16.649938
	-38.098420	19.928109	30.395577	33.516514	-44.290246	-8.997262	-49.859579	78.692822	-8.689773
	-53.164350	29.094076	15.807990	32.531442	-45.997710	-31.631118	-40.126479	81.085732	-35.974255
	-52.102026	21.451766	-5.443064	-7.631751	-37.366946	-25.792893	-50.024314	70.981827	-35.209830
	-48.997953	38.640909	-52.702942	-2.704709	-2.839828	-27.608203	-13.221637	43.623498	-65.833279
	-27.006716	17.881804	-43.900299	-14.597958	-46.146769	-22.520203	-33.511066	38.460495	-36.528219
	-65.901470	14.418615	-70.554339	-17.058325	-41.338661	-23.302186	-29.137978	67.085182	-68.505748
	-41.882318	-10.713684	-39.191942	-22.344530	-29.663140	-19.323772	-42.532151	29.120753	1.157618
	-41.340180	15.100752	-77.730496	2.843001	-25.757232	-32.429682	-19.814004	54.674828	-77.282786
	-0.740496	-3.177334	-79.379911	22.513273	-29.757939	-14.974409	1.164695	28.944798	-85.078223
	-4.789301	3.931111	-73.411856	33.681752	-21.091071	-17.137007	19.598676	23.628043	-68.464724
	10.611463	-28.858328	-75.410846	22.590628	2.652431	-10.126990	24.792437	0.892415	-37.005248
	13.151802	2.634465	-64.534043	24.756876	-15.079438	-26.625651	3.945445	35.927314	-58.764271
	15.422579	-22.983429	-79.098401	-3.980877	23.282620	-52.339141	25.629720	-13.435015	-27.065397
	3.879325	-54.801776	-12.499184	-4.024821	22.907026	-15.221894	4.562135	-43.016191	28.912218
	15.872454	-34.325684	27.872643	19.654188	9.764541	-25.768422	0.598154	-20.048531	31.410795
	39.544485	-30.482919	80.666691	31.915274	66.913073	1.495034	46.238527	-6.758225	117.879629
	42.790013	-72.321009	133.265278	-15.966489	39.096120	37.278287	26.029160	-54.886552	151.669303
	37.534588	-94.498280	136.636500	-42.039707	27.067959	36.677595	-8.312937	-58.560051	124.748031
	16.830779	-83.253226	166.035594	-48.349580	36.806863	33.469802	12.368476	-65.360395	127.042066
	-14.219688	-88.125139	100.807616	-90.285724	23.408449	-8.986351	-13.236565	-67.937199	77.294702
	-29.318081	-91.343780	98.793789	-108.200961	41.628938	-21.784847	-39.911707	-122.494033	62.548224
	-22.817431	-91.935903	122.521621	-101.049994	47.644024	-22.452427	-31.744928	-92.175640	89.621922
	-24.026390	-88.878655	80.476248	-93.955302	-4.380656	-57.763580	-22.541904	-65.701356	19.050905
	-28.645913	-80.489286	79.224449	-48.770119	29.148613	-35.747252	-21.730060	-70.507397	-10.870886
	-3.996260	-57.732105	19.090455	-31.454807	37.621067	-36.209938	-3.081685	-31.984407	-28.394018
	-11.769774	-25.335768	-44.759370	19.380579	14.231713	-24.476441	32.802277	-3.542813	-36.039996
	-38.250026	-19.412826	-67.291582	46.522868	3.903739	-14.774463	15.106460	36.965866	-70.607702
	-33.121037	7.162203	-87.584316	48.228004	-3.149978	-14.247433	14.439018	61.751985	-64.528222
	-11.570842	13.186017	-62.949310	45.379941	-23.546985	1.403672	17.310177	53.268180	-104.311242
	-44.056705	38.980609	-106.025440	21.608002	1.923328	-23.472134	16.935233	55.327702	-50.188978
	-1.808064	25.150868	-61.321133	6.327060	1.723659	-21.701890	24.979409	62.992016	-68.286666
	-36.507355	35.653416	-50.628372	0.216764	12.145369	-17.187023	34.718109	44.283360	-38.611817
	-25.159606	0.947604	-38.926027	-10.760373	-17.831357	-21.096296	13.668201	15.693914	-46.662317
	-9.187435	11.783301	-37.982497	-6.668551	-29.699547	2.900284	25.313029	-10.298990	-17.238058
	-17.651182	27.013020	-35.965184	3.319125	-8.962742	-9.216666	13.495778	-20.043700	-36.876693
	0.485375	28.059155	-75.614029	0.066012	26.975948	-11.105253	43.415404	-0.598400	-43.059747
	2.282064	35.626166	-78.741097	-9.747171	1.470306	1.271034	39.472910	1.829976	-86.287191
	7.316317	30.404051	-69.478697	17.347146	14.810829	7.563835	48.593579	-24.937804	-38.178455
	7.363195	25.059357	-25.858419	3.159554	3.777047	7.736187	48.659497	-3.638250	-35.869855
	30.229048	21.524978	-60.800522	-19.374718	15.117225	-11.640204	20.213340	-13.327377	-36.312833
	16.255780	30.720281	-26.952209	-22.943621	23.743486	9.766345	20.216091	-17.922561	-33.991852
	12.470087	36.278154	11.992553	-27.843327	42.695506	26.325481	31.833347	-7.269123	1.013689
	-12.708292	35.261060	3.549300	-33.635535	62.363043	28.306840	19.915597	-19.833572	49.805897
	17.252721	35.889757	-13.281153	-28.481548	44.044572	18.630582	29.228315	-39.489722	-2.630820
	5.471473	26.100693	-15.606784	-25.365180	37.963747	26.608427	41.533749	-10.492953	-24.407542
	13.506866	24.524908	-35.207532	-20.728852	19.429831	3.441079	61.891234	-21.231609	-15.143304
	19.747982	12.091870	-28.383075	-7.229550	2.574107	3.688710	29.607493	-33.176709	-31.245890
	18.538776	15.946276	-49.254860	-12.922478	35.086537	-13.995889	-12.116510	-11.017904	-22.702250
	25.421013	21.327677	-11.625005	-28.904746	18.978547	3.047871	21.724741	-26.081147	-11.403955
	9.415436	12.883981	16.085871	-39.191970	-9.075441	-7.969487	-9.141953	-20.462029	-17.081436
	13.507654	16.993737	-0.528670	-55.593380	13.218987	6.264084	4.219872	-18.256253	33.728778
	-11.860850	19.359855	28.485658	-77.399061	43.372223	-0.545686	-8.725944	-13.978524	24.479671
	4.197707	3.383899	42.260248	-60.885967	31.667020	-2.855361	10.575949	-49.716515	28.720976
	18.454214	-11.701128	24.655853	-51.075779	14.578151	-15.870027	2.800774	-23.335480	26.612614
	-10.403450	-7.165639	-0.554740	-35.567556	6.445398	-9.398082	0.674706	5.722638	2.170603
	3.294660	6.398481	22.150194	-16.824748	-48.468637	13.075386	-23.966454	3.685615	7.716623
	0.698746	9.993022	39.624468	-16.050581	-72.863285	11.301443	-33.223000	46.295998	19.359709
	-21.589084	-3.522833	27.436277	-18.424047	-62.895779	-2.253730	-30.276895	38.522071	18.557046
	-9.665431	12.271711	-1.344673	27.247202	-25.041805	18.182218	1.498150	71.270833	4.205136
	7.415374	7.399570	10.153647	43.919985	-12.470146	6.877098	26.921767	40.987187	-12.646548
	1.362684	0.513733	19.089619	28.029648	-8.680700	9.061601	0.149612	43.712425	-13.536357
	18.699408	-0.602789	41.171732	37.592051	-23.805668	15.284991	11.668006	32.219809	10.099983
	18.693565	3.400655	-8.565771	22.554842	14.201550	15.819874	13.007053	23.938100	-48.090590
	8.447942	8.112288	-2.168049	18.791551	11.037995	30.510095	-6.753104	24.979784	-1.653086
	6.732187	19.746832	-23.501831	5.318165	5.607705	24.801548	36.968975	36.862216	-0.697297
	-0.751409	-5.051859	-18.255946	8.995285	22.100534	43.425966	-5.993680	20.555309	24.568254
	-5.368005	-12.417298	-28.070765	27.912823	2.825715	53.535929	19.045275	30.601517	-22.724896
	-10.934318	-12.403078	-20.714822	29.497745	8.352402	33.554793	25.599132	11.920068	-0.330039
	11.730280	-11.690450	4.180183	30.793111	14.596745	18.850110	8.125986	9.993320	28.619891
	-36.383043	5.840595	-51.053983	59.502327	-1.037273	-22.916383	2.970827	47.254424	-41.323770
	-32.711799	20.140564	-74.949369	48.425086	8.751147	-23.119904	0.237556	62.336620	-27.739103
	2.535391	4.511305	-77.494253	43.689463	1.615302	-5.713635	-5.512710	71.216604	-42.597245
	5.979881	0.000192	-23.873721	20.005868	-8.242084	-7.863141	-30.236395	52.233439	-14.875808
	-16.618185	-11.803460	-67.964932	19.984647	-45.758373	-9.075904	4.616341	64.455593	-35.569150
	-5.647453	-13.057663	-45.550135	23.009556	-6.435363	-39.908641	-23.542679	40.839127	-59.739881
	-9.756613	-20.335608	-16.228203	26.253995	-7.242164	2.559478	3.241761	17.714500	-56.451322
	-8.617430	-8.762697	13.233343	15.111902	16.541479	-13.606743	5.855458	-13.766817	-21.953388
	6.458912	8.034868	-13.566327	-1.237896	-29.050242	-22.072363	-29.337373	17.082134	-19.703276
	59.371232	4.661552	64.301557	7.882823	12.100714	0.406609	-4.422552	35.863547	56.179313
	36.732210	2.848873	55.476628	9.621965	7.426738	-9.591849	17.148871	22.977100	53.615650
	32.381978	7.500668	66.517511	7.242684	43.039065	8.584880	21.468552	8.327417	48.266585
	39.496107	16.320943	85.022732	25.762842	86.404290	-4.158228	42.770958	-39.564222	93.573093
	22.406662	21.568201	83.729914	19.108348	48.251240	19.704232	50.478356	-22.009340	39.556733
	36.390995	28.500089	83.730782	0.430094	53.830130	7.064037	47.214179	-35.009261	43.902846
	32.427314	9.645918	80.922267	-8.226623	25.468864	20.482673	50.801421	-36.853074	15.840922
	37.255711	14.725020	47.261534	-5.987022	21.492705	2.143167	16.280490	-41.760208	26.800819
	12.535536	15.800274	45.453718	-5.740038	25.265038	6.395435	14.364761	-20.048610	42.809229
	35.688827	1.356430	57.526637	-20.866664	-1.716578	1.054386	-16.959384	-11.132643	40.877176
	29.819921	-9.936975	72.382775	-10.801839	11.114535	6.993834	-17.315739	-53.542623	75.107610
	-2.402637	-39.119403	79.578208	-37.411505	7.964354	3.071671	-17.563308	-60.112781	76.201407
	8.399822	-49.016864	79.061211	-34.519288	5.999544	-0.183876	-27.505927	-61.980318	53.151190
	-19.541911	-32.994984	12.492096	20.421842	11.918468	5.780166	-10.077056	-3.254551	48.257745
	27.618160	-24.676476	24.049567	33.380291	29.088060	8.223043	20.288523	-10.620887	59.176411
	-8.721443	-21.620244	-24.770223	27.800258	8.100767	2.094120	15.363143	20.126899	-9.688338
	11.593025	-18.433262	-16.914355	64.155064	20.390796	-5.506650	36.971010	47.049817	-26.696725
	27.013310	-7.989080	-56.794803	64.799506	17.960591	-17.519802	27.894440	68.492772	-64.809803
	-6.848239	-11.471939	-49.729263	41.526188	1.645570	-0.773372	34.350079	39.090649	-38.860171
	10.770797	-21.480844	-49.728284	27.071176	-14.014956	-2.839393	13.519089	22.189331	-27.313658
	-13.990677	-5.251530	-87.644795	19.753472	-41.421590	0.205139	9.630296	37.291947	-96.968289
	-19.616604	-7.255757	-54.711450	14.421261	-35.196215	-33.532071	-10.234391	77.386403	-48.533309
	-23.979925	-3.958585	-73.821440	8.419697	-19.391727	-19.491866	-20.807234	70.089499	-82.363385
	-41.274537	-19.480349	-84.749726	18.406926	-51.643706	-12.134049	7.253098	54.138931	-54.245177
	-31.730142	-20.213361	-49.781920	32.768853	-25.474616	-20.729433	6.935724	35.341879	-44.322530
	-19.141001	-26.206410	-23.121070	17.090661	24.097167	-13.489961	4.039109	4.502959	-36.096626
	1.429310	-13.271852	-53.819223	-9.398898	26.285322	-26.459769	-9.510599	3.428122	-22.150991
	-3.846391	7.388940	-90.712482	-3.115327	-4.335343	-30.730586	12.001955	17.586792	-86.836149
	4.741566	17.251601	-27.611813	-7.282885	14.894334	-29.927687	5.698568	12.546493	-48.434412
	5.458661	-1.892883	-51.063672	-3.322143	-5.579670	-52.923615	2.953764	-12.751834	-50.549709
	0.414897	-0.945538	-27.399175	28.730319	-11.281695	-21.361463	23.046986	4.026459	-68.959798
	-1.277973	-9.173518	-47.717370	31.578096	-31.896130	-15.623372	22.252762	16.613254	-64.269763
	14.271304	4.550649	-74.924045	33.298166	-24.191720	-11.754482	9.937542	45.642250	-112.736568
	-25.694273	10.196359	-93.134505	39.192698	-12.221290	2.100370	-0.864670	30.524380	-95.707918
	-37.372384	15.447037	-69.443021	51.487193	-41.303643	3.418902	-3.469425	71.863865	-98.760784
	1.522972	25.022068	-12.138581	57.383891	-59.595360	36.861696	22.372909	65.299078	-29.802063
	-1.930612	14.109533	0.776017	32.714781	-23.283165	24.254491	22.331882	70.403660	0.723744
	-3.948204	-0.212291	-0.800464	33.684211	-32.396114	24.772121	28.596913	33.680652	-27.343906
	-26.877694	-9.758653	-25.052033	39.368819	-18.789038	27.203651	24.731818	32.122118	-22.432969
	7.317108	-24.762019	21.250012	14.560173	10.856275	27.805878	1.554678	-0.259651	10.151012
	-5.590814	-18.457724	12.901374	-30.446512	-3.578054	22.059419	-1.287556	3.833600	2.526167
	17.598002	-10.279739	53.623082	-22.751655	2.170077	48.491780	-1.439560	-25.740135	93.306152
	16.543574	-14.742924	-7.715556	2.178593	-16.374858	23.042929	6.443634	3.395268	1.404892
	50.902061	-13.209603	27.410795	36.223608	-7.187417	30.600857	4.321791	2.792483	38.710844
	25.299025	-37.836091	11.524736	9.585577	-23.456446	20.100948	11.324124	-11.069483	42.109366
	26.907224	-44.896790	9.101077	-12.564525	-18.798384	-5.248360	1.028550	-49.192084	32.639888
	26.578577	-29.124609	30.828070	-24.049047	4.074061	-9.487283	-10.156957	-43.882051	65.834349
	6.913817	-14.611840	17.390756	-15.589577	-12.154020	-28.181517	-10.687186	-11.592266	63.828855
	3.521748	-2.188826	20.117298	-17.777163	16.952590	-39.143461	6.316799	-53.106572	47.646313
	6.511726	13.320429	43.631165	-17.274538	2.564570	-24.854359	7.764636	-44.931599	33.348305
	27.865714	28.957853	67.778845	-0.920002	26.433215	-23.447150	7.488255	-37.992064	56.618714
	-10.635297	36.402429	34.214283	-2.476783	22.003926	-27.634126	-17.636849	-6.032120	24.935321
	-7.884334	44.750222	76.955865	-3.263825	9.608949	-10.066616	-12.581529	3.828717	13.245784
	5.700560	47.659151	57.222138	8.840500	5.498764	7.848669	-6.823910	18.800466	31.646115
	9.507450	54.327375	27.965499	3.949447	17.388779	19.636450	5.109088	21.227011	35.888405
	4.850306	29.307633	-16.826185	-8.105785	16.601489	21.369412	-2.388606	20.016432	-27.264076
	2.689273	28.975045	31.256918	9.463610	43.280209	14.552794	-5.618095	19.117927	13.452039
	3.883890	28.085510	-35.677522	12.602175	44.232725	6.124160	4.303536	38.459848	-69.261544
	-8.910647	16.603708	13.386529	12.503790	37.724774	15.209500	2.761009	19.061367	17.562201
	41.579181	6.810986	40.574620	-2.206594	28.725705	26.492812	0.102225	-11.510242	14.086023
	21.428096	-4.664377	49.957659	-18.399092	39.952786	16.852162	-1.020321	-3.414610	50.526216
	35.824827	-14.807448	106.382594	-26.030528	50.735556	33.038127	26.941906	-72.583699	44.236189
	26.342200	-0.837838	110.415932	-26.722771	48.296944	26.910498	33.756384	-74.559874	31.641706
	46.484307	-3.154889	161.171566	-31.763603	46.704721	22.389182	2.076411	-83.605440	67.909614
	26.685475	-32.450611	101.732690	-55.127354	63.901479	22.955973	17.100777	-101.805384	73.441353
	25.280392	-44.978610	69.138311	-29.085380	51.046954	-1.211249	-11.460441	-78.638027	84.890437
	-4.676785	-35.278727	30.282667	-19.578145	13.880983	-19.492529	-27.263333	-52.452900	33.322104
	-7.001872	-37.736200	13.557304	1.626886	30.253511	-21.947238	-2.628151	-36.037105	46.113847
	-19.402417	-46.377234	-10.790998	-5.940165	1.010131	-45.072521	-9.193039	-52.920495	2.961397
	-37.548429	-28.025446	-45.874612	-25.623917	5.825423	-40.332399	-23.182044	-35.207178	-14.829910
	-63.817241	-5.011524	-49.508048	-17.145105	-20.914640	-39.067816	-54.957358	-16.251450	-53.854232
	-29.158629	-0.175204	-34.249692	-18.377014	-51.572862	-21.436973	-48.489149	-14.080173	-76.938715
	-26.604776	27.829148	17.043538	-27.660868	-50.312043	-6.231680	-37.640667	-0.735297	-6.977980
	-14.412991	21.938094	-10.223072	-48.447555	-53.275653	-23.618727	-56.675112	11.810237	-25.057905
	-28.640162	0.159780	-1.726485	-53.567826	-35.465029	-16.880035	-53.520436	31.781046	7.667052
	-11.394634	-14.529217	17.291685	-24.562156	-46.152869	12.766091	-25.585539	14.671815	45.354429
	0.410175	-28.364550	16.110766	5.436899	-33.554848	0.532690	-3.841993	15.449688	7.429359
	13.764069	-21.333909	15.310233	15.305200	-6.689670	3.150040	30.359255	-25.151301	11.111523
	-5.034652	-15.471899	-15.424160	42.144561	-0.988932	-13.610967	41.125852	-15.019472	-52.350032
	-1.524537	-4.954951	-35.491331	53.864889	-5.179366	-18.748270	25.841473	-3.137021	-62.072708
	19.000422	15.505805	-10.567670	75.570787	32.268643	0.783621	47.828080	-14.770753	8.086918
	0.442443	24.092152	3.406639	64.353376	42.217259	19.929158	40.839702	-14.862784	26.026834
	-1.618903	47.679483	24.247583	77.082851	14.477065	-0.664380	51.682636	20.865773	10.646896
	25.826189	59.004783	40.311141	48.303469	68.614679	20.460368	48.257847	21.819810	72.441766
	-12.611443	74.220354	28.132795	35.887130	93.954330	21.805609	52.787963	27.751398	18.721833
	-9.554248	53.496807	75.977174	0.494165	81.701976	46.991659	29.712421	5.321511	68.182718
	9.723984	22.304618	58.102522	7.595871	54.265099	37.331971	11.922301	8.664271	47.004767
	23.057220	0.144844	86.619996	18.285658	48.724697	30.584778	9.589225	-8.462886	106.427230
	33.483988	-5.954833	57.485493	8.460189	33.900443	48.461863	23.331440	7.302547	85.321803
	9.094569	-19.378532	22.070752	34.453920	10.456723	21.527907	13.396062	6.721459	16.663377
	25.351684	2.661423	-14.218499	53.535825	29.376142	26.834360	2.356340	10.116483	-11.390495
	11.913956	15.919748	1.976903	37.770584	26.948395	23.646451	1.234926	17.611348	-26.797547
	2.226054	28.106074	-4.149681	17.766123	7.132852	7.658239	7.166928	5.141480	-30.328553
	-8.278190	20.963000	-22.185023	9.370120	39.616798	7.358294	-2.846153	30.151026	11.898571
	-23.268556	17.351059	-10.739020	-15.506648	21.001898	0.430669	6.462025	12.099614	32.268127
	-31.591618	23.549294	-25.804132	-12.902731	0.597847	-9.383130	-0.526416	3.471111	11.382504
	-7.870765	17.889971	-30.735996	-15.844571	35.821089	-31.848409	4.741704	24.066705	18.283087
	13.081203	21.559448	-5.890340	-19.033759	52.510413	-5.211249	11.265406	-29.492098	21.367991
	-27.793670	22.392482	12.043802	-16.247171	11.584025	-2.392783	-1.124111	-23.128073	10.855389
	-9.736141	18.670600	-16.187807	6.141077	59.882166	-3.487541	22.698139	-30.043493	28.210856
	11.109541	39.030273	9.173034	17.777783	18.424625	23.260226	31.384243	15.631059	-17.278961
	10.696906	39.640785	-14.845440	19.660098	-22.904479	-0.834338	6.089727	0.611507	-15.798165
	-13.071007	59.896075	-28.625264	22.833439	-54.850125	8.516453	3.124178	29.677290	-32.216803
	-34.434031	45.209624	-58.460391	32.831788	-84.610145	12.928475	-18.951563	109.637106	-78.965141
	-23.358318	24.441650	-28.565152	5.914074	-118.895348	7.313545	-19.802736	118.101339	-26.699133
	-6.307401	10.914105	-19.937904	-16.579199	-98.310136	-2.110196	-29.648725	48.172684	-0.921973
	11.025493	-25.433786	26.420813	-24.979494	-65.229671	25.239521	-7.015753	37.342130	50.308002
	30.906284	-40.681496	78.644740	-8.763956	-5.639818	6.005594	10.693038	-4.975209	77.759194
	38.552322	-35.944558	92.224420	-27.952479	31.525251	13.538001	18.984225	-69.886929	83.008663
	22.951507	-27.699993	76.112059	-49.797916	62.815722	22.541941	11.348214	-95.652236	73.051186
	19.889090	-18.964811	150.227252	-63.991505	53.372280	30.688703	-9.725311	-103.640686	113.448787
	17.211842	-25.189568	171.527425	-76.590274	55.083231	27.793993	-5.904445	-114.245089	115.712384
	10.129499	-34.049932	146.609726	-86.369535	7.303069	34.030257	-31.619372	-58.878590	82.931220
	7.216453	-29.723396	104.470956	-74.261165	17.326208	23.606458	-55.919590	-44.640910	54.994939
	0.474947	-47.763868	92.536639	-78.440226	-2.093957	17.661664	-58.126459	-43.498059	80.234887
	1.874389	-46.422295	57.157363	-77.386765	2.354034	4.852508	-56.471694	-51.848330	52.767587
	-1.841531	-41.641973	68.276843	-76.979295	-15.820679	10.310471	-55.509382	-47.280795	49.155959
	-10.712811	-45.514961	39.561989	-70.910824	-45.006152	16.338589	-78.300763	-82.555018	27.414141
	-30.014537	-34.850653	58.228646	-67.151623	-58.599043	5.551857	-65.203318	-47.533719	59.112000
	0.539100	-42.565869	74.048487	-81.044897	-38.377428	-6.254033	-57.516299	-60.086501	38.046543
	-17.674039	-19.317774	59.530983	-53.369213	-14.543770	-10.713039	-50.802664	-51.213468	32.648641
	-9.351314	-2.345988	64.871690	-51.485635	-25.241584	13.298805	-43.976163	-35.266855	39.976895
	-22.721735	16.827044	35.452452	-29.145816	-25.700673	-5.565264	-39.997696	-42.443822	50.671045
	-6.270119	30.360723	-34.714002	-7.655305	-50.622951	-15.565312	-30.133641	7.428779	-25.067094
	-9.548003	38.598258	-23.096284	22.701694	-32.126354	32.410757	-25.949016	40.452610	-20.112983
	-36.481970	49.246042	-46.231880	15.971720	-69.193575	12.790324	-40.433937	80.949046	-91.424567
	-7.616895	64.199378	-94.031429	15.107427	-115.194670	8.500890	-47.393382	94.324825	-124.985020
	-2.766578	53.779131	-98.555866	6.618847	-103.030040	26.053081	-35.107500	82.090584	-61.190401
	-33.177957	48.242044	-118.479147	-21.748517	-116.713638	5.716100	-66.664858	90.885949	-95.717465
	-15.790811	30.127356	-72.298218	-37.337479	-101.597265	9.433086	-65.514557	54.917091	-83.380522
	8.115562	8.015312	-38.885762	-23.823465	-63.512842	9.607355	-38.821859	44.937663	-25.924427
	11.886064	-23.114344	-6.185238	-19.419308	-7.005361	2.848724	-43.706220	1.564757	27.162922
	-15.277613	-15.410001	-36.043549	-24.506521	-46.471354	9.979453	-39.664829	5.667805	-41.171877
	-12.805176	-12.191421	-29.647400	-22.847037	-32.415505	9.689750	-29.129924	4.326988	-20.970174
	-16.983463	-24.708296	-28.367163	-23.684595	-62.980083	16.020142	-28.961309	-5.297158	-11.831929
	-26.112625	-9.868433	-51.527460	-35.724717	-66.096951	3.909614	-48.373322	0.297454	-25.298700
	-15.334936	-8.227513	-71.681970	-17.577714	-54.028524	-2.908237	-48.639727	5.464126	-46.166401
	0.558823	27.046349	-39.051701	16.425453	-35.364527	-13.382910	-18.298598	6.782177	-69.923302
	-13.187643	45.927977	-30.086444	15.637951	-43.570703	1.729389	-4.182878	0.388133	-83.990454
	-5.129298	57.591429	-17.873815	14.621452	-11.801457	-4.581255	22.365981	25.273826	-34.736889
	-6.608044	59.240485	28.624796	3.574195	-29.859547	12.533541	-10.170707	34.067752	-38.262066
	-22.845562	64.515743	34.791635	2.363569	2.338813	12.187608	-5.826274	20.022143	40.554113
	-21.037078	59.498199	41.803775	-11.853392	-2.314535	22.582610	-13.068000	-2.999667	8.795184
	-26.062456	54.711134	5.531217	-17.334707	42.876520	13.103585	15.987229	33.352458	18.810064
	-16.190332	37.931332	74.593177	-3.642558	77.228118	5.799904	6.202570	36.962763	73.783247
	-23.355805	35.805975	51.738381	-6.120949	44.108457	19.252778	-18.941309	23.568755	63.358525
	3.146424	18.175501	87.928442	-15.162720	35.610143	-3.101603	-7.561397	7.687201	55.962924
	-6.937315	47.263818	57.219052	15.439009	44.847860	22.591358	-1.268150	10.850470	34.022989
	-36.301543	43.865832	52.346836	10.725055	24.285949	10.887779	11.695620	31.144069	59.873840
	-48.110184	52.849049	28.485555	9.494280	-54.920615	6.713383	-13.431877	45.279168	-10.432677
	-40.274182	27.744408	48.764298	-7.441981	-46.754892	0.576668	-30.012704	32.752076	-0.993633
	-14.298467	26.206452	59.583555	8.326555	5.747227	21.006566	0.376832	16.321663	77.393411
	-19.038010	44.955094	52.881247	31.840448	47.366594	15.499820	20.344846	28.941732	63.627715
	-3.162906	47.664610	53.491741	36.910220	54.226678	20.918540	33.936237	38.309657	52.132373
	22.991231	52.899539	38.859673	30.794891	43.234407	35.156037	27.931639	28.145533	51.569679
	5.567657	51.657454	17.304911	38.737321	22.899593	28.889829	31.510783	33.313622	55.346827
	-9.328044	43.684889	22.232325	51.748476	26.028266	11.960353	43.195244	24.970980	30.944715
	-21.149078	42.993587	-21.364256	46.207846	22.409738	-4.044145	68.669392	25.877789	28.760252
	-10.854120	19.816368	-30.676990	53.646134	-1.660617	-25.867707	45.044012	24.033889	22.169030
	-9.053028	52.603211	-31.830089	32.493329	10.526422	-13.994884	15.364778	54.941764	-12.418841
	-6.847274	41.176947	-8.429985	24.840729	-18.755338	-6.961565	7.672853	56.758566	8.860068
	0.676207	35.884637	-10.026389	3.144266	-53.963440	-0.974529	-31.098589	55.488556	13.911937
	-5.432399	37.161626	-1.399345	-7.367239	-51.415405	8.923217	-23.185378	73.537354	-13.611197
	-10.917034	27.688458	-43.995755	-18.574311	-51.073918	-14.795871	-43.486331	30.809578	16.126259
	-5.310781	19.709338	-17.532090	-5.284471	-23.093715	14.137401	-32.931262	40.528478	28.883026
	15.636950	0.467938	5.406679	-9.129094	-19.498030	6.370971	-24.020480	35.572382	65.480205
	7.298028	-2.408010	12.580705	-27.258915	-26.564998	-5.289032	-6.073614	-1.347687	52.158993
	4.753011	-4.012484	1.658374	-31.635888	2.415015	-11.762894	-13.116371	-28.078486	15.585660
	15.045709	-10.704972	-63.561082	-5.063884	-4.796022	5.729633	20.852406	-42.357747	-11.934356
	-5.467651	6.664585	-92.947608	-1.195549	-22.929660	0.576021	10.887901	-12.353880	-83.231342
	-29.219991	2.056831	-76.355999	28.009739	-34.030427	3.747086	1.081893	-19.575115	-80.711210
	-25.189642	2.854857	-48.679679	-8.368114	-46.266720	-23.568593	-20.281446	-8.901050	-95.104080
	-39.489310	-10.051646	-18.533524	-2.697433	-36.133891	-17.618540	-22.964506	-7.645718	-24.384244
	-19.140611	-13.776276	-19.239027	-36.088106	-44.060341	-52.997050	-30.498635	-18.707148	-71.409461
	0.992452	-16.644168	-33.309799	-14.226767	-36.127097	-19.308729	-23.240881	-23.364765	-47.999427
	-10.037238	-18.845741	3.288371	-24.823803	12.969428	-13.657530	-16.661165	-35.565895	-3.045410
	2.825734	5.145387	70.091300	-3.074101	27.312530	8.012720	23.710401	-56.632757	41.268062
	-16.114533	13.229374	58.298772	-18.015459	32.129154	-0.343952	-3.954124	-50.134802	56.779299
	9.941392	26.673924	60.995154	-24.857710	22.551182	8.710935	-6.882148	-37.970449	54.890916
	-8.785132	30.473501	34.100517	-37.465691	3.736492	0.749287	-35.221233	0.298987	20.658544
	-21.588672	23.772567	29.352488	-45.089570	-13.816064	-9.009588	-32.579977	-15.198736	-5.691297
	-24.178528	8.136049	-2.840383	-29.607320	-6.134899	-3.425270	-21.287362	-14.106407	-32.181558
	-34.703021	-9.944143	-25.116845	-24.797193	-19.204824	-24.006778	-26.798985	-2.014555	-18.007513
	-28.170638	-13.027152	-45.465111	-9.461207	-17.655047	-31.660914	-7.506005	-15.221412	-38.983526
	-19.272757	-9.342813	-66.061654	-17.139592	-11.015243	-50.274971	-14.625919	-14.389799	-58.061853
	-27.255715	-4.576447	-73.539322	-9.079591	31.553804	-26.510284	-5.275030	19.737975	-42.112445
	4.799921	12.624984	-32.527524	-14.335062	49.243067	-0.444039	-4.740189	21.639953	39.254937
	-4.848365	-14.179930	29.919607	2.319971	19.059623	1.571557	9.328200	-23.979887	39.861427
	-4.981100	-17.418968	-0.223504	13.823401	11.129945	9.082837	9.719314	5.888912	-3.215747
	14.830741	-30.105845	0.270941	18.590556	1.064708	2.897223	11.625649	-39.435589	-6.144800
	1.447822	-31.821380	7.684842	20.791226	0.446793	10.910105	15.891029	-50.331549	22.997145
	15.813038	-30.989158	5.160177	14.657605	-7.075831	-16.844996	-38.150634	-49.039138	-3.864965
	7.796717	-54.876431	-4.045630	18.799618	-7.246963	-24.416533	-19.292053	-34.946765	5.645347
	21.954198	-54.625060	-31.105990	20.031071	3.334937	-12.244787	-12.346706	-65.102750	-13.891899
	6.255520	-37.536367	-16.632589	39.052124	39.054784	-13.835905	39.531859	-38.668851	-6.398088
	12.634629	-19.988402	-68.781773	29.171572	-0.866274	-21.199503	18.355733	-17.481913	-54.784758
	-11.463190	3.932659	-70.702344	41.159586	-13.173367	8.571796	-0.633056	-0.336647	-73.155577
	-9.853837	2.173686	-75.653545	45.890774	-45.349760	5.553990	-29.437511	17.179582	-87.959078
	-13.820739	-13.888107	-77.610619	9.658428	-64.474010	11.695700	-16.192794	25.865365	-68.943908
	-35.715546	-23.930242	-58.203154	1.197891	-77.557592	-9.267765	-51.705788	41.235351	-88.325529
	1.703827	-22.403804	-32.197395	41.698902	-40.184073	9.423262	10.284155	48.851762	-42.067917
	-11.368363	-64.727471	18.495551	-12.664073	-71.155807	-26.174615	-47.556723	44.078482	-17.064240
	-6.227368	-52.137860	33.777003	8.739892	-68.890277	24.946840	-16.870020	26.649814	-18.293884
	-6.285238	-51.253710	1.351535	12.404082	-97.769671	9.736722	-22.402722	53.575806	-26.828459
	19.531103	-48.492682	-8.365825	6.819932	-40.441942	-1.865646	-4.402450	13.241337	12.622927
	14.465403	-25.608430	-28.280631	28.457770	-51.810454	-6.661260	-12.873743	34.952924	9.693428
	21.937419	-20.196820	-39.201478	30.665812	-1.167573	-19.849364	9.810240	39.883553	-14.278978
	27.846109	-4.651838	-9.221418	53.431894	44.019895	-31.091847	22.441225	30.109696	27.113353
	-7.355348	-15.551671	-17.434403	27.240970	8.668238	-58.100702	5.758155	27.359829	-0.630463
	-2.454280	-32.772762	-50.772537	5.189989	-6.365007	-61.544489	-4.070079	21.021708	-32.806338
	15.354380	-42.055630	-30.938156	0.135081	34.803726	-44.312706	13.875047	-30.950874	-17.080810
	-8.219822	-36.882984	-87.181188	-41.711109	18.882668	-23.301077	7.741729	-47.968839	-73.971325
	-29.334418	-29.723619	-78.271718	-43.695289	5.381422	-10.301421	-1.491927	-62.782441	-25.054240
	-36.519820	-2.090407	-114.760694	-27.061193	1.383186	-20.801048	-7.265719	-32.878813	-91.056069
	-21.653304	-9.963152	-73.430592	-22.334163	39.044451	-38.569985	38.736471	-37.842950	-40.444230
	-6.929608	-26.544985	-67.598939	4.555334	18.931633	-31.115181	28.199309	-33.671284	-12.254380
	-39.015746	-40.869356	-82.118371	18.443077	14.693064	-45.453174	17.963294	-20.143738	-27.134912
	-23.432946	-54.332702	-91.086389	11.222639	-24.333297	-47.021047	15.268386	-18.545707	-65.562203
	2.261183	-60.539223	-70.727955	1.267524	-7.519792	-38.441174	15.442801	-10.039717	-21.478179
	-12.549343	-45.404616	-59.632999	23.617301	-8.738089	-12.018147	-0.435073	-13.019232	-52.220227
	8.556197	-29.141536	-44.467156	14.409367	11.414382	-17.059536	33.531365	-22.268456	-13.479791
	1.199485	-24.096399	-24.375733	14.429535	29.944295	-16.946863	7.365453	0.757205	-17.985110
	21.171411	-12.471477	-37.834627	14.584556	30.835138	-20.313057	58.718935	-17.962381	10.694145
	22.043092	-17.261272	-37.509861	21.605045	42.301473	-26.188477	47.680316	-16.267938	-11.603854
	-10.763442	-45.400655	-57.069068	14.842950	-1.117016	-22.237802	40.664821	2.058088	-37.174298
	16.983981	-44.627688	-75.149206	14.341686	-19.754573	-18.588738	19.143355	-17.940138	-64.647839
	24.087091	-44.238935	-48.567437	4.404222	-11.058211	-9.087688	15.500045	-25.723823	-24.669576
	36.578338	-71.995726	-67.899457	-7.972358	-34.323572	-7.349731	13.239246	-43.961629	-60.136175
	55.297239	-70.265652	-78.648742	4.690501	3.522353	-35.191957	10.065648	-16.540940	-54.712747
	37.298275	-36.229548	-71.587169	10.107914	-0.015826	-16.101316	17.264627	-40.295102	4.996179
	23.199341	-0.580015	-46.559692	17.467088	23.432637	-7.037100	5.248048	-6.263351	-19.497994
	35.160200	-0.683781	-41.508002	10.345382	5.272624	1.287444	10.274046	-22.548710	-41.540256
	15.763466	-6.445654	-55.053671	-8.137840	2.034370	2.114356	32.564910	-23.351896	-77.140568
	23.304283	-28.965986	-63.322175	4.482779	15.164038	-4.569291	24.164630	-32.139125	-39.148686
	-2.856107	-31.073236	-41.743512	-3.554902	1.905542	3.739485	-11.293291	-15.727437	-76.774685
	16.113835	-45.027885	-20.972084	-12.479425	39.309553	-4.785643	5.926321	-18.015404	2.861008
	23.647239	-42.552941	-31.948358	7.978978	22.445436	0.216318	0.008458	-18.105341	-31.039691
	21.420287	-41.567219	-8.961419	31.145575	25.549270	-21.604872	26.692596	-13.770734	55.344239
	32.656823	-30.987748	-57.842909	47.406210	27.168954	-12.658177	30.527112	7.530686	-12.839222
	29.923827	-23.344770	-26.504637	53.092101	20.914095	-5.296995	43.136015	17.069730	-23.824387
	-6.274208	-16.894420	-33.112189	77.290765	-22.763933	-4.112770	45.752361	5.475874	-30.145431
	22.861404	-16.321833	-32.117522	100.664196	-39.077986	35.119807	32.988472	16.784098	-35.891798
	0.692377	-24.052263	-15.860065	73.892038	-41.157192	44.082757	47.249301	8.506246	-33.775130
	-9.356493	-30.365531	-46.869241	51.472802	-69.846286	24.877704	7.981720	3.343595	-28.553111
	-30.908890	-29.878359	-29.031664	20.974248	-74.015153	8.762125	-19.701411	-0.307196	-19.517357
	-11.725595	-35.996751	19.297953	-1.724039	-62.901379	6.883360	-28.583234	0.540637	-6.751199
	-14.174542	-30.992321	24.745101	-14.004807	-38.730731	7.292646	-30.636051	11.423149	35.897688
	30.783361	-49.429435	57.531456	-31.065709	-50.413203	20.360531	-4.328388	-26.767601	60.150020
	33.865297	-28.309801	49.943057	8.456219	17.403723	24.940623	17.444515	-45.542565	108.246587
	35.640533	-8.778707	89.803300	22.138937	40.567996	24.696001	36.848055	-37.348634	77.922113
	43.037528	-1.959509	27.981680	34.483936	55.525553	7.658388	44.781794	-5.658653	57.588682
	21.600581	29.356662	29.533337	50.896463	23.399350	13.895411	41.047031	-1.598766	32.186142
	16.713998	50.424226	56.448887	37.045356	47.235242	13.752052	26.925412	2.976475	56.397425
	-7.659419	67.808566	58.414657	56.883844	44.963541	17.890607	22.992801	14.550410	60.738252
	-0.931579	71.827487	33.575953	34.443322	8.340133	24.783669	-0.059436	21.146517	38.326104
	-7.057242	69.214193	16.351096	7.459445	34.709351	10.776104	0.799373	25.459035	45.410576
	-2.569805	79.469496	42.127001	19.032590	-11.119505	14.692082	-17.423050	33.379615	22.147478
	-32.324213	86.280672	41.267036	-13.945817	20.303291	18.593133	-4.992034	31.479406	85.917478
	-21.813151	82.593516	48.105416	-12.160362	-20.543936	17.298267	-15.019059	38.546922	27.410968
	-55.042165	70.447649	39.024868	-30.316153	-49.910928	-2.670451	-34.292447	37.139377	15.531698
	-52.822252	20.256546	36.561137	-35.106958	-94.480920	7.917792	-65.549988	61.009147	19.939787
	-26.368763	3.685589	38.942325	-22.634365	-82.771516	0.954200	-60.627913	63.333076	10.383081
	-4.423928	14.482199	46.479006	2.896280	-4.050866	-9.161841	-16.405246	47.240510	-1.352565
	6.017100	13.213697	0.375231	18.178048	12.964595	-2.615472	-8.908267	37.865992	7.795899
	12.269582	19.157638	-21.132406	23.109656	42.168485	4.989398	8.635761	27.596004	5.909384
	24.089013	1.676341	-52.387699	15.034923	44.915003	24.551276	10.667436	7.579022	-52.952782
	25.908704	25.453949	-41.443844	-8.430294	57.817005	5.589238	6.442753	0.492007	-11.006456
	20.678826	32.292211	-27.635557	-22.523822	53.684820	14.646247	-2.898200	-18.398818	19.790260
	27.174169	7.596324	57.300240	-25.625193	44.230033	20.948438	5.524116	-8.726126	58.976038
	20.983200	-24.092460	128.656642	-1.202737	92.686228	-17.569750	13.157766	-33.719126	118.179930
	57.988690	-21.534454	166.732803	31.085636	87.765416	20.573665	52.902007	-83.788448	150.604369
	19.026593	-22.397665	133.900921	-3.795671	76.819003	16.183674	23.181281	-82.263292	99.350496
	50.839563	-44.229363	151.968458	34.533479	30.653200	53.890937	32.109066	-117.496334	124.926456
	56.750743	-38.244293	116.508718	46.293716	18.310597	59.023456	-2.568244	-93.193866	101.036594
	11.796615	-27.994680	96.593750	6.210043	-2.863019	24.119469	-4.993652	-55.815070	75.015855
	-29.149442	-35.120628	25.719963	18.591897	-47.261241	-38.374650	-30.856842	0.341399	-59.259263
	-6.686823	-50.786589	-67.891556	-7.189323	-47.493875	-52.980243	-19.505514	6.066747	-82.336736
	-27.006262	-53.053009	-131.344259	-14.029286	-107.070210	-81.658622	-27.075400	20.326914	-121.148129
	-24.387317	-61.149435	-150.913145	-25.765058	-112.209698	-89.642052	-59.506152	-15.755202	-117.148793
	-12.612735	-26.780382	-164.026390	-23.755365	-102.340205	-53.553120	-38.126300	-11.338611	-154.324033
	-41.224594	-16.950248	-57.834223	-30.366622	-79.174438	-37.129525	-22.225247	-19.364177	-75.086117
	-26.001324	6.353035	-17.637692	-9.254358	-11.032870	-23.162866	-15.456786	6.089339	-13.574006
	-37.129541	19.013580	-40.935294	6.645039	-26.276632	-16.311459	5.797038	31.214666	-25.174394
	-6.325925	14.498008	-24.193076	13.678876	31.336367	-14.540887	48.685051	11.546507	-4.213097
	-2.041293	5.988968	-11.330958	21.176664	-30.401879	0.414732	13.076006	11.586922	-18.163847
	4.489504	14.698145	35.283971	27.820251	10.467708	17.217171	21.326122	46.441459	53.071412
	13.855569	0.243517	27.999900	-4.335578	8.972888	33.313668	-12.463522	20.374663	58.592056
	27.470256	-3.538868	42.462166	6.986342	7.436211	62.437590	-1.251681	-3.885581	57.584415
	12.835331	-2.642384	51.181407	-4.532449	56.428118	23.889147	10.820910	-22.466489	23.900468
	4.256444	-8.250001	76.574657	-11.993058	62.727795	14.474742	-12.514388	-29.852874	48.747567
	-0.406173	-8.908782	89.332578	-14.843312	69.562818	1.615963	7.198296	-39.662683	50.891269
	1.045973	-23.621511	63.987280	-31.396750	85.469640	4.492907	18.983246	-49.971349	17.416365
	-12.612616	6.350620	-0.149952	-48.727186	74.987365	-12.682047	15.645717	-66.758218	-23.343828
	-13.717162	11.730033	18.825838	-48.108415	37.228515	-17.033491	-5.001752	-56.172344	-4.920096
	-28.141150	10.380028	68.333825	-56.220175	52.778019	-35.021636	-19.314043	-56.602039	28.059092
	-17.831809	-11.287808	95.452866	-61.633342	67.853879	-16.999527	-28.455012	-95.178496	32.550126
	-7.865565	-5.960026	127.792915	-68.364078	85.114050	-10.845889	-13.598053	-73.193974	74.427260
	-48.595329	-5.610717	105.055129	-59.768369	76.237937	-30.927316	-18.566403	-72.496250	88.993108
	-13.352563	-2.840630	121.565052	-44.156685	88.523802	-25.736493	13.765633	-50.863722	64.875752
	-22.641978	10.141931	113.509829	-38.676137	78.692263	-13.162188	-13.446292	-66.370499	71.174678
	-30.918622	-12.830071	81.622058	-34.429286	64.057490	21.313964	-8.609857	-35.326321	26.302874
	2.517144	-3.093600	59.154393	-17.290968	3.706701	18.010174	4.869597	-31.524046	51.430408
	10.080646	-17.829929	45.757385	-4.923668	5.649758	9.261187	13.277603	-7.397868	26.740335
	-5.695739	-3.264646	48.370269	3.642883	43.162033	8.676990	11.213084	-16.342744	-4.774448
	-5.729193	16.626009	23.936375	-2.121822	36.828259	-5.210602	10.157329	14.650761	-1.105331
	23.012510	11.285732	-23.426214	-2.764840	7.368975	37.989199	16.229854	10.902662	-13.441953
	24.050912	9.506505	-84.783202	-5.021431	-12.559993	7.533734	37.924985	-10.167504	-49.459446
	24.267699	5.511291	-86.081254	-14.440762	-30.120651	4.210206	-6.268363	20.798838	-72.118579
	22.962334	0.229894	-90.765275	-38.332792	-32.918483	11.174422	-10.815614	6.188412	-55.438224
	32.741249	-19.599238	-83.104537	-43.844474	-47.303295	12.044321	-43.416518	-3.236621	-59.517779
	35.941729	-23.444463	-41.468848	-63.700449	-15.909150	10.057802	-18.100076	-13.410672	-33.803631
	15.139325	-21.574675	-62.010780	-65.830658	12.511184	-23.584582	4.346155	-13.522332	-21.648735
	13.176498	-23.487450	-36.774577	-60.605133	22.187203	-11.282196	17.976786	-27.866936	-48.757838
	-15.954289	-26.204578	-36.411011	-31.264876	32.287354	-32.942937	4.253052	-4.799041	-18.089117
	3.429972	-14.593140	-67.385161	-41.305819	15.708819	-15.902589	-0.105980	-34.958958	-44.648141
	-11.796861	-27.950252	-96.967608	1.631389	24.412425	-38.549365	34.993182	-0.246842	-29.840154
	14.725039	-41.553666	-114.891972	6.881708	-9.532865	-40.569619	42.979281	30.374606	-84.649556
	11.797127	-32.920907	-76.660931	12.741107	-7.035067	-35.958418	52.733742	2.595006	-83.638955
	8.203274	-13.392452	-14.995165	-18.327867	0.133739	-7.585530	36.518652	-16.680198	-44.121299
	0.234173	-20.442959	24.892217	-41.363773	24.854159	-14.298868	4.782607	-53.107998	-22.855298
	10.154004	-34.154524	62.073317	-61.615297	8.524473	8.644610	-25.425914	-60.705668	28.991849
	6.450247	-27.978138	117.215181	-49.753811	12.503049	44.363175	-28.723081	-55.486163	88.004780
	1.841893	-31.706616	94.710594	-82.935362	22.720533	35.256681	-33.106677	-71.343121	85.862933
	11.825402	-14.428076	61.527239	-40.054841	-5.023147	19.688725	-12.367862	-63.659932	30.090583
	0.019359	18.864378	11.642228	-18.583046	3.716142	-11.937711	2.348404	-11.806738	35.768897
	8.921806	54.843217	-64.522878	5.951966	2.499361	-18.006525	-0.327117	20.274042	-3.294669
	17.215058	69.424069	-58.899023	34.988347	32.473676	-17.348987	-0.153112	53.544362	-44.572570
	20.140067	103.819776	-44.666340	47.373462	50.279649	7.645265	39.916795	87.727168	-10.242189
	19.247889	99.485958	-54.382544	63.590143	36.815852	10.300461	37.100896	83.771900	-42.175934
	29.826650	70.064260	-44.045011	58.589516	6.236524	27.439774	28.259574	80.074701	-31.826967
	34.389645	89.026009	-46.211508	62.761287	-18.095485	4.776072	22.103533	78.350415	-42.804902
	39.996778	67.975303	-45.790480	65.621908	-23.389973	12.480157	24.199996	83.084913	-38.594766
	8.442803	94.854804	-24.646008	65.869729	35.259088	33.785045	25.423528	83.021449	-13.200081
	14.296181	70.085618	-9.541631	48.117149	10.917837	39.477433	17.319666	72.482663	22.374185
	1.884344	34.963007	13.665317	25.251818	-26.171284	24.901886	17.996314	40.248174	36.013525
	53.728063	13.022588	33.271257	41.013321	-41.167450	35.580718	29.602794	48.485377	56.245824
	52.500131	27.694883	39.775844	48.191751	23.544318	20.204458	63.466925	16.565697	78.768927
	47.388063	29.660513	67.016046	60.833308	66.113606	15.620995	67.096476	-15.884908	107.795421
	37.195187	19.849571	85.153754	36.369471	49.708744	1.944862	63.736038	-35.984118	112.416651
	33.896244	19.263851	88.139888	21.979974	80.212648	-1.373738	49.182132	-37.382238	65.067104
	35.016356	25.960279	34.943373	5.776374	92.120854	-26.663465	38.548240	-42.079041	89.552225
	19.523891	5.531790	49.508232	13.598798	41.078647	-23.972810	25.069627	-31.539014	66.571082
	19.785840	-6.883287	40.309518	-10.922161	73.853254	-18.968825	-15.514180	-24.388825	57.756287
	4.100023	3.157646	43.885407	-1.474672	32.526242	-30.984095	-4.030574	-44.914468	86.749829
	-16.572393	-2.068636	65.259281	-25.244143	26.779353	-7.819657	-47.618083	-40.291210	43.910803
	13.286585	4.810302	60.418127	-37.283745	-5.837460	7.558473	-17.050755	-35.538952	10.223245
	10.141238	-3.597501	115.175625	-18.604696	8.638022	39.445879	-13.255622	-32.249784	43.408082
	25.494844	-10.015824	101.323888	-45.761739	-1.157453	31.289359	-25.638192	-66.567086	77.838983
	13.049864	-33.269023	67.982179	-14.460322	-2.954109	24.846473	-35.378790	-52.926714	32.713028
	28.220486	-37.939150	-17.917671	1.477609	-34.262988	0.735722	-30.493908	-39.047578	-37.343422
	17.729269	-15.060783	-37.697897	36.861293	-40.681377	-7.072679	-20.947069	24.149603	-76.290518
	16.551078	-10.035955	-26.449431	42.993920	-41.483337	-4.899334	-36.417958	24.535390	-64.768447
	-6.588387	-39.975552	-23.022905	28.952292	-57.241806	0.347842	-45.223483	36.667270	-45.635875
	-14.400002	-20.041477	-30.082669	50.591340	-43.335614	-29.021589	4.723236	52.137763	-46.984933
	-13.720442	-20.798993	-69.984487	72.195658	-64.704273	-33.566996	22.086022	55.689315	-47.025854
	-25.664044	-4.641834	-78.133173	76.595576	-55.289617	-27.379252	12.560115	57.066758	-79.093225
	-37.676199	-15.510768	-76.751074	69.436114	-47.851549	-27.335131	10.628638	77.219723	-53.221578
	-59.842987	-5.163200	-84.893755	53.129132	-63.246100	-15.222747	-15.823192	86.581191	-142.737166
	-57.906737	-8.705483	-92.482447	52.730460	-70.914814	-4.006289	-10.385441	82.484232	-138.015913
	-40.564634	-0.890160	-33.742839	52.891156	-40.690996	9.485770	12.046181	49.838824	-45.650129
	-43.703981	1.192715	-28.437328	55.407983	-23.715015	-7.098584	-27.615839	91.536132	-70.985358
	-24.916502	11.904313	-36.100778	54.602504	-17.501013	9.398603	-20.134527	105.041788	-60.956882
	-13.511454	16.679640	-2.865057	86.259150	-15.722329	14.309681	2.261866	104.418428	-51.768550
	8.905352	24.701420	11.679541	84.689758	14.213824	26.293407	10.834515	82.452464	50.917407
	4.595107	19.779342	23.738778	52.656557	-21.416854	21.987610	-4.912903	88.421953	25.614801
	-0.844782	28.594890	-15.087315	44.882174	-16.087853	11.687407	-0.208171	89.136809	39.943732
	-16.421163	29.475891	-99.490646	41.522987	-43.139618	12.614960	3.818632	80.707609	-77.119246
	-14.930257	34.269009	-57.964571	38.770858	-29.118260	26.485443	-3.127672	67.521722	-60.653072
	-32.286783	51.689932	-25.557918	31.088974	9.114615	27.663104	31.676402	52.908783	-61.257653
	-54.982573	60.092606	-27.771088	7.442458	-4.690303	1.622356	-15.013661	64.786982	-53.673744
	-69.026921	37.343853	-25.756784	0.478790	-37.934182	25.337877	-19.186669	43.874094	-67.970540
	-22.467459	20.478822	-13.740514	-36.782561	-28.600121	27.275152	-13.371901	28.032063	-11.320349
	-37.134844	1.276057	18.136781	-56.899016	-64.850213	-4.784194	-39.538366	20.319169	-5.737287
	-60.874601	-14.211921	-3.337493	-76.850742	-75.277933	-37.600613	-61.855844	7.272823	-37.361242
	-50.211782	-4.728003	-28.877261	-68.730804	-86.451880	-48.639381	-73.073721	5.802705	-37.666371
	-69.753085	-0.485400	-56.111314	-41.080704	-90.575288	-64.440274	-30.011706	4.462194	-55.255553
	-35.442604	1.048982	-44.023328	-28.023357	-62.118064	-49.443672	-21.264255	24.490727	-43.157558
	-39.947397	-8.066822	-85.855804	0.108106	-34.659694	-57.035307	3.524193	28.958979	-67.876209
	-23.674647	-10.147782	-88.932232	24.616310	-35.349906	-35.062732	19.777581	50.544411	-56.998835
	-8.434376	-4.969076	-122.364364	42.106078	1.107641	-31.670043	31.894960	75.782278	-91.851047
	-16.909504	17.036574	-57.118346	72.622617	28.320337	-25.742266	36.372624	36.671090	-33.014484
	-24.312408	29.457752	-71.713300	43.146069	28.710354	-27.231539	45.881867	26.491664	-41.368291
	-54.713384	33.619367	-66.099787	25.811348	25.350757	-44.746452	37.359629	24.514754	-71.790440
	-27.068580	30.583033	-47.901993	23.597290	52.655030	-37.229197	28.438449	39.695038	-78.670191
	-37.681508	12.261064	-36.216554	53.318691	19.252380	-13.297876	29.849228	43.940052	-61.353066
	1.128783	1.248419	-72.856752	56.150074	15.630389	-24.297772	31.850766	45.763075	-46.048293
	4.612423	4.787968	-61.821718	58.644691	-28.166356	-15.906830	36.913249	67.455438	-31.645470
	11.582730	-2.565272	-73.372789	70.042576	-22.293691	3.018178	40.738845	62.616895	2.648604
	20.032786	-13.916377	-47.563216	44.623285	-23.977306	41.595792	27.267513	29.558040	-10.533102
	11.587698	6.503374	-43.593563	9.572471	12.070435	6.999184	21.184206	14.562703	24.809454
	-30.608633	17.516960	-25.304245	-5.405511	24.158992	-10.434337	18.908248	-12.746889	0.813608
	-36.649022	21.341902	-9.936769	-33.707020	49.277147	-16.120209	12.908020	6.379797	-43.898465
	-24.655052	32.056968	-18.453114	-18.727015	79.982010	-29.812752	51.702061	-7.936422	9.920900
	-31.132631	12.009103	-32.372620	-11.564130	46.318346	-34.741650	32.745327	-27.962274	-15.714472
	-28.672045	-7.812097	-25.855863	2.398301	48.104739	-21.420339	23.252196	-32.393173	1.411661
	-29.886602	-12.537014	-63.350132	12.636139	26.467206	0.544683	27.008094	-16.318398	-37.470808
	-42.283374	3.512653	-90.335082	-7.225576	-16.108147	-32.356705	8.866300	-15.560801	-95.434751
	-21.274108	-2.511349	-59.017942	-7.783937	-4.231423	-18.244178	13.549954	-19.794044	-49.728374
	-21.601495	-8.550534	-44.330187	-15.703734	5.540597	-13.084501	9.966568	-17.767935	-44.088600
	-4.210937	-14.652438	20.013593	-5.710461	-0.136779	-14.235308	-7.249353	-1.426111	19.267438
	26.272470	-31.456496	88.810370	-7.718375	1.264961	14.887581	23.370639	-31.069070	78.521237
	41.482236	-17.442324	58.164413	11.543234	36.252881	2.851925	20.588658	-31.148364	44.997925
	17.146413	8.716988	86.394299	42.380055	64.890531	-5.597073	18.590848	-11.933083	29.004628
	63.819500	18.457030	58.339076	48.978925	55.990698	-0.520677	47.563614	-18.112814	53.381313
	42.490614	0.631585	33.137755	39.594076	-38.109109	20.997730	42.984138	-32.757117	13.577900
	58.268074	-17.198163	14.125242	21.131022	-3.026266	9.326486	7.943777	-13.495133	50.992560
	55.493204	-45.473430	-0.561231	8.442483	-29.852920	49.619256	-26.422202	-5.421649	4.731764
	23.678737	-51.211880	-14.712600	1.978190	-60.239348	22.706856	-18.082814	-2.442278	-12.955486
	45.367957	-61.444454	-62.837223	-13.815389	-45.245056	12.980097	-36.223602	-7.979746	-11.416324
	30.419384	-29.254153	-48.566065	-1.439237	-29.485647	32.353556	-21.003114	-16.076229	-59.274849
	40.756451	-13.112445	-11.027347	-5.165526	5.274733	47.279332	-8.612387	-8.016008	-0.990919
	12.773374	-2.656063	34.566806	3.008600	34.861769	47.160327	-21.278924	-4.811296	31.181992
	3.654595	0.136939	14.997545	7.510396	21.201039	50.692589	-35.708879	23.728627	10.023047
	16.979818	-5.537108	26.230573	4.047734	14.320571	29.058295	-22.322045	-1.849550	17.029000
	3.203537	-13.763697	38.800270	23.501570	11.778346	35.263536	-23.605427	-7.815039	-52.839687
	18.317514	-2.937136	54.238419	33.361591	27.911420	27.999615	-2.366870	7.471299	-33.537416
	21.262412	-1.521190	43.302130	39.481681	13.642675	23.823061	-5.913760	11.576385	-42.837471
	34.160824	26.191279	40.149802	12.024541	-0.198719	22.436441	16.543727	29.761882	8.762326
	31.568761	20.276291	57.774462	-5.959478	-17.551228	8.929411	-15.402622	10.521183	20.575875
	26.811043	8.050476	58.413798	-28.378501	-20.980546	7.184798	-40.473799	-6.413461	30.511683
	19.048321	16.318115	44.090309	-41.091281	32.232835	-11.967298	-15.029713	-17.834388	13.231985
	5.265421	21.419521	51.520716	-31.684113	26.033158	-12.001946	15.275884	-37.871307	42.326645
	12.380614	14.776019	75.954214	-53.356858	-9.434518	19.550792	-9.708343	-50.683479	87.987669
	5.949640	1.770448	51.993258	-40.752755	-28.059137	14.637458	-11.000986	-29.771322	42.195186
	-4.521507	11.245552	65.526650	-49.180778	-20.300386	-3.473914	16.493054	-50.815253	64.535159
	1.346114	10.972417	48.474865	-56.355545	-29.188577	-15.084457	19.027954	-33.659265	84.404186
	16.489463	-1.435893	84.865894	-53.004677	-21.311418	10.143513	-30.099063	-53.536955	23.368448
	17.596155	-12.269410	71.924350	-71.373913	31.234817	-7.139968	-30.384806	-38.645448	70.623750
	22.068284	-27.322741	80.775549	-76.627094	19.243512	10.130260	-6.338357	-95.125263	63.483629
	22.161191	-18.746885	93.971541	-77.685194	45.163111	4.773345	-4.407559	-94.363239	57.833871
	-9.174111	-18.635346	46.360891	-79.673105	13.415211	-11.317257	-4.684358	-89.050714	5.234553
	29.494570	7.686782	58.222709	-67.383537	25.590573	-6.457779	16.855593	-61.343160	28.152463
	-6.715101	13.598040	26.949762	-58.232619	7.392342	-1.767875	13.947785	-58.215565	-6.453062
	-1.540925	0.463934	85.806912	-63.665951	43.808809	10.006029	7.528566	-87.631118	27.910610
	12.247274	-15.842744	84.158442	-70.887539	11.081276	-3.957302	-0.743172	-101.613846	36.300523
	-15.486471	-10.717149	88.992235	-104.937195	27.533026	28.905283	-44.300568	-75.942686	84.654387
	-13.698622	-11.109272	37.214138	-84.724199	21.915318	21.875869	-22.049295	-76.259411	10.140036
	13.161216	-21.583599	29.194588	-55.069902	-6.149230	-5.875466	-17.071424	-64.555736	16.821059
	0.726940	-15.842976	-16.386668	-7.709535	5.046305	-15.879706	-8.815914	-43.591316	7.361558
	9.270650	0.958455	-32.829173	8.432277	4.282778	-13.937316	-2.916325	-4.582934	-31.365541
	-14.863397	3.084083	-56.984154	10.235830	-17.276229	0.137640	-1.075719	-7.704079	-14.906282
	-1.959516	12.587227	-33.542831	0.167768	-17.224133	7.998405	-8.707065	-4.098540	-43.603784
	-17.011562	3.365506	-9.367765	-26.583186	36.838380	-0.906911	-28.680770	-20.225421	29.719900
	-37.438906	-3.065807	-21.936587	-33.846199	6.319866	-2.437106	-29.247306	-36.263421	0.217435
	-61.681915	-18.683724	-23.886087	-27.891820	-5.251797	-29.358452	-43.752705	-68.675878	-18.319394
	-48.089967	-18.714642	-13.156257	-55.923631	-20.828053	-20.984755	-53.585591	-44.089859	-4.730989
	-37.271956	-21.776116	9.166855	-54.730255	-26.641196	-7.906888	-45.260805	-56.555120	7.552933
	-17.899364	-26.874967	-9.129877	-49.972804	-26.719103	-0.093348	-26.567534	-49.525053	40.906726
	34.848599	-46.093080	1.508762	-31.933217	-54.750217	35.398203	-35.072885	-53.288439	-0.158552
	33.359912	-48.972027	-12.015675	1.637377	-67.380517	24.373701	-22.439247	-48.026453	39.828120
	31.167047	-24.511285	-32.233419	12.989338	-38.500143	24.218491	-19.641464	11.084178	-26.190337
	11.687810	-0.280512	-17.636358	39.217645	-27.559359	-12.506802	-18.413571	11.503504	24.081339
	-3.064174	7.086639	-49.140789	-4.382184	-16.936021	6.745999	-19.460669	8.502717	-13.045166
	1.856536	25.978585	-38.054867	-11.555701	4.042973	6.837264	-12.871312	-11.006478	-19.293851
	-23.294648	23.526769	-35.768709	-20.725671	-13.191481	-3.014568	-34.780218	3.910056	-51.175658
	-9.311159	23.249731	-27.476084	-10.903101	-46.514991	-21.172270	-34.037468	50.566811	-53.797116
	-9.599516	-18.002053	-20.515080	4.556974	-83.661584	-7.226430	-11.631020	26.211136	-22.732346
	-0.513348	-14.209753	-38.532385	3.146744	-38.286321	-17.448868	9.014460	15.694447	-12.914932
	-2.787814	-21.061543	-32.585755	11.587854	-14.718845	-6.539855	7.760111	14.469915	-11.340966
	18.697956	-15.400885	47.961129	24.449647	12.675503	-6.821125	-4.335783	3.108642	9.025596
	32.369046	-7.257523	5.805853	24.696734	30.020589	-34.901502	13.296238	-13.421872	38.883425
	34.445248	-1.047154	43.235028	21.474079	29.868505	-35.985354	29.743443	-3.134205	25.649578
	39.126180	17.308665	36.361774	35.131279	42.332940	0.089305	51.275934	-9.987042	37.790247
	67.529165	-13.665823	81.850366	44.841345	50.450495	6.742487	42.382729	-36.826101	106.608299
	62.162585	-18.202005	58.208962	30.659044	41.223039	28.634038	53.903294	-36.998832	58.316655
	40.807582	3.618742	51.634317	-11.093294	57.220738	14.538579	31.439811	-68.954024	48.775802
	27.484264	7.715589	75.770444	-24.772282	74.536918	-2.713195	28.497154	-85.267436	61.415609
	12.881448	12.902682	64.224952	-16.005858	73.471128	-30.168967	42.050603	-89.985957	53.907011
	9.413362	7.567551	83.949797	-27.039245	57.704707	-5.445070	30.797484	-44.263249	77.200817
	-0.015125	-2.184907	9.987766	-1.929859	60.854566	-26.872120	18.350993	-25.698219	39.304265
	-14.106554	-3.962560	20.516362	8.452521	63.023738	-0.858420	9.254026	3.075363	71.815923
	9.404300	0.954099	34.062992	32.310574	43.667033	4.151059	2.663846	11.774764	50.995739
	1.905658	-7.016353	22.528919	39.701641	15.344378	-3.067732	-10.002572	27.725280	11.014939
	-5.473234	-2.500609	-3.152185	60.572883	30.718538	1.511566	6.067865	31.124187	37.248245
	4.593968	-0.142162	-3.657147	46.387765	7.364573	1.331506	10.528105	54.162008	-12.207248
	-7.101533	16.572389	-27.176126	27.924351	14.201714	-2.183887	21.162056	19.076732	-7.774288
	-8.196776	21.044172	-11.332346	29.121992	26.819191	9.536597	30.173312	43.472715	-39.305803
	7.927193	19.060046	-8.350547	10.976684	21.116244	3.359208	29.023833	22.344516	-11.135655
	8.673628	-7.242235	-1.654808	-0.416197	-9.184135	13.975118	24.802259	53.750293	-8.103009
	17.703687	-20.125275	-57.426718	32.877632	-20.381664	-10.338701	4.192420	44.897881	-6.447209
	19.342182	-18.514185	-47.459113	30.688024	11.723930	3.077020	38.511192	60.588310	-34.286449
	-18.838393	-15.966221	-62.410702	53.212461	20.253253	-11.863148	48.344547	28.151298	-58.402531
	4.130836	-9.377589	-63.575082	53.043637	-7.083857	15.615845	43.474165	46.593078	-72.025964
	22.134079	-42.874846	-33.443908	44.426563	-38.349296	16.673449	40.502881	9.486439	-33.411017
	13.948126	-42.186395	-36.539360	12.677314	-18.250523	31.212700	9.341848	4.070164	-39.200489
	22.426847	-42.017006	-25.880641	20.243641	-32.906988	36.594763	9.982456	-2.330662	-17.649668
	24.456409	-36.506194	-29.775738	8.211694	-15.526298	8.394580	13.198095	11.279887	-62.116483
	17.975662	-16.280580	-76.997247	19.939664	-38.270270	1.624805	3.798903	19.559955	-53.541090
	7.917286	-6.874083	-93.217608	30.353601	-29.382916	1.988510	-1.471743	30.424976	-41.140568
	2.633017	-20.838601	-60.389272	5.168047	-69.270142	2.410122	-24.383150	40.710809	-84.979967
	6.803670	-48.618036	-43.679694	-9.489812	-63.219919	43.678181	-47.195703	18.355513	-38.583285
	15.425389	-54.389238	-23.591689	-48.732872	-39.165163	36.941119	-44.801851	-15.127227	-10.365203
	32.286637	-46.493853	-42.786619	-17.640905	2.455662	5.147744	-29.798427	-23.228784	-26.458622
	-7.031936	-9.749330	-77.375214	-8.097603	9.125952	6.094764	-29.054763	6.984936	-34.870898
	-10.674473	-9.350632	-29.894905	-2.276577	-1.066966	33.478250	-17.485438	12.109773	-26.387291
	3.805285	-0.770224	-61.677769	2.773223	-17.166468	44.770948	1.269396	6.908408	38.631946
	13.272858	0.724030	-74.298982	13.194378	-6.115592	17.620864	8.257244	7.879757	27.144470
	1.517578	-13.554887	-39.562502	16.308071	11.010116	23.032948	14.545841	12.141963	20.500055
	-5.122718	-14.218873	-59.741917	-8.766862	-2.947480	14.424868	12.110577	-4.627834	0.937089
	-13.477716	-31.618007	-57.986746	-46.548821	-14.216752	4.724693	-20.177466	-26.790010	7.846539
	-1.163074	-37.997395	-24.132142	-55.201019	43.906171	-0.515805	3.255896	-88.239779	-1.686898
	34.502171	-37.616985	-1.318002	-40.432582	60.572581	33.135300	-15.369355	-72.369246	-15.553094
	15.815502	-14.924106	-18.518998	-25.557158	20.545343	23.624743	-18.306182	-61.206250	-8.501651
	27.269588	-2.322289	-2.694184	-8.269836	44.163098	21.300210	-20.652396	-23.072230	-1.703402
	17.300047	-16.969690	-19.438730	-17.441917	22.921596	19.027043	-13.270501	-6.351290	-80.936821
	19.144227	-44.002715	1.940052	-21.616550	-2.473227	3.264479	-21.899079	-54.687016	-40.946554
	-2.212616	-47.320327	30.868682	-41.608284	26.162414	14.844544	-12.665616	-28.909142	36.525849
	-2.269845	-40.396124	-15.585967	-16.390195	25.980952	0.599587	-20.427668	-4.861813	1.273370
	-7.491230	-18.358237	-24.184080	-1.518055	-0.491575	-16.857917	-0.764922	-3.939867	-20.359227
	14.398434	2.493582	-9.023793	24.351553	22.368253	1.976105	17.560809	14.141997	29.820456
	4.744801	29.597370	-42.474835	66.195213	26.900037	-21.285307	54.800721	57.600604	0.071403
	-20.564189	36.343288	-44.477392	80.496153	10.127399	-27.512486	42.630596	49.444746	5.242085
	-0.752086	37.143090	-46.153752	75.110627	1.130042	9.238700	42.723216	60.672684	23.688222
	6.175843	25.864216	-28.060661	52.513826	-8.207577	-10.275779	35.994664	36.050896	-41.052697
	-17.439707	31.475229	-44.962990	2.581665	-21.046123	-25.110264	1.943101	71.667512	-31.722292
	-35.773729	43.849657	-40.143917	-29.528537	-12.136740	-2.959796	-10.973310	23.079046	-20.520283
	-9.329637	53.690249	-24.480996	-57.734863	-0.944365	-12.791107	-8.825671	64.738887	-0.595592
	-32.362607	50.994127	31.553434	-49.352526	-12.232506	-21.462027	-8.952592	64.425370	21.388851
	-20.387021	43.054637	50.406448	-53.929777	-9.953342	4.874028	-16.842019	28.685278	36.392044
	-18.925456	53.579738	82.974810	-34.854010	3.155471	9.769153	-21.079368	22.398014	16.935352
	-7.195677	49.622187	127.506415	-48.472190	37.309641	7.280075	-5.522644	7.029216	35.984394
	-13.263525	51.936173	89.684269	-52.524584	67.372291	-3.172691	-7.564825	17.388417	42.772261
	13.594245	50.846679	122.904906	-48.066139	92.288737	4.900097	22.431432	-11.312712	108.784632
	20.574934	26.289887	143.484856	-42.151167	110.647767	-16.248127	29.016291	-31.211838	142.537143
	23.117130	-1.512230	126.639394	-37.581904	59.031665	0.768230	18.306007	-18.051130	78.953353
	38.965231	-18.705468	126.875948	-3.914267	63.654779	3.573647	18.631482	-31.429326	84.628667
	56.903132	-34.464734	64.475949	13.419686	30.835496	-10.488639	22.930428	-28.113503	44.182986
	60.075022	-31.968510	63.952853	17.484439	-0.965509	12.600074	25.207637	-42.622910	52.606444
	48.604422	-13.717099	37.351905	29.009940	-13.337229	-2.096839	9.268719	-14.317658	-3.297324
	29.750344	12.794001	25.349223	1.879907	12.320466	-17.588524	-41.221850	7.533805	27.420324
	16.948120	5.703719	33.401000	3.412003	-15.867517	-7.731188	-40.424397	-2.251551	7.686932
	-3.950149	-3.220406	29.735303	-2.296793	-38.551744	7.750434	-39.615495	0.440051	44.474302
	-22.076603	20.906940	33.466464	-2.497616	-39.085707	12.358937	-35.471769	11.296943	-2.556671
	-15.720534	38.540981	49.813408	-18.191235	-45.377705	6.382474	-25.374958	0.727882	8.880088
	-43.090697	23.236132	69.480845	-22.315528	-39.131010	32.719549	-32.429551	41.175483	16.698156
	-45.973238	7.724624	59.324465	-54.747034	-15.570471	-1.230301	-61.301194	54.833401	28.432391
	-56.442757	17.163305	57.998707	-60.589156	-30.706393	-7.336494	-49.483051	35.578297	-30.773904
	-30.295171	31.209645	-9.446255	-54.338534	-20.077268	-9.403529	-40.071401	8.234283	0.873551
	-85.701657	19.427106	-8.419896	-44.774021	-25.402747	-14.589293	-59.094183	46.055918	-97.103983
	-67.728266	27.908409	-29.643467	-38.996028	-46.147493	-8.562107	-41.799113	42.395791	-86.512567
	-82.406865	28.543973	-42.095918	-40.533418	-80.161507	-10.541281	-77.043127	50.521536	-101.882921
	-79.449802	11.246459	-17.607831	-61.705426	-81.277946	-19.417689	-81.337346	59.293056	-61.163419
	-74.597043	24.939189	-34.589895	-91.763297	-38.913021	-23.296172	-85.257510	34.932361	-46.580672
	-71.567976	38.584539	-14.490510	-66.304243	-30.346639	-35.213945	-44.121789	28.946420	-27.134905
	-81.139086	50.765174	-44.880560	-61.614422	-30.447574	-16.697909	-49.594395	26.067952	-12.243032
	-54.308175	29.410980	-69.731057	-15.474205	-74.008464	-34.017641	-34.485223	56.389483	-52.015258
	-57.267870	32.238562	-89.848554	14.425927	-87.702504	-33.196868	-17.891393	91.037759	-80.285975
	-56.527451	42.778455	-100.952410	45.976775	-99.816338	-33.474363	-15.262583	110.024719	-61.512685
	-16.829365	40.558784	-92.726768	84.568213	-57.960508	-37.729180	3.076324	95.384290	-98.201542
	-30.035062	35.915622	-95.579833	78.483539	-51.200910	-36.966165	4.605555	89.849314	-36.947716
	-15.142205	31.251889	-86.388802	51.060981	-25.187154	-27.752624	29.264288	47.244458	-16.353920
	-31.977483	32.212318	-117.627002	18.804184	-49.719719	-25.171529	5.771358	15.063699	-101.517477
	-26.435176	23.638918	-80.894249	20.852116	-30.384539	-45.122078	2.103836	-5.915469	-54.146847
	-6.814061	7.773093	-74.665669	16.359934	-20.524542	-22.253024	21.941698	-25.120421	-44.029707
	-20.613703	-4.462953	-51.780524	16.260733	-50.877199	6.812918	22.075118	5.778105	-52.799220
	-11.253585	-11.515538	-61.299468	30.467185	-41.997736	15.765686	9.487944	26.576292	-40.599029
	-5.536696	-10.433247	-83.585660	36.259964	-33.400276	38.053949	6.814819	29.808385	-55.137327
	-19.480869	7.784580	-69.278704	22.380819	-23.564074	7.609620	0.098403	29.664143	-42.897903
	-14.928998	-17.721876	-23.257437	-0.748679	-39.972787	19.758632	-26.998667	27.704229	-17.174528
	10.632090	-43.024494	2.612513	0.424984	-31.702928	7.934220	-10.701523	9.674310	1.539327
	19.048017	-50.900625	21.934657	-12.980295	-6.787335	-17.490691	7.997410	-27.544213	9.036695
	27.876749	-50.400244	35.687217	-2.118673	32.771121	1.429176	19.190076	-49.518170	49.865845
	20.890697	-48.993608	83.671573	-29.565196	18.584558	6.126654	7.550407	-66.369705	45.777376
	58.898534	-42.755969	139.723646	-21.107760	60.110004	45.583195	25.376294	-112.116831	112.864868
	83.673802	-13.010239	112.891360	24.844479	103.075247	53.583840	67.381097	-95.543469	114.575173
	19.536560	8.328517	112.018003	-18.378307	98.598749	20.892637	31.399877	-82.905826	115.142742
	48.957507	-13.045590	163.462108	26.887616	101.466126	57.297006	39.771169	-79.149368	135.797465
	22.605027	18.386407	106.367986	32.437002	56.466345	55.992710	30.029603	-47.817028	83.707797
	50.955204	5.677855	129.774348	4.370263	38.934837	32.137674	26.709857	-16.287440	109.440573
	37.793659	13.447048	56.738990	31.983584	50.308636	-14.613655	37.508695	-14.877948	56.897561
	-7.367144	-39.846012	-50.922442	-5.850788	-44.163465	-34.523819	-26.614357	2.997741	-32.191517
	14.390166	-49.131189	41.417362	-10.352501	-27.482951	16.691036	-16.732024	-47.668000	44.012316
	3.478468	18.056942	10.824851	9.381380	5.961846	18.495681	12.614210	8.330689	2.123865
	-1.731063	2.112067	-2.323706	-0.766675	2.688059	-3.286957	-0.392221	2.202092	-2.078247
	-25.181315	-28.427701	-46.029434	-59.009150	-53.982155	-10.756419	-35.436033	-4.935435	-37.518245
	-11.100852	-65.603477	41.232527	-81.808446	-31.848952	18.370432	-35.013492	-86.111035	82.951004
	9.439430	-36.327954	59.781123	-34.034644	9.879309	26.571570	-1.566870	-71.921547	58.360379
	22.836207	-9.392073	31.195460	-30.667545	44.212709	42.558067	29.284803	-50.409627	76.585564
	19.342163	1.716456	73.020723	8.279957	39.805068	33.510575	30.524702	-45.004094	93.663859
	7.689366	4.180796	12.126529	21.310593	18.713082	17.027534	-2.472741	11.954092	3.206010
	30.432926	5.823627	38.455973	-15.269890	35.172072	30.624381	38.972694	-94.517662	25.090027
	17.978858	13.515345	38.090536	-1.754270	9.911623	10.797603	45.386109	-26.943970	33.107979
	47.335534	-32.623753	17.478593	-0.152782	24.120011	19.636378	20.530558	-50.611764	14.225157
	18.453587	-22.923731	18.812785	-9.482908	18.930159	20.888734	2.317794	-36.886455	6.840983
	16.375860	-20.167388	38.194060	15.232145	23.402131	16.574675	0.084097	-52.099991	34.861477
	44.764159	-22.684480	3.583213	43.823206	34.207335	-9.711685	25.705981	-48.498681	-1.698033
	13.663219	-37.317083	-19.183150	35.393156	-26.913247	-22.260989	5.144570	-26.072688	3.180073
	21.017652	-32.076015	-57.148022	8.313834	-20.174364	-38.739774	15.786534	-39.482805	-40.625167
	-12.839263	-36.635507	-43.438290	-13.431759	-42.239754	-3.707671	-12.842796	-43.456028	-65.446013
	-14.749567	-14.624069	-2.920125	-10.131218	-40.269546	-9.547756	-9.296174	-67.003346	-6.776167
	-11.764448	-18.238883	18.713547	-41.612576	34.935243	-1.997381	-19.981057	-69.437245	6.450280
	-16.751040	-19.973651	15.661729	-28.374995	38.208141	12.217386	-15.221290	-80.486700	25.481307
	-12.896282	-21.448128	35.638429	-38.257349	22.794092	8.557400	-17.985153	-54.353721	-11.145302
	5.628647	-18.710770	52.006171	-22.803938	46.711809	28.509116	2.455916	-47.177455	23.619653
	22.184550	-7.815334	58.535301	1.454950	69.950789	27.268213	5.776717	-59.594618	59.220516
	28.125332	-14.166741	26.204455	1.783347	53.580818	29.199339	15.613126	-39.665285	35.009064
	-9.745054	8.533249	-15.139198	-2.354786	21.923568	10.194285	-11.433576	-4.090728	7.039421
	-11.984994	-5.243026	-7.035849	-28.357412	-11.561596	4.792288	6.267207	-8.161398	-15.098216
	-7.019538	-16.510502	-0.076817	-33.578327	-30.373308	6.147360	16.900591	-48.223863	-1.180871
	-17.141940	-21.027794	58.019578	-47.663568	-14.980205	10.481657	-15.020625	-27.968460	-11.704395
	15.494208	-26.113460	54.177375	-44.072585	20.961341	15.221109	-7.270752	-33.129126	52.145536
	23.853499	-27.001951	73.988961	-11.068299	31.405910	11.094916	0.735287	-45.662900	68.467688
	18.233686	-23.192818	71.363348	-21.465573	25.816369	11.295415	-21.985970	-46.764082	11.168383
	18.999293	4.523219	80.955130	0.549131	49.386178	28.616372	11.630744	-38.810123	62.462691
	25.027390	12.029439	69.949744	24.822536	56.656216	38.636669	-3.057793	-11.761876	31.978301
	6.588712	37.743913	-8.350381	20.936629	7.503120	34.382744	7.382600	25.472763	14.464070
	-1.745314	53.288678	-27.348932	19.059832	9.191426	33.771495	-2.984973	47.541845	0.393140
	-39.215705	72.886060	-54.105971	37.767673	-11.308479	4.215006	-23.584121	63.541619	-25.092486
	-28.585453	75.506074	-26.022794	9.208605	-17.764382	-1.460164	-2.973104	73.679231	-16.553102
	2.366746	81.736309	6.407625	3.202932	-1.071548	6.605030	22.923414	73.921693	30.461108
	-24.336643	79.484290	16.235518	-24.218695	27.392990	-34.070173	22.201142	25.981420	22.490327
	-17.434819	15.741307	30.238584	-31.181609	-29.772147	21.240413	-17.262172	33.731986	51.329896
	-19.628339	7.977111	5.305862	-56.216219	-59.677179	11.796433	-16.412294	16.481167	-13.532875
	-11.539311	-4.734766	68.235066	-39.569251	20.874558	24.475794	-7.006097	3.530570	17.557910
	5.107329	-14.610572	57.334754	-53.631535	-15.486732	8.960910	-30.484153	-16.279337	24.057575
	-11.978835	-17.099577	25.067918	-55.672463	-27.708253	-6.545785	-44.323040	-6.777900	17.468625
	-6.119333	30.371237	-8.484158	-17.097592	-0.885228	-25.179653	-24.167003	31.051756	-8.418379
	-6.651977	37.753521	-38.517840	8.333602	23.749302	-25.352915	-28.422361	54.633344	15.310967
	-23.346633	26.226630	-77.085312	10.772517	15.902880	-21.796739	-2.294062	17.511618	-68.046621
	-16.279935	19.010934	-96.298402	16.286043	23.738844	-31.424706	-6.339595	32.048493	-46.507691
	20.743913	6.060438	-50.479238	24.516845	5.853575	-24.694873	29.136442	30.742428	-30.927088
	-12.598617	-10.249576	-18.597306	6.055864	27.378584	-6.538498	-9.624316	5.226814	-57.905174
	6.460112	-19.434702	-4.070402	0.616763	14.101778	4.453010	-1.626578	-15.279065	-35.583783
	-16.976415	-23.742643	-45.122993	17.465054	-12.727279	-1.379730	-12.450145	-2.054809	-37.897760
	4.738119	-14.960584	-59.590248	41.225949	-21.292358	-22.090757	8.551517	13.716380	-83.697016
	9.436840	-3.898579	-99.832602	50.390926	5.147660	-26.119310	25.348689	14.455901	-76.750689
	26.841906	-5.854349	-72.123663	53.922429	-8.827360	19.038411	24.339719	35.741604	-77.055482
	11.145286	-30.201272	-74.395825	45.798246	-58.317018	5.635462	27.601928	20.390597	-76.934941
	31.049143	-46.881675	-55.565553	20.567082	-65.734670	6.763102	18.195228	6.168169	-36.722175
	37.813792	-58.822758	-64.116925	10.187854	-58.044641	39.054280	-31.385496	11.519193	-69.072842
	5.293779	-67.077405	-24.959648	-20.274286	-36.097378	14.336185	-42.976772	-61.115232	-41.626492
	-9.626603	-59.080288	-24.929300	-55.762351	-24.932925	11.148576	-44.248252	-35.906289	-10.861656
	-6.121342	-50.803552	-2.948032	-41.129070	-20.064283	0.935820	-27.823784	-35.937112	56.714604
	-21.284970	-30.799573	-33.946338	-18.084058	-59.513026	27.076296	-22.323563	16.902291	-38.983757
	-23.315912	26.762018	-47.784533	5.873928	-47.961123	20.169652	25.101054	32.023788	-17.209667
	-42.868008	45.163121	-59.263384	6.218723	-44.458593	19.404245	12.579490	37.304727	-51.885390
	-36.307606	32.926670	-46.891168	8.637811	-46.553600	23.182250	-10.974396	76.599888	-41.276506
	-12.844876	33.604408	-72.237959	26.470728	-75.253358	36.274778	-15.043420	93.668686	-46.632599
	-1.473668	25.356409	-49.773363	27.135567	-57.465833	35.496770	-4.026676	69.995271	-25.319772
	7.331445	45.373466	-46.117504	33.620895	-33.922525	18.848203	23.518348	64.340682	-11.210383
	15.643400	54.630632	-35.752315	26.494665	2.554425	5.899891	19.752601	60.716304	-29.156889
	28.880928	33.011585	-69.650779	21.512252	-24.113723	-14.771300	31.504958	46.240299	-39.325708
	11.845009	35.242686	5.409024	23.005866	0.511469	-33.720285	26.676764	23.451298	-36.131537
	31.855241	32.419682	16.407172	45.318929	73.806101	-32.790973	50.675235	34.660310	36.484582
	-5.517312	20.958304	-1.136698	56.414578	60.488810	-30.216296	42.319032	27.286487	49.286682
	13.894106	5.741420	-8.902977	34.403437	44.207458	-32.651424	42.130745	4.209779	13.877293
	-18.571907	1.229310	41.841530	33.953704	20.468075	-21.576003	28.640866	4.044436	45.620028
	-18.629140	5.019741	66.870717	15.668514	12.001596	-11.017823	23.072760	10.227510	58.052643
	-16.701002	-14.776904	40.867299	-4.188417	14.809929	-7.124450	3.265464	7.150651	30.800364
	-15.455420	-9.348777	15.139836	0.437765	-4.327826	-17.571845	-2.003635	10.938543	8.404424
	-13.101592	3.524686	-15.489073	29.705002	39.506183	-53.974272	4.829507	8.703908	10.372194
	14.017170	6.919239	-15.125371	44.030922	34.938171	-49.395355	33.437988	20.166716	5.762713
	12.500484	2.445075	-25.211547	36.134357	43.603786	-37.820910	14.527408	17.294214	-33.934146
	10.082928	-12.723861	-28.219109	36.708693	24.419588	-36.817965	1.750807	5.752120	-30.410339
	-0.503444	-14.736133	6.502072	27.898242	18.973139	-39.666518	7.621788	8.629153	7.375941
	-0.499341	17.122523	2.489070	24.193302	11.298334	-57.117261	17.931635	8.369912	-28.183658
	-6.889702	17.473779	-4.436146	38.055191	-20.929222	-17.023242	-8.835746	51.919535	-36.404171
	-10.873811	16.928996	57.678064	3.532343	-8.851471	-35.583518	-20.216967	-13.174329	3.063244
	-26.240048	37.748356	37.378255	10.862162	-4.383923	-29.545074	-25.983699	19.955874	-49.583642
	-38.141474	36.997522	26.177616	1.575527	-20.456486	-5.733010	-10.925388	-6.781376	-20.241205
	-32.037009	11.662440	46.628535	-5.896877	-9.694582	-4.977965	-20.090430	6.624738	29.573638
	-3.648234	7.594855	32.709891	-30.257520	-20.184695	-13.265255	-21.052617	12.302151	32.989215
	24.749429	-2.764377	52.510433	-15.395579	-10.346596	-3.549445	6.066578	6.477422	88.367491
	7.945965	-44.390302	32.107987	-35.124197	-18.770937	5.649649	-26.377477	-6.230364	59.943125
	25.902211	-44.647791	13.315064	-38.799303	-6.442904	-3.203882	-23.950011	-19.870139	31.722445
