	8.199165	8.588227	-4.358723	30.326520	40.220272	-55.912826	11.229897	1.014818	42.818237
	23.744910	-1.379484	-11.891326	8.790423	28.908748	-1.492927	13.339787	-40.337453	9.577935
	5.558065	-4.010192	-22.076538	-19.862245	27.943926	2.753439	-7.032082	-4.581219	8.446262
	13.432098	7.025367	12.291476	11.314682	43.473155	27.872202	18.825876	-6.192444	36.379913
	-4.257962	12.453804	14.702790	5.803453	41.757775	-25.134961	10.690937	10.899525	42.261064
	0.313141	-21.878789	-17.289294	5.499466	41.136408	4.007683	14.640639	-22.309127	11.659330
	32.041136	-1.603946	-16.235817	24.752212	26.311204	-2.483922	12.949967	-6.503486	18.351091
	13.219826	5.791725	-11.727042	40.260515	-12.902525	25.449172	-2.899686	24.518078	-15.709173
	23.473056	-13.695522	8.500868	-13.693386	26.183989	64.425210	25.093548	15.451519	25.002904
	31.291840	-33.227340	-5.760770	-11.779082	26.902010	32.741925	0.349803	5.365139	26.953421
	32.301705	-31.991295	-33.152039	-26.267307	14.696994	15.539080	5.403199	-18.189832	7.873790
	9.301262	-40.383213	-31.809471	-5.429518	0.309593	-8.345774	9.240699	-19.121475	11.259120
	47.792094	-63.762264	-9.961205	-12.112890	3.742601	87.793103	-2.390084	4.855071	43.838609
	47.597805	-38.183737	-16.826976	-21.128408	33.180017	51.091217	19.917226	-32.917093	31.763089
	53.538642	-24.913610	8.427973	-10.174450	27.273964	44.351030	24.026835	1.236634	34.227872
	69.597444	-2.867947	19.150994	-14.761614	29.692104	66.955712	20.665062	-21.006325	18.663024
	16.972069	-13.958954	-11.552436	5.642420	7.259579	60.732736	-6.176177	-22.027355	10.916307
	47.358450	-20.832338	-21.239400	-2.337548	5.747181	79.785089	14.883087	-11.353309	11.047270
	64.887106	-24.625290	-2.060762	27.558797	36.794057	62.748175	40.602550	-10.901791	35.084675
	69.169973	-4.709818	55.524197	23.755974	66.180058	81.217560	39.075683	-6.751484	59.889626
	56.054885	-16.820307	23.775587	28.526696	37.187764	67.171835	17.933813	12.015186	45.783861
	27.171101	-29.929367	14.355627	13.518564	30.572434	21.658566	15.784142	-2.084529	59.521405
	15.837836	5.064082	3.507653	12.984762	11.877711	-19.863509	-25.930901	21.761189	19.896616
	5.684521	-0.435633	18.321780	22.296227	-24.682505	-28.217595	0.737193	9.276242	-5.558564
	-9.316766	51.096298	14.531312	36.882534	-52.474013	-44.242787	-15.490718	46.402510	-25.704267
	-33.587281	46.326145	22.613712	-0.618862	-87.572224	-16.304559	-50.719654	32.903617	-63.807550
	-92.727511	57.090469	22.687883	-5.135159	-97.893208	-30.927565	-68.596623	2.060770	-45.940592
	-58.156031	76.136906	42.977810	1.824859	-64.128220	-6.387205	-33.663766	49.871632	-18.250078
	-73.412171	50.040034	19.332620	1.335724	-59.903736	-15.275762	-35.519780	18.104844	-27.628047
	-65.485162	38.431008	11.113224	-19.076193	-70.229024	-7.549754	-67.790228	14.860984	-29.661550
	-53.421074	31.660736	8.559058	-32.024163	-26.641290	25.775676	-53.920467	26.832896	-11.685769
	-18.508504	35.865842	-11.857903	-8.042244	-55.857722	2.867496	-51.083896	19.513862	-36.630900
	-43.596004	45.377360	8.707100	-0.284567	-44.726317	-17.588559	-21.917129	-4.760642	-52.303576
	-69.848799	38.555000	7.538668	0.485166	-58.544457	-21.122144	-38.464236	11.193150	-55.536164
	-59.962520	49.383591	12.576271	-4.230176	-66.163913	-32.841779	-16.994806	-12.099399	-44.565555
	-102.375941	56.182156	23.701225	-1.551421	-86.572148	-20.243553	-48.864667	3.169499	-101.243769
	-83.755190	49.114611	2.584356	-26.481575	-94.110377	-30.967184	-48.521958	7.428834	-69.040395
	-86.517471	58.460797	17.476617	-14.388561	-85.616461	-8.512585	-38.529172	0.985341	-41.038620
	-74.147263	33.692286	37.456457	-2.340442	-61.396050	-21.643578	-59.925905	12.474177	-20.536284
	-35.806772	29.337299	17.971307	-7.099592	-60.444813	-43.435536	-35.096959	4.210331	-31.584997
	-43.965262	26.190302	39.915677	-4.217639	-33.924022	-29.234587	-15.117115	-0.617760	-12.686306
	-53.036828	32.486468	22.680689	2.646375	-37.097992	-52.889911	-15.189959	2.238859	-9.503345
	-62.648314	32.212726	29.043976	-18.557832	-65.322491	-52.177053	-44.801311	-2.268356	-38.143504
	-61.830631	44.452795	21.508588	-53.314493	-56.469586	-37.774991	-43.294916	-14.836803	-36.970412
	-76.235594	38.379635	2.159927	-51.587328	-71.146684	-41.083114	-69.425117	-9.986938	-48.410216
	-76.701673	24.966992	-23.813786	-20.405870	-65.335184	-21.279463	-58.572547	34.121856	-31.713804
	-76.628241	34.830628	-36.324189	-25.526851	-60.828462	-34.701424	-60.824725	19.299338	-61.101543
	-58.800956	31.588312	-26.923246	-6.448172	-45.796310	-51.535105	-51.692274	40.888086	-84.940195
	-47.153004	25.654952	-9.848502	1.251748	-50.870893	-45.036111	-65.301812	69.152687	-45.688494
	-35.367404	10.908120	4.038908	-8.503695	-40.292533	-26.710290	-54.560955	41.938403	-22.273282
	-59.435432	16.177193	-0.841132	13.506085	-27.279458	-26.996668	-26.751915	59.301733	10.949857
	-1.259938	8.136545	-1.351351	24.536613	-6.161534	-62.595225	-21.085720	48.566261	7.596712
	-6.230471	-12.355386	14.949283	0.740180	2.585251	-30.663721	3.370107	15.492612	29.329071
	6.118250	-1.131487	-31.626703	11.584526	18.676067	-35.994174	37.039265	39.528310	38.788876
	-20.664614	-15.068140	-20.846865	11.126372	23.890563	-57.088674	34.145150	-17.472953	-9.813836
	3.213390	-5.496592	-30.012463	16.484910	41.037300	-42.694349	40.648571	18.856752	10.879171
	-11.602656	-11.482673	-42.762479	17.158666	17.875349	-37.188656	38.324872	17.973159	-29.226807
	-31.237913	-6.488496	-18.775173	16.283886	36.846635	-44.225755	52.505048	12.489199	-32.759204
	-20.096933	-5.913037	-44.230101	18.890776	47.474857	-41.289919	65.372884	21.274197	-31.547358
	-20.947554	-2.875977	-52.640552	15.689630	40.931576	-50.044842	11.515964	-10.582030	-2.476634
	-34.602797	-46.846560	-39.976025	-25.049897	11.679672	-23.484341	8.376758	-16.417505	-31.138977
	10.921085	-28.069391	-23.452699	-29.591445	33.898350	-30.283620	35.200819	0.762614	-18.362608
	24.831154	-25.557377	-20.843104	13.164240	49.382730	-37.440304	26.777709	-14.869121	26.821794
	13.183059	-36.977652	-38.154334	-31.019572	40.983629	-4.695930	24.948738	-37.372793	-35.843045
	7.954268	-21.041930	-11.716873	-26.446790	17.271862	10.677672	27.990949	-36.756422	-19.389541
	-0.896715	-45.017774	28.255799	-24.400087	-5.056577	4.841711	-20.512121	-23.796992	39.457213
	17.470424	-39.558851	-8.636690	-30.410424	6.497643	14.843914	-6.787942	-11.709419	28.308970
	9.012455	-34.333769	-26.596804	-10.891605	3.274111	28.172871	-32.471025	-18.770071	13.174545
	-8.377962	-41.546142	-17.696577	-24.984498	-16.333097	18.941240	2.521450	-22.146036	2.691567
	-2.467034	-24.619470	-21.948782	7.523539	-17.919834	11.681277	-8.606425	-1.450744	-37.312524
	0.983048	-14.799086	-37.361513	-26.442163	-28.362169	5.711369	-3.636449	6.695426	-48.405294
	-1.750347	-10.544906	-13.047050	2.674265	-21.231186	3.944076	13.424873	-8.625985	-15.346491
	-12.012759	1.370117	-35.724735	13.944162	-17.432519	17.356255	20.322008	30.521211	-43.285367
	-2.403419	-2.131501	-17.016142	-17.567929	-42.812281	8.277466	10.755776	-0.048273	-50.286256
	17.990332	13.268766	-25.995309	-19.285658	7.436874	15.097045	14.239962	7.305982	-13.311784
	-0.560442	-9.937960	-14.720932	-26.824689	5.524266	12.483832	8.805559	8.702612	-12.620853
	12.970526	-0.636349	-13.782138	11.210775	7.252549	11.117621	-15.261991	-9.152428	-45.013741
	-7.359061	14.064806	-15.704254	-9.761724	-0.894948	2.097464	17.426265	-40.804209	-27.567796
	-35.584636	28.085939	17.160426	-51.504956	20.899389	21.074746	-6.036890	-65.583359	-20.878181
	-17.769487	16.247819	35.179111	-8.900394	23.337757	2.996082	3.361822	-54.492299	16.663228
	-11.171631	-22.014945	30.024649	-21.961487	7.973666	-1.270152	-22.789815	-25.885924	33.707090
	-15.740229	-38.200956	42.720210	-45.644511	11.531944	4.555470	-19.785971	-43.821490	61.164601
	-7.228288	-26.208536	41.456438	-11.771211	24.113654	18.840917	-2.788003	-13.458227	68.571242
	15.707185	-48.998051	34.846627	-22.575236	17.856942	12.203251	21.329704	-10.050822	50.564504
	13.684192	-21.562986	47.580395	-31.734660	21.963234	-5.972104	25.238222	2.750687	68.260136
	24.113097	-37.502178	9.502752	5.025190	-13.545867	12.744500	-30.151019	-15.750084	39.649553
	41.473706	-28.174046	40.316515	37.180351	-14.002494	31.459467	4.603831	-23.274495	15.995983
	40.757488	-22.272281	10.848306	19.702631	7.101748	32.881525	22.187463	18.089263	5.250513
	27.302130	-12.133838	-5.415167	23.529976	5.003847	21.741603	-2.572362	-25.873848	-28.762701
	36.432205	-12.154670	10.554723	5.556387	-10.262287	9.735831	-8.457675	-36.815672	-10.061393
	35.469480	3.686117	3.317438	6.553850	9.950241	11.901683	15.323293	-24.666411	8.354966
	3.358704	0.519526	4.421274	18.323689	-7.794742	9.759666	11.943079	-30.702055	-0.068315
	7.848310	3.337537	-23.475105	4.016247	13.216963	10.764752	10.058260	-21.232401	-13.151922
	-7.482583	13.856268	-39.389123	-2.492212	-18.728288	-0.709491	6.052547	-22.390806	-25.302030
	1.111267	9.609427	-28.475541	11.760435	0.568204	25.459247	-4.077654	-27.164862	-24.075306
	-2.783125	-13.648623	-25.409639	-12.931336	-25.217284	27.134685	-8.133145	-19.704243	-7.188091
	-10.321543	3.849851	-29.921715	10.240076	-2.728374	29.385826	10.007200	-48.528669	-52.834655
	0.738826	-22.106963	-12.298322	18.904946	-15.091598	29.603983	4.405177	-20.132732	-42.966131
	39.924118	-4.225357	-9.697498	18.716889	32.066367	26.683087	13.876587	21.686771	0.834331
	13.217556	-8.124108	20.928288	29.039443	19.287973	33.735040	43.076077	9.426257	-2.024734
	18.965214	1.645636	7.988573	10.439839	6.824427	5.645862	23.447083	-18.805954	-4.650364
	40.098504	-12.157106	11.923026	-8.829888	19.406407	2.335858	30.060669	15.865890	-11.313294
	36.790323	5.221029	10.350314	23.918893	22.773072	-11.467389	34.482764	9.915290	37.469927
	39.445539	-12.611477	12.349372	22.573618	31.431036	-32.680255	41.555074	16.449948	26.640979
	26.487178	-3.870641	10.354755	16.828818	22.305073	-14.895617	8.520742	9.623527	33.117884
	52.963102	-1.946269	14.562173	29.399894	40.504065	4.440691	26.492749	-4.699069	-4.301985
	15.524260	-7.633481	2.929042	23.012397	-8.170124	15.380081	16.095614	-5.043374	-3.146859
	29.819012	2.444513	10.234106	-23.483821	3.069013	30.186036	-18.521154	-21.784783	10.860790
	-20.038089	-25.606038	-12.099345	-36.110355	-25.416090	38.071235	-24.643759	-30.564652	-13.358932
	-18.644301	8.491937	3.700292	-24.375771	-19.680563	22.171938	-21.177347	-35.396511	-9.317689
	0.858504	-9.212107	-12.818862	-9.212433	-47.342235	35.023907	-19.407402	-5.352767	-35.785941
	-24.268262	30.256276	-14.580883	2.559767	-4.195130	17.023109	-16.919313	-7.437910	-58.689291
	-0.470023	16.028887	-38.688131	-3.309314	-5.836268	-16.630846	-14.107989	-13.047238	-34.011256
	32.330794	32.747472	1.120671	26.733000	-3.175378	-23.057864	-11.184396	-6.897586	-24.874963
	31.686538	17.017180	10.776591	-3.088283	4.937691	-1.407061	6.642030	13.114731	2.362188
	25.269663	16.324762	6.109108	7.347211	-29.002341	-25.830021	9.881997	-10.912583	-19.251566
	12.911138	27.068991	40.542487	7.431163	-15.405658	1.215855	-1.195969	0.921564	5.851504
	23.655542	17.755469	22.918272	2.126353	2.235670	-9.010036	-19.047338	-24.780266	3.153676
	55.888143	15.573972	23.349160	-18.219929	4.121828	-4.001314	18.416147	31.622562	4.607335
	39.050116	15.369404	14.105973	19.893490	16.851655	-19.074820	20.572552	25.722925	23.307619
	47.792476	9.348389	23.606701	43.071249	30.016006	5.315716	22.902903	22.434602	26.674614
	58.525894	-8.617527	18.629681	36.988942	35.749068	15.005967	16.360514	21.111631	57.303946
	63.485937	-2.551375	17.542412	35.817450	74.758482	-14.274519	47.160235	40.057452	76.804834
	63.697739	-8.299197	33.518630	49.000341	104.327776	-22.755300	63.202436	18.114326	49.521810
	63.112854	-17.710081	9.237818	50.949576	71.633339	-32.146935	61.539409	11.274198	71.440953
	81.245197	-17.233948	8.257729	52.319977	73.034775	-24.636864	59.032366	-0.096239	65.523680
	85.451494	-18.604852	22.053003	37.066259	65.085106	-27.084028	68.516142	11.830472	59.073536
	73.102356	0.252895	-4.752715	18.766150	76.325843	-39.165533	64.076698	27.570570	51.387064
	73.804097	-21.374783	3.627293	51.748489	43.094027	-21.902026	45.110250	39.668624	29.249858
	31.677878	10.511638	4.893464	48.782909	56.271665	-32.762935	68.322554	75.114240	28.640786
	42.786317	-5.633616	16.649998	30.458608	30.132286	-33.647398	6.956473	43.092450	39.208711
	24.404742	1.771632	13.770005	23.033352	40.987448	-35.922397	14.845383	35.251109	30.199517
	32.448357	9.985349	16.021538	7.774642	7.769315	-30.018303	5.532945	6.468253	15.167638
	26.766127	-9.877324	-2.994226	0.406690	9.326063	1.817975	26.778324	-0.907148	-13.580078
	-0.059842	-6.168384	-28.756708	22.870952	-49.159816	9.908814	-21.983599	2.009059	-30.735347
	-27.900231	5.325955	-41.334954	16.194530	-49.418123	8.611234	-27.035484	-15.722088	-73.743114
	-5.614632	-1.502958	-3.298745	-27.508709	-41.583225	15.213031	-14.082772	-30.893935	-32.704545
	-17.038762	16.517975	-20.938641	12.623673	-39.635710	14.365128	-2.728091	-18.532340	-72.654334
	8.691240	1.068208	-10.068891	-9.144873	-23.305784	11.148809	-8.712278	-4.576111	-71.537247
	-0.801005	6.132064	-9.517967	19.448608	-36.075616	6.982672	-5.763277	-2.038251	-48.495656
	25.195276	3.834008	14.436427	35.286827	-1.579716	-23.666496	8.813563	5.656556	-10.919604
	11.152156	-5.737382	3.333020	15.277873	-23.349491	-18.717385	15.728899	2.661112	-11.450087
	33.038420	-0.630680	-4.300591	8.079865	-9.706716	-15.646600	6.479666	-1.163962	-31.855633
	48.123247	6.465325	10.930371	34.280765	-4.849273	11.397016	15.445519	16.674871	16.862209
	39.885358	-16.362351	-23.691544	23.485752	1.352258	-15.703457	6.480786	11.988727	-13.903307
	-6.908465	1.124267	-27.248967	3.628574	8.087693	-13.849657	15.492312	4.025838	-18.969370
	-4.257896	-7.431076	2.796014	37.772964	5.865302	4.998862	7.897806	43.162288	-12.338713
	6.948849	-0.477916	-2.541486	6.534038	-1.483630	13.430748	16.444659	-5.434206	-19.075581
	-5.370128	15.636219	-16.267120	21.913061	-8.981375	-12.830890	26.858163	24.629979	11.368034
	5.426664	-0.583893	-2.444953	26.607172	1.011132	1.612995	33.562940	36.910560	15.090744
	-23.710861	-37.048322	-0.046879	-19.220112	13.313803	3.342109	4.586128	7.242342	10.811990
	-23.111082	0.269580	6.951580	-0.328916	10.369581	-14.056592	-9.078913	-8.808822	21.667483
	-68.784608	27.470625	27.208411	22.184507	5.797902	-14.056495	-20.226098	44.385344	12.038501
	-20.087514	19.639403	1.021092	10.232951	17.758091	-3.943192	-6.896250	22.562921	12.751261
	-57.149553	11.934078	-0.694845	-5.439240	17.085950	-16.978464	-6.321954	31.747195	-0.719310
	-42.738352	19.737746	19.477610	2.379504	-22.327135	-5.456824	-4.337175	9.742888	0.198933
	-24.251698	20.700384	21.740306	-17.552404	7.373912	4.535785	-8.969903	17.861545	14.204172
	-30.093956	-12.532180	1.360049	-72.874370	-0.317625	-8.264185	-61.596511	22.056712	16.907899
	-34.131888	-22.839081	30.189014	-22.574902	6.590823	26.536612	-11.205053	-2.238041	25.025271
	-13.769679	0.692531	33.505437	-47.333495	12.855791	-4.258974	-14.977926	15.381961	51.773498
	-24.348760	-37.080863	27.493044	-33.438212	16.452785	17.582160	-26.651309	-3.414378	72.720976
	-32.497798	-43.901109	8.982993	-52.896193	-4.796868	4.704647	-31.606549	-11.140639	40.166424
	-22.465373	-27.228423	13.214765	-38.164961	6.667086	11.836576	-52.262156	-20.718184	61.118104
	-40.247095	-26.105341	19.533062	-14.266118	7.984797	3.899067	-26.577857	-8.094730	61.127418
	-59.182845	-26.100879	7.272965	-55.946361	-2.214499	18.519703	-64.262371	-22.714950	9.186609
	-38.300735	-8.912613	0.168526	-39.449081	20.910457	14.165789	21.780421	-5.001873	23.136331
	-20.615838	-15.959716	24.165845	-9.639025	12.608262	-1.658017	2.531213	-16.937070	50.318110
	3.797901	-20.582957	51.905983	-16.455459	21.134966	10.388045	1.164731	-21.901291	77.117670
	28.555678	-24.594638	40.721643	-37.807650	19.092565	8.388041	-14.971007	-46.153197	84.474970
	-18.387821	-28.061582	29.102195	-20.941062	57.656729	-22.843535	28.270005	-20.651708	62.979599
	21.509643	-3.729694	38.120631	-14.664849	45.406431	0.771804	21.571855	-27.358771	67.423780
	-0.880627	-17.238617	31.940698	-21.032121	45.335745	18.765554	-29.142298	-22.264982	64.263693
	-0.245483	-21.903262	28.486349	-44.816082	17.855182	29.186818	6.383398	-22.277689	25.152891
	-1.689209	-15.925680	38.418382	-24.413565	60.266480	16.902261	22.970172	-38.281174	49.468109
	11.125065	7.985076	18.925687	2.599241	19.468806	13.183941	23.617054	3.082422	59.086618
	-9.705823	-9.106399	-2.305538	-1.181406	39.664918	-5.673425	-12.757618	-8.768418	53.541888
	6.272010	-30.551840	14.383406	0.591280	55.391505	-8.195873	29.578390	-8.586890	79.246282
	-19.510137	-28.004559	14.493245	11.718947	65.670817	-18.452310	18.475030	-10.564533	79.967854
	16.892331	-15.670412	50.690992	-1.879828	52.354592	4.955112	14.157966	15.066681	51.266218
	-23.992178	-6.274923	4.488743	8.568290	21.961407	-10.315296	5.286374	-5.645382	68.459102
	-17.389667	7.151709	1.744480	-15.149445	39.411673	-25.499940	10.593864	16.955487	37.531615
	-37.458509	14.753938	14.359432	-12.744410	-28.100957	-12.507392	-32.708351	-7.412566	27.145523
	-20.127012	7.985270	29.572299	-28.482070	-10.604681	24.698953	-17.446246	-16.805544	0.663438
	-20.130324	22.505270	13.129882	-7.784783	6.206136	12.410528	-1.397536	-12.302434	7.313428
	-4.690195	9.587464	18.353421	29.235583	-5.242866	6.644233	5.198638	-7.329142	-6.671887
	-6.464364	7.304713	7.405208	24.560205	-18.048550	-7.036536	-4.987744	-19.041834	-21.007071
	7.445695	25.742460	36.974243	10.563695	-5.918528	-22.857193	-19.255821	16.204069	7.887747
	21.394610	23.123302	10.822282	2.066804	-14.268097	-0.742945	-15.682969	13.455085	-0.702177
	-0.602707	14.878130	14.294669	25.106551	-22.936897	-10.671908	10.555425	26.573562	-12.603685
	27.889254	1.875514	-0.427081	29.378471	-8.103604	0.488696	25.043473	35.319057	19.111524
	32.212113	-13.747395	-6.516601	20.714192	-28.690579	1.085015	16.613478	17.881701	-22.562648
	48.056653	-9.118115	8.898917	14.632666	-20.758663	25.795181	17.633060	18.975066	10.729858
	35.663279	-21.556468	-13.360581	31.018127	9.713717	36.840108	36.986998	22.954686	10.347484
	49.946079	0.867781	-0.866213	42.918570	14.238794	5.233662	40.659809	12.808685	-17.906750
	68.375501	-1.904291	-5.858755	31.897100	9.879399	3.785020	22.841588	-5.541959	-3.164552
	34.518030	-2.045552	-36.270849	31.888221	4.717580	5.146158	43.524072	10.066342	-19.673889
	28.152947	1.270915	-34.854398	6.728431	27.659147	-8.576125	35.408245	-4.833198	6.932971
	29.354926	16.240933	-36.076976	-4.801058	33.454895	13.574828	32.383809	-13.741136	9.395144
	9.877214	7.729802	-34.482501	-18.775500	1.837671	20.625084	-8.395301	-26.173801	-21.193990
	-39.847218	-11.004959	-21.601896	-0.067852	-25.567246	34.555412	-28.181486	-14.228629	-61.566955
	-18.476960	4.636866	-35.932717	-22.916072	-39.871661	28.936066	-33.699153	-21.619439	-74.578375
	-15.637556	-0.011688	-28.727204	1.725695	-19.847915	37.597674	-19.446638	-1.173100	-29.510206
	2.167937	-1.945225	-26.462643	6.939918	-29.005531	27.207555	-8.354194	-18.570256	-27.001510
	-4.600768	4.792138	12.610019	8.719030	-2.427496	18.823106	15.151943	-31.831966	-11.171785
	1.815754	4.525299	-4.315318	0.787840	-16.571807	-13.777197	-5.276740	-16.919421	-25.051105
	5.621555	-4.893584	-29.184476	-21.060563	-15.448808	4.192331	6.638924	-24.446607	-53.992591
	0.794128	-6.578770	-61.880939	14.887395	-19.909797	17.483326	-18.815271	-11.774416	-77.402920
	-3.370098	4.093008	-51.170349	-0.967109	14.934312	6.718925	30.233375	-8.843245	-47.622927
	18.142659	-3.899026	-28.159539	-15.107287	-24.879564	37.437731	-5.414222	-2.639496	-40.677520
	2.582376	5.806065	-1.695991	12.403825	-47.783542	68.363869	4.810140	-21.040565	-40.185572
	-22.471583	1.345226	-19.135493	-18.012874	-35.779475	26.535839	-35.847584	-5.524168	-9.779826
	-3.230617	4.306431	10.850351	0.244653	-43.230079	42.443177	-4.332033	-7.269344	-55.891389
	-26.509058	14.783394	-0.099401	6.370809	-38.301491	24.932830	-14.082651	-15.778257	-65.196365
	-21.212934	-8.538213	-8.288688	6.255915	-54.163732	32.251091	-8.105035	-5.863790	-44.860968
	-17.697620	15.353434	-18.923908	1.309543	1.015279	2.524250	10.082256	-11.096560	-12.650482
	-12.940904	10.004459	2.499589	23.204626	-27.368604	5.268205	-18.563975	-21.329996	-21.189202
	14.202581	33.976987	13.208111	18.336502	-12.752046	4.522285	-13.636326	13.469935	-24.892798
	20.412196	22.783584	26.558586	9.902386	6.350402	-18.020520	16.368151	-5.646205	8.637324
	30.146834	16.739650	42.687946	-2.160295	29.606655	-45.329650	9.348600	-21.672087	44.553773
	30.761872	20.037189	68.756672	-24.024343	42.798428	-15.451733	34.764421	-8.975807	52.805354
	33.120929	14.711168	15.468244	-29.141009	31.202858	-6.785732	29.787576	-24.332485	12.461320
	-24.500107	24.260681	9.104039	-19.471731	15.645596	2.959911	-0.394828	-15.134638	-6.260050
	9.821670	29.944290	-9.683302	-2.769653	8.671184	-11.292819	-7.936963	-29.032485	-26.070505
	-26.395766	40.516643	-10.189023	-25.195126	4.777498	24.384982	-1.748896	-37.438467	-31.969203
	-16.960931	0.816553	-10.170262	-37.161562	-32.677681	38.537035	-44.735506	-19.291747	-20.363270
	-4.092735	14.485325	-3.670188	4.396281	-5.866788	2.579025	-8.139206	-40.775354	-9.242700
	-11.588017	6.721581	13.623362	10.973627	-8.966860	-49.665409	-15.103334	-21.833744	7.346770
	-7.542341	7.513300	30.659137	32.100535	7.977538	-64.661706	24.012144	29.655356	38.922634
	41.953449	-15.266079	24.684181	-2.675551	3.657948	-61.088687	-9.016822	-0.645940	60.889701
	33.869339	-18.595260	20.207469	-0.089877	46.192827	-52.895346	49.855180	19.204216	91.889004
	7.969343	-49.836451	-1.841139	7.044519	13.979548	-35.815954	22.858576	35.935985	68.038548
	-6.282682	-40.613272	5.188213	-12.385592	15.762643	-24.388781	-4.938929	-44.537013	36.701197
	29.147916	-10.477138	-20.091867	-0.649394	17.838539	-4.758341	8.561936	-0.166612	41.046465
	14.126219	-27.988066	6.268260	-25.464134	12.655374	6.262750	2.045043	-15.323511	14.421583
	-18.891726	-36.016854	-6.212141	-15.058043	-6.629569	22.281496	-38.863248	-26.311753	2.812493
	-26.380296	-1.088315	-7.772242	-15.541097	-6.637680	-5.241981	-12.687032	-7.102603	-29.064344
	3.088312	4.836023	-20.377201	-28.340779	-44.274475	21.765481	-25.515689	-6.074669	-29.849077
	-42.916049	14.601570	-10.834984	-21.230707	-42.168935	25.907742	-21.129131	-35.384718	-38.821697
	-43.277071	-11.875089	-34.914128	-52.465312	-35.421275	11.106551	-56.270069	-18.223133	-31.695434
	-39.125252	5.456895	-48.852772	-34.206901	-26.919873	14.753253	-41.605657	-8.950117	-51.931999
	-20.178621	9.147072	-47.986219	-44.387357	-49.016957	18.759378	-78.215422	-16.860320	-42.740508
	-24.681028	12.982433	-38.467841	-28.339512	-51.745954	29.904773	-49.525712	-1.002221	-38.840346
	-34.130012	0.621954	-45.519427	-14.446770	-39.274062	16.173553	-37.348835	28.731265	-56.704622
	-7.156257	5.560227	-43.156742	-41.684656	-30.248246	19.054812	-24.067725	-13.825307	-67.982846
	-8.171360	16.079094	-31.410306	11.946969	-0.248353	23.329039	-2.606975	12.873355	-42.649893
	-11.209447	15.692532	-26.948115	-10.919145	-36.957173	8.089437	-14.345161	5.458842	-37.196533
	-32.676823	42.569816	-73.706638	-18.083939	-7.326974	-50.291327	-23.750960	15.760368	-79.800774
	-20.232147	49.101581	-35.126615	-12.722334	-30.224640	-15.022599	-2.958035	32.876624	-46.660632
	-39.946131	48.014298	-35.705856	-22.029532	-44.790236	0.077156	-31.514199	29.370645	-60.203878
	-40.409476	41.416824	-17.358555	-33.532532	-43.187111	-8.343157	-47.149076	32.847466	-38.646425
	-39.007976	29.305046	-45.298198	-5.483869	-63.921233	8.997984	-18.524155	29.858357	-84.551954
	-29.460289	51.157230	-43.027841	12.482219	-46.857235	7.352569	-34.085707	26.414931	-62.313681
	-55.432358	60.118671	-63.858615	8.358852	-21.249186	19.202351	-47.883476	42.090661	-79.180170
	-48.259666	47.840320	-35.434130	-27.538165	-6.309719	-14.342625	-9.760187	21.831112	-79.741246
	-21.885950	68.071648	-47.377211	-10.498492	21.914763	-36.978129	-6.733605	33.710335	-41.158788
	-19.765934	57.044593	-26.128666	3.462647	-1.881682	-13.401710	-20.246156	58.120154	-15.173084
	-21.395300	73.525919	-28.929282	-21.839163	2.732082	-48.850451	-1.885045	38.523162	-29.318867
	-15.848211	21.834002	-37.164826	-19.910092	0.310719	-46.900649	-15.871417	11.468207	-17.182939
	-18.049065	-2.236636	-33.953910	10.708683	-11.355287	-33.989301	2.962095	13.493002	-24.978778
	3.278777	-5.489096	-46.880277	-19.586091	13.536576	3.958171	12.386071	13.824169	-33.437478
	4.323780	-31.430951	-42.047774	-7.754766	-26.797763	37.708187	-33.390006	16.784283	-59.948431
	0.713812	-19.572421	-22.716707	16.725277	-45.808065	18.122361	-6.925798	17.044979	-48.251780
	6.783764	0.028579	-23.852119	-4.171341	-9.396138	13.702260	-28.938047	15.240862	-4.361004
	-8.775041	-4.114146	-18.905785	-8.060108	-29.472374	9.893545	-17.448544	16.409900	-37.620730
	15.912997	0.438421	-1.350134	48.605926	11.185810	21.746751	8.627467	17.303172	-3.688109
	21.931909	-22.016598	-45.316805	10.661076	21.211825	-4.560361	30.732329	-9.562085	-2.894987
	39.778560	-40.292680	-0.567031	-0.216171	50.108741	16.008196	11.683974	22.221036	16.539855
	27.849968	-48.109100	-13.055161	-2.670285	32.224562	21.042533	53.895950	0.771242	25.435212
	15.513059	-50.715578	-51.734253	28.308084	24.513916	2.509748	25.190609	-7.107734	-12.694142
	19.066171	-40.233003	-31.998768	25.230631	41.301176	6.068719	54.614418	5.620684	13.383067
	30.001238	-45.318334	-10.013194	7.634573	-4.595804	13.333186	32.177905	-13.850354	4.023130
	28.874841	-29.321047	-1.401915	17.447535	30.599592	-13.569145	2.523726	43.152110	11.057321
	-11.905767	-0.036053	-7.086483	2.936562	1.661820	14.981498	16.400925	5.021073	22.450517
	19.406678	-48.424768	16.155439	-5.849811	-30.128767	50.783970	-27.648932	-9.905298	-20.284126
	3.362614	-31.137977	0.127268	-5.118259	-13.599663	36.530233	1.603290	-5.691604	-5.633059
	-22.911461	-30.153156	-47.666807	-11.650337	-20.467659	7.562416	3.937560	-9.457003	-18.432393
	-28.218796	18.534157	10.034606	1.172445	-36.375746	-28.801411	-32.703482	-8.250865	-36.216886
	-24.916345	17.027176	-32.049238	22.940971	-61.687770	31.929707	-14.563261	-4.089646	-64.465579
	-25.185192	-0.556316	-10.574751	-6.774528	-74.289087	38.256027	-27.744255	-28.474493	-55.009713
	0.680371	-7.548639	-7.191801	9.931758	-84.447569	45.907929	-52.313839	-8.498964	-52.993982
	12.422841	9.242554	-0.590369	4.961424	-30.095595	21.999265	-16.325271	-2.283179	-35.526574
	-13.274847	-3.824639	-36.486024	-26.899710	-60.023135	28.185012	-27.999654	2.853215	-15.062665
	-2.384680	4.658738	-4.557661	20.734284	-20.590654	-12.170069	7.174982	29.591373	-11.259687
	-16.572178	-8.357546	2.119935	-9.616740	-58.104437	35.842584	-20.769773	7.907153	-64.479118
	-17.052683	15.550883	-51.222864	9.788351	-50.784956	35.338584	-24.368625	9.941308	-51.264792
	5.959516	-20.341041	-22.448128	16.137874	-36.096338	42.141750	31.488663	14.665236	-38.288636
	1.340576	2.628836	-3.768198	3.469342	-10.370966	-2.171529	-2.161407	10.036886	-14.596643
	-41.626899	21.984522	-11.848309	-14.169560	-14.270787	-38.091267	-16.355992	-3.024862	-38.463141
	-53.091996	14.901527	-51.958993	-37.306418	-40.412092	-37.692244	-35.695866	9.428452	-64.075417
	-43.261053	-0.030192	20.184000	-35.406943	-56.352781	29.729905	-53.146995	-23.333564	-13.969932
	65.843336	-0.325910	39.470039	28.973447	61.113002	-6.164859	28.080318	0.871853	40.551466
	22.558434	-11.327967	44.561940	-7.621057	36.324100	21.830418	32.518629	-12.769317	62.871258
	14.379570	-6.239292	-1.401854	19.300646	58.196035	-19.031316	39.004125	-14.188533	49.725966
	48.758618	-28.564394	24.827781	24.974184	112.487490	-27.354087	82.310981	-16.490955	108.247457
	56.469435	-28.060512	75.429706	0.190420	97.395211	12.841093	59.551805	-45.566391	120.049751
	37.835550	-41.464629	75.136663	-0.618820	68.303475	11.977342	30.708444	-24.713832	125.362017
	57.484299	-19.626395	37.746297	15.281113	107.149117	-0.690576	34.238658	-40.528731	126.418010
	42.978166	-19.260492	61.610431	5.159170	111.075917	-7.497792	78.269167	-44.760508	138.737342
	37.591167	-7.087300	61.566733	-15.378403	116.732790	-26.103900	43.329401	-32.215138	96.978897
	14.720511	1.921655	67.651602	-9.236002	94.332450	-31.539565	46.839357	-29.500455	105.489547
	41.985312	1.980028	89.502578	4.203274	94.760084	-6.049306	61.274035	-13.628960	82.401325
	25.501439	-3.241976	34.386096	18.172411	85.355582	-45.193541	56.909267	-4.623542	101.949851
	30.756975	-10.010400	48.316690	3.769223	92.968824	-39.735422	39.907644	-54.373844	121.094956
	23.062536	-32.225478	78.898394	-28.673243	81.587061	-32.056319	29.436856	-60.489782	116.854159
	43.275775	-46.118519	108.080177	-7.777332	109.787910	-1.172770	17.641826	-61.729927	145.545359
	-2.984055	-40.659635	78.928969	-32.580531	87.449967	-12.586103	14.693343	-76.943199	121.948954
	23.140479	-22.472975	89.843664	-39.326906	90.354029	-16.087255	41.614398	-54.913523	114.631887
	25.847300	-17.272586	82.590678	14.661517	62.511289	-11.191969	30.605061	-22.788418	91.509315
	16.398453	-10.843324	67.406855	31.011114	79.589530	-42.019780	26.445653	-14.447841	91.398413
	0.249485	-8.481619	16.459876	-14.518670	81.502304	-43.743891	39.821148	-43.477784	77.642372
	11.409945	-8.279589	18.445453	26.471498	43.697682	-32.378673	24.537952	-26.414842	27.795536
	4.552936	9.521408	12.208323	9.179263	53.901652	-15.417276	8.882063	0.524938	25.552016
	36.902402	4.290466	28.673443	49.691471	44.157102	-14.028559	43.802131	30.749369	74.848295
	8.712923	2.137012	12.901253	48.648821	61.626749	-29.492138	46.289656	22.006683	49.722367
	18.972297	-19.733617	-3.512690	11.767682	48.502381	3.076674	43.026886	-27.364704	42.984911
	36.879955	-28.015162	-5.385982	9.107339	60.354823	-3.013087	53.078438	-28.414047	19.323613
	29.555351	-18.261394	12.045169	23.966651	68.453784	-14.646782	85.049000	-32.805396	48.602157
	57.743533	-24.168188	-16.208365	14.610926	91.770684	-30.787479	59.657914	-31.236691	26.469288
	35.034541	-12.621591	-24.711403	15.331318	68.083977	-0.805415	55.130812	-25.890891	17.815620
	19.248104	0.826708	-3.771961	36.042040	29.331897	-9.305721	39.307319	-29.698287	-25.295309
	27.694388	3.236268	9.476658	21.169878	11.676530	-21.513883	10.619445	-6.620460	42.282541
	13.267382	-4.193694	1.955163	6.266064	-0.811885	-23.222315	8.363607	-0.692846	-15.767946
	7.551282	-30.860987	-28.778561	6.466081	-1.756889	-16.206546	13.437298	26.317799	-4.199276
	-15.013331	-31.651032	-40.341912	-2.392266	-8.952504	-26.553457	-18.099084	18.299822	-12.753656
	-4.966646	-18.720153	-52.031997	10.163863	-14.979534	6.164768	7.018301	65.120642	-27.325169
	-17.553831	-42.474546	-53.744552	-8.865796	-57.742628	25.731825	-22.395709	29.208016	-54.742879
	-30.879683	-21.041798	-42.370714	-16.982261	-87.348087	34.319183	-71.536063	21.111538	-64.314300
	-20.067002	-4.346543	-12.286241	-24.656796	-122.701851	33.441764	-83.712073	79.568613	-89.472979
	-38.792943	9.940416	-27.825023	6.620166	-83.560339	31.613703	-76.128431	35.346447	-72.604201
	-37.299013	27.928919	-59.322645	-22.488541	-60.698503	36.152359	-43.892124	43.351283	-95.252752
	-37.783494	-0.706173	-56.557092	-2.391344	-64.088665	35.337750	-37.820076	49.473149	-112.921543
	-44.978377	18.733266	-80.670633	7.363326	-77.788285	38.857444	-42.249417	39.849553	-126.305810
	-23.103562	22.551306	-76.411560	-13.096388	-44.222626	27.737090	-19.517583	100.098912	-100.685038
	-16.826650	19.012766	-62.118708	32.169539	-43.928439	9.620913	16.762488	85.826492	-86.465080
	-52.109631	21.825358	-25.393449	15.010801	-55.239947	-1.912613	-21.005278	60.033302	-58.778487
	-62.318174	8.884260	-7.468072	-8.223478	-92.790903	21.150223	-28.784146	43.684301	-67.092858
	-28.483298	-5.941935	-9.361806	-43.813517	-69.004623	17.814381	-29.094684	25.553817	-87.900966
	-26.126607	-18.956336	-0.646779	-31.388586	-68.742457	28.094347	-48.526189	-9.215197	-90.512377
	-20.491460	-26.049467	0.407904	-36.469914	-19.689236	8.082591	-19.253082	-20.683554	-34.023264
	-8.925462	-37.528469	2.989981	-21.290779	-26.486729	-4.104807	-18.264870	-41.652038	-18.438610
	18.881673	-35.102350	27.172112	-12.901515	-27.403270	7.504064	-11.491091	-14.313755	0.111452
	34.987931	-36.945765	14.779552	14.713788	26.544544	-4.545782	40.147660	-17.568431	15.390332
	36.914015	-4.823815	22.900278	1.900385	47.177252	9.824581	62.953869	-25.752338	58.562093
	61.199183	-28.149616	42.360639	-22.670186	55.538962	18.092881	9.237238	3.522475	77.857360
	15.047492	-0.264921	26.640679	-40.292615	34.516746	-30.297961	-0.987016	-8.315148	56.533508
	-2.942265	-3.577268	73.195193	-0.567938	68.481075	-26.192050	29.686323	-26.837508	109.078626
	-15.502276	-0.374694	84.718452	-19.641004	22.372700	-10.153197	-0.245589	-55.558596	56.145356
	15.685609	-9.793116	81.452679	-30.566553	33.069076	-7.485649	30.607178	-44.636374	115.545248
	19.955787	-33.308572	57.147490	-18.405292	47.796492	-4.789757	20.853855	-33.211709	71.980156
	50.305737	-26.508919	55.407244	-49.782865	102.885046	0.243455	42.556071	-55.450284	113.712091
	-9.444575	3.049844	34.852806	-13.745261	27.062306	37.145466	-2.495316	-22.243954	55.670754
	-20.785772	-7.247928	40.341014	-10.250737	24.124989	29.922089	-7.141562	-29.458976	71.578595
	2.546724	13.348683	32.450904	-19.218109	42.347745	7.295401	11.982868	-22.264717	47.600153
	-2.496725	10.788723	11.708685	-16.529285	46.118544	16.048241	-15.494438	-24.395874	66.277974
	30.887269	-9.120028	39.767180	1.964852	10.881410	16.985490	7.721419	-35.791453	5.544498
	-2.277398	-2.411005	9.248763	14.483849	-8.248974	27.584905	-5.231125	-28.857313	29.783207
	-27.615225	14.455855	10.652890	-26.617968	-16.497876	19.821622	-27.621432	-12.069494	1.225249
	-4.548555	11.364963	32.956847	-24.725313	-30.430435	23.306946	-27.182165	5.140149	9.506605
	-52.515900	35.710419	-30.476777	-8.409746	-76.794851	-18.895047	-52.900078	29.903536	-77.656161
	-38.397359	14.433125	23.604935	-3.610750	-29.462394	6.934963	-46.087840	-29.750386	-8.718272
	-24.471828	-27.880064	2.065596	-50.898137	13.584480	2.677864	-35.105166	-25.364298	42.016022
	13.384890	-26.485598	44.259783	-14.212412	1.496344	41.776969	7.023535	21.615148	19.816808
	13.647663	-41.088335	46.673200	22.628965	18.906464	28.655163	3.677272	-25.458425	53.581678
	26.224095	-21.387410	24.855571	23.965035	47.206378	7.296482	52.413456	-29.816713	64.573468
	28.528205	-50.585289	23.179246	19.939286	20.136472	4.873577	39.436760	-30.171713	83.246719
	52.633225	-25.389703	25.835366	29.848244	29.834011	-7.885334	54.930516	-21.819681	58.944013
	62.751062	-28.070433	52.888645	49.667917	69.180544	-26.654158	51.795934	-14.272263	105.666030
	42.578982	-14.738942	44.485012	9.398849	82.709654	2.830454	67.005818	-26.898527	81.958989
	48.219181	-25.197365	61.348536	15.829705	64.507254	5.471280	60.585836	-27.354805	71.521359
	73.638102	4.155137	28.736966	33.520685	119.178506	-46.963461	62.842503	-17.742192	96.641731
	50.788440	8.096242	33.275679	68.692128	113.515304	-52.918221	65.558896	-3.507551	85.276340
	38.365597	26.547893	2.264673	56.283677	96.931662	-67.298170	54.365143	9.341790	48.222757
	30.170905	-1.414375	5.466291	10.425885	28.954363	-40.885842	3.471005	32.250658	47.190104
	42.722547	18.077470	-28.865526	36.731591	32.047066	-45.687674	10.176308	36.497417	8.459611
	42.524437	28.536424	-10.890300	27.979699	54.852496	-61.781264	55.166296	11.828125	40.813324
	27.585674	12.227611	-21.813945	34.737144	3.481975	-29.862987	12.189234	5.962869	-8.025443
	50.549564	3.040983	-23.355072	28.213749	38.575781	-17.545208	36.604254	15.260400	6.421257
	6.932895	9.146003	-24.935926	44.218752	28.353621	-57.100353	48.425385	14.191786	-35.918890
	31.651068	-4.310480	-27.605835	34.029746	48.798914	-0.870044	35.593334	47.841042	-2.069057
	8.900864	-20.786704	-36.902955	5.425367	5.410403	-15.713012	-6.635979	44.920525	31.199239
	41.746946	-5.086730	-16.253701	37.369002	21.612829	-5.098501	26.237942	56.951051	-30.075417
	21.684806	-14.166372	-18.105271	15.359530	33.370860	-3.852518	24.747290	32.240011	32.241712
	36.222693	5.738853	1.782288	11.867505	-5.947543	18.673364	-14.095867	-9.131227	-3.347491
	22.731700	-3.642017	-5.763421	-1.937337	-24.780179	-8.122959	5.761066	27.737727	12.066492
	-0.946778	20.242705	2.347880	5.715793	-2.759091	2.314955	-25.372681	32.005535	24.028161
	-29.191693	14.560168	-0.432834	-13.550541	-35.976224	30.306746	-23.678523	19.044385	-20.930111
	-8.852665	0.523455	1.425269	-17.480146	-16.159721	33.693036	-33.995249	-4.726644	11.728487
	-9.734960	11.249131	1.459017	-16.272524	-7.159091	32.677897	-63.390224	15.593997	14.017700
	0.229911	14.218939	1.318122	-5.804554	7.278691	-5.548347	-2.530347	5.053019	14.712549
	-17.310066	-0.289230	-28.489210	-19.190951	-19.249156	5.111131	-63.374479	10.964190	-3.995948
	-25.445786	16.294122	-13.738621	-3.953956	-37.622110	17.388713	-25.100491	5.124115	-25.967633
	-19.134738	27.497466	-6.613508	6.843365	-54.168366	31.449838	-25.585802	31.669701	-58.252766
	-34.505590	16.199542	3.909056	-4.343414	-75.848024	20.393704	-43.431019	-2.988846	-29.274321
	-3.195463	4.431973	1.417245	-15.304156	-52.245498	16.412631	-51.291863	-5.989769	-10.081496
	11.201751	14.071356	18.088757	9.397106	-52.550231	24.996097	-3.455277	-14.367898	-11.656279
	51.671586	12.206017	18.039917	20.938357	-24.024220	14.972128	0.023015	-14.968203	1.735521
	58.497204	15.975329	43.858269	10.808395	61.335481	-0.854430	11.443803	3.670603	68.565159
	51.047359	6.474505	2.758010	12.855886	46.972016	-34.458385	15.254880	-3.609782	50.738244
	47.120089	6.769201	-7.532314	2.442726	57.662089	-46.724836	26.626937	10.635711	48.284929
	5.118173	20.047821	-23.571730	26.118752	11.068995	-45.379051	-8.157913	19.953332	-2.673612
	-30.728096	12.735600	-16.139070	17.778786	10.159376	10.478072	7.946096	1.698652	-26.756194
	23.658874	-12.024594	-12.076346	39.253820	1.540718	3.982836	33.375301	-0.909382	-66.378972
	-26.619666	-3.305117	-19.615579	44.807512	-9.843294	18.663882	18.403005	25.841550	-57.840154
	6.063890	7.089343	8.050516	5.490691	29.296773	18.157427	24.221953	-21.553842	-53.841881
	-15.798377	-10.351835	-37.118001	24.754852	-10.287031	10.599147	20.967468	-17.528020	-10.377104
	-16.808123	-19.330198	-44.270490	24.386150	-38.232086	16.840131	5.987159	-0.336756	-51.522744
	-21.880832	3.617880	-29.366435	-3.515036	-52.441881	21.176028	18.147709	0.799535	-65.421541
	-12.406218	-7.402016	-40.233737	-7.782377	-26.188121	29.474814	-2.925995	10.624236	-64.662878
	-27.198442	3.551940	-78.741658	1.883236	-8.969640	24.800180	-10.155310	2.524387	-18.107499
	2.661169	-1.241885	-60.242724	-13.316613	-15.742348	30.339450	-7.292895	23.153428	-31.267226
	-9.229477	13.545037	-26.609817	-2.742670	10.000841	5.848348	14.014688	2.768230	-30.399553
	-9.193248	6.499172	-46.413228	0.116229	-1.335067	23.736241	5.134245	25.629095	-60.797975
	4.814441	4.479845	-16.580569	10.102725	-12.929858	20.704511	-2.074169	22.796053	-25.724192
	20.299932	37.733928	-32.896474	11.164981	23.443412	-14.344577	2.050959	8.756296	-36.784744
	-17.006809	20.050048	-16.420166	19.763238	18.164807	-32.517521	10.798712	-17.013006	-16.318242
	-47.897819	9.217984	-46.652231	-14.352555	2.566826	-4.254275	-12.002275	11.476468	-42.820662
	-2.360167	4.531645	-17.391669	-9.651659	-9.269792	-7.668598	22.922706	-20.282738	-34.142120
	-14.977307	23.543638	-31.485634	-4.359964	-23.658218	-5.228186	-17.648318	-32.686430	-16.387499
	-33.156381	12.851886	-16.866482	-22.825372	-25.353295	-8.637045	-14.849981	-6.400455	1.483584
	-50.605508	5.033660	-3.610899	-32.832166	-28.317944	18.575859	-37.203421	-21.077983	-35.559216
	-24.713582	-9.655170	-13.678960	-50.327664	-11.048104	-9.963451	-17.617603	-7.841226	4.239833
	-37.512490	-37.497163	9.630712	-37.019092	-27.904237	28.070019	-32.086163	-31.882198	12.505447
	-33.658263	-30.078783	8.530331	-37.922715	-19.103501	13.104727	-35.877376	-7.199522	-7.401511
	-26.208382	-7.918990	-18.630795	-9.015217	-44.339807	3.112853	-35.563795	2.227437	9.847545
	-33.668828	-22.934160	-11.806976	-2.798551	-24.237281	-10.783695	-29.179967	-14.391147	5.389047
	-20.794226	11.239108	-10.720348	-2.864891	1.395580	-31.353177	-8.704298	-23.734715	0.216063
	20.676655	-41.871961	7.377144	10.509179	6.564130	0.752857	-2.931736	29.345082	41.632219
	30.765393	-33.890476	55.866681	48.869833	26.514533	-22.052767	50.818652	-19.007924	41.202718
	27.086559	-24.732857	45.753520	32.846163	46.687372	-38.960063	53.805383	1.949469	58.596327
	52.085806	-14.334925	33.621875	40.144983	65.387920	0.353817	46.533308	-11.919165	76.780389
	49.315293	-7.626884	68.933607	21.170629	67.192989	-5.835161	69.507140	7.190782	51.882196
	36.983013	-21.168134	54.834422	30.523863	83.250758	-14.366699	68.337425	12.255585	81.286757
	43.264726	-21.953829	46.535245	32.669752	73.804803	-34.887292	35.584002	5.761709	96.327030
	29.893059	-24.785661	13.024433	0.478207	25.545945	-28.572548	46.213802	4.953784	39.700707
	36.433796	-27.692996	14.882530	22.509311	36.200433	-19.761292	50.265930	45.760860	26.248209
	5.419076	-4.016391	20.240089	64.781660	19.306760	-52.239041	66.431728	8.034699	11.693514
	15.964932	-8.264058	-13.273990	44.699525	34.111913	-48.805018	48.359844	30.351667	-13.984656
	-11.664142	3.447123	3.841320	68.463691	1.477197	-37.964357	16.933003	7.002692	-46.824580
	38.135219	-10.489203	22.382113	20.242328	16.669396	-32.133114	42.381116	-8.908743	35.445717
	-5.149962	17.238549	22.287649	17.933294	15.579102	-8.498165	39.509878	19.018540	17.014686
	-27.032162	-0.403430	12.695364	18.893072	-4.846632	-20.802251	-9.060976	10.490266	-2.090070
	-6.399144	17.574850	31.552927	2.518090	-27.237248	7.485186	-11.033757	7.505116	-23.116140
	-21.840460	15.172096	22.861031	6.986548	-35.242544	-13.147869	-15.360636	24.587667	10.099691
	-0.058982	7.486605	8.196726	-19.159873	-10.779488	-10.932462	-30.704831	2.309294	27.918610
	-23.436040	39.705000	-29.892993	-19.989781	-64.126598	-10.889602	-64.464640	2.691013	-107.438869
	-37.293360	21.782874	-33.686204	-5.335535	-68.472513	31.853326	-56.626271	10.044872	-99.165603
	-48.122481	31.425414	-24.669396	13.965583	-66.102487	26.737152	-46.640253	5.180219	-53.692667
	-68.160145	0.372887	-23.005022	-25.397395	-43.083669	24.083342	-47.661367	26.052804	-48.190175
	-19.094609	-3.815153	-50.574270	-20.899902	-14.340514	31.408830	-5.631418	34.145014	-32.800713
	0.030886	-9.993945	-25.585870	-7.445662	-10.827993	1.367306	-27.417082	-2.255821	10.173800
	9.943353	2.983541	-33.227515	9.288815	-17.231572	-17.731482	-11.195970	24.341395	-20.771625
	3.664303	10.476556	-23.018913	16.402577	-23.751308	-15.547859	-3.636019	13.327198	-54.675064
	-18.563667	34.551617	-14.098993	26.998597	-45.179350	-15.624182	-20.142407	-7.021052	-45.654015
	-5.589618	33.545468	-41.365188	-7.029950	-40.922002	-8.269793	-20.456191	-28.207496	-29.179252
	9.366388	12.007801	5.077138	-14.811363	-36.061791	3.723771	-28.828430	-17.267983	-14.178645
	18.350242	3.318508	0.793288	4.413448	-21.400864	6.333274	-12.743585	-24.920661	-15.496429
	1.202104	-9.534574	31.891447	-22.468980	-11.840784	26.551457	-23.446434	-43.161031	23.785292
	20.418580	0.239161	35.244444	-12.278054	3.124203	-13.830997	22.831267	5.594932	27.397706
	14.749116	5.090432	52.847773	-11.577513	14.150303	22.744564	24.954530	-26.265194	16.311531
	34.451865	-2.126938	53.474086	-15.081288	35.381976	15.903801	3.503333	-16.484242	34.729181
	48.957876	7.736061	38.058805	-14.096885	59.383760	3.930770	37.276526	-14.075063	56.725183
	9.643385	-5.906690	25.357416	8.865100	-7.213304	1.107113	-8.849904	-0.238642	58.579806
	-5.667197	-25.346304	19.073641	-13.968239	16.304299	-6.404650	6.429417	0.822180	25.723379
	-3.639434	-10.646605	51.039744	-1.177051	19.766670	-4.813017	0.951357	0.102247	14.491253
	7.784206	18.019505	25.510438	9.501873	50.020873	-51.682600	14.714149	6.526584	35.915622
	-35.829905	-4.685431	20.144386	21.943404	28.518528	5.437573	-17.580188	8.943272	10.692987
	20.163136	24.284542	7.898137	18.446193	23.748875	-11.786439	21.276695	13.627690	4.154286
	11.089335	6.895660	-30.261756	16.674615	30.584567	-28.445395	5.611025	-5.706887	39.974860
	46.713119	-0.773384	8.179935	-22.347726	26.529967	-16.372303	24.795216	2.809100	41.441737
	5.792771	-10.326107	-17.284002	-7.640956	19.018002	-27.745131	-0.181229	-2.307754	17.960407
	-22.135211	-30.799745	-17.249539	13.989348	-1.387629	-12.414574	-3.823508	-11.183867	-12.071042
	0.619285	-13.137881	10.481432	4.796335	2.771067	7.350486	5.021279	-15.884838	34.256631
	-29.812339	-14.853542	-4.174509	12.722395	-15.000017	8.613780	-11.159626	-6.814029	-20.413795
	-20.786932	-4.454555	36.454744	12.545247	-33.764794	39.373204	-23.435979	1.958296	3.319791
	-22.174048	-2.575689	10.092027	-18.566153	-22.032732	17.418870	-8.916775	1.056312	-19.891238
	25.248058	-2.475983	10.626792	12.705947	-4.373257	11.119222	-12.109471	7.526438	10.884646
	-15.502056	-6.427946	-21.772292	-2.918485	-14.499633	5.452722	8.454636	10.419402	-23.941645
	-17.559632	5.443595	-13.917477	-0.309549	-5.041348	-6.047530	30.855656	21.952872	-20.755075
	-15.922025	-0.294541	-30.470759	-1.449933	17.441887	-34.189384	26.651260	23.905170	-2.685618
	-6.497639	-12.299453	-14.265400	8.493324	-10.643921	2.646819	-7.227616	38.814118	-29.484337
	-21.020965	9.271422	-29.875013	-23.167702	-18.311161	7.739130	5.931126	17.126680	-20.938079
	-7.680918	5.644186	-14.004494	-14.738546	-30.529568	9.874082	-15.815790	19.471497	-22.035478
	-8.281360	-12.520771	5.832455	-31.672430	-23.366386	25.259787	-22.163289	24.838195	-27.956608
	-15.199695	10.070808	-11.960463	-47.540192	-45.103372	17.722937	-36.641235	-6.036905	-36.320429
	-8.605489	-1.213339	-2.658959	-24.238685	-24.878814	12.205647	-35.496114	-31.532621	-12.781560
	8.974874	-28.548626	15.143258	-26.475582	-31.969848	10.876684	-18.442201	-3.591772	4.696536
	10.111188	-14.382150	4.906419	-1.134624	-41.577014	19.233604	-11.576473	4.314543	-16.384792
	-9.611982	-8.398326	-4.387412	-25.140174	-37.741925	-19.592991	-9.500122	21.226613	-31.510100
	-4.371966	-9.922034	7.649465	-12.310569	-61.341596	1.779197	-35.891691	14.093486	-39.036801
	-0.544009	8.791665	16.717225	-13.024612	-50.676498	-16.802327	-11.041407	4.263786	-11.750951
	-53.473001	1.208222	17.121504	-4.227755	-85.395443	9.392366	-33.628360	26.614792	-49.200799
	-18.572118	2.104655	18.313633	-7.380192	-70.817006	18.796459	-25.463470	17.530439	-49.042331
	-52.965179	12.262748	-7.027512	-2.960349	-69.491670	30.675496	-20.382270	43.620832	-57.440685
	22.943789	-12.056559	-0.204011	36.795981	-34.308844	3.641448	-7.491117	12.554765	-26.422437
	-3.641748	2.329140	-25.023889	3.356441	-41.343801	-7.905559	-3.911386	14.793374	-55.953702
	4.975870	3.340268	-81.497720	10.144339	-12.602335	-6.860813	3.497699	22.708090	-54.238286
	-3.272853	16.138588	-87.911746	19.123407	29.100569	-46.252927	23.026959	35.476937	-34.653036
	-31.801462	24.778570	-82.669925	-6.726106	31.283522	-69.462339	25.963796	34.730679	-33.227307
	-27.650121	45.955055	-52.901797	-1.829379	19.874495	-42.154114	20.018685	33.179197	-33.697620
	-45.244665	45.483962	-6.742296	-34.135506	-31.175020	-49.747841	-46.889971	14.791470	-14.761731
	11.132655	63.506606	45.445752	-6.103043	-19.572157	-32.667132	-5.288009	46.323655	20.095410
	-11.489503	36.681773	44.779648	-4.253971	-53.155787	-19.081333	-23.064279	30.986908	-30.750793
	-18.028852	33.067568	64.233887	-15.443306	-40.170363	-13.589396	-57.331760	12.038496	-1.817875
	-9.366176	45.570283	30.211327	-29.766628	-52.172536	-0.009908	-45.574786	15.832625	-10.406739
	-52.902270	33.985023	27.011953	-32.690991	-78.878738	23.494176	-57.985228	16.853639	-59.043621
	-23.667365	33.997606	20.480246	-62.731275	-67.144167	33.448890	-84.868314	4.709009	-33.732843
	-73.583006	35.521792	28.725878	-35.660002	-48.555843	5.374768	-68.217929	-30.833069	-37.476939
	-48.039175	52.633664	53.001816	-28.326388	-33.117580	-13.175070	-53.847725	-4.119751	18.630785
	-62.900850	55.792894	26.175634	-48.833820	-38.556288	-36.196983	-68.535218	-21.969765	2.351551
	-62.756013	51.937117	10.722684	-62.603011	-34.828580	-7.349557	-65.621171	-6.894239	-30.498581
	-32.808368	70.977484	42.817008	-18.737059	-33.032907	16.205834	-44.456793	-19.419323	6.919661
	-41.229289	37.754309	2.168486	-11.601261	-28.947527	12.299320	-46.675430	-9.006410	-15.619622
	-42.413777	38.679797	53.456220	-22.611648	-45.399805	34.132390	-35.578590	-2.773257	-1.551451
	-18.771939	31.620620	-18.348007	-17.322962	-31.144549	6.365221	-49.762162	-33.371785	-30.056392
	-25.884720	23.032627	3.088457	-13.594393	-38.306129	40.133877	-29.540681	2.294651	-13.930850
	-29.734633	-4.591080	-6.851744	27.679163	-52.871765	18.713567	-11.277274	-31.864135	-45.810992
	4.518172	15.796486	-10.875453	2.570212	-30.885077	39.796259	-5.183924	-20.505515	8.935182
	4.408760	31.349957	-1.806798	19.467819	-16.350067	14.277642	-20.890338	-18.936328	-18.518184
	-18.121215	3.137652	12.286498	3.120638	-5.538542	12.807429	-56.413822	-2.026119	-41.559598
	8.851665	1.517084	14.363168	13.259136	14.818539	17.440079	-2.363150	-16.085708	26.847214
	-2.130384	17.166843	23.712948	-2.644847	-14.737333	23.305077	2.692615	-20.056415	-32.510951
	-18.747287	2.777664	0.657444	-3.869343	-5.333866	-7.944405	-14.865757	-44.726466	-0.821297
	-14.036203	13.463510	9.222050	6.294838	-12.571427	30.113593	-11.824009	4.594124	-4.552481
	-16.243631	15.497193	-34.985845	-7.717482	-25.988168	-4.287186	-12.097762	-21.416482	-34.328358
	-8.921446	11.428605	-12.632696	-17.032093	-20.118387	17.093632	-13.356509	-39.266477	-18.773636
	8.737608	15.668838	5.645340	13.866654	3.684824	0.886093	-13.763221	-36.649571	-9.881713
	2.340475	25.050457	18.379547	11.190164	4.727883	11.689074	11.305414	-0.580569	-7.194063
	25.038061	26.011630	20.690849	25.076285	-24.624158	-17.664074	-27.269619	6.913725	2.510137
	-12.331321	35.844164	-7.341023	6.164237	-19.260073	-37.882176	0.963307	-6.616263	-40.538234
	23.553912	6.525914	28.555366	-20.855254	12.626748	-37.736853	4.928322	-2.984266	29.171310
	32.546826	4.330932	20.899485	40.417009	11.905755	-39.964899	34.390058	8.488207	47.958537
	48.657579	12.300416	47.086348	9.604748	39.117679	-23.555491	38.948155	-14.538968	65.123892
	25.873199	0.836791	-18.232628	13.133588	37.417737	-1.655284	26.918392	7.646415	12.045773
	26.335781	-42.943854	11.660018	9.515539	53.822486	-30.273900	47.552969	-2.078758	53.286981
	38.486767	-13.937510	40.970526	31.218016	34.814843	9.309153	39.321918	23.372058	44.307103
	65.258990	-30.170275	35.032839	39.256078	45.082834	-3.027755	59.890525	23.259948	38.769085
	37.502960	-34.138438	46.458289	82.519619	37.270562	-17.254176	69.267420	37.101466	23.337385
	49.320223	-39.932605	28.350829	18.304442	29.102108	37.672314	39.559640	-19.130558	23.910520
	83.655172	-38.671885	8.347778	4.437028	47.819282	75.599480	28.615125	-41.802470	81.066934
	66.599428	-31.989482	3.191314	-1.532954	8.312823	65.305393	-2.360877	-30.179506	25.778138
	65.109757	-20.016191	-1.455045	10.576165	2.783153	93.949312	16.784576	-19.550531	-4.125243
	18.258860	-1.317223	-40.444551	27.354092	-34.301566	53.069256	-13.377867	9.433604	-16.026415
	33.025090	26.715510	-30.644847	10.925125	-10.615049	67.469996	23.802875	8.505265	-40.830040
	18.254292	6.884150	-5.470389	20.826604	-20.022311	61.160906	-12.875957	-10.928733	-26.941597
	43.287156	27.345538	13.551103	25.835794	24.913336	11.145217	17.085113	12.361037	21.409687
	31.676003	6.416140	16.130276	36.710556	3.741089	13.646737	17.532271	-13.385514	19.880609
	39.705140	41.118832	-7.983938	50.229301	37.709719	-7.248002	22.691085	-11.321220	26.781064
	32.375796	31.805310	-1.136209	38.230820	0.097602	0.011947	10.225550	24.586330	-35.269852
	17.338052	18.051325	4.431315	27.801505	-12.927655	6.816115	22.304827	21.539353	-4.301961
	39.555169	30.824536	-6.415788	39.362196	28.844596	1.259164	16.923087	1.562926	4.858331
	35.579015	20.992985	-18.742819	17.707875	13.016220	-0.356460	14.615401	-1.891160	-9.550836
	-3.303712	27.107067	-15.774015	41.776201	-7.558577	-34.497583	-9.229592	22.613223	-15.589795
	1.653738	6.223391	-13.215397	8.232432	-16.915262	-38.062042	-26.147937	3.129137	-0.641800
	-30.288015	8.494619	-8.242087	16.193269	6.363996	-30.444198	13.325552	16.769038	5.001231
	-10.454321	-6.024874	-2.459101	20.346363	24.744096	-22.050541	-0.218780	-16.637729	0.700258
	-54.685821	25.810054	-20.329823	18.666626	24.091611	-39.835616	13.623723	-4.516129	5.884440
	-52.902068	0.511556	-26.761013	26.177323	-9.425736	-29.279648	-4.590883	7.418712	-28.503802
	-41.419776	1.281858	-21.079179	25.723020	7.669137	-66.638524	-10.539981	15.361976	-23.985659
	-43.527865	-2.359354	-24.031122	31.782148	0.048148	-33.829574	-0.529803	-5.387595	-1.761366
	-18.701066	-10.468831	-13.051594	-26.591182	25.760826	-48.849206	-7.043543	-19.376954	-18.749956
	-26.425721	-19.339688	-19.914191	-46.983335	-33.913805	-6.385012	-11.739225	-15.509038	-21.273903
	-42.958671	-20.924671	-3.590872	-3.940611	-13.450157	-41.238800	-23.660226	9.708238	-15.693206
	-36.077399	-15.599892	-13.935867	-32.356301	-11.417729	-12.301316	-16.183633	6.996837	9.154006
	-37.018965	-9.202953	-15.152997	-40.305357	-14.897735	-11.994885	-8.164901	-46.213637	-17.641004
	-32.123793	-8.983812	5.219717	-28.327759	-24.298992	-9.916536	-37.143718	-4.755872	-12.779920
	-6.846759	-9.403033	15.844732	-17.854752	-28.691026	11.637231	-25.319295	-2.768743	-0.650120
	-47.808400	-4.412861	-7.929355	-3.171309	-14.118659	13.035321	-36.053224	-9.115479	-11.375183
	-44.345092	-21.077890	-12.909838	-18.518745	-24.666884	4.754849	-5.094639	6.266225	-25.820548
	-29.025398	-34.004490	-17.263642	-38.111569	-36.883048	38.652953	-16.803703	-29.220944	-19.863225
	-38.514014	-21.657503	8.437647	-39.804606	-38.705830	62.928540	-28.789214	-27.401943	-20.981633
	-23.990153	-31.616610	-9.509063	-25.764762	-17.526059	50.426124	-24.844510	-13.253143	-28.264547
	-63.958373	-28.677549	-26.778305	-19.154572	-13.775323	20.650295	-22.505841	-13.382535	-32.986014
	-10.252616	-18.107409	6.556074	-44.320504	-34.979439	40.765854	-24.546735	-30.172559	-45.027680
	-31.825747	-19.197580	-4.547921	-43.726588	-38.242264	20.928454	-30.527482	-17.247620	-27.085773
	-21.596429	-14.332337	-1.390788	-7.696828	-45.543000	39.677525	-13.366049	-21.698108	-42.725213
	-22.120682	-1.976533	-4.920119	11.327019	-38.044556	13.141424	-18.147579	-5.935891	-45.281937
	-34.415262	-3.555114	22.916982	2.342047	-54.088274	5.074569	-60.201551	-4.205330	-49.416326
	-32.997174	-14.759024	8.943238	-15.738772	-46.035944	-3.515476	-46.732231	15.281602	-20.029993
	-32.526351	-13.739017	19.829280	-12.379621	-45.098780	16.846040	-41.247139	-1.144482	-9.379073
	2.856276	-3.611404	-7.610618	-1.087955	-42.123100	29.495384	-17.961427	-2.284165	-26.451779
	-2.421639	28.259589	-18.599047	-6.465911	-19.950015	-0.924005	-3.980395	-19.987305	-23.608066
	12.222744	4.376165	-45.631391	-11.875982	14.012529	-7.689378	3.401389	24.003922	-26.786826
	-22.919387	28.236694	-36.963049	21.576886	-20.465601	-19.990239	10.178510	46.432789	-18.164971
	-20.088651	35.769638	-47.995446	-2.472200	-25.849056	-16.720538	8.559066	70.954385	-61.801880
	-11.805697	23.435793	-50.906160	-22.494400	12.997024	-26.372170	-24.274569	54.189724	-54.635771
	-23.162427	27.198196	-30.596095	4.475041	-23.179540	3.680649	-5.674048	86.208917	-95.729215
	-24.081603	43.197396	-22.749484	-14.362423	-14.335400	9.053220	-7.787876	28.504833	-24.506434
	-28.795002	4.265020	-19.483901	-16.328113	-8.608816	36.851049	-7.603548	70.477287	-11.453846
	-13.822681	8.662288	-21.647229	-15.997689	-21.645234	19.758582	3.156445	8.146532	-17.762658
	-8.291288	-2.875902	-20.649232	-49.018922	-31.694271	38.771576	-3.007070	27.858999	-22.997864
	-22.355393	25.352974	-23.420145	-39.623214	-59.983451	23.290793	-27.736278	17.485694	-47.160481
	9.491719	10.523541	23.508822	-11.963470	-40.939610	6.091769	-33.443941	3.460707	-22.232398
	0.459641	-19.822200	1.343574	-24.081579	-23.232442	-4.111218	-18.605826	-13.879102	-13.918077
	32.062863	-8.061108	13.519396	-7.960335	-22.079787	-28.357730	-20.204613	-16.183990	13.163402
	15.619082	25.212994	-14.962821	-8.213989	7.895279	-38.995342	-15.207704	-14.070541	36.369270
	-7.519105	18.577329	-16.679474	17.129781	-6.528292	-56.664594	12.044883	-18.285256	-26.115895
	-11.010849	13.938992	-34.154426	-5.208676	-21.286659	-33.783955	5.313879	11.523162	-28.867666
	-31.751429	29.471376	-60.677614	12.151759	-16.031336	-29.652471	-14.586782	46.525701	-37.943493
	-30.643475	33.666699	-59.799814	0.786706	-16.826107	-26.127077	-14.158737	36.152224	-48.678564
	-4.811956	8.253755	-14.603947	7.749123	-2.223434	-17.556054	7.144376	60.336232	19.751130
	10.205168	-3.235061	-14.726677	-9.995448	-13.854277	-17.663018	-12.270626	7.038266	-27.593022
	8.099189	-26.879439	4.846303	5.331306	16.955930	-26.507677	4.617919	36.696919	-6.593886
	40.688628	-4.745005	4.398199	-1.619216	-16.855917	-42.717862	19.145961	30.810727	42.010219
	27.954782	-23.057589	12.307248	1.305815	18.556967	-7.052200	31.462884	21.197005	49.560247
	23.000645	-9.195578	9.944359	-26.470429	-29.789378	19.689789	-14.431228	-10.989132	31.244267
	8.997546	-6.710200	-18.369620	-56.103861	-34.340248	4.737139	-41.796898	-8.890762	-22.951072
	11.438095	-3.815100	-38.441689	-39.502671	-13.912258	24.043351	-29.429237	3.956392	-11.029120
	14.710879	-30.128154	-34.145457	-14.106248	-29.482130	15.239757	13.380148	-11.171258	-18.832136
	-0.294055	-22.884267	-21.282944	-28.984467	-27.054257	12.772420	-40.378396	-6.000219	-35.147146
	-13.264573	-22.877552	-19.481131	-28.929123	-10.550145	23.626406	-27.832687	-14.378607	4.230905
	-15.179010	-9.712736	-21.396170	-25.204166	-14.829095	-16.940819	-33.832700	-6.572369	-15.723647
	-13.108600	-2.666952	-9.827258	7.741061	10.301553	-13.791390	-17.373767	-14.949909	-5.656940
	-3.224012	-19.718835	-6.867587	4.787794	-1.587550	10.060729	-30.244942	-14.416170	12.103509
	-13.669830	-6.575594	-11.759204	20.978876	-12.882469	-10.677701	-3.896648	-17.803412	19.765915
	34.834801	-23.231284	14.434854	18.074310	14.522587	-11.730912	18.970343	17.364570	42.689739
	34.720485	-31.522770	-13.238352	14.719116	-0.262928	-33.384383	-5.675350	-13.271910	37.417926
	25.326472	-13.690992	13.140807	11.176103	-7.226510	-32.640936	6.356471	27.855630	16.043469
	9.234430	-21.416690	-6.890439	24.426593	-63.471436	2.815725	7.293675	23.899378	5.761827
	7.654160	-7.216542	3.034004	-19.875565	-20.078139	-0.566899	1.871890	23.573697	-20.708093
	-12.798406	-0.219224	-1.406650	0.587828	-34.678998	23.506214	-0.195915	8.905943	-43.790391
	-16.734063	-13.495586	13.152799	-4.540869	-44.345357	15.507983	-12.385572	19.239000	-47.705466
	-5.718759	-1.659355	-7.620442	-15.877804	-56.063659	13.818772	-22.862123	23.323304	-39.068270
	-7.255506	-3.878694	-15.302851	11.150811	-54.977818	3.512210	-19.359019	32.322110	-68.424568
	5.538137	-1.374603	5.133226	-2.057501	-56.752269	0.922939	-26.236026	43.314478	-82.528125
	-10.772169	11.831714	-29.520770	8.107646	-63.658375	21.957954	-38.574276	22.809312	-90.459346
	-32.257119	-11.117817	-15.828888	4.806100	-41.029384	-0.500859	-15.249488	26.445537	-45.810596
	-21.532075	-4.960684	-12.548626	-11.036881	-42.555321	16.484905	-27.130301	5.385627	-32.842528
	-5.581047	-8.282191	-18.402212	0.901821	-49.124646	41.886540	-27.895855	16.720483	-49.897502
	1.195556	10.653170	12.473429	3.107676	-44.689870	19.298647	-3.446214	3.999914	-25.142993
	-16.841410	3.401540	-3.512631	5.616431	-25.470056	6.748428	10.491837	36.459865	-5.693960
	-3.603154	-3.236334	-23.882750	4.887255	-12.020190	1.401311	-1.504734	29.844046	21.234107
	-2.565306	4.135030	-20.133395	4.745345	-26.160492	36.030039	-4.655419	-3.725247	-19.002395
	-6.611828	14.924252	-29.969866	3.732310	20.982600	9.934640	18.252557	17.213655	13.666115
	14.753061	22.593115	9.235427	9.901757	55.609983	-10.984119	29.382941	57.090560	47.343544
	16.373583	26.539814	-20.992576	27.582755	52.553797	-8.487117	30.491010	42.055429	35.577236
	-7.255313	24.760936	-18.340709	18.082943	55.534942	14.742608	25.227388	1.286284	-0.771084
	-0.180734	14.744607	-5.872551	0.646649	36.996846	-0.212324	-1.458611	4.187972	11.700358
	-11.298500	25.004440	-1.896807	13.521155	54.321109	-15.061237	15.120126	-15.925456	31.991143
	-45.744973	30.428612	-43.590549	-13.028418	46.164978	-36.561137	14.466245	23.974948	-20.274417
	-9.148699	23.296529	-65.083414	-2.286988	7.964597	-23.224745	-11.599872	39.243803	-70.756365
	-14.220709	32.337394	-56.464067	-4.729301	23.712221	-52.555607	-4.474727	46.363463	-53.307129
	-39.780901	24.973916	-17.842931	6.855480	29.447814	-46.066778	24.932141	62.042925	-34.375575
	-21.914665	25.131948	2.062627	9.986970	37.311677	-28.910412	19.451846	38.102826	32.146986
	29.339570	-0.844152	-11.360086	24.002719	8.524938	16.393565	24.734758	30.216404	20.734761
	-31.405553	8.985528	20.919440	-3.168128	16.321214	-21.309322	-10.315084	38.638475	32.651996
	-4.376865	-1.152887	34.577565	2.315988	15.228512	10.515772	-0.048007	16.917505	25.550288
	-23.744682	-1.177656	20.557299	0.298272	0.720617	5.115894	5.980129	-28.162943	-17.880707
	-30.537390	-1.650900	30.280136	-15.820312	-14.822476	21.830459	-15.184982	-41.616945	-0.988899
	-36.857823	9.192340	73.910248	-17.153643	-14.609646	34.535016	-35.969863	-45.588056	5.676856
	-12.922909	14.656147	45.917301	-21.652716	-4.073317	41.753640	-17.852776	-61.017095	2.351188
	-23.109925	-1.832575	13.111998	-18.632152	-21.287959	25.343623	-30.267630	-64.199329	-48.329025
	-54.523125	-3.974816	30.332821	3.774024	-42.858202	41.362611	-30.570234	-46.772367	-27.279349
	-33.737275	-13.247818	9.782954	-25.536794	-19.721064	18.540870	-54.612983	-54.928363	-47.317000
	-54.349190	14.175856	11.168296	-36.191707	-37.709945	50.358196	-20.957920	-31.796114	-43.054021
	-7.383493	-10.236020	14.806072	-4.769771	-43.553418	50.758902	-10.420660	-35.160235	-64.101344
	-29.670016	-9.648618	-10.830547	-7.863164	-66.113531	25.051956	-10.214462	-26.087594	-41.698209
	21.740359	3.390667	19.470232	28.590841	-14.657262	13.841079	10.832778	-17.104016	3.025926
	32.443027	-11.239991	0.649808	-6.849206	-13.940857	8.431726	6.230526	-48.569248	0.820094
	31.123812	-9.888028	17.046094	4.480706	-33.823237	9.875443	-9.932630	-42.785413	0.018622
	29.532435	-9.344315	29.447019	-22.910958	12.926191	6.568423	-3.377619	-35.104703	33.216656
	-8.027990	2.963629	11.085570	-4.480663	-25.023400	-10.580313	-27.017015	-22.054118	8.888619
	-4.757054	-4.145757	11.070729	15.692512	-40.484656	22.225758	-29.412621	-1.132080	-28.226709
	-6.602450	11.674009	-2.294771	-8.097096	-24.406838	10.288968	-13.032757	-19.765751	-14.349421
	1.663883	12.937999	13.241041	22.324704	-25.138662	6.347007	-41.116308	-26.548994	-12.090159
	7.436195	-9.218582	13.520522	6.492231	-54.487511	7.044414	-33.097066	-37.207379	-32.215926
	-29.134164	-5.010629	24.671444	-23.929705	-34.305604	14.654461	-18.135587	-13.788473	-39.134300
	-22.486203	-10.007218	-20.414943	-17.708412	-61.921982	48.372412	-25.338822	-37.650696	-49.508234
	-12.695130	-22.150837	-12.659390	-28.157753	-42.902390	33.124167	-4.838495	-56.433069	-25.080369
	-6.713589	-13.557412	-10.265310	-22.816467	-10.983806	20.103296	-16.680342	-46.527960	-21.036091
	-6.264272	-15.538243	7.918843	-0.446532	-31.459610	25.447383	-0.400579	-32.164110	1.971874
	24.583681	-24.891204	1.535130	-31.290852	-16.975407	3.790052	0.218020	-32.304225	-12.267192
	43.569248	2.457891	15.751136	-10.827399	23.379203	4.128420	25.311275	-16.655811	38.517740
	19.653438	-4.745564	7.663475	-7.689174	15.822962	-52.294008	31.029970	-0.376156	40.085190
	14.034773	-27.779814	-10.675658	1.609729	32.415209	-10.998036	23.333783	-7.245310	13.809062
	2.803012	-4.569777	-12.779116	-13.729378	29.875189	-32.451729	33.517281	31.220849	22.782617
	-21.492044	-18.615093	-31.934505	18.707118	33.057866	-15.483858	31.048335	-20.472562	17.713543
	-26.648690	-8.944081	-23.400443	-25.697549	-4.116607	-6.891535	-16.159097	7.129807	-25.530446
	-31.017095	-11.880433	-14.522847	-23.202832	4.386063	0.871215	-9.179070	-19.001208	-10.373982
	-19.831935	-4.409533	-21.485704	-6.240393	-13.768573	-3.487271	11.378551	-24.026052	-16.583796
	10.235895	-3.058913	18.447029	2.526469	5.827042	-5.219909	-9.234249	14.600290	14.865637
	-12.066000	-15.133883	6.508124	-44.289882	-28.918124	-9.620383	10.185003	9.037605	-0.258284
	-26.751716	-26.059190	-13.382939	-16.997966	7.165175	-32.901209	-18.743873	18.228074	-10.712389
	-19.906806	-13.533031	-50.903065	-12.668574	44.065537	-41.862576	-3.137547	30.986704	-16.239454
	-27.534443	3.523651	-42.004519	23.392730	45.003746	-70.670429	44.270848	22.488844	-6.643381
	-3.014239	9.849912	-55.059848	20.290730	91.809076	-52.190056	55.915608	26.348897	-20.826000
	-9.289931	-3.886510	-76.117032	28.497264	54.020046	-53.783247	39.281653	44.335104	-28.755504
	-21.775970	14.608550	-69.006555	35.435995	67.709596	-44.879924	44.517924	63.465034	13.803031
	15.180655	8.021790	-24.128818	43.173143	32.249695	-9.354551	38.967081	63.197001	-33.735760
	13.092689	-22.263822	-51.046515	10.338773	42.503998	-0.696799	17.222085	36.669722	-12.168001
	6.509173	-29.887717	-45.881466	17.137795	24.011627	-8.517269	31.531174	34.689534	-24.947861
	15.572231	-41.457515	-19.670354	18.195853	14.420094	-14.440024	28.353796	1.684644	-22.074169
	39.772992	-33.982657	15.098380	41.246453	62.340074	-13.274662	63.030272	26.854539	30.535788
	22.021336	-56.834688	21.354412	29.233357	30.482794	8.522773	56.897703	-47.475778	28.087593
	25.623382	-54.604373	49.862357	-11.757700	37.436145	8.788136	40.186042	-56.322773	95.772320
	36.660826	-59.774433	63.856701	-0.465258	78.709112	4.247733	36.272071	-39.294146	78.481046
	14.524532	-28.949745	31.298591	-8.467937	56.160718	-20.766185	51.859378	-14.427880	64.921405
	21.445544	-20.765354	11.555194	-12.665272	51.589208	-25.085908	16.270946	5.459979	48.082616
	-9.133982	-39.765168	-0.585692	-35.643024	56.773403	-8.782485	39.072047	-21.935931	80.150763
	1.164126	-47.495373	30.520819	-19.340611	50.054239	-26.883754	36.924102	-17.416579	67.738308
	12.573738	-44.564145	-10.436825	-24.537084	60.039790	-2.393330	3.066980	-22.425170	32.841649
	14.206357	-41.785136	-5.474121	-35.633423	25.933141	22.379228	8.092178	-30.815379	28.613118
	2.142973	-40.922693	-27.056021	-45.044600	39.701265	39.218597	2.988983	-78.672018	14.546161
	-25.257943	-37.095303	20.838826	-58.938251	23.023310	28.587517	-22.264481	-17.263440	15.528113
	-2.784060	16.315574	41.216009	-2.899280	37.127234	18.406834	40.815119	-27.644039	28.897193
	12.201284	3.256379	30.025940	-25.622418	44.439367	55.054233	3.540056	-5.722584	52.190134
	-2.032574	0.873473	-2.779502	-52.806570	20.561437	64.281477	-14.122001	-35.948787	35.373420
	7.958335	-14.560391	8.659233	-18.356106	-2.761254	21.494771	-28.504159	-48.148292	11.203654
	-14.312226	9.371255	22.499901	1.926894	-6.819020	22.114695	8.731541	-35.343423	30.068867
	9.130806	-5.055717	3.200648	-9.073567	6.268610	26.511515	-26.570070	-37.230288	-22.083389
	32.279154	-2.122710	5.060592	9.581432	-9.509229	34.637916	15.431424	14.076713	-13.290506
	14.356905	-4.588504	-2.412674	-2.900450	-22.850371	4.195290	-16.767024	-23.823114	2.594656
	-0.459195	15.901028	-1.711046	0.128232	1.424178	-2.497519	17.336566	15.073747	-1.999196
	-13.019462	-8.943072	6.720617	-12.604700	-1.511977	-27.630011	-41.733796	8.756924	33.700894
	-11.686579	-6.644222	33.008033	-19.137955	-3.141829	-17.429862	-26.607578	-8.069609	10.726903
	-32.868067	-10.466105	35.832180	-9.098000	-21.785294	-8.041913	-24.243482	17.928839	-1.294760
	-12.274410	6.829762	8.475334	-15.100123	15.531563	-35.955810	-10.831650	0.346362	24.430268
	-13.905049	10.446211	18.903158	-25.646949	-3.263989	-20.685129	-8.752760	-16.315863	-18.431392
	1.445582	8.904718	5.407452	23.979693	-5.955672	-6.907695	5.624544	5.569101	-21.689049
	-37.991904	15.882432	-2.771008	2.593321	-29.023424	-8.327595	-9.529067	-28.117025	-25.495598
	-32.883587	25.399312	3.038913	11.412242	-10.228472	-49.670316	-6.769920	10.076958	-30.823552
	7.446599	15.852629	-30.737123	-24.210383	38.364799	-20.778477	24.313234	-28.763396	5.646567
	54.091908	14.197687	2.874632	5.594545	24.572429	-6.545726	23.997723	-28.018867	2.952525
	15.825800	29.022940	-2.568982	23.010839	37.522840	-20.200366	25.699891	-16.849779	6.607095
	11.668294	35.188194	-16.362481	44.621845	31.139067	-39.169518	30.038805	38.514854	17.387744
	46.671045	2.125824	8.967522	40.845451	31.460583	-16.612997	41.765562	6.306846	16.152733
	49.363090	-14.773692	-14.777129	31.734601	69.340814	-17.879136	67.470580	10.865863	10.107827
	34.307838	11.799662	8.747823	38.684294	88.932495	-43.731294	57.870213	25.953604	49.724348
	13.394693	7.945165	-35.403220	75.769000	63.166196	-59.231982	74.976944	47.370470	-11.890151
	9.143888	-4.576246	-41.082770	45.100082	31.337808	-54.402387	36.954750	5.788611	-41.059043
	15.139018	-17.222278	-68.203455	19.154159	26.609341	-38.143926	41.966379	-8.901276	-44.729217
	-5.849124	-11.862151	-65.693231	6.891976	18.739188	17.956962	25.213079	-0.146743	-49.095701
	10.928600	5.931226	-42.504385	-10.825991	4.444025	32.185541	4.680735	-8.220222	-42.819553
	27.439931	-12.611113	-51.463930	32.222119	0.002561	47.169634	18.659606	-25.750920	-23.576768
	29.150587	-24.573838	-29.583886	11.831757	31.409138	38.300280	2.555025	-8.276558	9.269694
	35.946147	-21.073674	-31.235497	-15.676603	28.882433	12.448956	-6.525950	-5.201188	44.129718
	25.318239	4.268781	-31.641883	-1.651336	23.634095	19.453194	-9.379467	10.250625	5.856956
	46.283139	-14.667878	-20.966813	0.748234	29.078351	12.144464	18.644587	-10.472995	3.812955
	50.126420	-23.697254	14.918007	4.776944	59.042536	1.861082	47.553106	-1.396197	78.236594
	80.689291	-32.294912	-23.948593	8.965746	49.434487	19.173013	42.172345	-1.326460	45.734115
	53.316254	-29.849227	-23.365999	29.492474	34.588448	10.388220	33.223338	-10.337759	23.729170
	4.994436	6.229665	-16.751313	43.008649	15.727933	33.108713	42.783677	1.943145	8.632674
	26.180264	-12.697089	3.779535	12.929631	13.132992	27.049229	33.279760	-18.037327	-3.265900
	33.454944	-7.038676	-14.939552	32.343986	45.976081	22.632746	51.439883	-0.903814	3.956924
	18.732028	-0.093132	-12.478396	4.924534	26.112411	14.024344	17.743867	4.499883	35.194881
	32.256899	-6.123356	12.325929	2.470699	23.445941	30.964837	-8.922991	-9.820834	61.817559
	6.643812	-0.001897	43.543036	43.226407	10.551120	11.800214	-18.376742	20.265579	30.007158
	-6.667478	2.495164	40.115670	12.438077	9.352848	16.727021	24.854164	8.796878	43.257703
	-19.840689	-2.750020	11.947394	31.177195	-25.796501	15.214006	-14.043117	-3.230557	-9.520238
	-13.560727	11.444006	15.381669	12.555793	-45.282217	-0.810414	-27.814743	-6.579090	-8.289276
	-16.925361	17.155079	28.827681	-13.455197	-48.721499	8.859596	-38.016802	6.321587	-4.801989
	-31.403155	-0.726080	24.336468	14.517036	-54.593991	-1.192638	-44.232771	-0.326194	-11.260128
	-16.953039	33.118971	-4.965522	19.175784	-20.379983	-6.472256	-47.699285	48.379338	8.262981
	9.721488	21.450712	12.793977	-6.030980	-25.602146	-11.412932	2.338592	28.237635	-12.135509
	-11.958288	16.362088	-4.639059	-24.412193	-29.240654	-12.029025	-28.493649	11.163924	-9.201928
	12.407382	13.773095	8.457652	-19.056640	-21.609657	-10.572026	-21.979713	24.718366	-10.383606
	11.003951	12.784840	25.320217	-16.077240	2.471278	-11.934218	-7.487665	-1.062742	10.527519
	4.510387	17.189629	25.401408	-7.264769	33.653660	-14.519982	-16.794379	13.718997	36.246078
	9.320172	10.038689	27.723287	7.168810	-9.559076	6.727386	-10.084390	-1.176316	23.755481
	19.037368	6.450319	22.509938	-1.586891	-13.350717	-13.498152	11.535428	-17.703738	28.141427
	-9.713512	11.608185	2.815532	-1.504071	-16.669923	3.576980	-32.979079	8.304870	-22.568743
	-32.274763	-15.754935	-30.807983	-24.855708	-26.235719	0.152868	-36.302912	-11.468103	-25.037261
	-8.398030	-17.473918	18.235494	-10.308447	-17.581982	27.155815	-13.541068	-1.128701	23.088680
	11.421128	-5.251954	41.681158	7.418785	3.537353	-0.364800	17.615117	14.206311	46.560249
	5.008157	-18.938157	35.068559	-3.882960	-0.870238	11.380061	-30.412675	10.984455	23.508547
	-8.134214	4.779780	33.516775	-15.502994	0.978047	-19.341666	5.980264	-10.004992	19.458924
	31.708834	-16.850984	9.222062	15.076345	30.028149	41.360036	18.524950	1.662659	18.971493
	62.482429	-14.004168	13.219358	1.409278	19.141649	44.095904	13.769854	23.992121	38.742282
	50.839339	-4.434553	-11.912128	25.148115	58.442457	42.369985	54.216104	32.803212	18.728947
	24.755294	-23.506043	-20.374129	-18.061973	45.807038	59.539799	31.307085	-21.041149	-21.088417
	29.500484	-41.799592	-15.924911	-14.891772	11.081745	66.704171	-0.161144	-12.966323	29.032797
	30.633875	-5.769076	-7.283152	15.612941	52.104256	31.729775	40.301868	4.414131	43.353486
	10.084646	-7.294885	18.582808	43.495731	33.761523	14.050489	18.183758	6.129554	64.383188
	11.519108	-10.610850	5.796860	2.049963	28.817708	4.141544	41.522276	-2.912857	36.470857
	4.776926	-16.524332	22.369459	10.317738	7.313041	1.827415	10.210957	-6.038466	10.614354
	9.927408	10.273318	-0.379989	17.777016	0.056460	3.443389	22.332246	24.936170	-0.834226
	36.525665	17.422264	14.826934	47.474328	-12.649470	21.365619	-8.653742	35.737209	-10.542090
	18.490353	13.727782	-17.324423	28.737550	-23.257610	3.624715	-13.779223	5.996778	-61.735728
	-20.473216	19.304174	-17.038702	18.600968	-23.477234	11.383194	-11.632208	11.278358	-69.743458
	-37.128540	46.560650	-7.379008	27.738444	-47.492552	3.108617	-19.593950	23.313669	-48.140055
	-11.534755	32.593022	2.357701	2.558493	-21.498223	-7.885558	-4.966521	4.026725	-7.283963
	-40.006653	35.126183	0.066164	-23.668556	-55.798274	-7.814504	-47.434888	0.404716	-25.275379
	-53.024454	26.409098	-4.068347	-31.757417	-56.920484	-0.679753	-28.638885	-33.177619	-10.723819
	-14.868748	14.870315	5.357322	-47.206550	-27.165809	19.625552	-52.967812	-14.130797	-0.772782
	-2.321192	-2.088669	18.137258	-48.637114	-5.994549	22.012244	-25.848430	-37.053244	16.644023
	-23.132502	-3.037138	27.021850	-42.399870	-19.577588	32.538164	-23.225550	-48.594159	25.233897
	-19.100093	3.839768	27.009318	-38.280615	-10.080036	-12.085386	-37.870133	-37.313537	2.510943
	-25.439312	22.504423	10.248339	-33.398962	16.474070	-22.721932	-24.469880	-40.267774	55.117394
	-33.162399	4.537840	28.322846	-26.872425	-8.125369	-14.093845	-31.819561	-38.253285	32.733355
	-38.533902	29.835145	-17.801209	-55.592842	-26.315141	4.845952	-23.378823	-54.365793	-1.435442
	-45.036716	42.658341	-14.799750	-54.366387	-29.745312	32.251282	-25.421222	-35.591049	-51.040533
	-18.026534	18.579173	-10.525885	-24.449462	-14.471978	-12.457738	-18.510273	-6.687088	-27.187763
	1.933206	35.927382	-23.274568	-4.469584	-18.687503	9.443872	-32.886510	-41.243148	-33.459125
	5.937308	5.861536	-30.289560	-16.847254	-21.686728	-8.259339	-16.533750	-34.271124	-22.315568
	9.798080	-7.952936	-28.128511	20.652779	-16.725199	1.330955	-9.289744	9.525444	-34.246622
	26.324952	2.830974	-32.688489	-2.900137	-12.783075	-7.734218	-3.323334	6.036247	-1.048912
	34.770083	9.614504	-50.877880	33.639572	-14.699654	-43.552933	4.703547	27.296976	-51.278104
	18.446440	-0.732779	-41.923250	8.056776	-42.492623	-15.685037	11.604570	46.439570	-104.012087
	29.336467	4.127543	-58.785575	32.020907	-22.704876	-24.301042	3.931985	6.753042	-62.434728
	-10.858589	11.509375	-44.928676	46.007703	-39.701384	-20.838177	1.445628	25.425683	-82.993724
	-21.922971	0.626898	-27.124924	8.825739	-34.083521	15.347721	-5.006354	26.178875	-51.107188
	-17.215912	6.303586	-20.266240	11.308273	-30.382230	29.022253	-13.744019	23.158724	-37.656061
	-12.487562	-22.797449	-22.699732	15.092917	-29.772228	32.573939	-3.958178	0.630061	-34.541922
	-23.541932	17.454694	0.503816	-1.178334	-14.891411	48.460572	6.930641	37.152597	-57.749399
	-10.033499	-2.218698	12.693545	-33.260476	-0.047792	40.882136	-49.025780	37.206487	19.869323
	-12.718905	1.027563	-6.259144	-38.193039	-16.289983	58.210805	-32.141490	10.726768	-8.476362
	-24.604682	-10.682783	16.358523	-27.699525	-38.932729	46.212735	-25.748512	-11.483145	-16.961333
	-22.344920	10.376748	21.109226	-23.098178	-24.264833	30.133015	-43.100206	9.821193	4.790078
	-3.493529	-5.108543	2.323140	-6.593204	-38.933928	50.382496	-32.320554	25.617387	-23.476757
	-40.980338	-14.126243	5.776091	-32.359974	-34.233438	35.878222	-32.640750	-10.493556	-8.835832
	21.648417	-3.075678	6.204717	-40.639306	-22.096284	32.190426	-23.121810	4.911629	8.082052
	12.086563	-10.914701	20.132637	-18.141778	-5.649018	23.664907	-18.157026	2.397015	26.865680
	-0.024931	-7.882939	3.394781	-15.983316	-19.915933	-5.495582	-16.058223	26.366346	-1.413916
	13.945556	-33.026821	30.895118	-24.168595	-3.448138	6.671302	-8.444761	-8.310691	29.049024
	-19.576667	-8.761877	13.736848	-17.757636	20.154230	-14.898694	-47.749593	-0.312868	10.634463
	-25.312495	-14.435757	19.466845	-45.616784	11.352217	-41.704484	-2.911032	4.573348	15.826589
	-11.387961	-9.882300	38.302062	-54.780135	9.545389	-52.868219	-6.065029	6.493779	13.248213
	-15.648804	15.064467	15.747515	-23.188387	-7.406169	-74.159345	-6.565083	14.726909	13.402222
	4.153823	29.430807	14.143433	-26.136435	3.973890	-46.515411	-15.903598	-1.458996	5.640862
	10.483852	36.522447	12.376473	-48.828154	4.846607	-67.266286	2.608120	-7.534859	-3.589494
	-19.269708	19.443537	19.055985	-23.620518	33.330250	-63.205535	-3.926284	-16.447667	-28.494969
	-0.393427	50.198635	0.403433	-33.910999	23.013751	-59.645798	-10.822771	21.265069	-14.175854
	-16.808551	41.797614	-5.797324	-10.457573	3.737909	-76.938974	-5.000277	-7.585998	-13.751861
	-46.132169	18.666530	-21.732432	-27.947667	-32.639661	-93.420348	-20.166740	-0.262392	-53.123591
	-32.548618	37.434982	-2.961599	-36.035552	-16.164625	-88.041204	-48.998756	-14.629833	-16.366663
	-41.151276	32.892400	15.623928	-17.181816	-42.184099	-45.224658	-34.711701	-23.822142	-0.861647
	0.473468	20.666508	3.799159	-17.702295	-33.519523	-41.303467	-17.876966	-15.533410	26.565866
	24.499059	33.206467	6.196143	-12.577890	-7.251162	-17.180290	4.087016	0.369390	5.696074
	17.015460	41.845055	40.865884	8.302974	-17.901818	-35.855892	-3.707668	47.515835	22.281427
	0.094031	37.565661	57.272771	-26.473114	6.657234	-13.407133	7.468134	-8.915072	11.700172
	14.775759	21.863923	42.711719	-5.248745	4.956619	13.501708	22.096564	28.584522	23.928279
	10.685066	31.026388	32.980196	7.036273	10.576221	5.847793	-1.319628	31.197866	4.731953
	17.037416	15.444884	28.782955	-12.800622	15.956929	11.793111	-4.837717	-6.301676	21.819975
	-2.620774	7.163719	-11.108909	20.223896	-23.175150	-13.474049	-14.785275	49.857299	-13.902488
	-12.374079	1.210304	-16.102904	28.280757	-29.976269	29.519933	0.428702	34.260190	-19.435854
	1.125997	14.472100	-17.274933	26.131303	-40.966180	-8.858989	-9.931420	25.510585	-58.451685
	3.437216	9.885468	-11.597036	38.856561	-37.538937	-20.372087	-1.476404	53.670856	-44.256869
	-26.001194	-0.755572	-5.977255	25.945920	-11.088421	-10.954158	-35.184534	35.877255	-23.092833
	8.311001	-11.970511	14.907368	24.754244	-33.988796	-19.600324	12.552768	28.480597	-2.966625
	-3.027395	7.250734	26.194792	12.890068	-7.345202	-22.754996	18.806335	22.821847	3.081173
	-21.309269	14.509921	4.530342	3.722548	-16.738096	-22.421562	-14.423385	15.738178	20.144142
	13.952548	20.147588	28.849421	-0.756188	-11.504080	2.417847	-6.271922	18.250416	-29.422680
	-21.692366	32.998681	-0.432260	-2.058506	-11.229698	-11.331080	-34.825709	8.447691	8.940789
	-9.917306	-6.876766	-0.400670	-5.999267	-4.182557	-3.648378	-22.434946	11.317952	5.422340
	20.832503	3.074397	29.137395	6.259302	6.333504	-18.030815	4.144913	14.573332	-6.650251
	-19.361293	-24.787184	-6.833238	2.285640	-6.679218	-10.185544	12.797940	7.770076	-7.188485
	-36.019437	-8.922682	-11.747342	13.600030	13.578174	-36.606452	-3.593289	13.145997	-43.724641
	-53.845457	-14.077190	-25.293167	27.386651	-13.851259	-33.815180	11.276350	10.817790	-22.043560
	-40.976584	12.810611	-3.453876	17.519605	23.209955	-43.013526	42.153538	2.964721	-1.743231
	-50.670972	-8.713927	-19.543700	37.400141	18.185768	-18.369332	24.857531	0.918110	-30.818933
	-21.407569	-8.819001	-11.555941	-22.006712	48.846044	-20.496551	22.264280	9.737105	7.682836
	-22.235095	6.603960	6.499978	-0.024838	17.580765	-37.336619	19.563683	-18.694085	-22.872344
	-10.771334	1.345529	16.483337	36.529593	7.172076	3.452294	5.203196	10.419216	11.360090
	-32.452000	9.858082	12.350433	28.560536	12.819560	-24.441965	-7.666310	-0.059498	6.476382
	-13.859038	4.498453	5.737443	19.558858	15.862298	-20.736992	5.843832	7.979460	-7.398290
	15.608805	13.632115	-9.355021	8.581041	3.405794	-14.881914	17.484095	1.030107	-6.195030
	5.812903	-18.966998	-18.395562	4.015485	4.247752	-24.340265	15.365432	10.634010	5.581279
	-40.281492	-10.160904	-62.459128	11.957849	6.580892	-45.504755	-9.716065	-26.670640	-48.482609
	-28.585823	-9.417660	-37.179765	30.767006	16.709902	-28.460403	12.570595	21.721187	-18.789707
	0.201644	-23.032781	-11.796026	15.138106	-21.944120	-18.585168	8.905035	-1.317016	-5.093585
	2.173623	-35.172868	0.648697	27.988105	-20.273577	-4.567607	40.451154	-32.321697	25.097142
	24.785260	-38.312213	3.098245	28.050443	14.375053	-10.792300	30.941127	-21.187439	43.997143
	32.944634	-19.954370	1.297960	29.821561	14.192585	-8.221161	20.904684	-2.547490	38.007913
	31.784178	-35.407957	4.986792	3.929040	33.661438	-1.168222	66.662060	-27.817004	45.716272
	37.200097	-33.808415	-6.564114	30.474551	46.479212	4.276134	44.913992	-25.512871	30.160331
	37.387081	-21.928922	-10.226134	5.932346	59.284643	4.233931	39.927672	-13.860923	13.246416
	38.857204	-2.201041	-11.051305	27.876475	41.324406	10.083900	19.422680	-16.750234	22.188000
	44.605847	-0.173739	15.300323	18.601843	36.102943	36.505285	30.413735	-57.966812	25.521497
	-3.866116	-32.004134	2.118665	31.814384	-13.202423	44.224852	17.825363	-31.653748	14.037065
	-8.561077	-18.762153	27.811829	-3.632687	16.995641	35.465501	4.629332	-72.261128	19.716607
	30.256007	-7.143885	37.020827	17.797278	37.669464	24.318469	22.549638	-22.665149	41.812821
	19.891508	-20.723884	3.363765	15.164147	17.130443	13.662431	24.527778	-27.867455	20.583077
	21.653163	-14.096857	16.221672	29.363873	39.128733	-32.791321	37.972886	-7.362068	35.194533
	35.894706	-5.509070	37.416749	46.644358	59.888362	1.672032	56.343190	-29.145405	63.937887
	21.453398	-12.009168	31.012110	17.729448	34.616257	20.425110	35.036395	-35.905950	46.733937
	15.829377	6.338738	24.174934	13.707710	66.129623	8.058056	20.334190	-44.250660	67.703785
	-10.338010	-17.431269	46.618854	-4.056141	52.290781	42.887196	1.690742	-45.158883	89.664996
	40.513056	-7.508951	23.431511	3.844834	42.183548	17.139299	30.065957	-16.051823	65.613077
	17.135000	-6.776613	-3.224997	14.549407	45.654138	49.341310	45.128919	-16.858763	68.047577
	42.254177	-4.133217	4.708510	41.614941	73.458863	41.740815	30.489276	-26.486580	91.290154
	36.369530	-7.704458	-5.352940	19.901316	30.546329	36.774665	22.353501	-12.999523	41.752924
	28.206271	-14.581175	11.081029	-6.413978	33.261785	3.258076	20.339899	0.784482	-5.434463
	15.098145	5.856385	13.050282	-0.471723	8.717846	-17.383498	3.179527	-20.692958	15.127269
	18.583138	-8.536731	-22.891569	-6.579740	-22.854914	-5.849450	3.274857	22.518531	-35.549278
	-9.888880	-10.144008	-11.947933	-2.085285	-8.220530	-3.744508	-11.709756	-10.359086	-5.129291
	-7.603759	1.514842	19.330598	19.067994	-35.779841	28.269077	-9.223911	-1.115410	-24.854477
	-0.183695	0.278633	-8.704135	-4.747255	-5.985411	31.945570	-15.872969	9.790401	6.945285
	9.949444	0.135675	15.810805	-22.518182	-0.784145	18.638831	-30.136646	-16.628923	21.483818
	-5.792739	-9.105772	13.216613	-32.188475	28.694582	-17.836592	-0.971051	-6.940935	18.712743
	-19.481647	-8.021296	4.568344	-50.250234	-27.099354	13.642591	0.805851	-6.808365	26.635848
	-17.856115	-0.808861	6.791736	-26.116590	-30.644495	34.293168	-26.001779	-4.490843	6.323579
	17.398493	-16.521163	16.926688	-13.133457	9.648255	29.649505	5.731751	-23.806821	40.145162
	-7.022117	-1.603789	-6.610552	-26.030430	-37.190475	13.330173	-9.541262	15.254171	-23.549523
	-0.942852	11.774977	22.205759	-1.015320	-8.708676	19.730087	-6.545938	30.351347	12.053945
	3.065320	-3.241647	-14.797577	-4.776155	12.532812	10.666983	-3.719684	-3.608028	25.962581
	12.099095	-9.793086	32.200414	9.491811	-0.368747	5.875270	-22.575021	12.505969	13.802572
	23.194792	8.012819	-1.145781	22.665620	8.488356	20.010820	8.200020	50.485764	32.296112
	31.089016	-13.806880	7.839560	-0.092188	-3.290030	29.760899	-6.429808	18.640471	-4.089143
	34.951700	7.227721	49.121769	22.573524	22.517833	-7.266980	25.377233	25.041844	27.969242
	-12.105185	15.531942	4.863431	-1.478712	13.952581	-24.308224	-20.353764	36.668105	-2.164790
	26.158414	-9.562974	16.727129	27.120634	-12.263815	6.852395	27.358686	-0.205437	5.945333
