	-57.031921	-27.493705	-3.865736	-54.431891	6.172562	-25.684671	-41.070848	-67.514248	-25.107608
	-55.319659	11.521341	19.221428	-43.917565	8.195829	-22.732183	-33.643216	-18.293995	-22.835885
	-44.098051	3.833914	-40.115090	-12.497530	-6.184382	-41.215489	-42.660590	-3.441426	-30.014701
	-49.141331	6.374094	-60.123182	-7.074553	-10.906782	-40.440682	-57.225720	-8.932301	-30.749052
	-31.917587	11.723206	-73.949384	-10.674563	31.738952	-21.881480	-46.876707	5.667425	-52.549283
	-42.590435	30.573866	-89.163610	-47.103040	3.098766	-53.694890	-97.574764	26.547961	-79.190366
	-38.818365	16.728975	-54.777180	-59.072767	0.790553	-46.473517	-77.578068	17.816281	-62.262205
	16.033114	13.256073	-34.247652	-11.089644	14.854047	-48.008155	-57.476391	40.866984	-58.848121
	5.473436	31.064971	-47.956716	19.848319	19.122385	-23.950666	23.445866	26.074480	-69.915394
	5.080605	19.703412	-24.405902	22.136838	-9.778409	10.885322	11.804858	46.397873	-31.445572
	-4.621071	23.896606	35.615342	-13.702186	-17.881822	1.348006	16.673493	33.367529	19.396498
	8.503761	7.019192	26.868886	-34.946761	-26.108908	1.804195	-18.191819	30.043073	38.118953
	1.531504	-22.499105	25.553955	-16.551464	-21.825266	19.404622	-22.899435	-6.153526	61.183159
	23.304570	-18.026405	13.537849	20.584111	-1.556347	14.431082	40.691962	-20.202950	40.758988
	13.392245	-9.394249	3.963041	-3.929460	-7.822469	40.692163	35.829881	3.242255	49.810631
	28.023518	-17.117207	69.274930	-17.150977	0.111713	1.028502	-23.799466	-39.520463	58.742265
	-0.672987	-6.220926	62.015207	-35.994014	12.921568	-8.431308	-8.156132	-46.772830	52.257838
	0.633907	-7.425892	53.753236	-25.741046	15.495940	-1.925386	-12.291933	-25.873743	41.634534
	-3.447733	-19.186548	52.473907	-43.503398	29.266572	-4.239960	-31.896233	-54.068570	44.018337
	-12.354937	-18.297675	19.985975	-51.711040	16.771397	5.043024	-9.091098	-60.251653	7.828108
	0.652387	-6.469045	13.619243	-18.743209	0.806840	-20.466507	-15.490165	-29.424201	7.387289
	-28.307908	-1.814680	-5.113363	-51.985172	-24.922893	-27.987919	-53.645511	-12.263403	-5.046155
	-24.004800	-8.953085	-8.575497	-66.753565	-23.788754	-2.610099	-47.794487	-54.983053	-0.784181
	17.132189	-5.428994	-11.562878	-55.134868	-11.231730	5.340321	-7.732484	-57.324676	25.722796
	-19.511045	17.161567	-30.849536	-19.772354	-5.110088	15.408412	-1.658423	-34.423304	-32.854165
	18.531395	17.642340	-30.349765	-10.036523	-5.294923	-7.179063	27.397565	-40.142041	-18.857063
	-11.656673	14.506634	-13.005290	3.429364	5.135297	-4.569542	-2.515661	-10.619601	-12.644897
	-17.842707	5.751894	-43.989489	13.123094	-38.144275	-13.126808	10.825250	-1.253245	-55.918568
	-6.510336	1.446800	-40.015065	35.817909	6.086275	-8.028013	17.855080	-14.918233	-31.067925
	3.857764	-11.306927	0.003686	21.883163	-8.524120	34.770927	14.014575	-24.073708	6.924878
	8.246232	-18.226044	43.961414	22.073356	-15.618011	38.270412	23.502813	2.996682	46.245879
	29.996383	-38.382327	45.930193	27.316252	-18.271553	27.752619	8.249798	20.282072	21.343707
	10.692413	-30.832522	-25.544758	29.204452	1.571532	8.470232	-34.638854	26.031673	17.394165
	8.525891	-33.958679	3.328657	25.251486	7.888859	-19.592661	23.720978	15.806717	-31.984758
	7.318985	-5.778791	12.010186	11.489100	14.284258	-4.367679	-5.411549	-0.839966	-8.411576
	-11.472182	-9.238471	59.512388	-0.773673	18.137492	21.563098	6.051449	-37.909612	19.719341
	0.624985	4.786299	16.607565	-35.291960	-6.696917	-3.117161	-37.730972	-30.019264	-9.998558
	-28.792628	-0.681702	5.725878	-53.758121	-32.268526	-24.078283	-44.110812	-20.827110	-53.261717
	-12.681653	-7.790635	3.888394	-53.138280	-13.810889	-41.579753	-48.966488	-9.050651	-14.567147
	-13.111956	-23.723691	23.142882	-27.241667	-32.895762	-27.052085	-22.333289	-11.275699	20.881851
	-23.762411	-40.397489	26.532305	-32.012342	-13.065744	-23.525925	-15.067107	1.916772	12.547539
	-22.647012	-58.615195	25.066360	-30.985006	-20.429697	21.100540	-50.578057	-3.243321	62.246075
	-4.366288	-43.736977	50.732934	-13.521038	-13.837569	34.825791	-3.191053	-2.367845	58.490139
	17.453767	-45.254217	56.413632	-18.853002	-33.526599	37.663941	-31.124769	-17.024112	57.469150
	11.756520	-49.055158	64.319638	-27.341778	-43.783620	19.427055	-33.937453	-32.189908	92.332475
	22.160772	-43.514869	34.235334	-8.365405	-16.147919	13.657565	-5.673719	-23.853260	72.871989
	33.949261	-37.686188	19.232333	-16.343652	-30.802531	-0.771100	13.787657	-17.593347	40.655906
	41.828978	-18.539333	50.977599	1.169855	-7.189045	35.508311	1.080626	-17.263885	37.664967
	11.366563	-12.508654	46.472317	5.336467	-3.217352	57.303279	38.296237	-16.800523	14.398941
	11.903583	7.855672	22.651083	17.497534	-13.932888	40.183148	53.354184	-33.090443	25.240647
	11.274396	11.712679	-0.728806	-4.121557	11.751202	32.019661	36.294118	-35.799429	14.911260
	-3.193767	24.149288	-3.208894	2.864746	29.796030	12.421996	-14.692655	-32.793547	-15.929242
	-18.343359	43.773209	-35.905182	-6.303742	22.274136	-1.061038	34.854816	-6.433217	-33.086663
	-17.888327	40.751748	-40.548566	6.227932	31.686160	-24.058295	42.279448	-18.889229	-67.942332
	4.186468	35.068566	-45.191669	49.446224	59.217770	4.300177	37.209562	-3.594816	-50.509552
	25.420775	11.618796	-14.114396	28.673257	28.267075	22.414837	26.918642	12.340835	-54.905837
	32.965592	6.551459	-26.556250	53.753859	29.615874	17.323543	50.443747	-2.599413	-45.194412
	6.200614	9.867391	-20.008122	34.177859	28.131207	6.817636	33.180023	14.851227	-22.095073
	7.884848	-24.309835	11.084426	-10.735796	-5.529524	-13.060284	-0.783078	16.239849	-35.472165
	10.532074	-18.787051	6.965260	-25.715031	-3.381139	13.367893	-19.126954	11.891389	38.579737
	4.421511	-35.842858	15.335416	-18.862203	-4.765856	24.773357	16.544597	-30.162492	42.231087
	32.206846	-27.521270	16.900055	-10.314711	-4.712735	36.602137	28.269258	-40.561152	38.492322
	89.161443	-0.447536	-3.868134	10.009399	10.771685	38.141846	47.296099	-33.271171	68.795628
	29.213142	-14.662669	-32.132433	3.534393	27.080236	5.316203	25.197753	-47.891071	78.941933
	22.512359	9.843885	-30.664212	9.421297	56.772530	-34.349730	48.262759	-6.619144	42.596404
	23.091226	27.450598	-66.810786	17.117340	46.636977	-38.703464	30.034099	0.742611	-20.874503
	-5.698601	27.029691	-42.769967	46.841800	60.137005	-47.882832	13.564879	36.011949	0.024419
	19.461967	-3.890851	-23.804402	22.885153	33.711816	-37.504644	28.004257	-6.445756	-3.376698
	-23.493728	-4.698352	-0.633215	37.352902	20.421936	-31.011941	24.528654	11.648320	-17.260068
	-4.526127	14.923194	-40.608543	53.704439	23.420561	-18.317941	25.945933	41.846147	-62.610746
	-4.055321	29.426714	-48.636193	89.027786	13.794180	-12.324260	61.339987	74.824118	-78.405892
	8.955492	14.371825	-25.709890	35.818729	-11.717644	19.051498	-19.220713	64.538006	-42.796388
	-8.360555	24.038895	22.710114	2.193222	-31.963084	19.065738	-11.214076	67.216788	-12.341515
	-5.666860	30.764510	11.293571	22.193704	-42.516567	-5.187713	-41.050829	59.917326	-11.814762
	-15.762993	32.524990	-10.117353	41.874114	-21.629084	10.469503	2.451488	70.884694	-56.620473
	-18.230211	40.929426	-23.085876	40.521566	-14.834893	4.630051	7.291151	69.212101	-58.717469
	-26.688003	23.432231	-18.521122	33.147749	17.738954	8.376406	10.577860	59.561236	-21.075232
	11.473017	43.423855	-2.161578	40.407505	-13.346316	50.433933	57.815309	33.141962	-19.738923
	31.640699	37.918646	6.780421	80.487247	4.939497	51.224624	61.815270	42.953009	-12.416676
	21.427106	35.038084	7.096514	86.006300	-6.193049	9.720859	50.926013	65.811769	-30.640424
	-7.064583	44.230431	-16.830727	32.770672	-22.207921	-16.676719	53.770905	29.903971	-8.756134
	-3.146879	28.265835	-13.014625	-14.567764	-37.829020	1.249907	-7.309372	12.157630	-23.894604
	-18.450954	-0.325042	28.795952	10.449493	-30.851067	21.692546	10.338886	-12.704240	31.923387
	-25.688537	14.136998	58.869474	-7.545028	-49.419467	27.656758	-9.604366	-20.029704	2.945565
	-41.505533	29.230295	13.604635	-23.062581	-42.648026	-14.182539	-29.542580	12.609002	-16.823208
	16.716074	7.351818	36.135937	-17.421282	-20.640460	-12.156462	-3.840673	15.508095	27.925046
	-4.089639	-21.460715	56.918587	-31.269747	-14.601638	15.461216	-7.426485	-0.701748	44.388028
	21.538693	-28.316433	88.347007	-33.142209	0.533477	37.786332	2.334725	-16.892822	97.628320
	17.336455	-13.757100	46.499551	-24.405895	27.887250	-18.031644	6.210849	-0.776371	64.304756
	25.230291	-15.699480	10.719124	-7.440264	9.484541	-34.261878	11.043707	26.850169	40.787426
	22.240872	1.202403	-31.800335	28.432983	-1.444843	-52.150102	30.353027	29.290403	7.407129
	12.209284	-7.324449	-1.181058	7.527886	18.543170	-39.355273	0.206511	21.960426	37.107717
	26.230271	12.052477	-16.351426	55.104386	-7.960186	-30.367441	67.245629	46.090433	-6.117323
	-24.789635	-6.033674	-6.329058	48.925931	-4.194153	-7.978126	27.687069	-4.952506	-7.977768
	41.127267	0.537177	-5.938969	51.179485	-15.277965	17.013571	51.553772	-16.014881	20.749805
	48.655457	9.008454	-18.424314	9.147273	23.439595	5.803703	11.767112	11.910550	2.562472
	12.368803	-10.887113	26.209896	-18.112877	-38.874978	25.544687	-7.522994	-24.463479	29.510475
	15.677344	-33.961986	7.789493	-6.867628	8.291775	42.795022	5.461466	-39.570661	43.869798
	18.884542	-33.468220	-11.188006	-8.477125	19.610902	-13.429691	-5.843653	-57.160401	33.552250
	-18.308764	-14.905599	-16.249553	4.672495	21.237138	-15.647166	25.767728	-39.184055	-33.288327
	-4.569211	-20.289681	-38.082255	35.919150	23.707658	11.532636	14.499421	-11.071223	-29.399501
	8.628083	-15.226700	-54.253585	16.692527	36.481240	-6.703933	29.310235	-10.050048	-30.588677
	20.877311	-7.216544	-41.048133	17.239217	34.836794	-27.171720	-0.787706	-1.550859	-25.997925
	-21.681917	-1.926778	-49.108079	-7.672233	2.280851	-18.776955	-18.718417	-7.215314	-27.925363
	-7.215968	-28.130161	-16.469549	-34.925650	-5.690452	4.937274	-56.777960	2.488263	-1.833149
	-48.375708	-17.468512	-22.096700	-42.708165	3.784639	-9.159899	-79.336247	-12.460861	-7.029653
	-55.622522	-17.915792	-14.082216	-70.177658	-2.301587	14.831807	-90.309826	-17.180136	-47.932411
	-16.772040	-17.559772	-43.840145	-94.885649	-69.452894	13.920743	-116.940607	-21.421967	-58.706624
	-41.450053	-0.934795	2.322168	-104.976403	-59.204689	-5.422528	-110.722380	5.022514	-29.285753
	-12.297703	14.938584	16.130991	-58.364991	-77.098521	33.505692	-97.952212	32.719201	-37.483206
	-33.435836	29.219879	-15.046632	-26.994783	-68.303616	8.853957	-64.555444	61.237936	-11.433827
	-36.602915	25.575894	18.575506	-8.722704	-34.368259	-1.204304	-45.320823	98.027210	17.975972
	-34.750164	10.123214	-0.460635	51.060370	-44.006499	5.946954	-0.413918	87.301510	-18.457723
	34.422892	10.445389	12.423070	70.170831	-32.819270	20.819012	43.171126	58.803374	11.186882
	13.014931	10.370335	38.699427	76.203428	16.333532	10.948615	67.149876	53.738645	1.189646
	6.583120	29.134733	3.628397	58.708476	43.570897	-19.376908	68.727246	43.980914	-16.056683
	17.091084	51.859714	17.789553	67.303117	31.864137	-14.946789	50.931118	16.768505	-1.793313
	38.529944	38.053030	70.157784	32.226709	17.373548	43.321959	42.513887	36.899598	39.232937
	39.212292	16.029481	5.042533	47.766647	1.934939	0.805094	76.139099	20.786546	29.814535
	66.052082	39.618992	27.694777	77.090692	25.537325	17.369714	110.909099	20.139062	51.464008
	-5.947935	7.623590	28.094763	72.316756	16.961200	28.243324	86.424832	-9.723062	26.014786
	8.670493	13.207483	13.859012	43.519397	-9.738976	39.757693	61.900285	2.926359	13.376513
	11.228267	2.362328	39.247274	30.988039	-42.712426	53.903532	35.703819	-22.412077	28.112859
	-9.950082	-20.401940	43.514303	7.007251	-25.794805	24.640074	26.859755	-25.849940	67.507317
	-20.262091	-13.491688	21.813409	38.012760	-1.832353	-7.618237	2.814542	-26.084248	29.083876
	-18.938389	-8.678549	-32.664084	39.385038	22.537211	-41.282237	36.706462	-21.501136	-40.983808
	-15.191596	-8.570214	-73.670147	49.348679	30.424637	-53.041106	51.006931	-0.154653	-51.147658
	-51.108178	-8.575422	-96.543877	34.458976	44.178949	-49.224568	9.700865	-9.947312	-114.577251
	-21.972338	-11.016816	-93.332924	-3.773311	68.903934	-62.377869	-26.968900	1.621504	-85.229655
	-47.208182	-7.883340	-77.605203	-29.417666	69.259024	-71.308901	-80.512114	-0.859260	-68.950914
	-50.041924	-3.058078	-24.008418	-56.521862	105.892104	-14.739211	-59.499549	-4.924302	-19.380317
	-78.701463	1.321014	-54.829721	-75.924322	88.753065	-53.255350	-97.786665	-27.224927	-32.551942
	-37.017342	-4.647298	-35.096605	-90.755972	85.249846	-31.864661	-84.362045	-12.135841	-65.206146
	-66.051447	5.474248	-80.988556	-64.832515	75.041958	-34.504248	-63.875415	33.833563	-93.973745
	-70.808535	18.576236	-77.854520	-60.147398	64.181234	-37.719989	-72.292405	10.399945	-57.718517
	-23.146687	7.382648	-34.857550	-10.214749	61.727054	-7.477777	-42.507525	41.977349	-30.903818
	-36.990839	14.417548	-27.457009	-46.200182	55.382007	-35.012819	-59.027962	0.822292	-70.302582
	-33.113736	2.222919	-20.803195	-79.728482	67.275896	-19.506268	-88.165213	-22.750596	-24.472992
	-30.214010	-11.293264	-6.475067	-68.702616	73.904864	0.966051	-86.553315	-26.249451	-2.896963
	-27.681442	-19.503019	11.944093	-101.823448	73.225512	18.742853	-64.027619	-55.368589	21.203306
	-54.403205	-16.654869	7.826067	-92.256732	94.280861	20.151133	-94.297927	-57.040546	37.084247
	-56.142928	-28.541625	5.400688	-75.083401	68.797966	-9.263237	-88.325291	-77.402213	26.237126
	-36.636594	-13.078851	-23.742316	-59.928288	84.851444	-53.426832	-31.120230	-72.910293	-12.863475
	-32.166373	-18.563530	-34.935873	-45.781173	67.316172	-23.608329	-38.157001	-65.043639	-50.947724
	-48.324366	-18.161510	-19.057604	-77.914252	54.766885	14.372948	-61.393884	-49.953495	-42.622769
	-59.217609	-29.056465	-47.624155	-56.413688	51.515623	-26.582755	-61.059844	-55.594439	-40.897459
	-35.876072	-12.301559	-16.125874	-62.517130	49.243060	-25.902571	-72.659402	-56.626053	-35.524120
	-44.524989	-22.079094	-24.292969	-61.020574	2.212353	-0.750240	-59.356427	-42.379253	-32.104013
	-14.798034	-3.037272	-16.782793	-47.390707	3.902538	-28.298612	-38.218492	-60.011233	-27.826178
	-11.516793	-3.736072	-37.005986	-40.241468	-11.580789	-43.268452	-25.172195	-33.953728	-51.779994
	7.142174	-28.820221	-22.862429	-14.029095	-40.833839	-18.089493	-19.682226	-40.053529	-33.459848
	21.647107	-28.936743	-12.244494	13.255626	-36.045845	-17.458858	28.300824	-32.329131	-23.254717
	36.474063	-42.476495	1.106460	50.106698	-48.283219	1.194489	67.726430	7.192879	14.626444
	20.315570	-50.446008	9.874300	21.824734	-61.488900	11.789504	39.504165	-12.960263	15.577091
	39.672521	-59.312376	27.598431	-24.564718	-36.280083	17.151689	30.709381	-30.036563	50.267378
	12.231166	-60.661580	84.675617	-44.593284	-45.341153	56.518505	-10.686628	-34.315702	96.120332
	12.809568	-55.347778	56.744550	-56.214086	-61.423931	24.843448	7.052010	-31.096796	47.841221
	56.268446	-65.184444	63.270624	-28.307296	-55.339588	4.478369	1.725649	-18.583437	76.747829
	24.167659	-49.876126	44.839990	-34.459516	-57.410290	3.058812	-15.021481	-10.118617	83.209718
	32.811322	-33.623420	17.599891	-16.439034	-47.201336	14.871622	15.815879	-17.897270	62.165891
	62.275821	-18.487239	29.325282	32.267004	-33.920647	30.522377	6.690531	10.757143	28.018537
	33.112416	-3.849992	-31.351449	40.847635	-0.897945	-10.264065	32.963035	26.619193	24.304273
	35.329236	-4.308548	-72.670371	76.533284	-10.928633	-23.247420	57.599300	6.722118	-25.937684
	27.511142	-9.277183	-47.890214	51.056124	-9.496498	-38.229095	41.812968	33.379090	-17.865698
	6.347965	-2.223649	-77.221324	26.701372	11.897692	-28.076284	23.868399	-2.958436	-83.084965
	-5.682595	15.434181	-59.535978	14.929669	-3.896097	-24.505921	16.743947	37.973329	-45.749382
	-13.990486	9.965107	-48.825588	10.047109	-5.592486	-35.839558	-19.041824	5.975066	-63.576157
	1.742514	18.486932	3.847754	-0.112445	-1.678856	-6.378667	4.851516	0.389462	-29.017807
	-35.654920	27.359114	-5.926152	-10.470186	-24.449652	10.473352	-33.182400	36.362381	-17.097727
	-4.651319	33.489121	-8.635580	-34.681089	-34.070573	10.243520	-59.233328	22.493006	-32.178525
	-23.763598	29.573709	-16.814140	-7.282548	-31.630772	35.893696	-55.816141	13.540072	-47.683092
	0.265880	32.263365	-32.608677	-5.636490	-16.491821	12.095188	-58.913109	5.885148	-66.941907
	21.546555	40.482438	-24.445997	-4.401196	-27.551889	27.129881	3.730390	-1.439410	-65.333673
	37.333495	54.687343	20.082756	-23.506769	-51.698396	40.763418	8.476480	-4.985348	-24.688854
	15.602163	49.420356	-5.611102	-22.265450	-61.562474	50.054782	-7.878652	7.097480	-41.352137
	18.237250	57.694544	-21.948772	-5.270510	-49.824183	6.599212	41.168433	-6.606010	-44.743589
	11.524476	50.574123	30.061338	-34.145556	-59.950625	0.875276	1.679405	-19.527866	-38.688923
	-8.724737	52.451299	36.091916	-47.801794	-65.217488	-9.837453	-39.351270	-22.254296	-10.436107
	-8.144145	50.837184	20.819599	-54.593259	-21.038229	-11.641728	-30.618630	-27.618217	-2.887271
	11.593923	43.979930	24.807272	-34.595419	9.344416	11.586846	-5.912892	-13.362690	35.902222
	60.248705	39.996736	-9.002500	-12.554085	18.623772	5.967063	-13.372612	-5.626149	20.442222
	51.808612	41.993666	-23.223510	20.291817	46.283040	4.151587	14.200153	-6.847094	8.454851
	38.400815	65.608840	-31.517957	27.645938	15.541185	20.817267	39.511299	17.327586	-32.417753
	48.106982	34.310800	-30.360899	13.787106	-2.093135	6.484654	26.737444	4.785443	-3.706499
	52.726836	25.950272	12.933144	10.383858	-30.583866	46.225556	44.628553	0.871644	29.181609
	53.540657	-19.715224	34.574035	7.451812	-36.232623	57.790045	38.991064	-51.448333	42.583969
	58.553975	-75.792308	68.533850	-45.807545	-53.726181	60.825136	14.798324	-64.761566	104.856404
	26.321169	-74.433098	87.697551	-4.902475	-55.491889	73.970126	-32.497103	-90.907739	85.260805
	38.117680	-54.218823	66.543963	-8.240355	-40.285492	21.255379	-30.678434	-38.894894	97.962243
	7.295420	-18.646466	59.135201	34.463695	-41.665463	35.919937	11.255588	14.554327	36.253241
	10.721967	-29.075535	70.541711	30.384359	-78.705141	23.955449	-16.966674	13.950863	59.694018
	9.709599	-23.906917	67.903377	50.187693	-65.447110	35.248258	12.611141	18.910001	63.198646
	22.557904	-17.023376	70.335988	56.775815	-25.889031	73.690134	-9.692319	45.015707	103.397351
	66.249462	-26.153212	71.596865	35.182335	-8.217474	47.759495	42.402656	48.472999	99.900221
	25.637297	-22.772025	46.470825	44.427519	-37.779695	24.436719	38.224786	39.104314	85.695232
	53.828760	-50.954404	25.186264	33.724122	13.167044	-14.855312	59.817555	10.059034	82.691141
	58.361177	-14.891699	18.657416	48.484879	34.108969	6.523377	91.618725	-13.178823	89.664810
	25.241328	-14.195352	5.618074	22.143634	44.402696	-0.422070	73.114062	6.952445	24.458140
	10.184347	-29.040351	-25.001136	57.921999	47.046021	-6.469427	43.601853	-7.722452	-6.514244
	12.293455	-28.673638	-26.802761	7.091331	56.298326	-14.127299	63.169435	-9.525874	-2.238942
	0.362473	-42.738513	-16.551429	21.951647	47.144470	-6.200723	77.888690	-20.587052	-9.730919
	10.554547	-20.791265	41.660202	33.854108	15.881476	38.515121	32.026955	11.502026	14.988974
	37.207761	-5.538607	-3.754376	7.868306	9.156991	18.597335	49.173115	-20.473380	23.955465
	14.083060	-1.566075	30.013868	-5.259208	1.344659	59.772019	51.195277	5.599000	33.787814
	34.788373	14.094058	45.856760	-8.568483	-12.803087	31.944332	13.888341	22.594297	19.176894
	-7.097361	13.851972	68.238724	-43.105606	-19.255366	25.025565	-43.992042	-8.961207	24.603312
	-0.796026	15.276991	41.248042	-27.479829	-40.006802	27.758299	-25.467187	-4.771381	-18.204506
	-10.570548	20.152058	-20.472373	1.630521	-23.668432	13.683379	4.921177	9.793944	-4.409590
	4.837584	31.194412	-21.852497	16.193231	-0.708857	-0.696091	-2.122990	30.204253	-45.362614
	19.614009	35.198421	-9.723443	-2.344666	-16.801768	21.014353	3.059649	30.234847	-32.054689
	-16.804057	35.232045	-15.746359	-15.529603	-54.073405	-0.371880	-4.570995	11.050624	-41.237019
	-13.308345	-5.991739	2.136272	-30.118570	-65.238316	26.618011	-33.344057	20.546698	-27.895067
	-9.241651	-22.046269	0.642367	-54.508321	-49.100382	23.867996	-57.213255	-27.259035	19.653135
	1.898321	8.032712	13.393325	-67.707088	-41.014255	27.315910	-56.839882	3.207156	32.305077
	9.007882	23.234604	20.209711	-40.168393	21.143141	11.774171	-33.432160	4.796407	34.493954
	-43.950999	5.054632	35.533223	-64.578814	19.282746	7.272151	-95.729384	-6.371838	46.471045
	-16.457834	12.622575	-6.404240	-53.129249	28.829803	-27.629537	-48.426552	5.764822	35.456747
	-23.127717	15.258323	-14.758914	-51.126807	37.748171	-37.397249	-60.619976	5.855837	4.894921
	-3.800745	21.912811	0.358538	-7.184515	7.297616	-34.587315	-28.886609	29.456607	5.117567
	-23.393005	5.992055	15.045908	-28.942265	8.947399	-14.838783	-52.972538	12.278147	16.140761
	10.026438	-31.681749	15.108646	-5.867923	2.616675	-28.005031	-17.816112	-1.483522	49.638404
	37.928207	-45.831265	67.035978	-21.327755	39.029916	11.978920	16.822727	-55.545482	104.933674
	17.874512	-41.737598	18.227828	1.838436	16.215597	-1.129424	41.151929	-72.458198	43.237511
	-1.468060	-70.686668	87.815465	-31.822932	8.303618	17.927245	11.834884	-86.627679	104.144064
	-9.133051	-99.053341	61.185228	-68.551652	-8.267289	8.902162	-15.801445	-112.141924	116.606849
	-18.920049	-88.161172	44.701347	-35.266799	14.487757	5.958699	2.389338	-99.256805	90.537091
	19.351634	-63.320617	24.522273	-7.293101	-5.487900	-15.578234	10.665067	-68.853747	55.186680
	-7.377517	-39.843296	17.909587	-1.821723	15.919247	0.716721	29.810098	-67.020764	44.671944
	16.295162	-51.328164	30.544536	-4.863620	-9.893880	5.346776	20.251785	-75.754449	47.238326
	22.248433	-70.862917	46.921635	-8.097707	-16.364151	-0.623802	13.673929	-54.232196	48.872913
	10.703544	-61.350646	-2.313711	-12.544502	-13.626586	-3.735518	-4.513645	-45.974817	16.720370
	31.777949	-44.510631	-15.528313	13.230349	-3.354464	-6.053963	59.132248	-41.962778	13.808341
	23.057523	-10.282665	-1.021053	27.071244	30.957126	1.574726	66.383165	-23.044444	10.052127
	3.424357	-14.712821	-27.574018	34.293435	2.805288	-0.321917	33.031304	-0.143466	3.632783
	39.731188	9.734413	-2.466830	62.327982	12.846507	22.183077	50.319658	12.183788	-10.047688
	49.011687	-6.666285	18.697741	69.085286	2.906037	40.412714	61.898832	14.599675	-4.386701
	11.161722	25.271289	-6.284136	43.113973	7.203022	52.701618	18.812074	15.168049	-38.867051
	12.288091	37.641774	2.172465	3.888047	24.960631	50.901509	-34.307589	26.839576	-12.936360
	-40.287433	36.789227	-35.736681	-13.992799	8.960999	27.796409	-57.884866	22.116417	-44.148540
	-32.463735	43.471380	-29.782331	-0.103424	1.720054	14.677063	-47.497655	18.985619	-38.642952
	-45.200801	35.759099	-24.684256	-15.347897	-4.562838	8.618996	-60.968911	30.509690	-24.324566
	-37.585473	32.540176	-13.623010	-39.716952	2.632491	-5.219843	-102.903871	18.885119	-54.035449
	-26.138497	41.564855	-27.417403	-24.422562	-16.363766	8.262961	-55.196575	66.749113	-63.332456
	-27.035048	42.856465	-42.571141	34.659581	-21.293456	-2.515069	8.489469	31.426711	-63.427814
	5.769637	44.434774	-24.357811	16.176394	-7.498805	3.068633	2.665759	24.140658	-32.080929
	-2.079587	33.138577	-2.069255	9.501799	11.458901	11.208349	6.563876	35.513577	-26.209475
	-10.779136	21.568181	-12.593074	8.734616	13.434494	4.285360	-32.797813	51.025288	-35.935333
	-5.408029	29.269376	5.719743	21.390627	38.107971	-5.087694	9.502695	27.443272	-27.561581
	-15.824994	26.830989	-18.521127	27.570392	22.359156	20.837175	15.062500	32.609721	-59.326339
	-8.756017	20.270512	-5.741250	7.940088	54.192939	32.232327	-34.870640	42.050113	-4.619788
	14.753437	-2.100772	24.558683	-3.796464	14.389596	5.505168	-44.071053	5.615399	9.947380
	28.253902	2.383889	-9.391562	-12.677597	-21.008563	-6.158886	-22.080294	18.114661	-4.217611
	-0.466761	13.879925	-29.758635	11.673794	47.018739	22.264793	19.368960	24.592669	7.145286
	-4.897494	24.595473	8.791309	-40.561327	31.157478	6.243130	-37.172355	-0.338440	12.924102
	-23.622477	15.663375	-36.409504	-48.460338	44.633133	-19.416285	-35.888495	2.703110	-27.091083
	-14.724631	27.948350	-44.729630	-21.443679	49.114041	-43.099851	-34.853889	15.959173	-29.290211
	-35.536183	18.947366	-24.549496	-31.087911	45.201603	-57.549773	-34.727901	2.939382	-25.346768
	-13.992732	10.688653	-13.073473	-43.755434	66.123554	-37.378071	-12.495218	-11.132336	-15.951715
	-14.830316	33.873438	-20.779879	-18.305240	56.763511	-48.014154	-35.654706	30.008242	-18.395703
	-53.399872	40.537711	-46.746873	-29.292277	33.070069	-80.399482	-42.608631	7.858920	-43.523459
	-49.519057	26.871160	-47.241118	-25.236942	32.902937	-79.327987	-52.255237	9.718367	-41.947250
	-51.287187	35.436008	-45.807841	-35.927277	47.041987	-59.825190	-47.462686	26.508491	-44.468905
	-54.166970	12.166185	-55.558352	-14.798522	20.678534	-53.448864	-47.358035	24.319539	-51.723111
	-48.848082	19.644204	-50.873902	-15.286330	-3.425676	-43.341851	-63.073503	6.462493	-45.945093
	-68.013968	37.445223	-48.004092	-12.422758	-1.888454	-9.858018	-52.857358	12.018175	-66.196682
	2.048889	-8.081559	-37.352392	28.031686	-14.790246	4.000835	23.092049	-22.596548	-15.422369
	-16.624549	-9.803634	37.657979	-3.267712	5.035146	13.767576	-47.495066	4.979979	16.990297
	-49.536808	-43.281067	54.750279	-70.662185	60.868674	20.539468	-80.878965	18.523920	37.590845
	-15.142109	-27.057679	48.113123	-35.096884	44.944746	46.361595	-39.961479	10.290763	91.488497
	6.460499	-19.398161	16.874594	-28.013488	43.050521	37.605801	-29.203517	36.781307	51.537363
	0.576951	-20.830615	14.677072	-11.166132	49.506525	17.859173	-0.000157	18.158195	61.635562
	21.143594	-33.389063	-0.812393	5.039352	17.915181	-8.367658	37.157910	-11.004460	51.540219
	16.601505	-25.734554	-30.536668	7.648697	6.238198	-42.633899	41.874734	-18.366867	-4.610893
	-16.311918	-7.351660	-34.493596	18.385430	-14.577124	-59.240280	18.167220	-39.387434	-24.707324
	-6.172792	-0.985035	-33.116487	29.237482	-30.230210	-56.064444	15.857862	-54.205119	-15.899784
	-5.954183	23.237611	-47.670917	54.668534	-20.295517	-39.123702	35.422170	-13.454678	-25.389829
	-23.365565	11.486801	-29.821302	63.318530	52.705684	-8.280135	68.017591	-41.009536	-32.801107
	15.734648	-31.065027	-11.601089	41.298929	49.358036	29.426301	74.181053	-24.023487	-7.267922
	4.636712	-4.356162	26.139830	51.273326	54.007114	20.426800	80.548852	-34.884783	-19.169476
	-11.501427	3.801649	3.794979	38.198696	20.835430	12.814950	34.825944	9.812503	5.103663
	35.189802	25.824308	27.202370	25.192271	0.444678	20.834700	26.972289	16.594859	7.308429
	27.141891	23.026380	4.020484	6.040403	-11.031545	-12.592669	-13.192446	38.579736	-39.886186
	1.989447	29.492044	-21.839397	-23.147544	16.070741	-38.056592	-34.301540	68.806912	-32.988429
	-22.640318	37.815530	-4.287551	-17.469533	-16.033950	-52.240441	-1.555027	67.835755	-56.592560
	1.811608	31.641220	-17.658705	18.279244	-20.055744	-29.522937	3.275364	63.819299	-42.558074
	-12.273165	31.910141	-50.671582	14.065415	-27.853989	2.706472	-21.768288	78.124609	-67.149655
	14.978205	65.068755	-32.797638	30.188519	-34.328423	8.909589	-0.151122	70.123466	-67.801560
	-0.845557	56.893827	-13.717293	15.314566	-38.911354	13.263086	22.756787	86.308621	-34.965934
	-9.284869	56.824618	-21.109056	43.731742	-30.104241	17.373596	9.325527	75.530643	-62.668504
	34.631169	71.401496	-30.645156	25.591318	-58.267499	7.711682	10.825487	61.665313	-43.710751
	15.629413	70.950251	-6.364193	9.155519	-48.241802	19.186382	16.078822	31.603356	-32.228660
	-1.141271	48.268301	-8.518855	-26.850461	-72.424053	-7.914416	-8.254959	11.734738	-25.258787
	-1.614898	42.923754	-30.068693	5.707466	-65.280331	-8.428952	7.625341	-17.127406	-39.025896
	-4.345544	48.755375	-5.419809	-1.097142	-52.356103	-39.582214	-1.376828	7.213835	-41.953696
	-0.279492	38.622323	13.531792	-28.984365	-64.179927	-10.571863	-32.050941	-13.108060	-3.246380
	-22.395394	45.662510	3.372734	-30.499956	-52.514719	-25.865900	-30.419628	3.321681	-5.862001
	3.481860	68.158709	-12.883536	-6.200794	-50.249955	-20.417589	-39.805965	14.692536	-49.914429
	2.511679	49.224877	9.205329	-5.157814	-38.424325	13.622665	-16.745253	13.986284	-9.532851
	30.110663	37.812573	8.322609	2.591666	-15.933465	39.865502	-17.261167	7.574142	-2.783602
	31.205763	38.823072	22.527502	-2.289859	-32.785089	14.345952	-18.071239	16.554703	-25.369296
	30.687741	-5.501390	21.853000	-3.124604	-25.073396	16.877593	13.976822	-3.906534	14.239339
	28.736768	0.910584	36.732335	-1.988165	-9.664886	4.968304	37.645639	-6.923526	26.182519
	36.560889	10.731799	-11.291137	36.257902	3.719274	-3.459280	68.967176	-3.241885	25.489118
	51.907371	29.107339	-29.017711	61.722001	12.200733	16.140215	77.607053	20.325580	-12.141830
	17.128224	13.311013	5.825506	82.245478	25.548822	9.383912	86.656960	33.425465	-14.589185
	45.838269	25.319836	-20.343311	93.216814	2.943608	-1.990235	81.636984	36.157146	-34.151976
	26.412741	29.544402	-29.679834	82.941093	10.896318	-3.427166	51.258957	36.266710	-36.429934
	-4.359469	33.433067	-24.790164	78.789724	5.526694	2.419772	39.672294	56.033465	-14.066787
	8.060120	19.896696	7.109527	28.464843	-11.810136	12.864468	-4.651022	34.762238	-28.032561
	-13.754214	15.191389	16.434244	29.247911	3.606279	22.074857	18.251899	35.776353	-26.306367
	4.832195	18.234013	-16.307844	20.685534	-33.080535	17.004974	-16.551867	30.667072	-23.739239
	11.401573	29.274774	-8.202616	7.731423	-31.721564	20.630155	-19.339125	26.732525	-29.996592
	-11.060717	17.415553	34.636486	11.875125	-17.463524	24.123567	-1.432527	12.883772	-3.379708
	0.963290	-39.301641	28.778510	-5.732706	-20.642387	8.394350	-11.118397	-7.664045	13.712503
	11.099369	-54.366606	38.697764	-14.354215	-9.120358	5.514941	3.232911	-36.458762	54.449693
	21.504311	-54.256853	42.247447	-21.526920	8.563573	21.002268	25.654761	-61.639505	98.009199
	11.492340	-65.860598	40.227894	-42.015812	14.361967	-11.167524	9.633208	-64.451824	84.270492
	-6.837758	-32.865474	28.847999	-46.616725	26.946372	-17.676088	0.144070	-44.062412	46.131038
	-15.820148	-13.883186	26.669486	-16.947900	45.400475	8.096586	3.147844	-22.825555	39.785439
	-21.297148	-34.208504	17.086948	15.400271	17.591176	10.705877	18.188947	7.992537	19.550936
	5.074271	-27.642785	12.915340	15.848793	22.622182	-26.177071	30.127735	1.694557	13.620702
	4.960370	-53.712940	-1.378603	31.568848	67.733907	-27.152169	81.321121	-5.946993	33.456479
	0.547155	-33.136087	5.886626	18.425168	53.173858	-20.810626	49.819984	4.931585	11.101583
	-3.849131	-31.642752	-68.385174	40.892933	32.265512	-8.364211	56.246341	19.932330	-50.029439
	2.923161	-27.228600	-43.547189	94.945864	25.227239	-24.004312	70.183413	47.128605	-43.181412
	-6.438599	-25.507276	-7.160344	82.424808	37.399770	3.681479	52.405277	47.488058	-3.466871
	-12.705005	-24.928971	-24.461960	104.226619	29.013632	-12.928593	86.472155	44.047040	-55.295502
	-29.993821	-1.631817	-12.669884	70.353153	47.488671	12.589966	62.530665	5.398977	0.956908
	-14.917757	-2.532159	-14.336598	68.297142	40.643053	-11.857765	47.717612	12.175144	-21.572330
	-48.560778	35.288832	-43.505336	59.101115	40.257487	-7.224206	52.619370	11.152520	-7.378910
	-52.440729	35.316966	-5.010153	65.033487	1.484324	-24.535915	13.395163	17.282098	-42.506462
	-49.068531	52.434889	9.840289	47.889349	-2.011853	-36.653398	-3.252464	24.893200	-39.538848
	-41.917556	66.151753	-1.502377	24.074682	-14.895008	-28.549871	-21.239159	30.369928	-51.407424
	-49.775657	57.028229	-6.164329	2.078223	-23.832838	-40.844255	-70.448918	46.423597	-46.970907
	-54.623789	48.737605	-6.475572	-29.569831	-10.560705	-3.506932	-38.689020	19.201458	-49.998071
	-28.273134	66.267126	-10.409576	25.968621	-5.086068	-6.364843	-7.417172	48.763149	-18.499036
	-14.048572	55.873975	-1.263054	15.696405	-0.206471	9.011203	9.358491	60.239618	-24.424318
	7.349222	43.103061	20.827933	13.207242	-19.915616	-9.473244	-4.982646	45.187742	0.707615
	-21.042891	31.127679	40.420112	-2.836608	-48.013385	12.431499	-17.231285	8.878604	2.215893
	-31.662489	31.883499	16.832694	-8.536581	-26.648629	-12.271557	-28.349546	-3.239121	-14.967253
	-30.826739	23.511794	4.316261	14.640645	-23.410520	21.078829	-16.687022	6.960943	-28.279461
	11.666879	19.811082	-4.250810	4.184070	-25.398639	-14.668215	-8.662975	5.883002	-25.087796
	18.666388	16.822450	23.531256	-1.556531	16.010697	9.566516	-13.171624	11.304190	11.526373
	-0.798744	-25.514861	20.400194	-41.630353	38.655541	-0.784277	-45.611339	-4.897759	9.048626
	6.279376	-15.492545	9.151240	-40.848834	27.885049	-8.908717	-2.927463	-19.472797	0.142218
	33.469787	13.899239	4.762705	-16.658634	13.231037	-13.913260	27.115087	-7.560877	31.579224
	28.432292	16.871354	7.236952	-22.188846	33.067228	-0.674480	12.661886	12.150869	2.895917
	22.163303	20.392125	22.981653	-25.295421	-28.074353	10.366248	22.082149	-0.220621	-5.097071
	16.598162	-18.090212	17.297905	-23.253364	-39.988486	5.737631	18.402783	-27.320138	27.948000
	43.838119	-33.800772	5.097192	-2.436392	-31.362506	10.899519	32.457509	-31.535773	30.121602
	60.327997	-45.987137	17.944517	21.723431	6.645436	17.845201	63.421899	-43.935231	72.791463
	33.873146	-42.344276	-8.366084	-7.083389	30.047292	-14.301484	46.972154	-20.137702	53.488251
	5.741337	-1.806214	3.622091	3.196244	25.596305	-38.973228	37.149282	-2.195691	38.085497
	-7.049054	-1.842737	-10.296778	-10.540202	12.326917	-15.862831	-3.775650	13.462349	11.808445
	2.027367	14.858432	27.461971	-23.947853	-19.026351	-18.640513	-34.298122	43.879071	22.641258
	-22.578132	15.350362	-23.519764	-45.358803	-5.797876	-16.554528	-29.918976	25.083161	31.812648
	-11.410363	30.799418	-21.226958	-32.881405	9.409373	-19.177209	-31.108299	28.011659	-39.920108
	-14.145680	30.430922	-0.299962	-2.617651	10.110948	-8.639883	-68.267661	24.364041	-4.954582
	-22.659295	3.919493	-10.526789	-43.617186	-0.150918	-6.615625	-58.445539	25.809344	1.274320
	-22.095151	9.179890	-11.380685	-43.009937	-11.170442	-15.607009	-69.926614	46.977684	-50.968227
	-42.258064	-1.083261	14.093655	-32.111734	7.065698	-17.180986	-48.816370	52.256429	-41.578101
	-19.366753	15.261053	-39.023344	-1.840297	-4.498839	-18.391748	-34.063547	59.113422	-35.572935
	-57.326702	24.851075	-9.394068	-23.149022	-7.583594	-38.012765	-71.955495	42.440297	-57.891419
	-29.448017	-1.924721	-17.274512	-33.968220	1.473026	-22.817886	-40.524114	20.780141	-58.589420
	-21.819891	-2.289220	22.571695	-28.120014	-4.288939	-3.641469	-34.348295	11.421630	-12.835486
	-7.798260	0.041850	-16.784342	-29.978321	14.634480	-15.711233	10.658051	-3.526269	-25.579254
	-7.206263	19.738537	-34.291196	-17.269371	-0.361196	15.398329	2.034217	-0.339349	-27.019669
	20.570430	4.908174	12.135333	31.200865	-52.497798	43.135752	37.832022	-20.985093	-39.325648
	21.554861	-21.748896	12.196654	-26.109770	-62.613775	54.403468	13.008957	-40.092798	13.681777
	9.463684	0.982778	14.157845	-26.588282	-68.219753	42.110228	-12.930807	-28.786082	-21.440480
	-10.630495	0.945203	18.597825	-11.549622	1.131603	2.453829	-30.621164	5.824357	-3.121610
	9.915193	12.921040	-0.189898	1.264142	-3.704241	-16.555338	8.297765	23.127354	-2.415154
	0.062212	-4.053080	35.278806	15.381693	-5.987681	-10.098849	25.817366	15.024643	21.014377
	24.190108	-10.785368	2.574220	51.400108	-27.162103	11.833292	82.681513	35.681833	33.562546
	27.280468	-0.877113	4.289730	60.444101	-33.405217	11.138308	63.220506	5.685744	10.339906
	-17.186668	-1.063461	-18.649213	53.890444	-22.467217	-2.839687	68.847832	15.379220	-3.236268
	-28.029764	7.066653	-48.770955	85.504410	27.572381	-38.491401	80.687158	29.622959	-33.963224
	-10.581218	-5.315997	-29.121777	60.008088	46.946079	-17.138133	24.823091	9.344033	-5.851591
	-43.543677	8.225188	-27.550371	36.193403	36.279216	-46.611445	25.633042	-17.008474	13.206055
	-24.523982	0.044511	-36.556591	50.425530	45.985657	-19.532854	15.492607	-22.139288	-35.523748
	-26.859023	-0.876076	-20.070702	25.949236	38.695791	-32.815387	5.702129	-0.779300	-33.245070
	-24.901369	-7.719074	-29.620736	19.010324	57.258496	-36.833581	0.369713	-14.632153	-21.023074
	-51.973495	-8.696387	-14.322508	51.296942	2.724280	-15.756696	-10.961924	10.043983	-36.577938
	-59.072605	-17.878763	-37.075005	28.673363	13.145660	-34.245186	-11.643132	-9.989630	-25.990507
	-50.468403	-1.613140	-58.064137	8.154403	-8.323729	-61.970466	-11.625121	0.376510	-62.900324
	-43.197675	-3.522294	-48.654460	28.513058	-8.101564	-23.106862	1.980589	-12.388635	-75.990097
	-30.317991	-26.035172	-57.553005	28.958727	-38.390327	-31.806411	-6.731532	-14.693443	-71.890527
	-6.070878	-12.519060	-7.443523	50.214375	-29.548039	-17.647463	5.702867	7.039598	-24.458880
	7.960738	5.235015	-0.805454	70.080911	-29.095833	-11.521759	23.394151	21.314847	-30.118324
	16.342686	29.078680	-16.621704	49.975532	-70.388323	-5.407075	38.418666	5.021689	1.891167
	33.027473	29.510332	-8.539525	28.403919	-54.278298	15.238022	23.252278	26.501177	-22.061695
	16.197650	15.829719	50.348848	24.451850	-89.480746	12.359874	-1.866000	5.432348	25.716881
	34.592667	16.386637	39.130386	-12.959558	-74.299141	17.050314	8.051307	7.966810	27.318776
	26.036536	0.836859	32.106439	12.230038	-49.413594	18.495122	11.161233	27.649064	38.333408
	30.639063	-32.325424	17.474846	43.185073	-32.751302	11.513908	68.560448	11.872272	52.276441
	21.731769	-49.150205	-6.260569	46.635231	-11.655013	-2.692802	79.245606	0.533068	54.716557
	34.304834	-72.940161	16.435216	23.663626	-27.095635	-6.848889	48.444304	-17.922972	68.723637
	35.902549	-85.699979	16.544679	31.652462	0.275370	-1.553893	32.768626	-56.696007	44.294029
	17.123819	-78.005378	18.928702	-30.469594	7.962631	-1.492227	6.096847	-59.014277	56.770110
	0.392881	-64.319402	41.316056	-14.754236	-25.495373	8.076117	-0.484323	-61.592736	65.689361
	10.615045	-100.635021	107.149130	-52.792244	-38.305813	38.952064	-11.294247	-97.367629	107.709665
	44.258474	-85.411711	87.601374	-20.762975	-34.906607	11.827665	-4.886568	-97.219751	98.897382
	30.300397	-43.131197	62.169243	-47.116627	23.751099	20.747621	20.557802	-85.685692	53.210559
	17.178870	-27.613433	33.451076	-25.800399	18.601407	1.256532	12.685264	-48.678059	6.328689
	42.450498	-8.787151	-15.028481	17.277067	-7.027112	-12.114518	40.868242	-48.132380	-7.131344
	42.843320	-56.710845	25.465465	-31.946241	-11.155856	14.266107	4.885829	-65.003187	27.688839
	26.716809	-44.026426	43.670131	23.590373	-54.955637	17.054519	59.881138	-59.433348	28.692130
	40.612577	-35.944476	74.778410	14.239440	-53.940550	50.748005	36.162555	-56.115988	87.580268
	29.053763	-34.950318	77.845916	-10.092850	-79.478319	49.531643	10.700317	-52.733683	118.743619
	41.307570	-16.100043	69.659820	6.887604	-55.611770	16.685667	31.429761	-39.604749	59.188858
	32.278851	-2.128103	78.122613	2.489853	-19.657025	6.698083	28.391561	-35.385045	61.944141
	60.712125	-6.792497	57.284662	11.600182	14.848587	-7.875058	30.688902	-21.324077	52.521691
	57.822164	28.502220	-23.886695	32.220395	34.843053	7.635109	83.421871	-33.944744	16.542473
	81.934171	49.006555	-50.689996	57.520195	30.833323	28.379833	73.247707	-1.951359	-21.630793
	25.938134	49.081242	-27.222471	29.262025	57.370161	24.446422	22.560102	-27.529099	-35.020878
	21.042480	27.044436	-9.401653	26.663945	44.560991	-7.050452	33.924660	-26.963434	-1.120405
	17.517793	-1.786000	12.071674	-2.640630	18.052712	-8.927167	-0.199493	-45.349136	11.853405
	9.736861	-10.278203	-57.261511	-8.219248	-7.451328	-28.731483	-5.376414	-35.399797	-23.070274
	-11.781858	-15.890457	-63.524637	-18.534219	-24.011588	-35.843206	0.938017	-10.968897	-72.988959
	-32.782547	-12.440254	-90.143851	2.107384	-23.612934	-27.007562	-17.564328	-19.423319	-79.041423
	-29.136972	-19.217160	-57.205168	-16.296235	-40.920128	-7.331121	-36.882958	-3.661750	-78.554559
	-35.876379	-18.899372	-46.589006	7.535017	-23.712521	-2.954815	-13.493041	44.875302	-56.579724
	-32.364748	-23.140685	-33.719603	19.343157	-25.408163	11.278122	11.927903	40.127634	-19.582931
	4.981300	-23.849873	-33.019927	25.806617	-43.318571	15.372117	64.237882	10.978458	-14.030893
	45.723623	-10.590470	-41.006941	95.823111	-37.715341	50.553896	54.307035	5.531213	-15.941695
	11.689467	-33.311906	-38.102045	67.379038	-13.764011	49.398677	44.967463	3.201027	-12.822571
	27.859874	-49.423974	42.589224	52.104358	2.200691	50.548143	25.436003	-3.045739	16.775073
	5.589432	-40.027779	-7.065365	49.928500	-8.961776	14.867421	57.301619	-4.882972	-30.069089
	33.965104	-21.884388	-12.320989	67.213744	-12.202282	2.748957	52.211128	16.098470	-48.833774
	12.341959	-8.916901	-28.161480	60.747641	-28.441592	16.177338	75.854085	26.933770	-23.374447
	21.857437	-16.975828	-27.761544	21.244180	-20.743844	4.252927	-9.499980	12.513334	-39.183792
	50.749895	-4.415931	0.592375	26.510442	6.290200	8.815732	2.027511	19.454172	-17.065948
	21.880874	23.708678	-11.312060	37.690437	-17.199004	27.657351	33.774141	43.905050	-30.197609
	47.893502	28.545965	-38.479784	54.988275	16.722739	4.268342	46.892698	32.694394	-61.738086
	26.622394	20.425042	-5.040716	-14.795804	30.684755	7.556168	0.211829	16.544354	-6.296656
	38.207491	8.033155	12.729349	-29.529802	2.864866	9.488454	-0.858706	-3.603751	48.443121
	41.278954	-2.977766	-5.400652	-15.125032	-7.167413	9.948065	-16.025323	-5.674602	41.876114
	31.202726	-5.196974	12.975504	22.216816	8.287270	15.617643	19.736734	-30.111870	58.594769
	39.827118	2.537115	15.327686	14.643856	30.550876	45.860419	42.716859	-31.221658	29.533573
	13.276993	-26.342955	44.030213	26.637204	29.000765	10.542894	23.325175	-28.724010	68.909092
	21.694868	-27.386519	20.125144	34.364891	47.217320	0.679872	76.246066	-2.572197	7.376900
	9.714241	-21.963956	-3.581544	29.052941	24.703329	17.581745	43.743915	-27.576468	2.122893
	-4.934544	-26.024981	3.361277	6.587341	20.686524	11.906873	19.424667	-43.784583	-11.336264
	-20.799802	-60.058075	29.342583	-21.979283	-38.308924	23.974561	-17.741937	-31.075212	-5.581742
	26.945917	-57.172370	63.533823	-1.441824	-53.431580	0.808014	0.704580	-32.391207	37.523312
	13.585176	-65.241737	47.102932	-21.779684	-6.468033	57.736883	24.190846	-32.524011	48.990198
	44.555269	-40.792495	72.614839	-0.864053	-22.613064	66.077889	23.090395	-47.056457	57.557608
	21.707780	-12.168551	28.683758	-16.015438	-4.326994	24.538919	4.877959	10.709985	44.408912
	4.487753	22.437975	-2.261788	16.489869	-20.697427	-2.901626	5.305623	19.159268	37.138901
	16.979372	15.232237	17.304360	16.209796	-18.290896	7.104675	1.743269	25.311832	33.542569
	-11.730057	12.081682	21.553498	-23.972046	12.440643	5.459729	-23.394396	28.345233	37.746721
	10.144410	12.399567	41.878465	29.481323	14.910182	24.304774	-20.833081	25.405632	46.651142
	-44.722339	6.694188	50.439265	-14.645041	33.363544	-3.050168	-44.238902	33.791308	45.709097
	-2.222874	14.937102	40.952732	11.389970	-21.732953	-14.287635	-12.713208	33.144974	19.974540
	15.031653	-15.078868	39.010020	4.673309	-31.633391	-24.414500	0.701222	-16.879456	60.366710
	31.051569	-13.872528	36.724375	-22.495047	-7.346513	-16.138692	-18.246801	-37.784378	48.806965
	3.810995	-8.200205	-32.571721	-3.050385	24.354861	-57.445798	-6.546184	-6.814038	-48.646473
	-28.766730	-8.397547	-46.115502	-6.433514	19.904989	-61.419946	-18.373605	-21.231932	-22.100179
	-27.585167	11.319160	-47.095518	-11.120666	27.440842	-26.246548	2.336271	-20.784617	-39.502799
	-43.299198	22.144439	-48.010614	-19.288679	32.794160	-55.603007	-32.441356	13.385748	-43.748188
	-43.144784	27.921609	-52.517787	-5.209794	9.273260	-49.836198	-8.993248	-4.609582	-19.000099
	-1.667690	28.747685	-13.081570	2.514971	-5.421096	6.535190	-36.626384	1.725864	-0.557214
	-22.407365	29.103661	12.034789	1.257660	27.645269	28.553391	-10.112001	-20.136519	-5.776706
	5.498126	47.571970	-28.818599	3.615615	51.890908	6.446389	24.811787	13.012260	-13.146367
	16.149353	60.515503	-28.222095	-17.488141	52.351964	-11.422169	15.222725	18.070821	-7.378171
	-12.586908	52.312250	-34.078304	-42.069480	61.193238	-3.969906	4.916990	23.991029	-28.287732
	-23.228560	36.144646	-45.640012	-41.332911	44.818794	-36.068603	-35.545459	30.788988	-49.190920
	2.229770	29.071087	-18.715408	23.652381	43.853818	-24.670294	4.076087	48.404677	-18.201136
	-12.557661	-3.829578	16.820186	-41.542794	48.647530	22.020420	-18.494302	-32.257104	7.673616
	2.949840	-24.927584	75.888414	-54.744934	2.563409	56.151285	-19.019809	0.669984	53.243653
	-1.115240	-35.646784	75.258206	-56.379057	-31.192063	40.880084	-38.303565	-14.358472	77.798125
	-16.750140	-11.198415	85.674710	-20.875826	-33.541253	19.951099	-51.742488	11.945153	44.086632
	-25.797608	-2.876416	-0.783880	-30.603483	-36.517252	-26.950282	-67.513614	33.966247	-8.185025
	-39.939544	8.532645	-31.570330	-19.969043	-2.620109	-58.972722	-12.989732	29.450210	-32.341589
	-9.913938	-11.931506	-22.272659	-22.160604	-8.218912	-41.156870	-53.561323	36.748697	-50.977704
	-16.810047	14.749731	1.950189	-27.531148	18.423322	0.205091	-49.996901	21.989046	-35.952405
	-47.155443	8.998066	-16.040232	-45.879999	-13.568020	-28.005770	-56.858320	-5.500648	-52.279990
	-31.586226	-17.417808	-1.531894	-55.522822	17.369799	-45.482460	-74.240149	-19.382960	-40.847428
	0.829107	-9.586287	18.009523	-23.067468	25.493424	-28.746345	-10.935662	-10.378344	-8.444077
	-27.082162	-22.910209	2.655403	-69.103352	9.378208	-32.040478	-46.172002	0.929926	16.067576
	-19.645802	-28.161910	-11.277281	-50.371096	-10.093315	-42.426113	-47.433778	-24.398552	15.410323
	-24.109730	27.980664	-18.888378	-52.361607	33.546749	-26.377151	-51.330858	9.817429	31.758530
	-9.122565	33.293205	-36.008598	-23.319247	19.757618	-38.268606	1.337938	-1.571557	-58.883441
	-61.927317	34.446457	-33.117446	-91.996470	59.812207	-64.001195	-36.574868	13.129984	-14.729292
	-50.803488	49.616220	-3.330304	-60.239380	16.983663	1.786917	-74.195502	55.311738	-3.389480
	-31.479033	29.425635	-17.822564	4.005398	-22.097629	8.406253	-31.209403	57.383293	-29.144999
	-3.131735	0.013917	59.784532	14.560372	-25.837561	57.174062	-2.715668	45.036281	43.171170
	23.302232	-20.850688	38.290809	27.286445	-29.329232	21.603314	55.957512	-23.235411	74.451494
	15.354808	-39.925238	-3.829559	48.877327	-30.896412	-15.086669	111.624924	-27.171483	39.611393
	-0.463550	-48.487770	14.335362	6.191995	-55.249494	-17.643476	50.145985	-28.799839	18.351764
	14.364192	-55.006687	4.170528	40.943189	-42.538242	6.849792	54.297774	-12.230493	18.026216
	-29.010753	-59.226235	16.956651	-24.635880	-15.119624	11.794309	-23.589876	-17.117423	24.897441
	11.927689	-44.149763	43.056916	13.358240	-13.465262	24.818485	-1.648474	-41.336664	27.190226
	-13.453830	-16.703612	0.684998	-10.730048	20.516198	8.399227	-8.058910	-5.839029	24.875260
	-11.876876	-1.851217	-13.317377	7.786823	46.980613	15.591113	41.130611	14.446908	-14.863430
	-28.553320	8.713553	6.116393	14.867695	84.401931	-0.522560	22.598968	55.793397	35.026120
	-34.852864	-0.695602	35.630179	-61.630275	92.627670	9.942992	-16.119020	-5.301026	12.923039
	-24.120037	11.660567	52.150748	-62.992818	94.755365	34.648976	-47.880089	1.311945	49.666586
	-36.100663	5.734190	-9.713180	4.712774	28.468718	2.740990	-11.261209	57.231385	-16.767913
	-34.195425	38.345522	4.178234	-18.781190	105.181232	-28.159955	-1.207478	40.175230	10.205098
	13.674398	26.516822	24.330556	-0.255876	27.925079	22.433276	11.007895	30.574345	23.422321
	37.154671	9.079100	86.480920	-7.582702	5.578853	48.048860	41.189398	11.299856	110.537977
	29.408397	-5.589026	60.289598	-1.678545	-3.583692	35.723844	3.007559	-14.769299	53.345054
	18.453902	-30.665872	43.168720	-11.991054	2.563245	0.042682	-1.974129	-25.090512	68.229617
	35.592328	1.443033	40.523880	26.648971	31.492554	34.853752	42.484448	-14.319155	32.271308
	28.006536	-6.661875	-12.903560	5.708952	8.913107	5.892175	-6.340586	-21.184092	32.011235
	12.214804	-13.173114	13.611204	-24.593126	40.383754	42.298664	-33.202498	6.022713	3.909111
	21.669742	19.136446	17.007328	-9.650354	42.258085	5.885969	-8.004714	19.081178	5.611863
	26.754328	23.032290	2.263866	-1.422657	66.484171	36.771683	29.867869	5.599216	9.172324
	10.509040	21.842335	-25.817488	-27.830420	44.159366	-27.615879	-15.731482	-13.589093	-42.305685
	-1.487068	44.703009	-51.412262	16.200938	61.891329	-26.140258	25.753569	37.544963	-26.464183
	2.251947	15.407475	-57.758524	-7.462791	1.567872	-17.062839	-50.913689	27.281681	-53.606272
	-53.159341	86.116451	-28.984018	-52.337538	-44.914229	-1.863693	-87.301707	44.420261	-63.736579
	-60.412992	36.557099	14.780113	-45.455599	-56.748552	-19.205213	-83.451481	15.567399	-51.139249
	-55.367249	19.698606	67.360853	-11.912223	-44.930730	-25.296209	-70.097467	11.573386	-6.955150
	-67.168357	12.945752	-11.202133	-50.026987	10.236376	-64.270275	-68.038540	31.835314	-24.748155
	-67.231174	7.723929	-73.258936	-35.894332	40.136114	-85.805523	-78.318405	45.982754	-71.333927
	-79.112939	-15.974939	-70.497146	-39.618651	11.453081	-70.796035	-72.179731	24.935911	-58.383180
	-53.119202	-17.075312	-57.685422	-32.265473	-9.201562	-47.463967	-61.904597	37.372491	-8.238692
	-54.114818	-11.456117	-46.897173	-30.215728	-40.028851	-33.364560	-36.002507	8.630212	-34.722369
	-15.224904	-15.322162	-17.388505	10.608511	-10.961879	-6.483569	25.600923	10.378134	-5.957221
	51.708266	5.812764	-10.648512	56.393326	-30.151919	11.515620	61.020715	8.583887	-32.735386
	28.278528	-0.860388	-30.764309	29.928612	-38.595413	16.722565	28.708812	6.637449	-13.110482
	29.753866	-4.513387	-40.331224	36.247638	-43.974342	24.853164	50.766830	-0.026996	1.280857
	18.345201	-8.504213	-40.337906	39.979830	-14.561023	-19.132070	53.105147	14.509888	15.809068
	17.895881	7.236733	-68.342288	71.968828	12.702967	-11.720776	73.998210	32.132846	-6.192696
	-8.830960	7.522495	-56.052037	71.950068	15.980869	-11.261361	64.367578	8.510343	-66.797047
	-0.041836	-32.213625	-26.383766	71.317152	-0.551572	0.029583	44.462365	0.692830	-10.545308
	13.201825	-51.068252	3.351285	50.726182	-36.898464	14.027811	26.299672	-10.533316	-15.767750
	-27.242101	-65.991757	-10.671520	8.191038	-57.358859	13.893135	-4.328020	-19.867698	18.225395
	24.443380	-57.419407	46.760614	26.890974	-65.447664	47.179254	35.581990	-33.775183	45.770394
	28.178856	-83.151083	57.602588	-18.617911	-69.643182	49.855531	-8.272930	-61.540973	72.720033
	11.042485	-50.384957	65.453506	-29.054910	-57.546292	28.731872	-32.887398	-68.182209	60.790864
	-14.468512	-59.337134	59.371521	-26.201886	-87.178765	29.470659	-30.811425	-13.779418	45.343837
	-15.395201	-57.018678	58.766346	-15.465077	-75.471890	41.176131	-27.715940	8.790307	75.167425
	-22.491002	-25.646350	70.771883	20.562764	-102.216353	37.017241	-17.314097	57.410186	40.555906
	-17.134518	-33.081576	73.946552	-7.073918	-96.721195	55.510005	-39.999697	4.153404	45.208222
	-15.100265	-25.007646	131.520187	-43.262775	-48.508634	46.931103	-21.547627	-6.508900	84.112891
	0.781435	-33.760797	124.931417	-45.953991	-58.762298	40.267283	-35.485080	-30.552526	101.610613
	-0.564456	-36.468964	68.671243	-44.134306	-55.942632	-28.310205	-44.119949	-34.853064	64.675698
	20.658592	-38.303764	-3.904888	-25.153016	-6.157629	-8.541837	-3.371997	-36.312123	49.009752
	14.999403	-9.024039	-3.634649	7.823459	-2.709743	-14.639004	14.912249	-26.185206	2.806390
	23.925140	19.791629	-40.288652	23.348243	8.232223	-35.931633	25.885993	-9.827229	-27.988927
	6.297078	7.942575	-18.172650	-5.138062	16.294622	2.350258	8.967976	-31.785892	-34.898413
	5.354045	34.766640	-33.040779	13.144992	44.567758	21.121469	32.578688	-29.986360	-33.048947
	0.588720	-3.898920	-35.388368	-28.318552	13.775917	28.499191	-10.812659	-37.246506	14.927337
	21.868267	-18.557673	-2.006870	-37.482055	2.146455	26.087895	-14.717958	-45.160490	2.647248
	43.052909	-38.486236	-23.203125	-39.206393	17.061702	12.469275	-3.799789	-67.353411	18.217844
	30.407921	-43.888165	-23.433877	-8.783650	-32.482429	20.497012	6.412498	-41.436599	1.429852
	33.111891	-14.796091	-25.317371	29.200254	-14.523022	19.053196	31.026199	-47.298570	-42.758770
	30.061215	-26.070956	-52.422801	23.958876	58.557893	-3.707963	21.981855	-10.879920	-32.350841
	15.486591	-25.149021	4.128665	29.382312	17.172390	8.722357	19.494104	-17.807620	-11.881296
	21.668955	-16.197780	16.612138	22.722016	41.246402	10.237279	37.729384	-31.528315	24.755274
	18.283583	-16.656704	3.433039	15.761283	46.751726	2.716409	13.730272	11.293779	10.564190
	-3.870932	-40.072785	-1.727689	27.157267	43.590744	-7.471892	26.168249	-6.115208	11.884734
	23.271343	-32.522647	2.027755	-21.098258	56.289288	3.778951	11.043410	-17.181238	44.690321
	43.209180	-34.506644	-10.475186	-19.930345	18.920666	-38.675121	1.546959	-42.714041	25.407044
	44.222791	-25.871719	-19.524347	-2.079981	14.852414	-36.956273	13.912871	-36.542411	12.140703
	10.013703	-35.430102	-30.267384	-19.143111	-15.744376	-43.861868	18.797410	-61.730067	-15.103772
	9.563325	-26.254860	-24.924964	-11.290657	10.157601	-44.077084	34.390689	-62.259110	-25.594391
	-1.223593	-41.725467	-22.010758	25.457357	0.853720	-14.781301	7.389632	-55.506852	-14.357569
	5.187293	-21.916281	-40.705895	17.078570	-39.730984	-21.133741	30.152534	-24.386612	-25.624291
	-6.968670	-16.561616	-38.761361	34.062335	-25.856665	-28.630598	35.104023	-4.966426	8.856340
	-4.784050	6.610978	-24.991495	37.524803	-21.858601	-3.794556	40.369709	30.988560	7.853628
	7.311460	27.945124	3.736042	42.773421	-25.420895	-9.470557	15.547343	27.493360	-20.216363
	2.437501	22.616223	5.815690	29.392910	-52.925061	37.593120	27.408325	10.140882	-10.623476
	0.504862	-20.454696	9.570133	32.484131	-106.054329	51.425155	23.276996	-10.533430	21.363806
	29.175156	-24.376208	65.880540	-47.512472	-55.151978	54.977433	-28.060230	2.471722	52.700332
	49.781881	-27.463742	50.544580	-29.912606	-37.135020	72.007922	-10.309679	-6.460954	72.217977
	3.616780	-20.658229	86.002531	-46.609468	-55.786162	62.244182	-15.148484	-6.780806	56.840979
	-27.635914	-22.097551	76.080986	-62.798058	-45.868668	81.149282	-35.741045	-53.229715	84.229656
	39.708309	-51.670956	118.992236	-71.208441	-39.883776	88.305945	12.272872	-61.553281	154.935647
	-1.087465	-22.051856	102.141540	-35.185335	-11.227492	60.011987	-1.989713	-57.218849	108.574792
	-4.006325	-23.259217	71.544541	-33.062636	3.384932	32.757788	-2.130698	-39.934074	79.455443
	7.814583	-21.701455	41.443409	-21.932730	-23.662719	0.884717	-2.670354	-55.884976	31.753159
	3.931417	-7.128154	-5.113648	-16.494020	-4.483457	-12.002439	-21.606421	-50.480340	27.842517
	-11.376793	-9.182579	28.016974	4.341339	10.088216	-21.774466	42.171527	-23.892481	49.298599
	40.711054	13.845782	0.971839	3.157451	27.756891	-20.809296	16.151543	-4.416433	23.023289
	15.147647	18.242404	-5.751117	29.213936	28.010959	-36.561722	25.683094	-7.060837	32.033307
	16.707097	24.421765	16.414027	18.708689	8.232323	-28.982895	7.908982	22.174033	25.218159
	-34.237034	-15.909891	5.600122	-28.834404	-11.739477	-31.948983	-38.739744	-16.872708	28.007645
	-8.096243	-17.052773	17.195973	-43.241045	-13.203342	-11.944439	-9.790134	0.602833	9.380695
	1.352362	-31.340649	15.139738	-61.631490	-13.770572	14.782012	-1.822456	-23.914303	8.222516
	18.835545	-11.878448	31.458646	-34.522193	-0.290810	5.638338	-3.934707	-34.213540	16.843148
	-18.341684	7.026905	-40.607760	-2.949323	37.171709	-22.979830	-18.992953	-18.682564	-53.686582
	2.942581	20.608026	-53.143619	51.776545	14.698949	-52.536094	28.521588	15.695133	-39.374643
	6.823137	49.470479	-44.499192	30.508230	21.758693	-23.124510	28.376031	38.719137	-48.134183
	35.413089	47.197781	-27.591543	44.368103	-22.853064	19.039715	14.761113	58.568471	-81.073519
	-7.397102	45.779312	-51.046936	44.808924	7.337446	4.314670	12.839871	72.010623	-47.617301
	8.329231	43.181547	-7.949549	38.246653	22.337817	23.368469	-28.467290	60.715660	-26.463932
	3.932784	43.879136	6.885967	-0.473367	0.678386	1.298122	-30.600148	51.394341	-22.334066
	26.288906	47.395369	11.976901	-0.571423	11.470337	28.610445	-28.897576	61.525988	8.453322
	7.892037	45.207497	-10.058504	-7.791333	15.462865	5.741732	-7.945829	60.247117	-16.280484
	-1.921681	53.618410	30.476503	-43.195838	28.591131	26.502284	-61.944427	68.553666	35.565767
	-2.088813	32.846710	0.227925	-41.431147	25.829657	-4.917521	-26.032557	35.459441	14.607542
	-49.726269	38.517124	8.350188	-28.536594	37.196722	-21.211446	-23.404752	51.321747	29.285268
	-61.471612	15.548848	3.789679	-65.288637	37.779303	-84.340681	-97.393309	13.115560	-20.813337
	-83.593847	3.224735	-2.544845	-49.274654	28.752385	-89.929366	-148.130600	62.917073	-47.791612
	-67.369735	12.891281	6.750841	-50.203486	22.092859	-106.454991	-73.613812	66.178073	-40.555403
	-97.587326	-4.121243	-39.083053	-54.028559	25.743891	-115.101170	-73.749307	54.302285	-45.845975
	-76.334387	12.214850	-82.317630	-65.288344	63.578105	-98.020673	-78.993738	56.757935	-62.831140
	-50.567044	6.299801	-55.989507	-48.250703	90.656197	-71.070885	-48.586963	19.042139	-45.211280
	-39.908034	10.340909	-73.689426	-58.265785	90.496505	-71.721890	-36.479549	-7.739168	-45.133219
	-43.922019	13.263091	-18.704190	-64.621515	110.617697	-24.920279	-49.010672	-0.176700	-19.774030
	-42.851629	19.959250	-2.890260	-38.327472	94.881275	10.495544	-28.602671	6.536676	9.400746
	2.944453	35.438901	16.710420	-44.265308	45.568440	23.213429	-17.511272	23.054047	16.425376
	-31.805949	26.589819	19.120249	-47.995806	24.511000	-22.155585	-31.169505	-4.219186	12.182074
	-9.687426	34.693096	-12.142199	-12.612575	-11.471709	-21.450378	-21.177738	22.159657	-3.436079
	-5.923495	41.474018	-14.832872	-45.368038	-6.147753	-3.310131	-35.783174	-8.189664	-31.208410
	-18.353220	26.988924	35.335368	-41.236609	-29.671272	18.390121	-52.929427	-24.138638	12.276326
	-27.892035	54.280559	45.108111	-30.692257	-59.285634	-0.635601	-49.581561	34.378463	-13.737354
	-23.723471	77.623604	13.401489	12.513354	-82.519222	3.574384	-16.805591	39.585357	-57.516180
	-37.426354	83.396908	-12.320334	43.176949	-82.786831	-11.044795	23.765103	65.597428	-88.816770
	-24.092678	85.271563	-25.377459	54.714407	-49.300097	-25.028973	0.360582	69.556138	-100.962769
	-52.323363	82.979953	-28.196783	15.598958	-21.888798	-13.289752	0.992313	54.600719	-81.843264
	-1.320164	69.920742	-36.497894	15.641170	-46.812408	12.821008	-31.810743	37.489425	-84.403871
	-34.222662	35.297531	-31.698574	2.358861	-91.354635	-10.811832	-49.319851	11.067334	-79.843064
	-15.218291	54.286897	-25.974444	-5.796609	-73.054835	-16.361542	-56.349230	30.916803	-67.191624
	-7.586761	48.000058	31.755550	1.577374	-49.100885	9.223743	-24.337118	13.588459	11.537423
	9.428192	49.087115	5.717771	-13.743659	-35.254968	12.555209	-30.950852	62.813742	0.222073
	-12.453394	41.562186	-21.016752	1.449450	-56.681764	-23.667381	-29.565816	68.373521	-10.484708
	-5.813005	55.861354	-10.446928	-14.415611	-38.185320	-4.594500	-22.687085	70.305781	-12.650970
	-15.262809	65.461927	-35.618745	27.849724	-20.031722	14.985073	-16.703406	64.804107	-46.028104
	-10.928842	70.710894	-15.587142	34.725762	-4.911720	33.277053	-4.344123	85.916549	-43.645414
	-10.567893	50.392439	-12.584482	42.896667	-21.522340	36.771636	7.555739	82.429162	-13.790257
	-17.791727	57.938585	5.083211	24.928839	0.984000	24.644510	-3.192901	81.404450	-52.446894
	-32.329387	35.562778	-11.419617	-10.351892	-13.077537	23.642789	-10.411770	52.701212	-39.808280
	-4.214338	20.032497	19.974859	-26.511673	-27.865206	-22.701675	-42.286013	41.209187	-16.716124
	-34.872429	3.485454	29.238583	-19.000873	-67.263348	8.365277	-50.749803	28.181512	4.525901
	-18.323940	5.818138	11.311297	-9.071347	-49.117469	25.886527	-19.800380	28.071271	-4.421805
	-6.707329	-16.406005	8.243263	1.206241	-34.905428	-3.775770	-4.172068	23.380294	10.115076
	28.327317	-15.231354	-4.663661	10.519978	39.612744	34.377980	29.661444	1.393037	20.083704
	1.011665	-12.254462	-24.278936	35.563352	31.658573	10.484851	23.745706	-13.274501	-5.301608
	16.529473	-4.641280	-43.079015	27.894632	25.461141	16.121921	-3.830178	-2.047057	-35.601008
	29.621102	-6.338657	-40.323878	39.122204	50.624482	-22.879404	-1.845780	-34.368356	-6.795944
	13.187678	-2.712312	-52.481981	32.837142	61.668740	-42.260007	15.092378	-36.281187	-13.489997
	22.719355	-4.394294	-15.675424	11.175184	52.007354	-19.565576	24.232007	-45.628063	-1.021599
	2.191240	10.030632	-25.658005	30.060914	45.840000	-36.216133	49.369580	-37.309736	-24.303028
	14.128302	35.273461	-51.662110	63.885822	96.886160	-44.034389	65.830929	-0.232777	-28.622760
	2.744656	21.147041	-35.787390	42.115471	32.314266	-41.225722	19.603516	3.707504	-24.479905
	-21.285427	31.077997	-20.430936	19.259523	23.508248	-11.841422	-14.117864	1.304364	-50.427055
	21.206809	-1.571225	12.262800	16.679668	-14.349491	-7.924204	11.068764	3.907705	41.288307
	9.097223	-27.054598	77.623774	24.263174	18.693554	43.819823	39.288620	-0.553950	79.099221
	1.609880	-52.089816	39.509187	9.213438	-19.970682	34.473468	3.699561	-20.428068	58.927167
	2.377333	-38.486651	92.046486	-33.515621	-6.437319	68.602692	3.722757	-29.825394	98.327943
	31.121777	-48.199383	71.037728	-18.918768	-2.536300	74.041258	9.912976	-19.992632	111.230010
	36.405310	-21.393932	35.956577	-4.636595	-2.956434	49.186457	24.730671	-11.335443	75.671265
	33.406613	-8.640527	29.947132	8.841350	-10.345239	42.013548	28.549955	-10.743646	33.468109
	30.518128	-18.331839	7.532569	-6.688805	-5.063937	-4.041311	20.765755	-22.665807	41.491455
	25.195080	-29.075393	-12.776705	18.489993	-8.628590	-0.258884	27.594183	-32.302118	61.558470
	47.139165	-24.574777	-25.062393	30.844598	2.176456	-10.102205	39.249789	-26.763583	40.293489
	23.952068	-16.820344	-33.703352	29.034277	26.130915	-14.094026	62.189099	-57.681794	13.636040
	37.414910	7.094662	-28.203181	41.138270	10.059733	10.920177	79.842490	-22.798362	-23.627498
	-0.153762	5.271013	-27.970949	43.739028	1.346588	-27.162605	14.905129	-4.079704	-33.397289
	-34.427994	-17.365538	-32.440463	5.266147	14.573774	-13.434068	12.192559	-19.831262	-42.286709
	-27.133281	-32.887216	-29.361167	-7.662498	20.959404	-15.496135	-21.687556	-18.707680	-40.206709
	-25.515948	-8.431398	8.455591	25.090304	47.331117	60.172662	31.535003	19.293072	24.900367
	-8.750717	-31.749833	23.048678	-27.846653	40.523703	9.319890	-39.710759	-23.292322	42.903682
	-9.436667	-6.161425	51.149866	-4.723374	32.196860	24.857863	9.979786	0.296183	56.383391
	19.256474	-14.442605	48.596029	-0.418217	25.946381	22.981547	32.189856	4.193854	43.030170
	17.585493	32.798121	25.691698	15.084784	17.045871	14.665741	17.400049	64.253148	-7.770357
	-7.954233	20.289982	-17.420349	44.323207	2.981587	-24.912397	74.202055	46.633270	-35.210830
	15.802219	21.840519	-44.019655	97.608374	34.389728	-43.774786	88.746652	48.349375	-19.732100
	-15.162960	39.573703	-54.486473	102.291263	32.283697	-27.311266	84.014866	60.459403	-54.263549
	-7.542826	19.372901	-44.145739	93.774342	29.146307	-28.763065	63.005775	47.737977	-79.509665
	4.585291	-0.361001	-35.220696	91.729828	57.288948	-19.331620	60.528887	32.913026	-19.832764
	1.166828	-1.414619	-7.411767	72.973661	19.128241	4.567999	63.345589	27.649804	-10.480354
	50.067340	-2.594474	39.498509	78.535576	17.348104	2.113115	51.815695	31.612278	47.457436
	24.384989	-4.722197	22.495317	9.865955	-22.319718	17.750580	37.057990	40.021190	13.036806
	11.051605	17.674363	29.085797	14.290539	-26.563102	63.430809	-6.499842	33.507441	10.126561
	46.770268	32.297868	45.191948	22.469792	-33.402568	48.243818	27.478929	14.875842	29.391005
	11.821843	30.426809	-13.304177	77.058807	-3.813489	-48.680818	38.572833	25.225475	-15.659749
	0.919286	48.958997	3.033564	55.388696	11.051449	-35.962502	48.616960	25.916818	-29.113505
	-0.536882	56.352081	-13.398113	40.576334	-22.027304	-15.328311	-6.298607	30.082429	-42.983328
	-18.512834	78.485834	-47.403612	7.085596	-37.774596	-45.153545	-25.085650	34.249248	-105.935554
	-19.039155	77.448839	-74.432638	4.405852	-31.247719	-80.824115	-32.732786	22.615742	-79.403301
	-27.636436	57.737116	-67.935234	-0.934494	-5.430724	-54.768673	-11.007786	23.265009	-39.719810
	-14.505572	13.605060	-55.542321	-7.911680	6.393945	-30.827043	11.422453	2.219956	-29.686236
	-19.575242	-20.318340	-31.857383	2.808927	-0.274742	-11.157735	-21.970475	-10.439935	6.722834
	-2.257219	-41.542787	-13.255198	-34.625747	19.761969	11.794456	-44.527286	-44.690563	5.086366
	-33.232373	-75.464477	23.966497	-57.095861	9.629129	-3.022022	-49.850201	-54.362897	30.821729
	-3.970457	-64.836861	8.375279	-73.324480	-6.909536	2.125914	-51.093870	-45.860002	-2.431606
	10.387017	-57.179490	0.623482	-30.401177	-40.436385	-6.623269	-74.696653	-6.252334	13.918999
	-26.141824	-51.019815	6.528793	-43.351096	-56.556073	1.973343	-51.613147	-29.898743	-9.527574
	-2.809019	-42.507598	12.616886	-21.780372	-33.531414	2.759776	-52.520276	-14.318044	16.911276
	20.421818	-38.649525	19.303820	-28.640740	-25.501329	21.269236	-2.707086	-24.718162	25.303179
	14.838482	-7.681241	25.589793	-34.406404	8.615606	10.819608	18.681225	-50.314955	26.275385
	11.400054	6.684122	-2.204643	-12.844883	4.487599	26.905580	15.563728	-27.616486	-41.407062
	2.817351	-3.546753	-7.596486	-21.165454	8.393830	0.008239	21.108973	-17.808528	-2.601384
	3.420179	-36.408370	8.662474	10.228058	23.743875	13.417072	6.168869	-12.462403	21.177052
	22.260148	-29.010195	-0.902628	30.367030	45.501103	11.390435	10.617829	-12.452532	4.368602
	25.380019	-45.471784	-10.337267	31.224176	41.776555	54.499678	28.622014	-14.380127	35.835291
	25.346641	-50.446773	-3.946665	30.369421	25.054397	44.047453	5.572550	-33.890187	44.515202
	22.306149	-34.133507	5.060891	7.220669	15.252992	11.259982	47.399897	-0.078335	52.614281
	30.227233	-13.786419	-2.816088	71.283645	-5.738467	14.114999	55.340303	28.206835	-1.397890
	36.232193	1.104089	14.456811	58.260945	-13.581889	32.408748	41.434536	4.358279	-4.294112
	8.896302	4.186613	-28.208523	35.801318	-7.426030	8.777184	39.094895	-12.461820	-42.102843
	-9.779014	1.594244	-14.186291	-3.009683	-10.567711	13.587809	10.340352	4.377328	1.640066
	-32.467098	-17.770195	3.948720	-25.110890	-50.165234	26.831095	-23.200757	-4.102473	17.077338
	-15.650280	-25.751698	-5.445419	-65.074456	-29.172268	9.426995	-35.324340	-20.629437	4.750973
	-7.395341	-29.284921	13.672260	-46.360408	-21.680414	36.897757	-18.586662	-30.598901	9.904680
	0.726441	-10.720884	23.985763	-36.119555	-6.245423	33.322642	-21.389073	-27.875417	15.490578
	-13.668815	-14.430079	2.886044	-11.688633	15.269979	7.364859	-18.973692	-34.539543	2.141320
	24.372686	-0.975335	-10.669261	30.738381	29.515212	14.786354	-0.737176	-43.471805	-28.054841
	7.790820	5.244452	-33.117238	-1.858503	27.321275	-14.803139	21.671309	-16.309867	-27.725731
	29.698285	-2.485761	-15.729099	14.980807	16.986809	11.200687	-5.117651	-30.931219	-19.383616
	41.742903	-17.864528	-9.178825	38.004617	19.537995	53.541290	63.368896	-32.299053	-7.641752
	59.037778	2.279540	16.777663	56.904788	9.530879	48.983391	58.283792	-22.961612	13.871101
	35.110697	0.936105	-1.037179	16.555122	5.712432	22.150056	62.813307	4.198308	18.038433
	0.548020	-20.677950	21.515391	29.368355	-11.641319	8.950954	13.515761	-22.975674	18.332272
	-5.838082	-27.903561	3.187584	-6.188811	-9.415223	-36.600341	31.273709	-1.061199	7.867796
	13.888386	14.244255	47.689328	18.728699	-40.828323	-22.707422	22.958180	28.256025	17.931788
	-2.979585	2.993253	30.668316	-6.544054	-36.474079	-14.293949	0.000679	-2.521177	26.276982
	19.187491	42.682048	31.021594	29.761263	-60.412832	-7.109240	-9.248910	26.011998	1.092962
	16.387507	22.261906	47.288510	7.247747	-61.174354	26.011581	-28.802079	22.457784	41.171431
	8.336658	17.624681	52.554391	-14.016248	-36.286686	23.013864	-27.527410	-1.640041	-12.120579
	1.311182	-0.939344	37.801033	-16.346360	-15.566732	-20.295226	21.032232	3.122924	24.580490
	19.792694	-20.240101	61.181620	-9.332538	-9.233278	-2.400677	23.629278	0.644500	37.824964
	5.354853	-21.745765	60.209711	-22.739708	-12.578608	-2.667486	21.655445	-23.943556	38.120669
	-8.089565	-24.135428	79.195017	-31.402442	-4.316250	3.443065	-27.503402	-47.473252	53.351705
	-1.181817	-32.082664	48.302273	-42.132978	-23.095443	-7.145448	-45.721421	-19.812535	16.735281
	-44.447950	-50.797976	31.674763	-82.090693	-33.694980	-26.383782	-47.485873	-36.112514	-5.212774
	1.331344	-32.991219	36.088052	-41.893657	-34.875567	11.166756	1.175365	-44.837443	18.516196
	12.033118	7.515132	26.073746	-27.956198	-41.946458	-12.598044	16.216439	-13.464710	40.579316
	18.030794	2.052190	10.941966	-22.323232	-7.655198	-1.636948	5.262146	-28.003760	-10.192326
	17.835461	29.162373	-13.282332	-9.652728	36.813651	-6.257798	55.307560	-15.876692	-23.348463
	10.611788	48.449609	-11.231138	4.982249	58.840141	-6.766707	2.048207	4.005812	-10.939125
	-0.461914	36.811474	10.212575	-2.775640	61.843590	12.210052	-1.411208	-4.600205	-25.257237
	-4.260710	66.828126	38.604882	-1.464537	54.907955	15.012512	-13.779451	18.931209	-2.888422
	9.835283	53.856790	-1.067496	-22.425437	23.714169	2.173115	4.930562	12.369487	-16.285307
	3.130155	58.086380	0.250011	-10.034164	43.977797	23.238745	-18.894174	-0.282698	-35.780719
	9.591790	47.431527	-19.782525	-37.743616	15.481943	13.242938	-34.369506	-33.075177	2.980438
	-25.172155	33.415508	-49.420350	-8.970262	25.444193	-0.723591	14.424846	-26.608190	-16.442581
	-29.017417	7.622828	-29.297545	-10.567993	40.089464	-7.802645	27.834919	-27.598798	2.188342
	-26.243685	11.302023	-67.108571	45.607138	45.760054	-23.435357	51.470366	-10.348263	-32.203676
	-46.218311	3.043176	-40.253680	67.847333	43.041971	-1.190831	32.273306	11.612801	-57.085466
	-45.684189	-10.034261	-22.652895	18.429546	74.813736	15.861682	11.065700	-13.177848	-47.895022
	-31.230120	-21.361672	-5.169580	13.609499	64.203162	25.988691	5.492141	2.461071	1.983980
	-26.124420	-42.172850	-2.501373	-38.927553	44.589660	-3.626096	-22.031677	-33.006035	0.354843
	-16.929801	-42.758524	-8.275921	13.934171	8.814659	8.581135	23.832139	-33.330572	20.173983
	1.874294	-23.061539	-8.482071	6.490072	31.454115	14.669792	15.674467	-19.156285	2.355919
	29.773592	-27.422633	-5.777485	-11.143244	7.869404	35.618178	7.096490	-19.382279	-1.677600
	22.527074	-16.068821	-2.940967	7.413868	19.996901	33.362567	21.372043	-10.291852	-0.480194
	-1.434761	-11.031239	-14.719609	-2.333094	-18.362719	36.098437	16.453460	-32.270311	-3.286799
	0.426138	-27.708455	13.242848	-46.397723	-8.925778	18.367971	-10.047320	-57.524311	18.116486
	13.302164	-11.070293	5.063358	-49.935384	-43.516422	28.891352	-26.434264	-51.787235	-10.148551
	13.974087	-24.450975	5.094149	-29.859959	-49.285873	44.720095	-27.610825	-52.890100	-3.867926
	51.065263	-50.461870	21.820686	-22.677814	-42.253812	39.078422	5.030402	-30.781246	55.087980
	-1.262234	-32.117485	12.119783	-40.147619	-72.234053	31.454815	-21.807669	-24.479390	16.330381
	12.743971	-17.624805	50.759854	-31.612456	-59.805620	36.235140	-13.295208	16.145727	57.266021
	20.176946	13.804592	44.573598	-52.389649	-49.411503	10.256483	-37.277677	21.160211	47.823454
	-2.996054	2.873891	22.103566	-47.586901	-47.771505	-5.890846	-69.319142	47.844442	18.854242
	18.236666	16.084665	-19.218674	-31.008795	2.805108	-46.108841	-29.297787	36.211393	-5.758532
	0.068920	-7.315020	-9.621354	-15.056990	-5.337208	-51.298052	-23.110824	61.717240	-7.148010
	36.329737	-34.613071	-10.563190	-7.307692	8.872645	-45.183908	10.185324	24.876564	16.428362
	27.229181	-16.685281	-42.682932	12.472319	28.230557	-14.839588	45.530319	15.067472	16.284025
	20.240364	-6.472416	-27.864390	18.734826	46.461578	-12.342732	9.094872	-9.235311	9.021059
	7.155862	-18.044150	-26.497923	-5.460677	16.330665	-30.069605	3.129688	-17.915048	6.786712
	27.700394	-18.428121	9.153228	-36.815833	-21.803160	-18.191574	14.453242	5.979448	6.437216
	-11.662555	-17.950183	50.871285	-18.527419	-46.894602	-3.709700	-30.321184	-21.664878	17.224882
	20.145625	1.339710	42.115195	-22.588841	-10.821615	15.655996	-12.671414	-15.418825	7.081167
	28.410928	-8.374126	66.697499	14.078304	5.967008	10.651574	20.699696	-13.649395	24.922588
	4.012626	-3.421567	6.839457	35.331683	51.684273	-15.732800	39.580144	2.724649	-19.294562
	-4.156619	0.434854	-66.560489	40.614293	91.615745	-41.639031	26.015054	2.920026	-24.294834
	7.189120	40.244240	-54.410041	48.236086	74.210020	-49.269061	23.733751	30.271491	-20.160095
	8.346052	40.694130	-48.484387	45.213377	85.153511	-29.932027	29.944213	54.017417	-57.994090
	6.730665	33.192951	-11.867136	49.201505	70.618304	-9.781602	18.195839	35.568937	-17.152148
	26.406982	38.762471	-8.535677	81.196883	84.610906	18.087115	57.197870	45.624521	3.946511
	43.009060	31.804671	-2.461326	77.288952	69.073105	13.419949	80.287401	54.737362	7.919533
	32.779017	38.581013	3.898137	78.423856	17.931583	31.671727	68.343662	59.402090	-20.711923
	40.818686	35.492090	-6.278540	49.411944	-44.411246	38.879077	36.847215	52.287179	7.353021
	-4.431973	23.303531	-31.152588	18.808808	-29.819562	-3.062204	-12.969475	7.456169	23.809084
	2.827128	10.498527	-26.706992	25.548282	-9.150988	31.338114	20.878464	9.072369	11.766933
	31.444728	-2.213261	5.496031	22.223351	-38.852140	37.386355	22.190694	23.224106	9.704633
	5.908341	-22.706845	51.831207	0.838078	-73.894305	31.970147	-11.467289	2.834463	36.630721
	18.290415	-21.403407	66.342028	-12.779346	-69.373522	34.745894	-13.348812	3.336762	44.588305
	9.690725	6.284266	17.777991	26.950852	-50.508213	3.170854	43.799074	15.567988	20.422443
	29.373422	38.757846	-17.507597	60.583212	-21.812364	24.080277	53.175114	48.800435	-11.825645
	6.386951	7.896897	15.160066	76.704465	4.253681	-21.682851	65.751674	35.209637	-4.549455
	18.182621	29.228627	6.861712	116.967556	18.338003	-33.413454	85.677217	20.607914	18.666565
	24.355406	38.957562	26.298776	81.235124	33.670372	-25.855643	97.623143	4.536491	5.221326
	5.389018	15.243995	15.682807	20.409626	28.857842	-34.227038	15.417281	-7.664637	11.399336
	-1.597796	-7.540582	32.428237	-11.249822	11.823402	-9.608255	0.130569	21.143282	32.718614
	13.965828	-34.162596	37.091251	-19.280534	-32.815281	0.453470	-24.134649	-3.113667	25.958838
	2.480050	-41.851846	17.403093	-36.251500	-14.044342	-42.686228	-31.629931	-38.082532	14.711080
	2.206954	-39.822246	-13.152580	-26.882310	-23.428799	-35.227568	-11.496699	-45.215777	25.597028
	-7.226334	-20.611744	-42.741358	-42.260476	-19.746305	-26.277027	-40.973783	-54.657754	-22.719016
	3.523172	-21.803298	-58.448214	-13.808447	5.933444	-4.185233	-29.698454	-43.896799	-11.863819
	-1.004215	3.524626	-19.285198	-30.763184	37.729129	-18.180137	-13.684171	-60.253468	-19.063536
	26.709135	-16.402871	-8.272227	-10.343120	50.710683	20.837729	26.725144	-47.321175	26.379177
	40.346535	-36.769344	30.551742	-21.619248	17.638383	44.983420	3.189350	-87.026825	43.123128
	49.396179	-29.839540	50.071527	-3.705051	31.800544	53.595377	9.371580	-36.320406	21.115803
	7.221433	-34.509325	31.857494	-27.618127	12.639871	24.938201	14.468575	-55.688057	22.406139
	24.075779	-7.957847	8.796215	6.146377	-28.457742	-22.510022	3.854722	-27.717586	4.505292
	-7.443412	29.857881	-6.287856	-8.642730	-26.428800	-20.376951	-14.037178	-14.002708	7.540913
	-14.320604	31.756814	3.919712	-8.087111	-24.141444	-4.196802	-50.457218	-4.957394	-12.389405
	-56.792691	29.962554	17.340787	-36.943882	-60.981237	-28.702501	-42.725074	29.631333	-33.280960
	-51.383320	49.303133	8.074642	-38.218749	-75.176905	-3.421828	-66.526411	37.780751	-38.522712
	-3.819434	44.446829	8.035830	-39.401829	-61.857656	4.162614	-65.722634	31.509617	-17.562984
	-35.485855	24.391454	18.552801	-47.646845	-83.069135	29.022467	-72.242084	24.041278	-25.758874
	-24.235417	4.053331	28.996706	-43.135210	-84.188713	25.294307	-73.138682	16.705698	5.492406
	-14.724930	-5.603629	28.723084	-22.583294	-66.019593	49.137321	-54.302505	18.978214	19.177455
	6.526885	-17.875849	13.914083	-20.305220	-42.350079	45.215603	-46.627386	28.334584	15.717059
	19.706450	-9.254020	-34.938993	-5.453332	-3.908480	26.889982	-17.011623	-14.282618	-18.378955
	-3.749361	1.464755	-16.892267	4.799118	51.975539	15.601317	23.856091	-32.330466	-26.920368
	11.281886	0.804820	-57.142752	7.407942	69.946964	-9.077724	43.447942	-47.328580	-58.439456
	-36.388074	9.171490	-34.356115	31.806361	53.640983	-59.951037	27.884123	-28.330564	-67.981131
	-26.611070	15.066104	-35.636468	0.517634	24.335941	-59.234490	36.347754	-23.942173	-42.783865
	-43.824928	-19.041146	-35.010849	5.084819	-14.755250	-60.308893	-12.892769	-10.558593	-21.897846
	-27.848904	-41.818639	-13.864687	-5.180063	5.421751	-48.019043	-22.949770	-14.374573	47.854594
	0.270129	-25.147216	-18.943270	7.220650	17.178923	-40.565699	20.499800	-8.833870	-16.153934
	-5.974215	-20.245135	-19.540625	-9.954728	14.898864	-26.660472	16.315477	-2.931393	11.443819
	-11.349852	-13.075355	-19.569667	6.816070	41.497524	-27.694043	18.182736	-2.840270	-16.922791
	1.715001	4.463758	-32.019634	24.823408	45.925563	-37.174943	26.646556	-7.599946	-30.940060
	-16.173090	28.157942	-45.336835	9.665077	53.221428	-15.556360	4.835651	-6.369736	-41.632149
	-16.575361	35.842013	-48.553892	0.769271	43.364053	-16.689104	-23.625856	3.887571	-50.292263
	-32.592165	17.247777	-38.235036	-7.578824	24.242416	-42.177314	-50.185861	38.734244	-57.781480
	-50.296336	20.351975	-41.705572	1.869166	-2.271889	-25.622177	-13.784344	32.191036	-74.175300
	-33.066605	-6.504128	-22.278069	-6.750116	7.181666	-10.885905	-22.621218	15.955161	-49.557950
	-20.893865	-4.224863	14.231582	-29.390872	49.349448	25.230243	-24.371009	46.504393	-2.265350
	-35.352630	-3.350280	18.717059	-19.851838	9.699528	27.520152	-53.931276	12.845254	-31.122407
	-25.783890	19.089146	-30.138391	7.614738	2.407039	26.974183	-12.371506	4.173266	-3.985892
	-26.108872	16.305331	-10.041081	-2.401199	2.644879	45.983134	-14.523885	43.697623	-7.033711
	12.017239	16.229750	12.444994	-24.790462	-1.974481	31.898371	-7.526281	41.382362	28.433667
	-13.075418	33.724866	26.471403	11.995173	-8.572633	38.687686	-11.269914	42.082492	-5.723031
	-14.306377	20.487516	0.744991	-0.811345	-28.599720	39.236456	-39.245637	57.664744	-1.847943
	-33.697348	10.061580	23.417172	-16.563434	-32.946241	37.022536	-8.004524	46.293216	10.414443
	-6.324554	20.097990	7.881099	18.807537	-18.958214	53.295004	19.041299	48.906861	2.553753
	-5.529889	-3.245294	46.960647	16.052263	-40.806451	27.148287	9.638350	29.608419	-29.409794
	1.379967	-11.928218	38.009660	5.470029	-16.912293	5.255396	22.986663	27.205196	-3.683160
	18.662240	-22.324010	4.074722	11.103955	-0.689141	49.683551	27.353024	5.847815	7.483932
	37.678933	-16.911672	1.976214	47.324443	-27.885456	38.682031	8.567393	22.535445	-18.424074
	-2.673772	-23.663186	22.498306	56.576423	-14.060505	12.199206	19.918287	3.694520	-4.030333
	-29.573440	-20.701079	1.365470	60.943276	-22.854557	41.771105	29.654748	32.564721	-17.991689
	19.332441	1.785312	-10.513300	64.524374	3.555913	-1.737915	22.868630	23.244295	10.188914
	-3.018082	9.770866	-29.844358	71.151670	21.047325	-18.854583	40.405563	45.983639	23.183481
	2.957693	7.141541	-0.194944	59.468986	24.130083	-0.891290	62.077678	34.618776	9.453384
	15.071620	20.389381	-8.048778	72.899967	24.195979	-20.345793	16.402128	47.712480	-4.581582
	-19.293682	-20.363746	-5.028670	-9.524100	-0.238654	-17.469018	-33.250064	18.305053	-41.542310
	-19.325377	-8.641033	1.586092	-35.525854	-42.840196	3.438334	-53.116631	-3.926314	28.311361
	3.985602	-46.951028	42.900851	-59.221978	-13.678822	2.141399	-70.741195	-30.532532	30.111460
	-32.230187	-32.435756	-4.982033	-61.957736	-44.623510	-9.670093	-51.433789	-44.585377	-6.020503
	6.452345	-27.249923	-58.701305	-20.902579	-4.343811	-34.249036	-13.008207	-33.031680	-27.053069
	23.636392	2.509079	-40.066740	-15.832575	-33.692749	-30.929878	18.435318	-7.415307	-27.066502
	6.551300	-7.417653	-41.459022	11.525014	-30.034969	-22.961807	19.236188	-6.027213	-29.215597
	30.720447	-14.504487	-1.298647	12.270595	-7.548474	5.348143	11.257027	-24.217486	20.297665
	41.920921	-6.063343	29.581059	-4.985597	19.475976	42.523102	44.594589	-41.107698	9.594393
	58.778888	6.052654	-9.540993	20.041847	40.184758	7.901981	17.593071	-34.817419	8.866368
	24.252480	3.798280	-5.206055	-11.633097	70.947295	29.208920	48.312540	-62.649898	-5.929371
	42.373242	10.888208	10.114272	-5.583077	35.613986	20.737631	21.555486	-30.459164	-12.197315
	9.553261	10.113465	6.909551	-19.092802	-1.113214	-20.818056	4.733483	-56.678064	13.805752
	5.871452	-0.475078	-4.650931	-15.629753	9.875135	8.423274	12.868291	-57.307899	14.252573
	5.757197	-0.209305	3.019454	-36.679283	3.593878	-22.026125	9.105569	-45.407297	18.799873
	15.604642	-14.801895	28.797831	-27.972404	12.428869	-12.010512	-15.376409	-56.698971	19.030090
	-8.388789	-13.341704	36.687427	-30.319292	11.186771	2.479365	-7.915312	-72.869722	44.711141
	-8.731909	-17.519861	12.506293	-50.559388	-22.273135	12.334434	-42.579124	-63.184298	33.661626
	-32.776087	-52.878817	49.542268	-68.348359	-35.471514	-12.111492	-49.531580	-87.441708	41.032124
	-5.553833	-38.710963	26.537151	-67.258385	0.878454	-0.101967	-42.828157	-50.260074	68.895884
	-69.229438	-20.725974	3.696029	-97.504244	25.460931	-15.420812	-56.340224	-66.938619	10.116685
	-3.305664	-50.064932	15.675869	-79.203763	-1.038765	2.309062	-52.586508	-60.576787	44.066784
	16.096100	-9.956111	19.853575	12.310010	-13.696605	-10.850900	16.429395	-19.244741	16.397445
	3.879150	-3.859011	24.315898	20.005676	-22.034630	16.711395	20.042497	-36.908585	-17.095876
	42.253470	-1.108625	72.254919	-26.556664	12.677060	15.499987	-0.833155	-56.882330	66.833367
	26.662290	-23.054926	95.871177	-21.145187	8.941342	34.739557	-8.907657	-38.954091	128.838950
	29.490475	-29.312198	22.571317	-39.394805	-23.778071	13.783928	-16.049709	-0.617836	45.292727
	38.772804	-1.903114	-19.539622	-8.771835	-31.822719	-33.599110	-11.903024	-9.862427	9.584239
	29.083906	-0.214007	-13.512963	27.208604	-9.531958	-24.668901	27.851646	12.651415	-40.061381
	48.868248	24.452967	-46.321293	46.249849	-21.785602	-30.188183	39.840606	26.209436	-25.645290
	21.057863	39.913164	-6.769137	51.620029	36.126004	-29.717802	40.197356	40.984180	-13.998521
	19.024617	45.086706	-28.250487	54.735451	16.574115	-16.369031	17.159473	72.271734	-30.589429
	7.278674	43.471568	-42.863548	38.909470	33.417347	-10.326127	-3.804471	44.575700	-59.340197
	-10.804090	40.305574	-53.678207	47.467033	54.937724	-0.472457	7.550793	55.964551	-85.123271
	4.263709	53.192259	-55.315439	26.383665	43.332149	16.215110	-14.138374	36.700134	-72.193720
	-17.769072	11.971808	-54.966363	-12.442391	52.083609	18.458879	-21.644230	6.554814	-79.306870
	-3.826996	27.968206	-49.431180	-11.392110	42.529480	8.498658	-14.135811	14.489490	-79.323600
	-6.920621	7.384273	-51.713036	-5.554716	37.953121	3.270625	-29.847533	28.914084	-63.257208
	-25.515620	15.887110	-50.728977	16.024328	36.032864	-32.802145	-4.892617	28.450341	-95.045284
	-26.436465	-19.967785	-12.870501	-35.106707	2.849393	-8.525637	-35.811819	-19.401437	-4.269947
	-33.886164	-25.753644	26.845378	-18.942580	-23.905280	17.536023	-20.900488	-9.728825	33.163703
	-11.375665	-29.253441	28.571455	-37.123041	-12.970693	21.249708	-24.875052	-21.397885	40.909763
	21.911700	-33.140055	46.805042	-14.360372	3.815806	39.963694	4.263492	-26.229325	90.110268
	16.814809	2.405322	21.588502	22.292155	18.072670	13.010680	21.979129	31.703965	55.522343
	-5.962523	6.514916	50.305381	4.778151	-3.464337	2.568824	-12.837471	8.840256	18.715027
	-20.155336	26.859243	14.595680	0.696420	-27.937183	-40.078499	5.253070	15.932881	-11.615586
	-34.889380	37.805593	-11.757444	-1.887883	-50.228208	-33.427322	-7.783722	28.664806	-34.179364
	-31.418031	40.125407	-18.878557	11.008483	-21.745390	-31.680525	-16.797368	32.084587	-60.267462
	-31.399295	1.831134	-17.528021	13.901504	-30.302033	-15.014315	-7.251198	36.815498	-23.235985
	-29.609758	-18.458077	-5.190285	-17.053426	-28.274482	-14.324451	-20.285931	18.319435	51.508940
	-34.314513	-58.560122	21.806802	-34.561776	-23.730754	-22.042146	-53.125337	-5.836457	13.351554
	-34.671320	-61.747578	-9.018304	-81.771295	-34.036373	-18.423709	-54.437635	-27.922636	37.724052
	-12.755539	-20.016227	7.065980	-37.055041	-12.014226	3.462916	-34.545934	31.523311	5.919802
	-38.180959	-27.515349	3.809197	-82.210700	-18.644854	4.820176	-48.714565	15.983796	4.094220
	-24.895218	-37.686966	10.767621	-41.114713	-38.248326	-21.514500	-60.349607	3.985766	-9.829581
	1.494555	-28.657398	-50.986088	-48.288849	-21.393367	-8.740337	-20.166558	-14.677646	1.199243
	-23.696007	-4.286419	-37.335189	-24.850600	-2.701804	-19.774677	-35.098172	-35.453997	-21.425184
	-17.051028	23.741837	-99.961551	3.386505	-0.514674	-38.907457	14.045259	-24.511834	-68.538330
	-12.236023	30.206392	-19.167268	-39.341709	13.270352	-2.403709	-22.980240	-29.267879	-3.646658
	-17.486502	21.232961	-30.585337	-19.145198	3.955966	-1.185945	-18.498463	-28.283542	9.681697
	-2.564328	29.987858	-21.474769	-13.927735	29.314175	-2.073964	-2.177161	-9.925929	-4.047674
	6.912692	23.923207	-11.167517	12.846143	46.676928	2.031861	-30.063293	-9.263425	-10.564117
