	-45.315396	119.820709	-28.041838	67.109487	14.266886	-45.839407	21.157808	82.577937	-7.609953
	-13.566231	129.267019	-17.080080	61.403223	6.034843	-23.275091	16.616297	62.435678	-28.754710
	-27.231919	120.407359	-17.095980	75.772188	27.214471	13.693154	31.873291	45.643870	-46.306804
	-13.406724	115.050039	-13.114469	87.501070	34.436315	-19.154807	20.142706	83.403931	21.785750
	17.951082	73.378563	4.181072	51.205723	25.971272	7.439720	30.205643	54.903549	23.175751
	30.512474	19.285895	-13.580082	14.726919	10.737599	-10.313084	17.718063	45.113714	0.281933
	-6.117132	0.942575	-34.758922	12.881624	2.869512	-47.700182	1.098152	11.468390	1.028439
	-3.403155	-25.247170	-37.040236	20.578389	-25.117246	-37.237722	23.916458	22.335826	-34.039789
	-1.185699	-45.836625	-44.214286	-12.353776	-26.511391	-54.705521	-2.750510	-17.659820	-32.011874
	-4.973687	-46.901089	-0.355887	-6.942474	2.412957	-28.568625	23.596091	-18.142635	-7.065415
	-4.827072	-39.719770	0.233228	-7.709476	-11.044935	-28.291183	-14.821550	-20.992695	-33.462302
	32.056974	-0.643985	41.562251	33.376981	14.308459	0.394290	44.063127	27.888033	15.339059
	26.778478	3.945888	26.179310	42.040507	48.802213	-14.750262	30.614751	-3.997002	28.415156
	-5.631981	-3.831199	29.676957	5.234553	21.871980	-23.654011	20.380353	-26.220660	14.783133
	-0.592970	-3.968421	35.923141	-4.374005	33.514502	8.551477	21.018264	-41.099883	40.937922
	18.217669	-40.627980	14.594942	-34.136045	-23.537662	6.268899	17.101274	-66.568898	76.206863
	-21.123755	-58.788083	13.379931	-48.699043	0.859776	-9.533317	-44.972310	-59.145277	5.041412
	-39.765245	-41.988054	19.637022	-24.616437	-11.232562	-22.911607	-20.269675	-56.260679	20.008750
	-31.364219	-18.556307	13.559745	-2.161270	-22.297345	-11.773096	-33.733440	-33.911288	-13.763213
	-25.753376	-7.793352	-2.443308	-3.457197	24.896676	-16.080223	1.870509	-6.911654	-11.380489
	-3.332283	29.232309	14.046882	3.633255	4.184799	16.581567	15.206856	-11.592583	12.395869
	-13.555469	15.345126	17.262502	-10.897806	9.396715	-1.863200	4.102415	-18.143402	25.905823
	4.037982	-0.690807	9.426449	4.351100	-3.250071	10.544314	16.551628	-46.765929	-20.370036
	2.539734	-33.568067	5.853033	-35.289259	7.791545	6.850729	10.109755	-18.652682	2.837920
	13.220492	-36.300401	24.490880	-5.507026	-18.851739	22.378182	-5.868349	-35.759122	31.579966
	33.352799	-22.048128	16.547452	4.141385	15.130478	18.085908	11.877712	-7.314386	34.510832
	21.789703	-33.067698	-8.784490	-27.128938	6.866370	16.442719	10.738451	-41.902719	27.432554
	31.145537	-23.728328	-0.869927	-7.370771	3.928817	18.124487	46.583010	-51.817338	56.938865
	-16.997557	-32.057852	-2.457065	-49.508655	25.089074	18.126232	-23.250964	-34.563247	37.399205
	6.466225	-82.318201	6.526174	-69.042945	-27.067480	15.606429	-24.592387	-28.672461	38.951063
	19.964727	-66.565107	22.681028	-34.073375	-7.432440	20.572391	-17.577735	-56.151340	69.680676
	-33.525003	-49.734681	24.347479	-54.294046	8.128284	10.068758	-37.796746	-47.907131	38.199624
	-0.781325	-50.832588	34.423790	-56.022810	22.197712	-3.403536	-21.358771	-57.998516	18.990352
	14.941446	-7.105970	49.512554	-13.574459	36.842669	-11.924220	17.029163	-38.219939	40.037372
	-2.196540	-10.702587	12.166141	-6.031768	6.020436	-15.070059	2.316743	2.999337	11.570301
	5.862410	-2.007633	-17.103266	-17.341951	10.398799	-11.165150	-32.070376	9.502839	-17.024911
	-10.242250	15.270659	-16.607985	12.006846	10.395113	-44.530514	-31.287467	0.713109	-28.408418
	-39.663859	-0.810221	-26.280430	-32.818341	-19.936329	-44.971666	-55.246598	23.899268	-66.017728
	-14.002620	10.651807	-14.655973	0.458882	-5.275563	-28.296715	-45.769461	17.130877	-37.143282
	13.278405	11.373773	-25.719962	-8.194922	-18.148574	-32.399578	-15.886792	24.811591	-24.545566
	-7.620248	-2.398277	-0.710401	-54.857846	-20.053736	-35.716875	-16.293561	2.470029	-20.891098
	-3.083861	17.168854	0.772498	5.248058	32.162179	4.520341	-12.579124	19.349953	-7.618452
	-25.784534	6.436443	29.628686	-15.664657	11.714828	9.613523	-5.068823	-28.437577	8.363600
	0.988209	-23.762699	20.170708	-37.848367	6.203413	-9.358094	-37.722370	-23.137075	41.936959
	8.295955	0.106067	50.121222	18.633678	-11.125452	17.906621	-1.160871	7.208850	33.879275
	22.127949	13.585183	33.825515	30.408785	12.407394	-4.851886	7.551557	11.534781	22.732967
	8.544849	17.725286	12.655393	-6.340529	-9.585369	-15.516869	-32.229145	26.834100	-27.603189
	-20.760592	21.866731	-4.310044	24.161227	-4.122313	-8.397650	-2.520389	8.878408	22.714999
	24.999776	-8.513186	-4.260556	-21.910887	39.614357	5.597482	13.645231	-31.231992	8.542091
	7.854830	-39.179685	-0.387786	-44.718596	26.130638	-11.249375	-19.158481	-45.787047	37.638491
	1.280578	-15.138664	31.362454	-4.181249	47.126461	6.647813	3.630067	-31.585164	65.499052
	-28.130779	-12.088719	4.460784	-41.747272	8.613492	9.992283	1.789909	-38.667220	5.753110
	-43.278337	4.644674	2.711992	-23.902128	2.917637	-14.682282	-34.363131	2.664756	-45.098336
	-4.250339	18.353872	-10.806177	-24.762546	-13.716377	-8.537904	-41.911148	1.128549	-25.921266
	-20.802957	-6.259989	-8.157872	-38.828049	-29.992318	1.529549	-37.060723	19.445778	-29.781740
	25.517358	-26.757528	-13.715581	-12.774164	-41.531595	9.873974	-8.989858	23.788361	-15.929388
	4.929915	-69.716233	-10.037078	-22.237174	-19.657168	18.689491	-8.987768	-15.778010	-18.316956
	-36.024474	-93.620825	-46.376907	-74.909222	-74.841956	-1.107228	-43.890690	-34.439424	-24.358685
	-28.734947	-57.940319	-10.081761	-48.752319	-35.868918	13.160382	-33.794510	-41.303249	13.901937
	-15.064587	-51.720233	-24.682019	-34.435212	-26.874696	11.386030	-21.291559	-8.937905	38.227118
	-17.848026	-8.903130	6.591781	1.622519	13.439665	28.812168	3.195812	31.005361	-30.732020
	12.355604	14.471453	27.043877	10.795337	-5.250930	3.749732	19.135610	8.298746	-31.423765
	14.335128	57.970350	21.850457	70.028471	4.507971	8.137332	12.517229	34.330123	-25.676240
	29.385248	79.744276	34.182195	86.330463	-29.255366	11.000189	29.720371	56.493712	-0.216631
	3.266412	83.787546	6.358320	63.594232	12.424990	16.157842	30.494169	62.436253	-20.974110
	-17.372598	63.320074	-36.217581	23.746592	-8.126034	3.235702	-25.156142	68.302841	-40.932163
	5.218075	67.855148	-38.047622	55.620663	-27.566375	29.351864	8.681501	68.128061	-22.068842
	6.493386	60.536729	-11.499909	23.238898	-43.085200	26.797503	4.338359	37.908094	-14.343495
	14.133282	43.510341	24.104952	10.486718	0.873104	48.184495	-11.591587	17.222393	-2.348439
	18.179068	38.593629	27.043663	28.275902	-29.681151	34.240974	27.851232	4.882450	-31.581309
	12.984797	32.194923	16.119135	-0.669804	5.924847	3.614986	-14.326419	17.450012	-17.988159
	-8.307127	1.669079	20.869727	-38.699557	-21.600620	-23.194529	4.134816	17.376050	-11.799936
	-1.099901	-35.305336	2.155341	-48.740316	-17.448830	23.568438	-10.084951	-55.695240	28.887062
	-36.015148	-49.582435	9.137561	-62.155539	-21.535320	5.955869	-15.630843	-49.026371	3.136866
	7.660911	-49.495771	14.453581	-38.234606	29.161466	15.876050	-34.163331	-18.467816	19.502618
	-7.043151	-54.062999	25.577855	-29.548291	-8.831087	8.429491	-32.292886	-28.285199	10.514204
	29.344312	-64.183598	48.711201	-19.791830	0.068757	19.005038	-6.182546	-18.426550	29.082014
	47.217010	-38.698060	76.149379	-2.631463	21.453655	49.179407	21.406211	-5.367658	27.166311
	9.926289	-26.410726	36.840422	15.133458	32.053666	-11.143551	2.525874	-16.006746	18.130664
	8.361980	1.644764	12.044645	27.919465	14.620292	-29.023122	6.997014	-5.377012	-16.736393
	-10.833256	-8.196877	16.931553	-25.863646	19.186440	-23.273479	-25.722967	-17.111523	-24.167718
	-25.862250	-12.177281	0.702303	-24.726626	28.019095	-29.475228	-31.612223	-24.560165	8.525755
	-23.726105	-11.214252	40.038534	-30.890264	44.191727	-19.543514	-17.166875	-27.186347	43.677250
	-2.659632	-23.549042	14.919469	-45.554868	20.022591	-12.681247	-22.455659	-10.907235	-35.821124
	7.082529	-6.479754	14.549968	-6.072690	61.312269	-16.279180	4.040368	7.703870	9.027457
	2.890574	-9.362749	-23.819983	-10.170965	30.900038	-58.767816	-6.515960	14.060319	-23.359803
	-2.312128	-10.648143	-28.950041	-13.172992	0.111153	-18.860997	-30.053856	2.296492	-24.589140
	5.772614	-42.183874	2.995133	-38.233445	-10.566582	-15.415992	-18.372493	-34.395348	-16.378172
	5.488738	-52.889363	-31.918224	-30.526963	-28.534934	-55.255715	-28.237762	-43.094147	-19.704666
	-29.646146	-46.186748	-25.122604	-40.912575	-29.133341	-20.403501	-13.042015	-45.239965	-11.709643
	18.121968	-47.330736	-35.902546	-8.235985	-1.822421	-14.245700	-5.593147	-45.003355	12.751502
	-3.769921	-50.302751	-38.857595	4.651867	-15.524197	-19.203124	10.021826	-54.586982	0.929826
	26.324928	-8.655912	-14.323467	23.619237	4.144427	0.425012	17.485961	-8.267539	-8.408978
	11.171895	20.243849	12.317652	14.334689	5.672140	0.280564	29.691095	15.310772	23.546764
	-3.524895	14.296186	-7.230735	23.585222	-18.491068	11.305324	18.686444	-41.091727	12.844754
	17.417604	21.284743	14.547062	28.681415	14.180933	13.638468	6.248581	6.980733	10.912291
	2.807616	10.024842	-30.305456	39.786677	-16.259281	-3.626441	6.420642	-1.453512	-21.576867
	5.290246	44.725969	-36.276447	53.203339	-6.263498	-34.348118	23.114085	34.031180	-17.941878
	7.632824	48.174119	-38.165426	66.783218	-1.520521	-10.826296	57.335086	47.182020	-17.925907
	-13.283099	23.903642	-32.524706	23.676865	12.144764	-49.485362	23.631448	44.979488	-17.126751
	-8.068563	-16.650194	-31.727085	1.708884	44.256308	-0.488279	-9.655290	7.436255	-27.949458
	-29.109529	-16.502365	-42.269872	-30.848846	27.449196	-17.768080	12.833960	9.996931	-28.179176
	-31.321568	-35.550353	-35.916960	-18.257734	-8.620539	-48.629745	-37.808748	2.349692	-16.690622
	-28.524361	4.500753	-34.019526	17.491978	4.147698	-35.719481	-13.360945	6.801501	-40.572217
	-31.992890	2.824559	-49.366515	-18.518533	-16.219405	-64.221401	-25.369321	22.549282	-70.876816
	-48.413314	58.703722	-32.827543	24.596166	-22.378799	-67.814528	5.806109	46.249386	-54.983973
	-57.788226	104.729503	-47.040538	28.772475	-31.549319	-66.585253	5.127944	66.505713	-99.618529
	-19.343074	95.996407	-34.507795	47.344179	-25.710753	-12.292659	58.744870	40.067788	-48.159730
	-16.617521	74.727888	9.416492	22.522345	-17.924020	15.119264	33.390560	15.597066	-33.021427
	-7.881935	78.954174	-6.735548	55.386520	19.246497	5.572631	32.004239	25.306069	-16.797343
	6.461965	81.126878	27.778208	70.525820	40.949083	0.082043	55.721062	50.059814	15.636215
	23.035413	111.316130	30.819091	75.375965	46.262665	24.220191	70.826522	65.356384	22.991365
	-7.028388	66.644338	-15.152208	21.795053	19.227698	9.127598	25.763932	14.145499	-16.439080
	5.676750	75.060624	8.261056	22.112063	33.447368	19.448785	17.397794	22.824634	11.567128
	6.416977	73.881878	-18.677291	-24.868937	2.029357	1.436525	-30.819593	40.449242	-22.675530
	-9.404521	88.904413	-19.110458	19.039077	-9.890281	21.265308	-14.012855	34.943449	-31.796079
	-22.420524	85.510538	-28.748369	50.644729	-24.787923	18.948516	28.436877	59.206483	-25.953806
	-21.554994	88.037305	-17.880896	55.329288	-1.956914	19.499525	21.908730	42.767527	1.189217
	5.105972	87.469597	-6.821591	71.234109	-8.882642	28.327210	1.617528	91.895449	-2.626689
	31.667396	65.343526	-1.647123	92.843133	9.744178	66.756247	43.060767	69.168609	45.179904
	15.766480	33.754781	-6.095882	40.681573	3.705827	51.475147	57.347334	45.851775	47.376343
	38.419945	13.392156	9.438087	38.773959	2.152165	104.059324	36.996993	19.309235	57.298885
	37.505506	-59.998238	-11.186411	-27.302589	-27.488137	112.013202	-1.032872	-12.155955	20.278504
	45.724432	-27.922519	0.497080	10.191561	1.562085	82.903515	38.351786	3.483662	15.040923
	25.207209	-94.246320	11.398865	-23.241220	5.078669	128.392557	23.529440	-66.937230	26.466790
	51.577676	-70.853108	38.597533	-15.366776	-18.898728	91.900017	38.174177	-42.958935	38.737484
	29.229535	-68.354607	31.206308	-28.485117	-34.799801	68.669442	26.865175	-31.614779	7.133840
	41.218888	-12.777146	12.736131	24.528051	-22.174916	27.781217	29.797786	3.420206	-28.012878
	35.272027	7.820973	-2.844868	21.829361	-14.422500	34.026828	36.157076	21.560381	29.818726
	30.752508	-25.144043	-23.562938	-7.685315	-5.966332	19.449317	-9.005207	17.481736	19.585834
	9.089557	-19.439490	-22.379838	-6.110121	-13.959716	-7.491196	2.343939	4.479326	14.151977
	36.124700	-53.437255	-0.456744	-3.007908	-38.531525	-8.974247	-26.080498	-4.312726	5.964450
	9.287320	3.287388	-8.305008	45.252241	-25.338453	0.374620	16.805542	28.735510	-35.932305
	39.226337	52.497460	-11.325128	72.367416	-4.307036	5.019337	50.776596	38.741151	-25.673239
	11.625341	35.795706	-35.922817	46.627325	-12.621529	-11.445669	22.548833	38.347416	5.795029
	-2.590013	52.442067	-24.658818	18.242647	9.271129	5.257973	12.481123	19.745453	18.048925
	9.278753	41.103048	-19.215825	-8.828056	11.577510	-3.445524	15.627622	15.592499	-27.938319
	23.047118	49.359255	3.550556	7.482792	35.027556	-7.215397	23.562411	13.861867	-3.057063
	0.908025	52.451128	-0.105781	14.592041	32.806582	3.125812	38.318588	4.081373	5.272112
	11.347261	49.578623	14.736943	23.689615	43.772390	17.633111	35.002663	0.739754	43.053306
	11.210150	20.917221	19.264094	5.404606	29.236911	18.427992	36.886048	-8.637318	3.179861
	27.569730	25.951348	1.303416	13.903286	40.717923	-14.964148	48.333622	-5.422588	13.031922
	25.009368	-16.987826	-1.605106	-4.230072	3.402702	32.202947	-3.698266	14.073989	11.929238
	-7.161276	-31.883480	-43.079646	2.618444	-21.772698	-30.769288	7.254774	-17.269726	-26.506309
	5.407236	-36.285233	-30.864849	18.645581	-29.849963	-24.703976	-1.048355	-1.903990	-59.846050
	27.930416	-39.068643	-45.250912	6.432800	-6.270444	-24.928829	0.228465	31.369450	-15.270181
	2.268581	-58.815443	-26.759839	-24.903117	-12.666010	-29.569526	21.342435	-20.169278	-39.463411
	2.922384	-41.169117	6.358597	-2.880325	30.292047	-21.996809	23.631174	-17.084507	10.991219
	17.871094	-40.384204	19.129739	-30.492042	-7.876354	-8.797613	-13.734419	-29.846285	-8.691443
	-14.160387	-36.017943	16.561139	-24.033580	-4.682745	8.757441	-0.225130	-29.857359	36.533164
	4.515682	-57.094289	-7.842846	-30.497378	-38.214382	-11.616942	-22.642439	-28.265601	13.833008
	22.933580	-60.278546	-30.703324	-30.984029	-17.803896	15.176203	-25.194830	-2.181478	-10.674677
	30.626194	-46.621254	-17.305209	-15.230096	-28.384998	16.688145	16.487555	-26.804437	23.743618
	34.098282	-35.824939	15.032434	11.412971	17.745751	58.566786	14.934851	1.945439	43.745950
	47.571773	-53.240636	-5.137017	-7.530602	-18.707795	37.066660	6.991567	-38.135460	49.269557
	2.258907	-18.167933	-5.715063	8.017865	-17.342775	57.057952	8.449367	-33.210679	12.817502
	-0.449804	-29.520320	-21.493384	-16.573481	-35.115252	37.420195	-21.428602	3.396747	-23.808950
	-6.688175	5.255752	-0.107051	4.738328	-33.986883	18.347839	-38.957349	13.510774	-37.115389
	1.280581	24.061013	-13.748416	3.213816	-36.780256	1.446552	-12.979701	4.205282	-62.407043
	2.802324	23.096838	-9.006327	-8.308876	-13.927969	12.325693	-27.411217	28.467018	-42.813201
	-6.897958	35.711486	-15.975247	8.779916	-10.681184	17.293819	-4.239971	42.632358	17.817883
	-0.937625	39.833509	19.528749	24.585880	1.257662	58.839000	-6.207503	51.939546	-17.852449
	13.662560	11.865878	-15.201391	10.903454	-11.936150	28.234329	-15.633007	35.006175	-2.414190
	-22.495072	-2.472810	5.017907	-15.375188	-17.453484	39.405562	-23.009635	47.906974	14.555650
	15.244882	-33.990593	-12.988513	-20.074567	-34.612041	4.423122	-47.024410	19.233287	-35.469343
	-17.753526	-8.108637	-37.507116	-28.861770	-25.017139	-35.718689	-33.560697	25.443883	-54.621878
	-37.581890	13.519341	6.001522	5.127442	-43.898911	29.673024	-21.468524	22.838754	-56.361032
	-26.531531	31.711016	-9.384624	25.554479	-24.948153	46.483484	-12.604975	22.934345	-32.684946
	2.949081	49.809413	-19.002476	68.245905	-23.501859	42.892986	31.282431	48.136992	-18.232618
	-0.899700	49.102012	-14.843435	65.644347	-9.410729	19.480405	24.319582	48.437918	4.062547
	10.176409	55.302549	5.622244	61.971914	-22.487944	49.296590	40.173440	61.343600	-9.464198
	45.349032	48.163672	12.435218	36.758260	9.456125	58.780014	16.405919	37.528864	8.548593
	18.676434	33.618835	16.063612	46.131282	26.316038	24.256965	3.535426	26.926598	14.256094
	19.310419	7.419880	31.451507	4.845990	12.881145	-2.231795	3.783026	-23.656984	9.551635
	12.508204	-13.664412	18.867978	-38.183463	-0.175197	-2.569966	25.501562	-38.300528	-57.601900
	-17.094972	-29.711807	-1.900332	-49.488268	-38.895508	-41.561635	-5.704739	-44.053862	-29.039712
	-15.213222	-40.615242	3.299794	-39.614072	-7.994210	-40.852175	-68.835163	-26.765788	-42.775357
	-37.579853	-26.051028	-12.840479	-43.731789	-15.084568	-34.352632	-43.120786	-42.346174	-18.528220
	-16.825221	-0.100839	5.970016	-1.590282	-10.045764	-33.767302	-22.389065	-1.022591	-11.813307
	7.417702	15.213284	5.141442	-13.311476	-5.637604	-15.853505	-20.117288	13.182612	18.004811
	-2.025623	2.664906	-9.236099	7.343171	5.445679	14.885926	-35.942499	13.540562	23.272921
	-12.854446	38.206604	-14.445706	31.408605	-6.391038	-24.565273	-10.000250	36.102135	-16.011848
	-19.760073	21.159450	-48.582261	1.452390	-33.509340	-21.638231	-16.882666	40.399025	-17.623379
	4.784408	-0.415190	-17.150547	-6.141224	-8.470485	-21.577312	-5.467197	40.947592	-12.420052
	8.026937	-36.624030	-12.736106	-11.078990	1.515838	-21.262616	-22.545272	8.502379	-7.985518
	0.723586	-63.020771	-5.454364	-3.823625	-14.575484	-21.253853	-35.749283	-5.807223	16.646683
	5.528180	-72.078871	26.204872	-20.102807	-5.231579	-14.484266	2.035643	-77.235330	32.494530
	-1.014869	-87.368047	15.064670	-41.387369	-34.631641	-18.689974	-29.827597	-67.874123	-11.652895
	-38.294196	-102.504443	6.580180	-62.629664	-30.897435	-53.723378	-35.704164	-99.750954	24.575065
	12.117029	-110.738038	4.463276	-61.546166	-9.877133	-10.272873	-3.233233	-88.373613	60.869505
	2.252765	-86.923957	20.695334	-29.244473	-36.322247	15.365357	18.668413	-57.620694	54.631267
	27.615998	-76.546640	6.402221	-30.403234	-16.535832	-14.336134	-12.999647	-71.219830	43.151220
	27.528726	-72.517221	7.218553	-35.750201	8.608987	-13.448489	-8.527957	-47.635010	21.388586
	10.272768	-81.088032	20.278404	-58.075705	1.263629	-16.808040	-22.022628	-52.765061	33.094880
	4.931680	-78.696562	22.386651	-51.627324	2.602190	-25.854445	-17.425229	-81.755753	43.889760
	-10.351304	-60.219537	15.741141	-36.496516	13.316746	-1.532736	18.797137	-56.787777	82.800838
	-37.480983	-80.430542	19.727881	-30.605186	-1.066854	3.844562	-26.551184	-44.188199	51.023096
	-45.343660	-85.713262	7.739391	-29.797002	-33.014517	6.309974	-34.858746	-46.291548	22.505552
	-6.403180	-117.049219	-8.337619	-80.651041	-39.896870	-15.597570	-62.574714	-55.027401	10.530043
	-10.195030	-127.596433	-27.000986	-64.879872	-61.626865	-6.028717	-36.648932	-70.293646	-25.031522
	-23.021250	-95.779544	11.266873	-71.262576	-34.760867	-11.121058	-24.926948	-60.268531	29.166564
	-37.997375	-79.567624	15.604939	-61.296804	7.564882	-7.968674	7.549668	-49.901798	21.458028
	-16.821481	-47.015137	30.651825	-28.823548	42.994496	1.906302	-24.217683	-56.731280	49.110938
	-13.662707	-27.271310	53.276557	-44.806181	50.694935	9.269270	-12.142386	-65.223490	37.546961
	-5.851809	-9.183435	53.398328	-28.528096	38.333367	1.487473	-3.791818	-21.173587	29.656490
	-30.319142	1.948683	54.784531	-9.089123	33.922610	4.553612	-49.406241	-22.422844	8.726005
	0.049388	10.143662	44.081250	-24.276514	36.811922	32.332062	-10.686090	-44.393669	10.233186
	-10.588069	-12.710582	12.141766	-22.681306	14.244613	-2.381022	-1.295926	0.289022	-13.567348
	-12.388396	-16.398898	-8.466355	-18.974422	-6.838080	-0.748427	-23.048320	-21.489433	-1.203157
	-13.753970	-42.026902	-11.455194	-10.001487	-27.952022	24.557556	-5.602747	-26.323139	1.705658
	35.274448	-55.296065	-24.607287	4.082327	-27.062670	50.968918	8.326729	-28.444478	4.824798
	66.825014	-29.542591	-7.069196	31.455423	-5.925522	49.070792	9.810982	-2.106503	23.569392
	31.152604	-39.260314	5.010324	-8.415654	-7.795508	52.671111	-8.429852	-5.571548	-6.043866
	13.050385	13.889683	11.435684	-8.093877	7.600666	27.497798	-25.939879	11.324154	31.238898
	30.122833	12.783882	-16.966231	6.998553	3.548841	61.013426	-23.049698	17.856529	36.509053
	28.690810	14.530779	8.467410	43.106382	-10.957808	47.598088	-12.709575	25.579843	5.409181
	62.526247	47.387854	2.311107	44.051231	2.321906	58.095644	12.337938	42.901253	15.240345
	24.921092	23.785354	16.721408	17.939648	-21.940250	30.505482	21.165923	24.302093	6.823347
	-7.757571	4.119991	-15.432921	-0.737571	-1.759440	-14.920910	-4.734975	40.695854	-19.481541
	-10.272497	-1.032345	-19.585749	-40.014985	-11.829522	-30.822302	-14.797509	23.872239	-21.265702
	-58.506822	-1.514969	-42.005636	-43.746864	2.273756	-14.384381	-62.669572	15.157246	-5.348203
	-28.867463	-14.460856	-22.790755	-47.285434	-14.769282	-7.865421	-75.816959	-1.186171	14.552714
	6.798655	-22.085690	17.158361	-50.471979	-19.031989	-8.606046	-42.634110	25.951955	6.723017
	40.015883	-6.586671	6.493878	-4.250694	26.030498	-30.208925	6.517046	10.942273	22.840904
	16.522442	-13.081560	4.213689	1.716422	12.899666	-36.227501	16.937523	10.066988	60.614164
	0.520102	-26.438602	-22.813259	-0.063838	-24.081195	-1.445877	13.765665	-25.535846	6.047748
	-8.864566	-32.494308	-20.163538	-16.148618	-19.294798	-24.739532	-7.457073	-48.292362	-19.825820
	-7.369251	-16.353069	4.957317	-13.319686	-20.060420	-10.473137	-21.469112	-39.002571	-38.913553
	-24.876515	-51.583214	11.654586	-38.146247	-34.894869	17.281937	-23.778250	-35.025420	-13.796685
	-30.052555	-66.933443	-2.584558	-20.784786	-28.696042	-8.113543	-14.171900	-24.854909	-17.906773
	13.226610	-52.438253	11.350901	10.799277	-8.706668	-4.666087	16.967187	-45.097872	31.979471
	3.956597	-26.554528	49.713004	33.029731	2.806605	17.852393	32.902045	-7.540943	49.709989
	10.178542	5.599546	37.442974	43.292935	33.669491	-0.085932	23.865323	-53.923594	25.475058
	25.890214	18.713691	22.814957	38.721325	51.242889	-9.341678	43.552053	-13.222855	27.086485
	-1.918346	14.034783	31.441185	27.447383	26.510128	-17.642070	27.942193	-22.229950	28.412907
	1.098561	6.434483	-22.548566	30.593090	44.274036	-29.532768	35.314546	-38.629958	-6.255536
	-5.269767	-8.483624	-47.302117	18.091885	30.321956	-31.881469	30.879375	-20.719116	55.083648
	8.583291	-1.460337	-5.303345	7.823291	61.636288	-56.965808	28.114795	-8.775014	-8.800681
	-22.265280	-18.861728	5.244036	-17.775108	32.133899	-47.327229	18.329598	-5.288884	23.279542
	-29.964557	20.019045	-22.479661	-1.088413	22.308536	-32.430600	29.192426	11.582045	-6.021708
	-39.122571	48.693554	-8.753518	21.594100	55.436576	-26.150771	13.570083	5.928007	2.432052
	-30.428575	60.037097	-14.193153	27.001763	30.362883	-6.081793	-2.328944	6.646594	-40.822643
	-0.885560	75.000724	-1.983292	43.063808	1.034396	-15.324336	6.098348	20.509793	-51.438156
	30.908030	87.022873	43.867360	36.239375	48.360503	12.174279	18.881453	34.580754	-9.233537
	3.398459	55.022516	38.968982	5.625540	48.542464	-1.673813	-0.540311	29.446604	-21.595631
	-1.920817	56.114843	30.161341	18.474818	55.011382	-10.455856	16.581298	54.645434	0.020741
	-1.940078	5.049282	13.015282	-22.097099	14.896199	3.675848	-20.723660	35.513492	4.733040
	-11.490095	30.705215	15.757210	-8.231466	15.983148	-18.052336	5.313897	23.762752	3.383587
	-2.552368	59.213053	-5.787562	16.482365	19.835241	-8.226374	4.455008	72.385350	-9.739840
	13.570136	52.894572	-4.718026	17.116295	25.305394	-3.190583	-6.443627	45.198170	-18.209844
	-14.669159	61.254512	22.786741	33.080289	7.829395	-41.572833	3.951703	56.090017	-18.296913
	26.391032	85.753659	10.651503	51.251443	57.683175	-11.146622	31.064919	55.157405	-26.366570
	-14.688690	52.676748	-4.245014	13.833090	9.112399	-65.597646	-8.519410	33.038402	-35.754987
	-7.926765	48.601614	-10.614171	8.983097	12.523929	-17.373776	3.170135	39.854063	-28.588672
	-16.755145	16.255295	10.911135	-44.202265	-24.374979	-23.968667	-3.231671	0.200505	-29.899357
	-15.941092	39.638500	2.035366	-2.130843	16.166355	-14.618434	-8.133701	7.006522	-10.019209
	-30.448104	34.621413	14.550310	38.822409	-2.406717	-15.885095	35.984442	27.506824	20.148504
	-1.280571	38.219668	10.571300	34.810220	-5.756612	11.182795	-2.819629	28.464644	11.948064
	-24.075795	39.066826	26.578838	26.502885	-3.695089	4.367465	-6.473175	15.736252	-12.221535
	7.809077	10.532116	42.028345	1.025211	12.827231	2.792337	27.315377	2.530122	-8.191141
	-3.039240	23.449695	53.449799	-9.979650	46.958963	-17.692600	-8.065748	-16.801488	17.077540
	25.136685	30.799825	50.062269	16.221412	48.871488	-34.416353	15.447244	-15.690246	-4.702878
	2.189898	3.756415	19.384352	-34.056047	20.329919	-33.248583	-5.601931	-22.852245	11.381708
	-23.275407	34.769785	13.468477	12.670108	-20.921721	-0.433275	11.038789	-6.224568	-1.462286
	-60.533027	23.274017	-3.729988	17.968970	-35.193189	2.810956	-30.691016	-3.151082	-11.033985
	-59.179528	41.939199	-19.518189	26.690145	-38.483195	-33.826412	-8.779754	-24.971902	-49.263998
	-27.244693	65.741129	0.972583	22.150602	-15.306085	-43.729548	3.416289	23.997419	-10.721343
	-18.129563	70.458942	23.735422	15.729246	-23.458500	11.751478	5.491334	51.825389	-26.101131
	-44.321835	67.278151	-4.294019	10.584065	-0.101490	3.409988	31.619676	23.278975	-15.970519
	-24.951330	25.418802	-4.960451	0.904258	32.362122	-4.705456	-4.695203	19.593232	-10.352011
	-23.501764	7.940868	-16.724803	-20.085984	45.439309	5.716873	7.836079	-18.888817	-8.217421
	-15.280941	-19.803033	-1.277561	-50.662086	39.972113	2.854032	-23.430074	-24.908855	34.900644
	-17.841272	-31.127580	-0.844858	-52.451880	19.978505	-13.693544	-16.201649	-61.347947	17.229145
	-31.350002	-6.736713	-6.318442	-23.217725	32.571398	-19.634355	-13.892986	-27.810111	-26.398860
	-21.878797	6.587437	-4.120790	-4.967034	6.428018	-8.784800	-7.457061	-18.670526	6.608186
	13.341153	7.404678	-9.437779	0.201590	29.366534	-8.221515	1.270777	-15.645812	30.119021
	22.341789	-15.921401	-38.023573	21.960372	10.679489	-28.047567	28.785135	-9.807478	8.276924
	-15.811399	-24.653831	-51.698927	3.773479	11.594111	-11.377249	48.616790	-2.104973	-9.165650
	23.201437	-41.591518	-33.485358	19.376306	-4.400033	-28.429354	26.540286	4.128604	21.429907
	1.743014	-55.718185	-13.129168	11.609739	-16.948957	7.128783	34.092841	-20.985107	14.449525
	28.600884	-55.376902	-0.614034	22.673836	1.703440	47.194804	47.391191	-18.073666	15.935755
	26.042482	-58.034090	-0.580122	7.619392	-7.964243	1.966844	41.047341	-15.967454	10.770318
	4.922059	-71.576329	0.393868	-34.169698	-19.900287	11.384557	-15.207432	-8.047267	12.759676
	-5.327574	-31.792864	-15.585807	-7.008823	-14.602863	4.780416	2.998746	-28.957490	-0.989285
	3.895722	-13.409260	-1.769785	-7.563840	18.575582	-1.858509	-52.225849	-23.084991	-13.251539
	-6.490213	26.256627	3.131158	-1.568881	6.562061	38.741551	3.325988	-16.622018	-20.106799
	-2.719110	51.629287	30.930020	-2.172686	27.504571	42.940113	-5.192946	1.682848	-4.221107
	10.021322	45.897942	34.710014	-10.667421	7.988901	36.939090	-8.662283	-11.471140	13.794440
	-14.380007	68.215737	8.541992	0.056737	-7.274581	33.389557	4.120067	1.373800	-27.652500
	-38.423110	100.149024	-6.861955	16.900121	-15.580212	30.875849	15.551102	25.219993	-26.661080
	9.459129	65.924976	-19.834507	39.836573	-30.058403	23.582652	14.712512	54.703198	-38.242156
	2.209987	56.983237	-5.813374	27.579614	-53.243277	-16.194374	18.953163	32.632245	-51.664313
	-30.455863	67.789857	23.027842	14.371061	-4.902243	12.122444	-10.887697	27.713297	-25.378494
	-27.127640	27.326598	8.759847	3.724079	-0.528301	18.632548	-1.657014	15.395889	-14.180708
	-18.689192	19.887025	36.331712	-10.084126	14.934333	1.732837	-10.845996	5.206055	-23.017780
	22.292486	23.175203	32.987617	0.590170	50.846681	-36.163662	8.954587	19.907883	29.578395
	53.023038	12.563582	22.894455	-15.976212	12.160924	-10.355927	11.922590	4.054826	23.271557
	12.242181	34.460676	-18.555848	17.569905	25.639147	-23.487822	9.361921	25.048984	9.646974
	-9.728918	-21.020264	-31.545386	1.652426	9.723081	-30.787171	10.241705	11.799990	-12.810355
	-1.698299	-32.393295	-24.080054	-15.524491	7.243115	-61.449054	11.914015	-62.148765	47.458212
	-0.461144	-24.935686	-20.933233	-33.641305	-11.212161	-63.123005	24.978240	-66.817621	28.733641
	-22.941054	-47.152709	-1.550667	-0.514146	8.751657	-57.729034	-10.121692	-52.406504	35.638482
	4.360911	-15.937540	-11.673523	-28.999168	22.552589	-40.980100	20.691832	-16.745641	27.835061
	-20.320713	33.041757	-3.842235	3.269414	31.699710	-56.775273	18.165951	5.670708	-1.288265
	-5.945407	28.004830	-20.154525	-2.416056	32.631582	-31.502315	-24.735206	4.186825	-28.410649
	-6.587003	51.702893	-4.222892	-26.376076	48.479443	-16.178783	5.550636	35.536240	-7.445317
	-23.764681	49.089344	6.776891	-26.187125	78.777580	-28.652783	-10.740561	4.254499	-6.531941
	-8.610685	36.577097	6.639381	-22.504429	66.992115	-31.663011	-19.455238	8.706234	-7.861673
	-8.258525	50.135937	9.261083	-10.412297	29.681559	-34.250241	-26.693451	16.321815	-31.098188
	-9.114906	42.046254	13.663457	3.812066	-16.393065	-56.710745	-23.014484	23.797576	-43.057361
	-0.602806	44.377577	-11.017702	7.996996	-42.327160	-29.600356	-15.491442	41.831652	-33.823846
	-32.173969	70.749535	15.121063	47.604839	-6.617487	-18.816595	21.730196	52.898584	16.811752
	-36.814422	60.436022	-14.754434	37.754496	-19.795659	-31.494365	18.408733	21.525192	-20.757707
	-31.967717	86.284958	-14.707964	63.031047	-0.974044	-27.298796	26.589647	46.964444	-6.270191
	-16.866714	64.775486	-14.087924	69.736312	27.222412	-20.140002	34.518229	49.889917	-30.182895
	-35.853008	74.532602	14.762657	68.971590	6.291371	9.934926	22.276857	54.423646	-8.664824
	16.750393	55.158603	2.893681	44.359357	-1.779527	8.797355	9.586636	35.144407	-17.827118
	-22.821838	26.066503	0.502373	9.221093	-6.497609	5.837320	-8.825820	3.821258	-6.384445
	12.475043	10.687517	-41.726566	-51.209534	13.160408	-17.689286	-45.825500	-2.794979	-37.475997
	-15.819447	-7.515522	-9.025335	-39.811328	6.399027	-4.731053	-31.150204	7.748694	-9.117338
	-38.726387	15.054402	-3.080446	-8.613767	-12.093850	8.955311	-5.170152	13.125348	13.868414
	-1.344504	39.750510	11.329411	10.778695	4.563470	1.602649	14.596119	13.961436	-3.984581
	-15.137823	45.375128	-7.021483	32.778948	14.944861	23.479368	-16.222324	22.969076	-19.551064
	-7.912148	66.880780	-2.798009	56.395553	-14.305917	14.852343	10.367830	66.438771	-63.406814
	-26.659810	55.530542	-21.467596	38.016653	-21.772459	-5.343663	21.554161	61.937460	-30.087470
	-32.821770	80.558450	6.063804	38.209080	-41.160447	0.012208	13.780554	26.651343	-32.898089
	-16.244026	85.700209	-5.937377	14.406905	-29.565944	22.405949	6.125267	27.476272	-51.614753
	-16.144719	48.300125	-2.648508	4.993162	-49.097662	-0.128553	-16.931803	37.506089	-45.554968
	-17.339575	42.839792	-11.372296	13.665502	-18.111189	-17.705748	-3.967242	2.846487	-47.868015
	17.653001	30.686509	-11.519423	15.122141	-9.379045	6.627509	12.588998	22.399716	-39.933504
	3.843962	24.850648	-14.175304	24.842254	-35.921583	26.735464	5.407592	16.000227	31.813797
	44.912881	8.297652	19.833986	25.427323	-0.502957	30.194453	54.619435	23.779391	25.369504
	36.971058	-26.358910	43.213256	9.351061	8.764570	26.425620	36.048478	3.879493	74.346750
	11.855445	-18.237350	38.445247	-3.247234	-5.043093	4.521583	1.154080	-53.153239	-9.167210
	-24.812368	0.576353	43.284901	-15.728234	-32.254953	-18.070736	-4.363597	-18.366020	-28.618073
	-4.423902	39.625527	54.170204	21.596103	-12.406494	-0.834039	-4.933164	14.308950	-0.375709
	7.382419	28.481300	20.664475	5.261552	8.205683	0.645117	11.941055	41.404971	-0.143095
	21.648784	17.361364	25.205850	-31.543799	17.022757	0.975173	7.174535	15.342120	25.960068
	-4.733165	-3.126205	23.985319	-14.175056	11.993510	26.153598	-13.724952	-7.732901	15.841471
	-7.232904	-11.643134	-28.378535	-31.109626	7.255214	-6.473563	-3.651211	16.448274	20.816956
	-11.322203	-13.801162	-49.907544	-52.100611	24.544031	-21.907578	-36.285397	14.537922	-6.891634
	-7.021510	12.983777	-66.865715	-45.331635	-10.036320	-14.856917	-54.005619	18.998949	-53.774105
	-2.871988	-4.469425	-34.630686	-29.875909	31.030307	-36.811605	-37.002095	0.110429	-33.621010
	-10.238413	20.816630	-39.449881	-1.806465	7.745058	-9.219155	-24.317174	33.267169	-28.006812
	-6.776764	32.121073	-35.915103	-6.070126	21.592687	-32.431902	-8.339182	8.927316	11.742776
	-3.132469	31.969339	-29.701998	13.278737	28.466266	-30.225415	-11.455113	29.233926	-6.206066
	6.234159	68.758176	-29.790370	36.340068	16.154048	-23.222846	-11.050324	58.807870	-30.911865
	-6.832925	63.085836	-45.730903	37.960352	1.567154	-41.254130	-6.417586	80.710340	-55.897694
	-5.746665	69.398498	-65.626535	66.271196	-3.526700	-17.491147	38.058756	99.797741	-47.273890
	-0.789277	65.797152	-40.824981	58.233063	11.696801	3.538767	20.011888	74.221561	-38.368105
	-2.164060	16.641096	-26.360599	20.097361	-13.573737	-15.705114	9.482404	45.577790	-10.118435
	8.213226	15.785333	7.737946	20.883980	-31.384370	13.009066	9.986948	34.136645	-6.744664
	36.283053	29.284947	6.398659	30.817678	-29.628942	28.236480	16.680620	41.654155	-13.469532
	1.674726	43.391813	15.723663	54.030094	-44.231273	9.229549	16.647624	64.119229	-0.123784
	6.702135	50.814631	-6.955165	34.197479	-23.671544	49.129157	49.084395	49.856333	11.445882
	19.660803	68.038043	-5.833353	61.064586	-0.481631	9.691516	42.704489	45.787517	-7.095776
	15.188443	67.526488	1.867405	71.921113	1.007139	33.191756	24.396219	69.020126	5.733050
	-15.253421	50.367887	-14.496760	47.244289	12.014486	22.007253	29.556020	49.998766	-23.128649
	40.893121	-16.706860	-12.793907	14.299418	-35.632242	22.105786	6.838883	10.433263	-18.412179
	27.574348	-38.246676	14.152565	-5.399339	-21.052268	32.222819	-3.149193	-2.373705	38.183167
	-32.750932	-72.388339	2.857858	-33.532895	-50.445509	21.572092	-11.246296	-25.363186	4.350366
	-2.222455	-47.386247	-8.130495	-24.179398	-23.890048	0.909778	-23.522977	1.248481	-23.244253
	8.571791	7.768626	-9.014049	-12.069469	-59.911030	5.157413	-41.427251	29.114368	-40.674498
	-6.496633	-11.574547	19.689432	-37.802766	-8.106927	2.086469	-25.334385	9.789318	-14.293160
	4.882401	-17.265602	13.479546	-17.388313	-2.899403	-2.923982	-27.555255	-9.195941	17.802700
	39.574445	-46.916613	25.040498	-36.562185	32.841178	33.366339	-29.140528	-44.326556	33.545629
	28.247290	-76.324961	22.265823	-34.995218	-7.716144	47.764391	-9.564775	-28.887827	41.824644
	72.652886	-106.489103	9.394241	-26.271003	-10.029077	72.621706	-7.340373	-52.781991	46.486924
	22.275092	-145.826232	-9.743446	-58.753701	-51.657575	61.761086	-1.053824	-43.523992	3.120013
	19.181232	-157.759424	-12.450571	-81.345262	-65.657826	49.479876	-35.015931	-69.990521	8.782309
	20.444887	-130.721769	-37.070869	-23.344660	-51.461623	30.181383	-12.061023	-35.237932	15.017067
	31.769429	-119.783635	-27.321164	-30.642085	-34.476758	23.043883	12.291922	-27.461853	32.151613
	33.288758	-84.796573	-8.774522	-8.936933	-11.078924	41.370900	16.044207	-12.949257	49.671291
	63.686277	-66.075528	-6.269737	21.900970	-15.210115	31.750905	25.116642	-19.679048	15.931520
	48.183189	-92.320645	-2.798055	-9.263701	0.163460	53.048494	41.701689	-8.322895	41.384596
	89.077293	-83.855945	16.441783	-18.500239	-18.534689	67.528462	25.982708	-27.827145	63.766546
	25.665229	-101.377634	1.565643	-16.554440	-21.291251	67.304018	-0.528277	-33.332893	47.135915
	55.354338	-93.940193	11.698495	-22.882987	0.704163	37.874739	-11.472625	-35.597852	67.920531
	53.531273	-96.540142	-18.635737	-46.576239	9.518926	48.540330	17.680009	-44.056406	72.899240
	16.893678	-91.070923	31.409832	-29.818652	10.518734	56.275180	8.253382	-31.730080	42.180452
	42.592660	-74.244556	32.015209	-17.730922	23.259179	48.312460	15.343426	-25.828159	74.506877
	6.639138	-44.688983	2.468725	-6.633533	36.965099	44.803775	20.031571	-24.136168	46.920475
	27.081781	-72.159065	6.374387	1.190912	18.574600	29.481760	3.016270	-60.513630	48.387761
	33.762307	-63.460409	18.130105	-17.152989	22.869704	14.529027	23.141419	-55.875059	83.247539
	36.852961	-76.602348	51.842519	-37.403100	31.390525	50.131294	19.398066	-61.198697	56.517586
	16.929833	-89.542961	34.694469	-46.893082	-24.366466	19.494693	-32.699938	-73.780042	42.810372
	-16.896067	-86.205056	44.183244	-29.730379	-31.944300	4.893571	-45.495549	-54.550595	9.000916
	-1.434085	-67.652950	17.419235	-30.599557	-21.366670	38.878762	-25.491385	-68.780683	12.455701
	-11.629166	-79.758008	-6.889108	-35.806383	-29.621793	5.329342	-20.134043	-37.134776	-41.516011
	-18.949163	-17.239187	15.255184	6.684204	25.555646	-0.761718	-6.721049	-17.531220	3.838339
	-7.441190	1.244046	0.667152	36.573770	18.178248	-12.067792	16.589309	-0.608176	13.474754
	10.272210	6.627041	-0.753468	22.712066	-5.417682	-4.376016	19.828035	-11.896734	-6.223210
	19.647472	39.938366	-20.329341	57.377975	-11.272776	7.053267	28.109711	14.291008	13.874405
	-24.375470	39.065159	-19.658507	30.534071	-31.931459	-26.329935	-2.142894	16.699558	-31.650440
	-1.276473	61.614163	-13.313701	58.015390	-21.422886	-4.968932	4.491435	37.319558	-41.757593
	-24.905092	66.462665	-11.212236	48.823005	-9.144290	-7.398665	16.735132	16.291192	-19.394937
	-18.277095	20.592949	11.804942	-4.400873	1.972928	-21.201131	-1.090582	2.437244	3.557866
	18.055729	14.952218	19.586553	1.522951	-36.180763	-21.173317	16.681351	-6.506642	-10.745075
	8.970696	22.165629	37.314574	-5.691275	34.164833	-19.091616	5.695185	-14.426656	-21.079190
	-10.110313	9.957699	43.828047	-27.564180	9.718511	-32.618514	-11.336717	25.966971	-5.372314
	-55.025510	41.019524	21.314000	-21.783633	21.695898	-33.180075	-31.853398	19.399460	-27.632750
	-43.906763	-8.033842	-11.159159	-94.068495	19.091048	-64.612707	-77.120074	-58.104295	-20.916743
	9.246962	-7.467982	28.816882	-80.096632	31.613169	-25.148998	-14.457462	-45.440069	15.239625
	-11.834447	-7.103593	41.614966	-55.459414	-0.267962	-27.156294	-27.625840	-35.985131	-0.673630
	-4.120031	-29.311564	33.943176	-29.862030	-0.446668	-19.309404	4.922184	-13.273714	2.635080
	26.867177	-41.913987	38.066285	-6.698333	-0.244128	-10.763085	27.033715	-25.017453	25.597065
	39.169793	-55.142573	30.270315	3.856310	14.207720	6.955694	11.726908	-30.581305	57.528507
	49.009409	-41.600566	27.873266	6.493560	23.387743	20.187684	16.699281	-20.064313	32.027908
	36.535935	-11.384166	13.845728	26.125324	18.637542	8.168043	24.755997	-20.803869	15.243878
	7.759546	1.408905	11.718404	12.604576	-2.206027	-44.464251	25.191364	-11.128008	1.276126
	1.244284	-0.934786	-7.015885	11.222193	-25.931384	-16.372906	11.896102	-10.778508	-20.638715
	6.738473	-25.508883	-8.033433	-9.535845	-0.585579	-14.921298	10.789779	-40.411844	7.162502
	10.098453	-73.798156	9.813720	-52.710633	3.670405	-15.750351	0.535084	-67.754840	-4.363590
	13.493264	-69.430866	10.515550	-32.600810	50.208163	-18.908608	47.475480	-47.600450	20.773760
	-19.307782	-46.539523	-3.013666	-19.954841	9.948569	-43.951926	9.890139	-41.649969	21.544115
	-11.199689	-17.305229	5.136318	-5.030581	-0.831586	-35.372783	-2.989041	-15.170220	3.355978
	-7.270746	-13.260652	13.071599	8.610391	-44.543749	-5.559587	-42.074515	-3.573930	-24.358409
	-18.770090	-28.796285	-5.689449	-23.828500	-22.123459	-13.494776	-28.992675	-31.732492	-43.994252
	-27.340507	-47.743700	-7.825194	-39.129592	-21.405803	4.061261	-30.692775	-31.452341	4.795070
	-54.054295	-41.766518	-23.031200	-40.473142	2.838424	-32.057803	-25.179801	-27.535193	-10.981121
	-26.328672	-66.866190	5.478565	-59.057766	7.565476	-19.829054	-53.419597	-46.847595	16.345994
	3.614255	-68.099331	37.970178	-26.433505	42.648068	-7.220951	-29.334984	-38.568616	20.275673
	-6.811270	-56.347120	3.309422	-45.167137	9.554514	0.324370	-54.082339	-33.529067	32.716035
	-19.940750	-58.563414	-13.157501	-22.582896	5.447303	-5.964440	8.862025	-22.769709	-1.668250
	-10.195425	-37.936945	-4.211351	-22.774886	-2.469012	7.128391	-23.531020	14.094360	-6.243701
	18.182182	-54.143024	4.407940	-20.323534	-6.637152	20.467955	-42.687860	7.282516	26.817882
	15.295889	-19.210728	36.123259	-9.592944	20.628971	19.329359	-12.433873	-8.318989	17.354943
	-38.655194	11.243839	22.632356	14.914512	55.007056	-0.266486	-18.293204	-11.988907	28.835943
	-0.967491	17.926537	37.467589	9.807791	61.980171	-4.244736	14.769565	1.795929	32.502006
	5.249527	10.296046	20.241167	13.016949	21.790294	21.291351	-5.063071	37.131901	42.374838
	16.779821	1.751971	4.012202	17.901394	22.125114	-6.994581	22.082165	-7.385954	51.695185
	-11.370041	35.435289	3.659968	48.125204	19.456041	6.802431	1.890839	43.978851	27.939280
	14.457657	34.489444	28.214386	2.480604	22.805677	1.562414	11.053868	10.116567	-5.321753
	-23.274192	11.848726	4.971841	-0.511303	14.154864	-8.247130	-17.800134	0.337448	24.156911
	-6.584867	3.907496	24.157236	-4.332360	5.189244	-21.045547	-9.973662	-3.914359	26.271968
	15.978961	12.984905	27.996378	5.036702	-6.703087	-12.911726	-1.020956	-31.231491	25.324526
	28.335212	63.543810	27.211394	43.180633	35.251504	17.031173	67.144377	-6.316970	36.075272
	10.489450	86.864338	-1.894198	35.656875	10.770279	25.085452	39.895204	4.060328	-2.171857
	-10.064071	76.227728	-18.479582	42.758516	38.309244	29.730631	15.992777	13.570498	28.707117
	-20.317407	70.938655	-16.155535	37.541130	-17.696527	-0.828432	-7.872214	19.144208	15.113049
	-36.791120	42.258286	-45.102452	7.284093	-22.932988	-10.764891	-21.650601	13.393226	-26.505592
	-11.838230	43.786634	-4.907852	56.474835	-5.006104	-1.512973	33.000001	45.326325	-39.229227
	-2.792764	70.487753	-12.545382	53.525036	-22.201351	-1.433911	32.659965	41.029052	4.665639
	11.160677	59.029579	14.000831	53.487949	13.299118	16.137611	7.416604	28.278767	-9.079955
	23.348001	77.330943	7.207004	90.728959	-5.826732	37.837180	48.560516	31.208596	9.263656
	25.500943	69.812908	38.958802	79.375987	9.675200	50.561483	60.057311	47.940281	4.030158
	5.174910	78.324049	38.672167	73.756507	5.968554	55.736545	47.446516	43.368300	11.714398
	-2.227515	72.890342	27.588719	52.573322	15.079667	21.165200	25.269636	45.228275	-1.819910
	0.821455	46.402651	-13.721703	-12.063753	22.711810	10.598682	-10.390353	12.125415	-0.769209
	-37.809984	47.420523	-60.445673	-15.945769	22.100340	-18.215255	-48.816604	6.235867	-13.087035
	-8.867157	43.049121	-35.104806	25.422124	18.926753	-32.782701	-14.482220	38.594562	-4.588476
	-19.703163	52.879828	-15.585807	36.021845	9.985128	-8.570960	18.939963	26.491690	-1.722867
	-4.759234	82.767620	-9.815470	7.042916	60.669903	-23.533189	23.455246	8.420192	7.836671
	-30.396677	43.624089	1.494888	-5.993569	20.137435	-24.206598	1.229317	11.946119	3.936974
	24.214486	83.978091	-25.196687	10.107904	51.054520	-17.796457	11.798497	5.749449	-21.797289
	0.744846	53.746387	-47.658033	25.104849	1.486719	-22.575795	15.785184	36.037161	8.056130
	24.058656	28.248319	-37.478117	11.344663	19.994660	-18.197428	24.656746	27.700154	11.129718
	-17.985217	7.837419	-24.008338	-6.241754	-13.930054	-19.438784	-20.991565	-1.906998	-27.053046
	-45.662754	-40.669148	-24.018454	-43.182131	-39.981239	-11.033705	-16.207180	16.084643	-35.101396
	5.858880	3.804753	-8.202563	-43.751242	-31.514998	-15.521455	-4.918413	-15.253263	-55.482387
	3.259961	36.648392	0.898350	-3.796208	24.441082	-24.649676	16.229799	4.000004	-59.997907
	-37.331974	31.708078	-6.761105	2.403812	0.872350	-30.601484	-13.824062	32.459553	-35.329745
	-11.855011	22.484043	-1.224850	-25.509377	16.011563	-6.554673	-9.545171	7.804129	-43.830799
	-24.904499	20.770001	18.240934	-10.465543	-12.426296	-34.954931	-24.400694	21.816516	-5.625270
	17.796079	-12.370726	-35.007790	-16.438321	-41.334389	-11.794490	-10.514457	-7.367740	27.905058
	19.896217	-35.138709	-39.883721	17.243493	-30.089666	-5.622202	-5.547929	13.780023	-14.862430
	32.017000	-71.322570	-23.922980	-29.778791	-56.941018	-23.159067	-6.661702	-12.204526	-11.189642
	3.535197	-83.138628	-42.733307	-50.056895	-24.776791	2.121817	-16.608622	-45.292470	-24.339067
	-35.963583	-61.560370	-42.710455	-61.055896	-14.751037	-20.167947	-25.698541	-68.649565	-52.467149
	-20.209093	-68.597445	-18.251995	-64.065843	-16.903988	-23.256842	-57.342348	-67.101338	-20.544336
	26.273761	-79.528417	-17.510197	-58.090189	-22.586156	-32.392026	-21.893093	-65.056667	-14.042033
	9.339861	-107.818270	20.870400	-72.480825	-12.492990	19.660517	-49.947389	-79.260575	11.627543
	41.782522	-81.559566	40.237257	-23.557567	10.428325	25.097150	-0.702265	-69.090079	-8.926878
	31.089625	-23.288780	34.223559	17.964135	14.625687	-4.235591	37.290719	-17.018794	20.824032
	17.649986	12.132971	-22.673297	46.703881	9.830274	16.912555	55.512263	12.456479	-15.360398
	8.491049	20.864836	-19.022726	55.167142	-2.797638	-17.823183	21.328410	32.232517	9.532254
	-16.544044	48.191528	-45.552703	37.360802	-1.124887	-16.801854	36.347644	27.013824	-35.649610
	-53.710205	51.945134	-37.376320	13.572952	-61.138302	-11.718134	-24.457308	31.521857	-55.774611
	-36.183458	53.044039	-40.725540	3.726827	-68.603188	-28.031916	-45.965694	17.056587	-68.908170
	-23.699237	62.951180	-37.090556	11.946557	-59.247645	-17.769042	-30.535008	49.281906	-43.471010
	-22.022074	61.551616	-37.960596	11.069959	-40.866842	3.292901	-15.111195	25.986726	-31.160195
	12.676400	76.429702	-23.682950	33.799775	-11.037965	30.034257	-12.463014	55.774649	-4.129318
	-14.697684	71.380703	3.453332	21.131373	8.485268	32.693946	11.647165	31.435952	-14.272697
	-13.957266	38.170722	-15.826521	19.803839	-5.042807	10.488213	-5.829298	12.377486	-63.763305
	-31.167415	8.295816	-31.773229	-9.799661	5.499354	0.335581	-19.722210	16.749638	-66.937854
	3.631633	-21.623213	-32.584032	-53.147376	-36.797719	9.060287	-18.092584	1.089911	-80.223981
	-2.053789	-19.612754	-18.236830	-29.401201	-21.885132	25.848744	-2.198861	-16.322938	-42.547593
	-4.266912	-7.445714	-24.278563	4.550079	1.421820	4.706179	-27.967197	10.704604	-11.343758
	0.781502	10.631269	-28.341300	9.778217	-8.798424	1.887241	-37.212231	19.968679	-27.061010
	-0.119762	35.287202	-35.816766	28.975248	3.332695	3.807920	-0.422482	31.861232	-8.838831
	6.661855	45.866196	-13.405414	42.888217	13.433361	-8.393329	14.004314	34.670388	-33.464088
	20.462176	61.141314	-17.484594	67.406593	-18.147079	11.112899	26.139005	60.247693	-25.778510
	-8.218814	75.011246	-21.969174	51.841234	-17.194612	20.553159	28.713988	84.146110	-8.306084
	17.847944	65.876757	-41.389099	41.133564	-39.796491	14.819349	5.032868	59.321340	-30.951775
	0.557555	42.251559	-18.384713	22.667592	-23.210922	11.251619	-25.314465	75.667437	-17.791727
	-11.862710	35.477488	-32.930685	66.490035	-27.577671	-13.408931	-34.333385	81.643841	-47.970004
	7.580836	19.935556	-34.836800	46.938800	-6.626325	-2.592368	-8.151041	61.743841	-8.477296
	13.028952	-7.657961	-47.268137	33.866047	-4.793669	2.553380	1.169455	70.408860	-30.804159
	18.579439	-28.054172	-56.938243	20.262617	-8.689305	-16.343390	2.363785	56.464314	-12.898338
	6.530654	-78.909734	-38.823218	-3.248863	9.626195	27.118064	6.247908	22.610857	3.070553
	18.131935	-77.529012	-17.618945	-6.337053	14.531018	29.095616	2.529266	41.252312	29.970458
	21.026769	-83.167575	-15.993916	-15.653765	30.908402	2.832415	39.977633	-23.794020	41.166717
	20.995340	-99.677829	-19.859102	-16.714883	0.204014	16.868618	-22.338696	-25.696304	40.843607
	2.403066	-102.585195	-3.681438	-42.700416	-0.547500	18.011537	-10.935767	-23.599291	33.372406
	9.429021	-90.642080	-13.981484	-37.143185	-0.906081	11.855644	-10.768662	-37.945012	39.542471
	39.951073	-91.034431	-22.741856	-44.867606	2.851444	11.178376	-2.043443	-36.711483	45.856716
	8.822362	-77.909493	-29.201677	-22.154336	-7.299824	28.376575	-24.060186	-28.695110	46.255688
	22.603904	-49.667265	-12.745748	0.907396	-8.049145	37.881632	-11.020109	5.439357	7.548200
	-10.104032	-14.013537	-23.727351	22.274814	-4.566675	7.821565	-6.185210	52.693876	10.852278
	-26.256994	-8.361737	-42.737072	19.595444	-27.915264	26.418896	4.922693	67.458855	-7.530041
	-7.941281	-18.199313	-36.858098	26.766903	-27.596560	47.428337	-5.553910	43.369587	27.080692
	39.841041	-42.744695	-23.697950	-8.480014	-42.739574	31.239818	-13.435247	-4.795390	29.924104
	21.772916	-40.005085	-19.927537	-1.963009	-12.870135	29.613287	13.772656	8.990956	61.625194
	17.754788	-28.192301	-0.854384	22.221978	-8.630960	24.027066	17.641585	-21.598049	-1.082308
	-17.347994	-32.955500	11.357345	-14.812000	-2.040815	-20.404026	3.807453	-48.421631	-6.085078
	-0.834374	-34.143129	33.402125	-2.946737	-10.164074	-1.268002	-4.713158	-57.662254	18.628600
	-4.159329	-41.564357	16.724479	-3.716297	-2.868517	4.930132	4.927285	-57.466535	27.692925
	16.837213	-43.676215	37.747947	-6.945539	25.289632	2.432999	11.239812	-53.268757	38.644151
	9.115841	-26.574840	56.870178	7.917760	15.282746	1.550828	29.710745	-55.358300	33.489184
	-0.147939	-21.592706	41.022489	3.237368	25.120931	-31.829864	19.010320	-72.792980	22.463638
	27.101421	-5.741053	32.134517	21.865477	24.976751	-27.442540	23.495335	-23.765458	34.303083
	19.344609	31.005986	17.283744	25.209996	28.905469	-34.426707	39.661457	-4.194246	5.099155
	-20.362565	46.477367	3.023875	34.670127	35.445583	-42.821281	21.607538	10.201419	-26.930427
	-4.486173	47.842718	-18.117294	3.842350	3.249441	-40.780209	8.330576	0.003678	-23.935255
	-20.527034	44.380778	14.300969	10.001833	7.943863	-62.997627	-17.257582	-13.956509	-10.520400
	-8.707650	30.287164	30.014334	-10.556113	12.802706	-42.214894	-11.094018	13.647292	5.249579
	10.244811	40.637910	42.582433	12.490661	-2.253125	-42.179174	6.646013	24.181977	6.319822
	3.342450	50.573133	37.540059	27.483645	-6.450898	-27.199594	-4.963680	33.440812	-23.843596
	11.944261	30.879716	22.099196	16.427726	-32.840873	-26.558952	0.781814	37.648879	-42.268834
	-3.472801	15.760380	13.722594	-16.826575	-18.945034	-18.351614	-1.740417	2.373870	6.594076
	-3.749527	-5.996807	22.955290	-35.475715	-0.487158	-14.399054	4.513541	-29.034732	9.625923
	-17.316081	-16.844295	35.076676	-47.842141	5.747971	-2.937576	2.088020	-46.238332	47.482034
	4.076352	-12.574930	47.433024	-14.370149	15.028923	9.022454	2.854682	-55.529360	49.156316
	14.124514	-20.967562	27.035882	-25.358683	3.082986	12.660857	8.676221	-81.089275	46.577798
	-4.712943	-31.549769	14.301341	-51.703694	0.803323	3.721658	5.071048	-47.285339	17.706012
	-48.023217	-49.132522	-5.466877	-75.756436	-23.045397	26.992705	-66.282996	-58.485894	-12.346560
	-49.391934	-84.736276	-10.706653	-92.591600	-48.746259	13.328352	-81.728931	-69.498535	1.242798
	-51.481927	-94.810266	16.660125	-90.788143	-32.160613	4.965338	-64.965921	-48.638099	-0.047116
	-32.544875	-71.662532	20.253227	-62.005789	-32.438091	-9.369652	-34.696884	-45.918697	15.088220
	-20.097987	-46.336278	11.254977	-35.395096	4.213513	9.305048	-27.956222	-38.357954	14.596509
	-27.481936	-39.188344	17.371652	-32.833471	-17.788277	25.490360	-22.355353	-7.724330	-17.387460
	-2.805523	-10.461799	17.672397	-9.762220	3.215222	33.554009	0.501419	-28.368317	-4.023102
	7.942559	-3.487070	9.315586	-6.973896	-7.601927	47.578958	9.559304	7.944953	35.749395
	-27.763044	-34.314079	16.682562	-44.111759	29.865201	32.122194	-19.051839	-55.814835	39.653882
	-11.753531	-20.296924	19.142129	-64.763787	-3.873380	28.316621	-44.148427	-25.367411	-11.238613
	-26.619499	-14.731689	16.496247	-40.060579	6.335685	59.606523	-36.366839	-38.252782	-33.393680
	6.630905	-23.198950	26.692502	-21.109671	-4.990045	16.406900	-38.272782	2.189275	-2.967450
	12.036861	-0.599133	22.533550	12.726677	-7.214726	-13.911984	9.780250	5.141697	-5.141746
	16.841012	-28.130525	-3.164039	-11.754915	-28.347418	1.162199	17.687709	-3.250000	1.980869
	11.661476	-2.171962	11.591211	10.948078	0.055428	20.228094	7.934688	-15.174046	-47.954298
	3.768586	15.240574	-0.972658	15.639116	0.328587	14.256607	30.191705	-12.688027	6.404977
	26.804032	10.007958	28.493980	46.503801	8.351220	-8.913843	29.385534	-10.563521	-8.318975
	27.051901	28.700797	18.067846	59.130056	-2.031358	-0.586642	46.571865	-6.006026	48.037268
	32.335937	-2.706910	-4.565204	60.492774	-35.551806	1.351401	37.277813	-9.792936	-2.902028
	9.566346	6.988330	-6.317142	66.538416	-24.058378	14.390196	49.185479	13.053914	13.996360
	3.652238	21.633917	-25.035878	45.928341	-61.405573	17.182398	10.673290	36.603663	26.141986
	4.953337	22.261538	-19.600494	56.605057	-40.919364	14.857415	14.054906	35.025898	-0.774272
	15.276114	37.705470	4.799408	35.502549	-18.911176	18.435791	15.935509	45.616571	-31.743885
	18.630739	64.529376	-2.001989	32.576404	1.317083	20.266086	30.637512	43.291482	3.757379
	-5.638806	55.116513	9.659788	44.012797	-15.931883	37.350550	27.069660	32.564879	-4.316326
	-29.065999	75.613238	17.605646	45.354761	-10.449300	10.881806	37.891935	14.276873	-66.303440
	0.265176	65.758494	44.563606	21.166665	14.184744	52.954395	26.150209	2.890108	10.963671
	31.040655	53.492796	48.290023	34.396525	15.067830	43.389197	28.855865	9.029052	13.172244
	25.772620	98.906143	35.822391	49.308933	22.331932	32.009369	34.445584	40.110286	-30.506991
	-22.612934	80.804737	16.851194	18.576238	16.511623	23.947331	16.418402	51.736329	-11.642452
	-13.262744	34.476880	-30.509600	-13.596025	-2.188162	7.971286	-20.666981	30.122454	-24.157083
	-9.630075	8.556258	10.081009	-33.168564	5.589224	8.885287	-9.332837	6.300683	6.249194
	-9.658652	-22.210827	-18.923548	-32.216148	12.071100	-21.611142	-24.273016	-4.980710	12.472843
	-11.538564	-20.834392	-22.758936	-47.415704	-21.907140	-28.054421	-14.047416	16.026464	1.149755
	-4.739351	-26.181803	4.935253	-34.779801	5.531302	7.409701	-15.223186	12.652463	-8.484823
	-15.627075	-29.555120	-11.563506	-35.830577	-30.316085	12.030299	-12.228444	14.543719	-11.401124
	-8.432475	37.857779	-22.521775	-9.953514	-9.234039	9.152245	-10.325457	24.961649	-43.606684
	-10.986905	44.366472	-20.470738	20.229412	-10.336472	-2.305542	-24.309255	45.758158	-1.787078
	13.579526	24.889909	-13.057175	19.182135	22.479698	-5.760671	-3.212043	17.711449	-17.482166
	11.368963	31.263955	-12.644138	6.641556	29.897159	-16.058224	23.528877	21.580460	-26.026887
	3.195617	-6.644832	14.345069	-21.452162	48.432971	-25.893527	12.255592	-2.574303	10.759812
	-0.333044	-47.642488	-19.494988	-49.401852	24.048996	-34.567253	-25.588931	-24.695712	4.732501
	-19.666256	15.366273	-11.121563	-8.431585	12.620407	-32.683872	0.449252	11.078400	-13.107728
	-15.472971	30.694904	1.388690	3.246593	30.184823	-20.519917	-10.886969	21.674234	-27.460926
	-39.874835	25.984230	0.170072	-14.927291	22.734946	-34.772862	6.937426	1.663360	-79.010108
	-5.278969	46.047958	-23.507387	16.512984	22.430456	-29.555827	-6.153424	5.546082	-36.413340
	5.785565	40.127140	-20.516366	-1.076020	14.476801	-14.863592	-25.744491	23.586147	-16.056388
	5.889246	2.865200	-1.272770	-12.407731	22.684768	-18.175464	14.165880	5.155843	-3.957119
	-33.074484	28.032412	-10.783639	0.920544	40.255409	-33.969195	-12.627530	19.150470	-31.180609
	-14.953782	28.460367	-17.379431	-8.779115	18.419129	-34.252458	-37.945536	40.958606	-8.801108
	-9.687446	21.911121	-36.749238	-15.760694	38.919135	-27.044987	-26.578594	20.457255	13.000513
	-15.392333	4.807580	-25.499423	-9.717804	25.349104	-33.321720	-28.833194	32.304171	-10.644653
	9.550556	-31.148300	-35.865968	-10.629191	19.073281	-4.217757	1.192182	41.676137	-1.379959
	25.647809	-63.197595	-17.284433	-43.474651	-9.142528	-15.767207	-1.603623	-11.203835	43.728296
	-7.593183	-70.400783	-29.094650	-66.311805	-29.490304	-7.590025	-21.152597	-34.584999	-9.601137
	-4.891014	-43.804315	-44.359739	-46.109238	-24.254869	-5.369196	-27.737174	-16.771136	-10.419397
	-26.360328	-23.099669	-48.365669	-40.720997	-8.337793	27.988059	-23.543817	-6.585140	1.079088
	1.821983	-14.426492	-44.448379	-27.306387	12.695041	12.321561	-27.863709	26.854568	-10.006847
	21.412723	22.036020	-13.832871	5.711187	-2.027406	14.972909	7.599649	-2.615732	8.861718
	11.882018	32.248008	7.036135	21.053087	16.442989	-6.307342	15.555874	24.919993	8.738723
	-1.442912	30.786565	16.359943	29.545737	22.575770	-4.605230	-6.348324	5.727664	18.244290
	-13.741758	47.781735	33.377821	14.039850	-11.948461	-4.742707	-16.661936	6.463614	10.773918
	-21.886433	25.065274	44.115952	-2.917236	2.283671	-4.582377	-7.730856	-26.884214	-14.173983
	-4.396048	12.582156	-4.602052	-23.728842	-16.331537	-16.669922	-16.359687	6.540003	-41.289674
	5.678959	57.099904	-24.489754	32.781786	-20.850976	-11.183735	-7.011384	20.952682	-22.141236
	-13.115157	38.510150	-33.623393	48.127167	19.223902	-8.823890	-5.643057	57.332866	-40.473700
	-5.170166	49.053965	3.860941	35.479465	9.844229	4.694922	19.649860	44.678311	-4.783626
	-15.284078	73.448193	-8.181261	76.291863	6.199080	0.226117	16.774062	68.520795	-12.161543
	12.465297	30.211840	9.671220	41.000375	-15.041846	12.850614	44.448578	29.645144	-0.169006
	-1.052200	16.930762	18.387698	55.629905	-42.014109	19.669223	41.566228	53.480162	10.961710
	-8.192501	33.516092	-3.774321	56.815076	-51.346432	33.489464	28.482157	41.195941	-18.069162
	10.225890	24.030004	20.372590	18.812111	-39.458431	48.848547	15.057690	33.047642	16.032650
	14.268280	43.252242	7.795014	10.615790	-42.590574	68.224112	-2.083673	11.939548	16.216283
	10.624094	60.964368	28.072974	39.165875	8.884859	77.179216	2.271524	37.389357	42.369482
	-4.210992	60.874703	56.096602	19.048938	-6.765979	53.949916	2.482430	25.605323	13.609089
	16.809927	48.192757	38.457670	26.495070	1.229100	32.689703	14.767492	14.805035	12.413418
	17.246440	60.892760	49.083382	50.174294	34.772385	-2.937972	27.293009	20.860083	-26.364897
	1.959474	19.887741	40.697431	38.749496	45.786494	-20.495479	30.977080	4.176907	25.430415
	-9.522646	3.810375	55.892312	18.945582	8.371775	7.777280	10.040688	-17.619201	-8.405247
	-3.795987	37.600254	42.668848	52.359053	39.025213	-6.809481	29.910368	19.973665	0.645506
	-1.233064	37.979790	54.407238	37.717303	55.969763	11.738241	45.449081	-9.544947	27.842744
	-6.395618	28.623449	3.408501	25.989820	64.591580	-28.022644	26.043627	-27.431581	29.397693
	-28.040745	0.171625	-16.279329	-15.456119	49.078573	-58.795171	-15.654136	-20.869073	12.981070
	-58.339480	-19.880809	-32.590168	-16.839314	28.691210	-38.208080	-11.555444	-49.989335	-7.549492
	-64.312331	-2.953481	-36.905831	-42.398017	-5.365990	-27.239205	-19.412680	-24.510617	-32.269024
	-39.700881	-37.559043	-23.587876	-46.686000	-7.313796	-57.919740	-7.439665	-14.708109	14.317932
	-23.135967	-29.251227	-7.929175	-14.650891	-6.977465	-15.729776	-26.098254	-55.191712	-15.805968
	-24.624988	-62.674913	-8.165657	-29.654641	22.660476	-28.499921	-35.431073	-46.132563	8.625985
	-14.384746	-73.747287	0.146071	-21.610416	-6.693004	12.201121	-50.235171	-46.960343	9.112409
	15.597905	-56.526861	10.131869	-38.861903	-12.105809	-0.363187	0.782196	-16.489637	25.004415
	-23.075098	-33.852922	-6.114552	12.099647	-36.388363	-7.406837	-9.872420	-11.870837	18.745242
	-39.608657	-13.272659	7.411661	9.309390	-43.988939	-8.249198	10.812720	9.564095	6.247368
	-6.869918	12.511242	-0.435563	16.731578	-13.580915	8.354556	-22.142197	-9.856363	-13.067197
	-1.217478	-3.533000	16.560364	10.354795	-30.677721	35.672321	-20.783009	-4.612889	28.418853
	-6.556488	-16.154248	6.473028	10.590837	-6.948813	17.475780	-5.028232	-27.122563	-15.662902
	-22.084122	-1.410173	18.579659	13.832280	2.818275	20.969352	4.096832	-9.741594	9.255090
	26.739587	-6.426443	24.655497	31.761477	-4.846959	17.186241	17.338430	15.225861	20.604310
	34.475755	-7.238839	21.117121	25.672849	20.336710	15.871851	41.323887	11.151156	22.041029
	41.927724	-19.487794	35.812987	14.987306	16.892375	15.056201	36.863307	-35.855705	21.614839
	6.950912	-23.817350	-0.999196	-5.929042	-1.813732	-23.173063	0.606279	-9.666988	-5.779082
	13.091671	-39.849527	14.079792	-38.646157	20.955006	-30.505358	7.171649	-36.989357	18.125330
	-4.567303	-57.048351	-5.092464	-27.343257	8.968477	-33.372100	-0.330702	-39.772379	5.218572
	2.476058	-64.422367	-7.825417	-40.843697	-25.608821	-36.373399	-28.208258	-28.482783	12.980742
	-16.231131	-64.483663	-10.121367	-47.151807	-24.353719	-50.275248	-51.796808	-59.977221	9.691897
	-7.166110	-47.500162	-8.209803	-42.093243	-47.939190	-17.157905	-41.644067	-22.233323	27.453754
	5.655098	-25.041346	11.461879	-35.053197	-28.953878	-5.541060	-33.735378	-27.945408	-4.778700
	-17.829595	-21.148183	18.981605	-30.356309	-2.851272	-6.342289	-17.243069	-21.155283	-21.683762
	3.858193	-54.486054	33.421021	-43.792554	-16.107020	26.550212	-21.348797	-30.272968	4.339853
	19.673360	-80.025903	16.156156	-49.318352	-41.878558	38.642218	-12.094038	-45.790334	2.595201
	15.238979	-114.998275	-0.922585	-57.474714	-15.279158	58.436943	4.710468	-54.846994	-3.020814
	36.380167	-119.524194	1.776859	-55.851935	-4.399053	52.265451	18.741979	-92.971567	15.582900
	23.586060	-85.215241	-13.626113	-56.480594	-8.936264	19.065167	-16.233575	-37.009047	-9.362222
	43.908006	-78.973877	15.349356	-53.042306	-26.913468	14.852917	-1.594143	-61.737828	35.567840
	31.986749	-87.961759	27.479254	-67.630053	-5.630071	4.925612	-19.900399	-45.409981	14.325852
	10.006609	-61.957372	21.176222	-64.404591	-28.813905	1.582713	-33.151625	-67.678380	-9.355060
	13.847197	-37.293528	12.828312	-34.686868	-33.724587	-5.235002	-27.105010	-44.656817	-27.252595
	10.452756	-10.788819	22.952974	-9.529577	-12.182160	-19.073660	5.691335	-22.549326	-5.328921
	-16.190207	5.185427	31.687773	-15.578201	0.993265	-36.711190	-9.622750	-26.839990	-39.533761
	-12.636125	5.022951	26.572764	11.554044	-22.946525	-5.157919	-6.885336	-12.297502	12.722843
	32.140996	-2.298866	-3.057578	14.322021	-8.480109	-10.403207	-7.878978	-19.506234	42.100016
	-8.430888	13.876127	-12.764977	17.347292	-16.629384	-8.728892	8.260933	-40.697854	-25.359355
	0.070345	18.260961	-2.006992	9.019662	-3.703637	22.266917	11.479691	5.744618	-10.141030
	-23.945171	-5.981810	-17.681691	-31.922964	0.242654	29.383465	-33.297764	-13.226960	-24.122347
	-35.657258	-18.013835	-3.209112	-50.722404	-0.692893	14.394096	-46.645020	2.044937	-8.320149
	-8.797583	-8.075503	4.340315	-49.208889	2.613123	10.433769	-39.895895	-7.337002	-21.493329
	-4.292075	-14.042732	2.350751	-48.013989	15.886539	-12.592799	-53.979221	4.314115	-16.151669
	-23.613644	-40.366787	12.571237	-54.894249	12.158844	14.650960	-47.348113	59.142225	-37.488111
	-20.489861	-40.255917	10.747111	-81.230991	-1.560728	18.573576	-68.773329	1.436363	22.765532
	-27.108028	-30.479570	-9.592148	-67.553065	-12.532845	30.088780	-71.650640	-15.758504	-13.337573
	-20.015800	-10.673852	5.460531	-27.823487	-0.175106	32.237022	-46.399266	2.522052	-60.311665
	-34.709395	-26.235228	1.718741	-52.530414	-2.825990	27.498890	-67.172983	-10.147437	-10.321127
	-36.209491	-16.447772	21.641320	-45.850892	-5.923348	10.802711	-51.645421	-12.571939	-5.107732
	4.845686	-56.006302	25.581745	-75.157677	14.018734	33.172505	-12.586451	-19.401124	-14.319592
	8.392267	-73.891587	19.018524	-47.657030	-15.493876	14.379399	-26.273123	-30.171082	1.224719
	31.449118	-65.037750	45.523194	-27.119935	4.222340	25.936990	10.264641	-23.704315	64.537762
	60.447703	-68.622437	36.923471	-1.454213	-28.778448	27.016614	29.691198	-29.963506	43.085587
	38.504707	-29.437017	51.567003	10.853834	24.452596	16.121371	21.740291	5.618487	20.070760
	50.593397	-39.350843	35.215855	16.271818	45.146602	47.056920	40.202973	-16.213799	62.555385
	59.341801	-19.593641	26.620278	31.631488	47.347802	39.104381	40.096006	-21.564752	52.450982
	70.122059	15.837599	1.243967	45.371802	36.010909	8.964208	74.819609	-11.047194	40.872638
	42.422998	21.892547	-15.356516	54.095623	14.901146	-41.369166	70.273273	15.252129	63.005480
	37.994166	35.200942	-49.732321	66.145305	20.265110	-40.227870	59.281044	4.262534	25.907208
	-0.195612	44.145772	-44.490790	49.946995	-5.211375	-74.596595	47.599665	22.619120	4.590220
	15.021774	19.731168	-66.489689	28.381809	-16.665821	-69.475669	29.473077	23.437256	-24.351981
	-3.021488	22.949655	-25.225288	7.577552	33.837406	-52.465575	9.800859	-3.656626	6.286980
	-2.473872	48.367990	-28.140056	26.397566	37.993674	-69.110396	31.511960	18.298301	26.264269
	5.229934	20.081158	11.394098	12.126128	60.313927	-46.919856	10.314924	5.889408	43.077440
	8.569581	35.946927	-13.657508	24.360508	14.596850	-56.024259	39.677475	15.909897	21.100526
	-8.584681	34.181601	-38.632785	-4.851899	36.823669	-54.444604	23.734275	-28.902668	-31.187966
	-13.022672	34.702268	-53.359890	28.977851	4.519955	-65.323006	24.724789	-37.965915	-3.903776
	-7.572916	27.855542	-17.492439	37.202436	22.132289	-30.582913	39.245484	-3.870518	4.441122
	33.803805	19.614998	-13.300463	22.960358	-25.047749	-15.845771	44.938279	-4.519111	6.154632
	5.572870	13.297046	-13.805775	18.777118	-21.253254	-19.914690	1.122746	14.329037	-20.216922
	4.168473	-7.114250	-18.818594	15.693965	8.204897	-18.951057	46.715559	24.810757	5.462881
	8.752013	-3.557464	-28.666757	6.277509	5.265046	-16.777667	0.506546	-0.977044	-33.730277
	-23.400791	20.842662	-36.820298	26.426310	25.740245	-31.421313	28.963924	-26.091868	34.584060
	-0.756095	6.958460	8.281583	16.076246	18.989089	-30.193483	-14.046907	-18.090605	-27.189373
	9.778308	41.027754	3.974948	32.186509	-8.478070	-8.268437	17.635249	15.958207	-45.140544
	-13.547051	74.903095	12.314959	16.793794	-18.351321	-10.141729	-15.033018	20.360952	-38.449477
	2.595110	27.123768	4.751331	18.378545	-28.479543	-9.106771	0.700927	7.794768	-15.391116
	-29.164615	5.866706	-21.833524	-1.682573	-29.054407	5.629645	-28.723985	8.659417	-23.944990
	-38.345072	32.736403	-45.510905	41.133097	-5.001805	-7.852973	15.499081	-12.219087	-9.960016
	-19.968421	15.981092	-43.301313	12.020257	-7.051498	-7.434077	-17.070018	-9.666418	-26.006382
	-32.198919	60.573530	-66.186330	36.295351	-0.245808	-0.040357	-4.052547	13.210691	-44.669331
	-12.780534	71.046055	-52.565174	52.766029	22.605694	5.287319	21.129176	47.356676	24.915662
	-27.435209	69.876674	-24.641289	43.449463	22.497887	-1.081674	0.045153	31.122776	-20.347793
	-21.946063	94.060543	-15.385092	70.258428	-18.603244	9.518582	13.695040	66.940647	-34.300247
	-8.007500	54.631856	-20.598857	49.198077	-11.365466	17.174238	8.421534	54.779033	-45.466127
	-11.953402	74.311997	-9.559318	35.039953	-11.350535	18.151706	-11.099437	65.678869	2.514407
	-40.197460	57.543273	-20.025569	23.276558	-20.942495	37.409027	-1.271898	36.576675	-4.383157
	-30.684436	66.407291	-17.100253	36.618785	-23.200046	52.425416	1.555814	70.819015	-27.576032
	0.870560	-4.016407	-16.589481	25.014088	-49.910599	28.670865	-5.869588	46.317764	-20.872310
	-14.971583	-24.881597	-7.346807	1.150124	-61.356385	12.206757	7.581151	13.127187	30.427913
	10.936521	-55.044237	-21.616754	19.730668	-29.534423	16.766054	38.276543	-11.239505	63.288092
	34.174180	-56.265812	9.168802	6.034347	-1.094160	18.026781	23.332703	-12.024057	40.250796
	34.399844	-29.812195	18.509796	3.684872	25.636541	44.523447	-3.526297	-29.477978	45.188098
	1.086717	21.974529	-13.954355	17.487316	6.207232	2.678826	1.836579	23.358749	-2.424341
	7.551583	-51.464234	20.185004	-8.440898	-17.741755	14.725254	-14.630727	-4.367594	0.764184
	-7.547477	3.089572	19.839111	24.160911	-38.537788	14.164411	-10.990660	28.072596	-29.806312
	3.998742	22.830340	4.824225	33.321813	18.095577	42.710525	10.850251	38.328721	-9.535271
	6.412550	19.258440	-0.050623	-24.984870	-5.424626	0.919572	-21.712873	30.171975	-36.120023
	-9.019575	-18.165217	-11.127234	-38.672100	-0.471039	-26.150244	-40.697065	-0.760300	-32.373805
	7.463469	19.654888	7.339983	18.362844	27.707790	-48.364170	-16.678014	-3.882361	-14.498783
	-3.392615	19.539148	21.297271	-12.232692	26.240602	-24.181710	8.807740	8.066773	-19.282207
	-13.998781	32.143825	18.581581	17.888201	53.406212	-37.942599	-2.833093	17.788558	-0.229592
	25.782254	34.167512	31.384372	37.054918	55.598355	6.709222	17.284629	16.182064	36.593874
	61.807465	19.132672	31.190917	11.251517	44.730343	37.155332	36.984218	18.410453	51.323668
	19.733437	44.163826	45.611380	57.725301	25.637581	45.815482	54.954326	19.502399	74.554644
	22.581138	-0.209933	49.184330	-3.933536	-5.240794	37.634690	34.000718	-31.308093	48.608095
	12.805843	-4.483827	11.924592	-13.163312	-10.339473	36.671361	18.172946	-27.948992	34.467095
	12.206123	-5.394992	-18.851394	-31.334023	-9.245757	-32.369400	3.750921	-32.839966	-20.080472
	-10.321441	-5.236653	7.667279	-28.078739	29.225328	-32.186236	-0.518675	-22.487023	9.016455
	-12.712513	-65.209602	10.873085	-55.168663	1.905945	-13.013836	-33.721420	-27.559077	38.111851
	-0.588714	-60.416413	63.390408	-39.579336	20.784949	-5.841138	-10.467436	-38.067433	3.647518
	7.317170	-46.810455	40.554405	-46.354532	1.774063	-4.346029	-7.407818	-28.774996	11.195860
	-32.383083	-72.817025	56.974774	-75.033918	7.677568	-5.750585	-45.786479	-32.494063	56.749725
	-1.558636	-46.842929	50.061981	-40.653153	27.409868	-16.427212	-23.525942	-32.218268	28.202919
	38.275868	-80.195170	58.054323	-28.639301	26.577282	-11.301187	22.403601	-73.548636	81.544323
	21.777920	-27.053750	47.536269	11.031470	42.937370	-20.527133	29.322277	-56.408893	41.129890
	55.120647	-10.806228	41.504212	9.634861	31.892549	-16.649659	50.700293	-75.524773	7.532072
	25.771910	-3.309823	-1.942524	16.476150	36.895111	-53.089775	25.419810	-49.001058	-17.789104
	11.752467	47.652581	5.911588	48.010250	35.515862	-34.602336	27.372716	13.591005	-27.608561
	21.920414	88.319037	-13.257353	40.940968	3.898527	-51.995700	38.486909	23.537206	-23.580199
	-27.417578	61.166886	-9.136657	13.121003	30.979420	-63.487309	-22.057419	24.183301	-47.016646
	-20.827089	51.653011	-11.616369	-2.088078	20.767113	-71.052366	-16.915309	13.544431	-46.328005
	-12.125344	53.429211	0.204053	-21.439928	31.205125	-53.078656	10.479434	18.080791	-7.333836
	-7.806722	30.671514	5.123182	-0.132598	55.520654	-47.251324	6.087508	-3.505111	-2.892545
	6.621670	5.430850	18.552951	20.046091	16.171159	-15.646194	33.790384	27.411231	-23.114933
	10.574429	29.759367	-12.912113	27.909549	-15.805627	9.291256	62.554306	-5.205335	28.693927
	-3.776644	5.137219	-47.198314	23.222385	-18.565603	4.372761	31.840111	-6.074913	13.862739
	-26.710106	50.268294	-72.497398	50.492233	-10.686367	0.085902	12.985859	78.878562	-80.315141
	-27.113360	37.308308	-37.549477	19.170200	-15.981613	-30.322214	1.603183	47.572139	-79.963618
	-9.556027	19.721588	-48.488153	24.899763	-11.893383	-8.066799	6.332958	20.470848	-54.248728
	-31.132191	27.033492	-23.475642	34.984425	-9.623419	-15.377269	26.721026	44.480686	-17.702641
	-3.164079	-7.045240	-12.339806	-19.583125	20.183493	-4.101359	16.870110	-17.805149	21.401064
	-26.585691	-37.240743	15.813861	-23.338004	-3.126505	15.733056	21.393328	-38.184359	27.716053
	5.686706	-7.436211	16.855862	2.006777	26.364331	14.731373	13.413223	28.476974	22.551337
	22.596659	11.230720	26.755825	-13.985131	25.738526	32.192107	-11.975579	-3.402936	35.312509
	-17.721487	16.358160	3.885535	-14.374182	21.915343	3.151019	-57.948611	29.770894	1.495728
	-18.611266	37.445110	-29.841303	-16.044691	24.902649	33.881079	-31.704578	20.531677	1.505646
	-16.254203	-22.801280	8.104618	-47.122689	1.402515	21.246418	-49.937384	-14.737833	18.945967
	-27.569716	-49.534578	3.077920	-42.498522	-30.265182	42.879198	-47.150569	-10.505358	0.365759
	12.025343	-50.032088	13.978625	-48.253854	-25.495754	16.884313	-40.068732	-38.157246	-19.410860
	-6.799490	-45.176186	1.232257	-46.381513	-32.649701	-2.743707	-32.317439	-27.533049	-13.397378
	-3.411504	-32.437174	10.562351	-52.444888	2.358855	16.805362	-27.789127	-42.672635	-18.355323
	-14.892598	14.261363	44.734614	-17.202383	41.312824	3.833761	-28.448681	-28.466664	15.303178
	-34.460610	28.616988	34.405237	-9.114622	70.248233	8.142416	-2.165093	-39.262764	57.848599
	-7.645196	21.147146	40.754305	19.582299	16.888027	-27.454646	8.745427	-4.874122	5.275207
	-11.345939	27.850688	34.564618	12.409948	20.720802	5.872708	13.269950	32.579422	1.988887
	-13.838135	28.287702	22.690265	-15.335178	49.383689	-21.967970	11.567907	33.832145	6.261801
	-25.384211	12.512038	35.640887	-11.178949	10.150202	-37.784048	2.747620	-4.555859	-4.459565
	-17.794322	23.093207	8.876064	-16.857573	-13.030624	-26.873968	-13.950075	-3.520401	-15.793574
	16.731494	-33.182254	16.130315	-27.915327	-19.444529	10.449907	-7.291051	-30.807644	-34.194156
	-18.389282	-51.604612	2.361362	-52.398749	-44.647636	3.657681	19.936010	-19.803116	-19.909421
	-19.425734	-4.782345	-25.896658	-20.978401	-18.643103	-0.848884	6.060115	20.944642	-31.195350
	-21.994448	-8.097771	17.266696	-31.763286	-24.407325	-8.639262	-40.082338	-41.159596	-23.915639
	-5.082955	-4.343160	6.324923	-36.990379	-11.811298	-9.486850	-19.954336	-27.714409	-36.254663
	-26.545536	49.241366	22.823858	6.567362	5.065695	-15.146598	-27.942418	9.338032	-34.067196
	-29.678771	39.813491	23.762999	8.020910	15.512646	1.793023	0.046353	-8.456777	-6.542213
	6.843041	56.367249	42.909930	35.991609	12.840199	-14.414332	8.673341	11.824538	-24.887169
	20.918728	42.373254	31.395445	40.412794	25.613987	10.775111	21.276767	-5.959709	-1.111246
	37.497162	2.583538	31.531256	31.151056	-8.807710	17.594577	32.843791	-2.587687	7.475976
	31.890175	-61.325643	12.767246	0.412532	-36.494368	27.262567	4.932075	-17.108844	6.779016
	-5.502402	-63.810285	3.805387	-33.452425	-44.010389	38.523903	-4.945417	-20.553487	44.019725
	17.040920	-85.195142	2.265901	-69.347608	-37.923968	22.407798	-15.749808	-46.766309	-3.582519
	6.572111	-88.652116	-9.580827	-85.540604	-44.115919	2.709890	-44.506579	-59.856957	-10.037636
	7.869495	-82.776113	-16.773139	-58.393225	-31.649405	28.727306	-35.280532	-27.705005	5.161739
	5.836634	-61.998298	11.447403	-30.302402	-44.791102	23.812318	20.355943	-33.311136	29.487807
	19.454630	-64.648717	14.791914	-47.863062	-10.029664	16.762793	-30.861777	-54.976735	34.553111
	-5.409411	-54.231128	25.882174	-23.138317	-8.928304	8.739268	-25.573224	-52.037522	43.464222
	17.323340	-51.976699	24.660217	-20.893271	8.323253	34.294250	-4.790366	-25.941628	37.699810
	-2.781780	-43.862165	-16.600965	-6.323616	-48.455643	-5.235860	-5.644728	-29.049008	-16.831201
	9.381247	-12.642923	-39.270734	15.470874	-19.996430	-28.873034	-3.813631	14.090705	-55.890699
	-16.832444	24.521520	-54.630563	26.434291	-26.804413	-38.600187	-23.346724	30.431756	-72.599773
	-2.906607	60.982814	-35.275397	39.249323	-32.091626	10.907303	-8.443557	40.829646	-13.372404
	12.876323	52.270354	-15.382661	34.972638	0.187647	43.106904	13.050067	54.761031	-16.632441
	15.127042	46.053922	-8.497800	40.739071	-10.947829	59.672344	-4.408542	43.082177	10.114729
	35.120034	37.606699	0.210689	32.483600	-5.305966	59.122531	24.314954	48.216895	55.369604
	23.213079	54.735257	-4.971291	42.471604	0.536010	57.741124	48.884788	46.526561	27.249963
	25.989043	78.070323	-27.941262	46.801931	-4.668767	-10.016566	-13.564112	66.596665	-10.048035
	-0.389961	64.855511	-30.534665	42.182668	-30.839474	8.037846	-18.255449	40.090123	-11.447209
	12.346098	34.058294	-23.163407	-19.315499	-23.135165	-36.756638	-24.271700	7.696299	-24.777572
	-7.143294	-27.857930	-1.018582	-46.824729	-27.766176	-11.455212	-29.578079	1.583903	28.688992
	-24.518913	-60.267495	-7.204118	-58.234616	-14.030454	-7.803149	-19.818442	4.132997	28.651887
	-13.468246	-92.259694	9.131795	-24.624031	-17.920502	2.616840	-9.418744	-13.625654	13.024198
	-10.419978	-45.939370	-29.716821	6.653530	-45.911024	12.446154	-19.734454	34.731278	-17.371667
	3.300847	-43.076284	-45.248140	-1.864857	-47.078319	7.545461	-32.486561	14.356335	-43.065248
	1.430669	-37.423844	-51.761045	-3.727940	-48.744099	12.319755	-24.116653	26.391020	-14.251024
	41.299743	-33.420497	-42.969927	1.194300	-27.535928	28.808095	-10.864582	20.667527	-27.510488
	13.302636	-14.469567	-45.968023	16.537795	-9.843119	-0.653651	8.516016	23.402911	-2.419238
	25.991705	-3.634219	-56.437854	16.964476	13.837874	17.127289	16.222585	39.474214	9.278004
	12.600352	-0.275223	-36.327703	37.905197	7.981256	25.719589	13.246074	10.190192	-18.034549
	20.369298	16.016277	-50.623167	27.160899	0.634783	16.096655	25.599902	21.958163	-2.954096
	12.705157	13.009838	-36.257973	46.187621	8.036571	60.907210	6.376011	22.317828	44.426131
	-19.061080	31.107789	-39.759606	48.553017	40.315152	43.207162	22.305703	33.279867	31.516809
	-13.309491	36.963361	-25.422523	33.309852	26.446059	26.930770	32.995657	59.677238	60.285938
	-5.259537	23.658263	-0.734357	12.286932	35.384700	30.436435	22.025175	29.536681	-2.452788
	-24.744579	37.484430	-33.124944	35.183254	14.041582	-7.625678	6.247943	58.070926	16.498671
	-20.665336	44.851574	-49.678757	15.983387	30.274535	1.258823	8.510540	34.872232	20.192566
	-16.275278	76.860704	-33.085986	35.326557	22.964998	-13.929201	20.004967	54.245711	-35.554737
	-28.148637	58.840997	-54.529474	35.936422	7.574885	-20.903767	-5.194801	40.375726	-80.076461
	24.866422	44.728581	-24.064294	28.406178	16.201303	0.551054	-4.342713	35.211322	-6.155263
	10.463337	-0.216993	11.874872	7.139080	-1.544882	12.302910	4.108531	38.409630	28.476710
	46.837560	-57.506668	-2.620497	-5.452889	-31.456701	20.608295	-2.203424	29.884294	5.684790
	20.088515	-71.507656	43.134306	-32.804863	-0.052723	-9.241367	49.433196	-7.614796	27.369272
	45.091076	-80.034502	33.920331	-51.932410	-0.472845	-12.225231	2.312274	-31.080372	35.308155
	37.945582	-51.633399	3.101011	-38.848139	0.200337	-6.895891	-2.738468	-24.568827	39.678846
	18.601113	-26.139070	-7.546273	-23.113476	19.741088	-5.923965	6.428346	-31.266026	9.067032
	11.576733	-71.649122	18.346182	-31.587697	-5.635135	30.567819	-6.290625	-11.110675	8.291902
	21.766481	-79.555616	10.686611	-28.941221	-34.185285	31.029682	-20.101458	-38.083428	8.817695
	18.507671	-54.033609	4.704678	-6.110440	-27.024796	11.227978	-12.060157	-18.950197	-0.952149
	9.288189	-23.634601	-5.849250	13.080357	8.542969	8.612081	54.056080	-25.537182	9.128708
	9.320787	-17.148241	-8.232801	4.003835	30.596455	-19.694245	9.377486	-14.644866	-5.480506
	11.370506	-24.221485	16.977657	9.263293	0.326172	-9.945973	37.441139	-23.737807	28.836337
	5.495971	2.239341	26.179777	15.391957	1.586488	-28.738067	19.467217	-15.829468	4.708546
	10.099313	16.886611	35.779075	21.900576	-15.400745	-28.909610	22.792405	-24.134959	-53.944899
	-14.963984	43.989067	39.038182	54.057686	-13.360976	-28.503701	7.480905	-15.732232	-48.956097
	0.876467	23.165937	29.398528	10.792413	9.348513	-24.457042	-13.551586	-10.965841	-24.329794
	0.681482	9.047841	25.258153	-21.578197	-5.045531	-28.020748	-8.948294	-27.614533	-13.370437
	-3.059047	-22.039674	29.032739	-38.332493	0.757217	-18.042641	-28.894472	-17.455501	17.724513
	-30.788170	-33.973058	15.245447	-27.695236	-1.063887	-28.945343	-31.736868	-28.881144	-26.276844
	-31.976763	-19.587704	13.799142	-10.990624	-2.239302	-5.517309	-1.711787	-31.592170	19.582073
	-8.966978	-14.286146	47.603061	5.479233	6.335383	-23.801069	7.031483	-37.900203	18.936495
	13.456790	-21.568025	20.648700	-13.899974	13.406229	-12.925660	5.318163	-58.872924	51.870007
	-2.974346	0.846111	45.206978	-14.132547	32.573415	2.587722	21.518455	-50.093068	41.185789
	29.804498	8.845371	2.280224	22.968382	24.257424	-4.221921	12.837582	-26.237577	55.265150
	33.109583	22.776567	2.998801	27.946967	-3.015886	-20.467853	13.414636	-5.048713	20.797729
	-16.293594	29.273743	-15.460391	57.361517	7.491721	-40.631822	12.134524	-11.736532	-44.321572
	-44.755387	46.218907	-8.321439	15.509084	-17.301720	0.029885	-30.524082	17.678562	-58.164459
	-29.974244	30.962552	-3.379387	-0.492050	8.691990	-9.319081	-41.237894	-35.819028	9.750852
	-38.689726	0.359675	-5.052805	-2.493915	-2.067773	-23.003864	-17.997062	-16.621366	-29.728369
	-7.792133	11.274617	13.068129	16.841155	9.318549	-39.100530	29.890550	14.489091	-26.351416
	-18.430441	30.691289	23.040362	2.628233	57.083805	-44.344898	-3.386843	-2.993067	17.119421
	0.186730	23.319320	48.434426	23.320919	62.782499	-7.218972	14.009204	16.009712	35.081950
	-16.809332	21.628211	21.330092	-7.707045	15.527394	-3.152378	-10.853997	6.768884	41.575846
	-14.998896	20.255578	18.036758	-25.857108	7.677280	-3.445103	-41.677110	-19.793303	9.611799
	-14.270040	-18.382074	2.008196	-46.979252	-26.996301	0.059046	-73.792726	-21.162931	-23.704932
	-43.023835	-68.151868	-9.633130	-80.363623	-47.171805	-12.230698	-38.995915	-23.002097	-2.971628
	-25.486486	-58.502382	-15.692573	-63.763800	-66.101961	0.256530	-28.374054	-46.218466	-26.067834
	-4.418234	-38.707065	16.812426	-21.107434	-0.807127	-2.041077	11.011801	-4.040306	32.221110
	7.117748	-14.017050	-1.249316	-7.572687	6.244449	-15.329384	7.312055	-21.329538	19.971183
	11.148338	25.311061	2.545661	29.383783	30.489032	-8.033591	21.968637	11.854732	-34.600276
	4.180622	32.163389	4.848198	48.358218	-9.294737	-1.730298	20.191799	10.423813	-29.484498
	21.919792	27.211223	3.784315	49.598522	0.550406	2.987363	18.883087	14.451201	-24.944970
	-0.209184	1.185201	18.060149	12.299602	-28.402085	37.174771	-2.922103	-4.338110	-7.930376
	9.099354	-33.634070	-3.116550	-9.377157	-52.914443	52.154486	-17.639388	-17.479669	16.374318
	-17.244195	-73.709249	11.511090	-25.936170	-37.955005	39.995605	-11.652133	-5.196154	55.345329
	-3.918211	-81.046690	-8.133925	-33.647002	-10.972453	6.755971	-23.154961	2.000947	28.286615
	6.212573	-81.886115	20.463269	-26.684797	-15.815012	15.912932	-1.825208	-29.280395	-6.690414
	2.036038	-103.038397	10.811812	-46.931762	-30.472123	25.618299	-15.586102	-57.837701	-40.427775
	-8.809404	-35.807591	12.196912	-12.518045	-13.619039	8.562608	-10.099160	19.503134	-21.134161
	1.785651	-60.079935	39.822530	-16.125064	18.486270	31.355716	-3.355652	-40.816291	46.302388
	18.487835	-66.781412	40.294694	-31.467506	-8.428423	52.397028	10.921048	-52.020427	52.459977
	28.291697	-84.905456	25.974178	-40.372783	-11.739487	66.777503	15.161230	-59.160747	85.326642
	62.422612	-49.987276	35.291370	-9.085619	40.876308	66.437772	19.657201	-28.550504	46.589589
	34.923378	-28.063504	3.518125	-28.897890	26.209388	58.137358	4.521482	-69.894274	21.707695
	30.652536	-25.553573	2.652591	-4.336812	35.180433	28.771740	23.899957	-16.039193	7.581523
	40.923025	-29.922797	15.338082	2.861562	29.306796	1.133392	27.316530	-12.505978	19.930011
	46.896845	-18.314798	-6.820932	45.986358	20.652877	-14.958458	37.521952	-1.900865	40.571780
	30.243770	2.184547	9.899508	31.010293	6.426217	0.482270	26.135121	5.353507	-1.810060
	31.399380	-18.262198	11.735896	56.759788	23.170404	-13.390450	32.895502	-27.384033	12.672942
	35.168890	-7.753745	24.412697	47.335363	-8.849034	-8.633695	40.942423	-0.681175	53.619950
	17.581702	32.077794	-3.145388	53.289534	3.073233	-12.467602	33.379353	-2.921661	-26.662858
	-24.193364	63.606250	-39.708378	52.730694	-2.110323	-44.487858	24.361735	33.380048	-43.175220
	-8.081334	60.153181	-59.930900	42.697998	6.258834	-34.416283	-22.449883	45.492709	-73.054455
	-29.844614	70.126403	-46.678489	51.656071	-29.467341	-27.120690	-14.885627	71.958289	-48.204620
	-22.702439	58.857449	-56.022461	39.494747	-22.680566	-35.369228	-37.707341	60.611290	-79.304539
	-0.558200	47.768084	-27.947615	22.607420	-65.793161	-49.723409	-34.212723	73.232521	-76.477376
	10.216279	27.329989	-9.269876	-7.935149	-8.046306	-35.131324	-15.583223	33.633616	-25.654508
	4.684793	18.257984	21.153703	-57.282898	-22.869153	-8.432947	-21.221859	14.401212	17.636189
	4.843609	20.855621	25.385491	-21.967363	-6.224407	5.172663	16.730201	8.341890	-0.515497
	5.387418	53.488487	4.176382	-46.388222	-4.588586	-9.126099	5.146803	15.357864	-41.502293
	-49.252251	63.540316	-4.990997	-22.387709	5.765925	-26.645475	-35.196892	14.318042	-17.280891
	-43.491866	62.776076	28.685675	-12.216053	15.916172	-11.545680	-1.873032	6.806794	6.241355
	-27.037321	49.749068	16.489362	-31.336919	20.158562	8.691667	-15.206190	26.632069	-16.486905
	12.463169	64.188276	9.651216	9.138647	17.365405	14.474633	-2.929754	16.809137	-4.986384
	-20.262539	83.205336	22.149879	59.995683	21.605902	18.371802	22.078767	50.787099	-11.660076
	-40.950211	103.266556	-17.181542	47.080341	28.283742	10.043258	17.041343	79.159011	-48.404455
	-32.136711	87.464832	-8.487488	28.824300	2.418261	-9.526862	16.916498	59.185602	17.771560
	-56.601743	83.430720	-35.786864	-4.360876	13.257563	2.829407	6.977786	47.196495	-27.848688
	-14.185417	48.620410	-25.047783	-10.447270	12.544047	-15.879673	-11.241864	39.988913	-27.828147
	5.343277	39.001394	-45.696341	10.495108	-8.553234	-8.185827	-3.855661	7.901229	-3.506639
	-12.495635	18.193264	-70.564861	8.642646	19.848947	-5.206481	0.775242	12.846447	-2.936300
	-1.374336	-7.916318	-53.417995	7.322578	10.520569	-6.670624	13.811793	0.552362	28.264798
	4.889929	-1.271207	-34.327246	15.013722	39.733413	5.444353	40.921325	10.111356	23.400588
