	-4.121298	-24.107482	31.769901	-52.556878	33.430615	-6.522062	11.388323	-59.332963	35.150338
	-7.564706	-25.340532	32.795825	-50.581461	-33.822749	2.647434	1.858537	-38.726748	19.494439
	13.003792	-25.819305	4.917265	-1.710150	12.041500	-20.310645	3.894677	-15.101411	12.795306
	48.847702	-21.734697	-5.565573	34.674091	2.764354	14.965318	45.211692	-26.907064	24.495638
	36.792952	-45.641208	-18.763886	19.583018	-4.505222	21.098074	34.584129	-16.186369	8.236171
	31.459368	-21.745884	-10.610334	44.045084	28.631880	-20.576760	44.088633	-13.463989	-4.832924
	70.593068	-6.236995	-19.941546	38.513271	42.617840	2.671202	10.270738	-39.688812	10.509619
	7.035692	-9.528241	-23.728900	-6.325304	-1.354748	-12.152139	-6.880618	-38.365638	-48.286968
	18.977892	23.134054	-39.640055	0.268826	-13.878601	-20.616556	-25.246070	-24.873024	-38.882227
	-29.375878	56.670006	-58.432259	35.550905	37.317573	-31.022600	-16.122620	16.980946	-74.323399
	-21.129423	59.028692	-38.430328	55.260958	-9.228478	-25.249398	-12.320946	1.356794	-62.464821
	-12.309723	3.791782	-27.181989	3.435016	-0.241822	19.999932	4.891338	11.030492	-47.346153
	-4.456482	-19.183288	12.527186	-8.317188	43.255179	23.107779	14.736549	-0.371501	30.752613
	-19.847626	-39.061000	1.456947	-4.813556	26.214187	19.231774	59.424369	-9.654238	48.222751
	5.474376	-50.303771	40.686489	-50.417493	15.452121	9.435838	-3.047236	-37.546093	101.265244
	14.969550	-18.511600	84.369037	-23.022827	63.238387	-2.252473	9.370680	-28.198249	81.683808
	50.485476	-24.443558	79.456810	-19.907491	52.179455	11.538056	18.313070	-77.039680	124.603902
	31.186581	-17.513848	83.504709	-54.187061	53.785581	14.418852	9.987238	-62.543600	92.720973
	-2.814406	0.415097	49.192747	-33.653332	72.459330	4.444636	18.010956	-45.436955	89.872675
	-1.451580	-12.675106	52.263459	-11.876291	65.402222	8.862071	24.301494	-54.537142	54.540230
	-2.737761	-41.396039	10.483601	-29.573561	34.847880	-6.152471	16.125935	-39.361670	39.146208
	14.262208	-36.097324	-4.943254	3.821297	30.582404	-5.229708	19.318182	-37.220810	48.945872
	17.150614	-40.500024	-13.560722	42.198548	-35.028188	6.040345	29.946985	16.404213	45.780285
	-1.737071	-32.273360	5.608847	17.542702	-52.209082	17.076614	30.388338	-17.372194	10.473921
	10.512456	10.048576	19.220396	27.637449	-21.323357	11.361344	25.823887	14.432918	41.683000
	-10.117148	23.684877	21.699966	13.184986	-5.929338	14.774886	20.025784	7.412044	22.892293
	-18.438943	21.995529	36.414805	-32.205725	-4.264188	15.046431	-7.251838	16.489241	24.077431
	23.258667	29.923587	57.921802	-45.437752	0.615230	19.555725	12.120705	11.809695	42.297018
	11.856003	3.127581	36.556790	-13.551799	4.850409	-7.408767	29.765779	-26.443101	90.881330
	16.004488	-26.090821	41.724192	-22.216352	-2.440587	-13.926099	46.263044	-16.565060	76.144067
	37.521238	-20.538000	51.649334	-45.043343	14.706998	1.395391	40.546058	-21.419406	91.354429
	-14.183554	-19.203569	56.874935	-48.612703	2.095534	-14.976063	-8.584884	-15.645699	61.699923
	-10.887086	9.658128	19.967374	-40.952354	-25.569404	21.509081	-37.103978	9.490182	-24.614562
	-26.098791	31.025358	-4.331034	-43.610249	-71.790675	16.390234	-102.956553	30.512072	-51.614812
	-5.023006	42.572189	-40.453643	11.360420	-71.258483	3.962777	-43.824395	76.806556	-77.652885
	11.263474	43.566684	-48.087846	22.252184	-49.678730	6.785237	-9.897761	77.512331	-74.772162
	21.291632	3.998868	-63.992172	65.425593	-64.513687	7.157873	7.143302	70.671295	-37.602405
	26.656885	0.675002	-61.563177	101.565985	-4.219119	16.217199	54.070854	35.993520	-31.615081
	29.152107	-10.150427	-67.044634	95.566111	-30.763488	9.627360	43.642550	-18.410815	-59.097808
	18.093414	1.114213	-16.301737	95.596116	28.014943	3.049838	36.410720	-21.959590	-18.433931
	52.533218	4.368871	-20.402256	105.186454	33.675769	-15.239537	33.739016	-7.568220	-28.879358
	28.224251	15.608531	-12.486877	61.976022	65.098935	-2.922532	34.716439	-25.767323	-11.053334
	14.487982	14.010228	-6.333820	43.913949	94.766345	-8.335259	35.426699	-13.029951	25.555472
	25.322233	13.776567	-8.105061	16.453589	131.772575	-8.992797	41.958503	-47.575479	4.232949
	-1.720684	-5.998912	-29.791896	2.710214	75.689989	-23.206486	24.534506	-53.785291	11.421609
	-0.757557	-21.323395	-13.791266	-10.291165	103.073179	-28.634946	25.462094	-74.079143	32.869322
	9.725389	-46.577617	-38.793839	22.736158	54.783720	-9.203767	59.351720	-58.455092	52.886484
	7.307937	-56.290586	10.885992	-16.480456	14.661535	2.988485	54.273378	-73.849192	75.202665
	10.280157	-41.012636	7.032640	-15.180339	31.967209	-7.062511	18.262226	-66.145218	74.406621
	-2.195161	-32.471697	1.883795	-0.546663	81.526812	-23.455988	38.824890	-63.304311	77.316657
	5.405425	-30.610578	-36.809075	-7.573099	43.286450	-24.419391	10.516916	-60.826417	-1.901106
	-38.409860	-11.067276	-70.068756	16.561165	65.945141	-40.674737	-12.869749	-44.075208	-71.991505
	-31.076325	-10.646304	-116.786337	26.945347	11.222028	-23.175872	-7.515975	-35.709973	-103.622914
	0.831631	-39.622446	-54.883017	-2.127280	-58.760378	8.768182	2.536534	-42.601021	-78.590684
	23.535691	-50.603358	-31.492990	20.128970	-93.325477	-3.660802	24.183273	-43.408203	-49.047887
	44.851540	-9.421669	11.388424	0.439842	-80.204458	17.085759	27.627698	-40.793084	-25.370575
	6.312890	4.893772	17.619256	-35.263747	-115.111620	20.930340	-17.460997	-5.201656	-14.208825
	-36.900852	20.472737	26.632440	-48.500648	-70.603687	-6.521556	-38.435143	29.965422	-14.577408
	-17.178804	31.144545	2.279106	-19.766578	-27.395304	-7.862652	-42.072875	37.177342	-42.722003
	-10.158535	28.718682	0.834713	-29.094141	-34.506375	-10.733257	-28.603950	37.044648	-39.839490
	-31.977782	28.655305	-16.566364	-36.906188	-18.318675	-14.177665	-49.460452	72.175601	-63.423615
	-66.562872	35.025289	-10.558216	-19.512182	17.368008	3.669888	-84.909638	60.865788	-59.580463
	-54.906402	44.409985	-19.367322	-30.597539	6.108520	31.913131	-114.176087	100.578450	-78.760632
	-52.374302	30.357627	-22.052449	-47.438976	31.992707	1.671269	-110.913999	111.531661	-97.915585
	-83.568323	35.211666	-40.823934	-37.488424	26.139783	-8.986968	-92.388524	74.941670	-97.425294
	-53.104572	53.839294	-31.681359	-44.142608	-19.985793	-5.993064	-59.969499	102.052137	-97.123164
	-56.133616	54.541049	-14.906230	-46.445188	-16.231436	-17.359294	-85.208586	98.495948	-116.025200
	-80.696983	56.634896	-29.873715	-44.967861	8.432643	-1.503730	-60.112831	92.191970	-94.181250
	-64.069580	56.833923	-30.832480	-5.547096	-1.398870	6.575046	-93.527268	100.684501	-96.748801
	-45.144955	68.124637	-17.353539	-19.628331	-18.223101	13.445585	-55.940245	107.996191	-92.964040
	-29.333820	68.234847	-28.531630	11.348841	-3.774430	-4.394422	-47.788507	102.135815	-97.553702
	0.750944	57.062584	0.746210	-10.643842	-12.897882	22.437073	-68.135344	94.195274	-83.223534
	-1.250228	49.849534	17.805226	-78.878312	20.483170	41.032574	-85.857199	43.542350	-56.545943
	-7.983667	38.341049	0.788845	-78.984926	-1.849144	24.435728	-90.328817	23.130933	-42.666456
	-7.443788	40.602462	20.557710	-71.710287	17.938567	1.565137	-73.295303	5.070202	-24.160889
	5.128840	15.654384	-1.570106	-72.739635	-19.574308	27.360989	-46.030768	20.035677	-12.558809
	23.444084	12.941047	21.049114	-31.805518	-27.384069	22.138239	21.264047	9.511929	-20.235162
	59.383418	-9.675771	28.296683	-13.503136	-11.540295	38.191172	23.851195	-8.724510	51.839466
	36.871749	-7.781361	19.199266	-31.660661	-17.740369	28.123737	1.418160	-7.326912	40.490878
	30.445256	4.841359	13.651461	-41.942687	5.037369	-12.859833	-15.062875	18.833529	17.536132
	-14.554522	6.754649	25.781088	-62.855637	19.975055	2.598509	-78.670265	4.335313	47.568515
	-24.454742	-5.821604	31.816024	-92.442614	8.441503	-11.403447	-55.207051	9.118889	61.144977
	-16.710849	-9.540848	29.636577	-104.411812	38.224503	-34.842785	-39.409195	-23.026913	79.030190
	-14.215526	-10.509212	52.659596	-89.673512	35.817458	-21.073801	7.600832	-49.126381	56.674588
	19.534696	-30.926905	47.259912	-90.236464	23.328513	-15.781381	5.778748	-66.948552	56.437948
	0.305618	-31.222381	47.842835	-57.173866	-22.289543	-9.328731	21.886479	-93.463354	58.638800
	29.852468	-44.609177	36.824927	-25.254464	-52.724973	-11.925481	45.588128	-79.671726	87.002035
	14.056805	-55.341355	39.481081	13.864399	-91.455385	1.672688	31.160701	-43.962499	38.816243
	19.236429	-49.518454	18.097179	20.823845	-42.488286	0.264308	62.053330	-12.039192	64.743822
	22.688338	-59.432725	1.672886	14.582894	-16.842733	5.633857	44.140581	-5.474419	58.594789
	53.285116	-44.411232	28.640129	32.015814	22.060286	-0.540870	69.307134	-26.519598	80.656641
	6.699206	-35.576419	41.960224	22.841818	85.339754	4.826800	53.524715	-47.944260	83.674735
	4.056331	-40.509139	38.079884	11.443181	70.192927	6.078819	33.805203	-87.748894	102.886193
	10.517682	-32.296478	27.838561	-24.181327	24.658816	16.712710	2.427803	-60.611347	75.377845
	-9.591744	-22.867270	22.159803	-41.893820	-10.675688	4.792583	-6.100521	-62.606605	31.084363
	-24.898254	-5.645543	-29.381204	-36.079407	-62.171440	-8.884039	-35.279523	-47.732343	-18.388401
	-26.271550	16.197273	-27.459318	-68.499603	-30.052189	-7.413917	-30.782672	-17.357876	-48.135447
	-44.210067	40.551390	-17.816254	-52.977022	6.715238	-26.263322	-49.067060	3.671876	-59.795216
	3.251287	30.682815	22.543787	-25.054689	53.199575	-13.845039	0.638889	-3.397180	-6.482323
	-16.484588	43.046021	-2.698398	1.437058	53.872572	-6.782383	-27.363712	10.722265	-26.169320
	-24.235775	50.908294	-0.310373	14.444104	56.760749	3.100282	-43.370756	26.268555	-39.197775
	-15.580815	51.126614	-33.842699	52.262742	67.433622	6.461416	-10.271861	49.495880	-23.535822
	-27.179883	57.923428	-58.674982	51.476341	17.912161	32.097483	-35.168885	82.067102	-62.847422
	-2.197504	53.186446	-24.688865	52.446731	-16.482971	38.327076	-51.899083	97.573154	-75.899796
	6.759508	27.399530	-34.080695	64.073708	-90.692778	5.690884	-12.628321	105.058695	-53.367985
	9.664575	-3.702571	-21.120143	3.124864	-68.358485	-5.893765	-3.499142	44.335236	-52.913063
	2.281966	-17.865541	-0.423711	-16.205299	-58.313316	1.096350	2.329146	18.179484	6.351755
	-10.250073	-31.053849	37.423377	-9.404108	-52.789882	-17.788342	27.432337	6.738449	43.142352
	-39.156723	-44.101464	13.023822	-52.656069	-41.758720	-11.282632	-10.213063	-3.448253	19.677221
	-11.304763	-6.331844	-8.063672	-56.062487	-37.052413	-12.676604	-51.662061	2.661844	7.804412
	-18.633106	16.080384	-25.121865	-35.515683	-57.680195	-4.443193	-57.951679	34.195109	-79.009777
	-23.296922	31.255761	-19.815566	-31.267085	-53.697983	-15.396183	-67.772906	32.137519	-60.584529
	-0.756273	16.048849	-1.476708	-51.288446	-59.985070	-7.053416	-45.173580	36.832947	-56.268945
	-18.824624	6.072811	9.755040	-9.431432	-41.647359	-6.780240	9.797400	-4.682507	14.522217
	12.376551	-40.718251	16.275355	-18.145248	-53.908464	17.832046	6.969003	-18.874856	12.093612
	22.831147	-47.862359	44.319067	-20.950262	-90.751143	17.213013	26.905193	-34.194026	50.701858
	38.533839	-39.337238	62.809719	-30.121394	12.403650	14.205034	45.653569	-57.227627	97.321231
	13.190157	-33.460030	39.049766	29.217167	2.585059	7.657062	57.956924	-32.463585	109.246012
	36.332389	-31.866376	41.221875	13.323543	25.298042	-4.706055	31.740245	-65.131834	79.469576
	39.889483	-54.731616	-1.321521	40.557261	37.724214	-5.376491	88.208915	-74.496669	74.990217
	27.467612	-90.431432	34.793589	-34.678128	12.421634	-3.708400	36.203033	-83.839139	100.491406
	39.937231	-73.880035	17.848081	-72.536113	-55.694730	10.657083	-9.549621	-66.090605	64.994351
	41.270660	-93.474010	61.243086	-129.786631	-38.108425	66.248845	-15.373164	-113.651157	106.962609
	39.470686	-71.679579	73.665016	-127.851072	-39.398628	84.676451	39.898020	-108.110541	141.501572
	26.522542	-66.887904	59.474708	-151.831498	31.412305	47.575191	33.219706	-133.944684	135.393703
	-9.057851	-35.777426	64.999785	-139.924501	56.358421	-14.393120	5.345652	-86.769546	113.981044
	-21.237392	-21.021216	42.390157	-103.752592	74.963194	-33.179820	-5.628986	-73.655378	96.654282
	-12.642978	8.404949	39.148963	-73.415596	77.864449	-30.651054	-0.931299	-66.640633	101.079178
	-17.511949	36.276428	16.706015	-27.427844	79.245819	-17.009800	23.098130	-44.582191	67.566667
	9.223414	31.798387	30.556035	-35.440063	75.827815	-25.016636	9.749272	-22.456473	31.317440
	-1.363645	-1.290364	52.268484	-45.264176	72.547493	-23.975054	29.825734	-46.398933	78.375661
	-6.722340	-27.748569	37.159350	-61.094510	20.948023	-14.847720	47.381564	-56.455658	73.219437
	8.007232	-32.814052	48.475962	-38.461183	69.011602	17.790970	34.016866	-49.077291	79.926679
	45.696110	-49.867303	47.688737	-37.330357	38.861780	26.823956	55.303962	-34.692106	116.490164
	57.708836	-53.800565	39.756806	-15.619246	41.533434	9.799271	65.819934	-30.907762	143.830066
	37.827042	-45.539179	39.961613	-81.456476	55.814405	-18.406984	62.784589	-80.620648	124.385024
	-16.390727	-10.523263	-0.896016	-49.732452	69.724321	-48.453612	13.215626	-12.328901	70.348905
	-53.026055	6.732625	-10.838071	-33.984888	62.203527	-56.731364	2.229419	-9.771232	0.155537
	-73.909024	18.998870	-3.360812	-16.948692	30.496741	-46.238660	6.508291	10.639395	9.360964
	-45.901703	16.184833	1.449037	23.250096	62.978480	-35.457746	4.553899	7.521194	-16.401858
	-10.864669	6.524328	-11.128282	50.777848	49.565778	-18.839038	1.507597	22.617366	0.976830
	19.624164	-5.666585	-11.970076	76.718307	37.091772	-0.049893	45.731400	14.876698	-10.812061
	18.964651	1.336657	-21.458658	90.548945	71.108416	1.228767	38.024359	3.087381	-29.847565
	18.822388	9.309335	-41.699779	69.458806	61.004101	-14.869801	17.597337	35.896669	-33.813479
	8.258268	33.665753	-32.189581	74.624527	52.389735	-5.315656	9.912539	44.020438	-16.225647
	7.716542	13.227261	-35.037141	23.883849	45.766993	-42.988766	-11.202696	10.195135	-20.340625
	0.081626	15.048375	-12.637520	58.454961	3.228250	-35.580050	25.222267	31.669429	-47.330592
	25.915519	0.363855	-35.390749	95.493102	-49.834846	-18.533355	39.843834	22.243055	-51.599162
	12.004427	-14.788715	-17.322323	90.034114	-62.801950	9.879905	31.730850	23.221520	-72.085891
	-0.960163	-6.050085	-25.295515	71.126643	-87.739184	-7.745307	2.589266	33.419873	-51.447100
	-2.796995	6.687534	-23.290796	72.118653	9.608832	-11.607016	-0.446410	55.367255	-77.837891
	-11.724604	13.907130	-50.081152	50.338173	-3.390826	0.284578	-20.113004	65.194787	-80.028569
	-37.404557	15.674450	-35.308446	53.346141	-23.886630	-2.763263	-15.344734	80.122357	-76.807836
	-10.221937	29.164344	-48.607417	88.288917	-27.391804	-21.739961	15.376442	65.958683	-88.952748
	-3.118920	60.511134	-25.957278	96.316017	-16.141546	13.472103	-3.864434	99.178368	-103.354486
	-10.702370	74.279441	-29.856140	109.190440	-23.736595	36.552568	18.571920	117.028648	-95.732777
	15.085247	92.874411	23.683770	112.286849	22.495308	35.884773	0.409796	125.614413	-83.402570
	2.702405	101.346954	21.357966	80.610027	20.142110	19.480681	6.544418	83.851651	-56.203113
	5.610824	85.479969	4.043401	68.874973	7.085628	5.926864	13.871397	83.820445	-38.646086
	11.380350	38.997886	-4.726350	56.780355	-30.593665	6.018592	-1.210880	55.040427	-11.176763
	-4.733156	1.513429	-49.636060	40.017080	-68.227528	15.767775	22.024513	34.309518	-15.989462
	-1.703484	-15.874479	-93.014468	81.671152	-71.971579	11.112248	32.479823	59.135441	-46.637079
	-11.009363	-20.780420	-80.658328	84.048680	-59.009079	-13.496437	-15.777398	53.163805	-75.887869
	-20.759889	-14.872205	-79.916381	95.287840	-92.498196	-22.474305	-36.779073	52.848374	-105.227464
	1.761848	11.104832	-63.030721	65.309587	-15.874154	-11.530012	-30.492844	40.847367	-118.775339
	-23.360632	19.696456	-45.456316	51.311061	-50.241923	-18.325144	-28.375190	38.171880	-70.670163
	-17.617598	20.209082	-46.102932	57.503174	-33.173914	-22.570115	-36.046544	60.428356	-82.470821
	-44.080371	21.679671	-35.914785	67.658509	-71.912651	-20.939746	-18.759647	56.627116	-56.605686
	-10.873616	23.912559	-10.785714	66.435850	-59.840334	-15.551425	-38.232784	93.456666	-24.045155
	-13.969268	-13.096565	12.545361	43.047200	-91.034325	-6.296235	-18.236712	68.548083	-45.649633
	-13.182215	-7.129117	-22.369207	9.695479	-61.693730	17.655021	-28.400370	39.742851	-43.082761
	-46.433347	12.407973	-29.775603	31.966842	-28.425768	-19.757088	-41.776558	26.408724	-54.940039
	-27.967936	11.341915	-15.196871	22.123279	30.217133	-29.686379	-12.972892	17.029351	-29.710932
	-69.042307	21.209267	-43.427801	32.071560	44.816274	-27.197936	-16.533100	26.116176	-49.686266
	-28.942570	1.640560	-22.121605	20.418394	27.789362	-17.284535	-8.729358	14.956960	-12.363126
	-46.251628	-10.032795	-16.753199	24.059367	35.801059	-29.854891	-11.276520	10.800094	-19.175280
	-21.282999	-0.202344	-1.971585	-2.486480	-5.270202	-20.294940	-20.699168	36.718646	-56.023759
	-58.372398	9.199376	-9.598100	5.999190	-37.448899	-27.083668	-44.079540	70.007696	-21.757045
	-31.654020	51.352534	-18.006486	13.727673	-0.735203	-17.139387	-54.407578	81.583534	-51.757582
	-30.854488	59.045829	-19.138793	-3.777961	-21.516716	-26.096095	-83.359211	77.845554	-66.093178
	-48.470180	48.315759	-18.955480	-8.545807	-29.118543	-18.923421	-59.420254	91.257892	-65.323818
	-11.829098	20.887237	3.306695	15.668282	-27.541039	-2.765301	-18.175937	66.200177	-54.213121
	-15.973091	4.684097	-26.838789	19.928533	-51.207844	7.323012	-22.082520	41.747843	-63.300039
	-19.013534	22.406802	-14.416672	47.496843	-2.388690	-2.901096	12.255150	14.859640	-28.306475
	-10.006356	21.959439	-13.411832	37.506822	-19.332068	-28.608682	44.270081	19.492760	-3.780026
	12.300301	10.729471	-11.146259	60.186667	-26.093135	-6.521339	55.087264	12.885621	19.054943
	40.577335	-31.035737	-11.901736	51.448860	-67.366734	12.313084	58.607812	-5.669483	19.213214
	23.858976	-56.129074	7.688536	13.410782	-55.452218	10.213454	62.064413	-39.361124	49.591006
	6.995305	-84.226101	14.116352	-24.075119	-15.350610	-4.123064	48.251531	-85.422171	62.114662
	14.812800	-65.562045	-17.994682	-6.637966	18.360116	-12.266764	46.647273	-24.988488	70.671557
	-27.449993	-53.325461	1.005120	-15.612478	22.530792	-3.249929	51.289443	-58.659954	59.800605
	15.300073	-55.041634	5.166480	-3.693293	51.679232	-11.836392	51.694255	-49.505687	76.903403
	4.129817	-35.080671	11.987487	-3.370326	51.424475	1.274257	9.806479	-36.641479	64.031605
	41.584242	-46.327152	24.750153	-10.419531	11.382348	9.694622	46.096081	-70.060360	70.320273
	31.306987	-36.711019	42.627082	-9.677810	-24.519035	11.575903	44.661852	-53.068855	84.536467
	60.317419	-40.274939	32.452984	-26.638855	-3.581455	17.055405	40.199558	-77.665679	73.220837
	52.643390	-55.240657	25.171943	-42.161256	25.712916	5.344724	27.398176	-95.606068	62.882991
	52.745343	-54.491185	13.835179	-11.609104	32.185920	11.694885	45.604502	-87.375432	75.737919
	48.878543	-48.339698	-9.097496	-11.235084	42.649150	-4.107846	42.026773	-79.007971	23.315256
	29.152222	-43.363591	-36.840757	2.232511	52.916289	-6.953998	30.381937	-85.497316	27.412848
	36.552879	-23.504800	-8.899512	21.273939	118.294863	-13.106649	43.139977	-90.911202	13.364935
	24.154566	-22.562719	-18.403724	22.815363	72.829122	-3.042441	39.683600	-52.234557	-14.523159
	35.585719	-2.333712	4.296044	3.369421	52.103248	6.513781	33.597712	-62.313087	-5.240006
	38.099609	-2.800197	11.929116	-35.663042	28.862898	1.093101	-5.231281	-75.707656	-1.721051
	10.042187	13.999525	-1.011493	-11.948915	-4.652065	16.674313	-21.432335	-31.148704	-51.703236
	12.378819	30.544182	4.781340	26.809178	-12.709457	24.006489	-2.970190	-32.222797	-13.886218
	57.824941	38.846879	21.461144	15.728981	-29.136040	39.220318	0.377865	-32.141196	-16.799360
	22.984800	33.064838	27.236242	12.841264	-59.708449	53.948890	5.342393	-15.652079	2.466560
	21.459903	-0.497302	30.757469	-14.877293	-37.540517	44.444135	-28.733985	-19.753055	56.273841
	-9.701966	-27.645469	52.186101	-71.159848	-11.674082	37.089739	-16.581225	-47.034857	44.521009
	22.714214	-51.020115	43.292043	-74.546489	-40.100051	29.562135	-17.369997	-63.674443	24.815358
	49.962133	-50.271428	22.339078	-49.416096	-84.900914	4.063014	19.098567	-79.798271	43.489848
	56.247569	-50.956498	-9.382769	-5.586548	-73.769861	37.713193	34.855712	-60.548622	17.221652
	52.262929	-25.824455	-29.039145	5.048448	-57.839748	7.748459	46.745067	-51.736225	-13.140702
	18.393962	-0.226987	-22.253642	61.671146	1.974584	8.794179	48.171103	-48.309661	-33.038661
	32.005705	13.365436	-23.249980	64.478429	-7.105082	15.506903	77.170629	-28.939574	-18.857464
	18.491684	6.923037	-39.276017	38.438842	-17.437851	5.637566	15.047568	-22.374198	-26.625356
	2.712487	-23.631894	-48.829355	37.544154	-15.776700	-19.795725	10.850673	-19.019592	-11.222848
	23.442515	-45.684215	-53.438658	-41.115682	-38.968527	-3.282007	17.571303	-68.490331	-23.652487
	37.169897	-69.361677	-29.673658	-26.360144	-71.818586	-12.986109	0.085084	-74.746139	-42.104040
	35.813336	-63.749889	-27.570506	-34.650867	-72.277690	8.791451	-15.749162	-43.730516	-37.066059
	-1.754033	-61.757112	-41.998245	-1.108229	-123.862633	12.588185	-6.413240	-32.962078	-23.819378
	7.587296	-34.837537	-27.144080	-10.916928	-71.323283	1.066935	9.021005	-29.779160	-34.111312
	-8.963026	-3.046862	10.403240	-0.545043	-54.238963	-10.107567	8.147230	-12.294195	-33.847042
	6.131173	10.914010	22.729964	-36.877860	-5.580863	2.212644	0.283739	0.675791	25.518801
	-20.800465	10.914102	49.482453	-41.289070	22.876045	-20.926136	-33.578182	0.392330	61.743935
	-16.176699	18.255970	42.803436	-14.813875	6.686640	-10.238762	-35.912952	23.670592	44.427221
	-0.633868	18.470425	12.121417	22.119746	-27.865518	18.038996	-18.001566	29.202979	13.133232
	-26.522251	35.339249	25.524086	18.815537	-51.994788	5.335328	3.144762	81.378518	-22.925402
	-4.721402	44.830376	-3.230002	51.776136	-62.859043	8.764092	-16.294671	88.690078	-67.786886
	-50.542418	55.617783	-6.143817	79.285725	-63.857791	-0.036175	10.625021	98.538193	-95.721339
	-24.391561	74.167696	9.827458	79.327824	-4.679448	3.949094	-23.296189	103.528736	-73.441493
	-10.440441	66.446234	30.764826	42.583536	-26.117466	-3.507490	-14.291386	68.892520	-39.003532
	-21.883342	65.379001	14.995889	-6.597411	19.313020	15.265005	-35.593767	36.976369	-21.205518
	11.722025	64.211090	54.694406	-19.790967	22.073659	13.770855	-33.728846	17.180867	-27.983854
	-6.228036	71.485925	47.442219	-44.339102	9.610008	36.373531	-17.254671	3.734702	-26.418275
	16.864399	75.429814	46.755912	-12.686584	16.916656	6.710514	-12.896370	15.878587	-55.131898
	-6.559353	68.660535	47.666374	-19.031433	3.783732	26.894502	-20.043997	57.184519	-25.508216
	2.390747	50.947186	49.960782	-24.768323	-51.020465	14.323330	-33.851467	33.590724	-7.234497
	0.401876	36.791862	13.931171	-1.414984	-93.443870	3.931639	-6.684828	53.219673	-30.577302
	1.714633	37.011219	7.252658	7.152139	-100.715205	-7.530447	0.476993	70.533146	-21.137292
	4.708045	20.230314	2.441319	3.543881	-80.828601	10.855118	-13.151113	45.843522	-8.247009
	-28.628318	-6.779228	-10.455031	-67.938519	-30.766732	20.406307	-46.085484	-10.611507	-29.648683
	-19.143030	11.777293	-23.288205	-36.344477	-27.332485	14.928572	-42.207198	22.748356	-26.299918
	11.468470	9.064353	-23.458605	-50.029163	-21.344634	24.704562	-33.001479	-15.981593	1.180828
	7.959731	8.502729	-13.962115	-7.143341	-17.075431	8.901724	-14.072124	-24.623941	-17.557944
	25.920385	5.688448	-16.781576	35.876511	-28.928674	-8.977983	29.192399	14.908365	25.631779
	20.413730	13.876011	9.308343	40.108947	-36.712914	20.028428	21.577583	-6.940550	7.656557
	3.781533	29.830748	-15.697709	48.737463	17.811425	19.838342	6.610891	38.050367	-22.866071
	-30.082332	28.998138	-22.102611	69.991436	28.824004	8.964946	21.037343	7.059667	-42.250867
	-44.610899	39.956986	-3.302295	39.006647	32.371053	1.636025	-13.846579	27.438106	-21.027656
	-29.314655	25.069763	7.024411	13.617034	48.151286	-8.031072	-22.060476	25.792268	-59.283674
	-13.234111	39.767654	-8.708941	29.380880	-2.040740	-10.815751	-1.248144	60.666589	-13.491822
	12.822153	28.485412	-10.143916	16.705408	-55.500209	17.141799	8.767134	42.613809	-22.480262
	24.468214	4.915294	0.134975	4.906957	-80.442604	32.088228	-2.614201	28.942704	-5.614787
	35.040424	1.905865	3.009354	46.323021	-67.122754	8.471151	36.249463	49.735128	-3.652201
	46.445980	-22.804049	14.045475	35.471895	-11.086562	3.498600	22.514286	43.746194	58.958544
	14.058437	-9.347285	54.341641	36.934895	22.378028	-9.439617	4.355995	60.091297	76.177314
	17.560186	12.686104	49.625309	14.976535	51.000325	-19.234903	45.376445	24.134229	106.105410
	14.906660	5.315516	50.133534	-13.063985	79.032573	-11.602151	34.354241	-10.683889	114.362578
	4.394286	-12.884562	33.473739	-19.421988	89.964719	7.231537	30.143806	-30.769807	106.939598
	-5.379504	8.564229	6.197500	9.958458	80.402383	4.409900	10.354622	2.411010	43.648012
	-47.301257	8.096504	4.131469	-11.099780	64.319593	8.318957	-34.703139	-0.612529	13.274568
	-59.087820	25.905642	8.579034	-32.105983	43.796914	6.178327	-15.945602	4.852581	-22.165937
	-37.966717	44.784099	28.018339	-30.792024	59.395872	-9.659266	-10.663853	27.049702	14.392082
	-32.986007	41.196673	30.511072	-4.511953	66.036877	-33.002843	-0.186213	32.818495	24.054014
	-29.188124	19.761738	24.560445	-19.151172	54.498970	-20.347878	-28.466867	28.650216	20.693369
	-51.820757	24.617617	-0.533136	-30.870144	78.619170	-12.063411	-32.988060	39.757549	-18.177612
	-51.011456	30.454065	-16.698149	-17.636025	80.612833	-28.048128	-66.690693	36.299055	-26.913048
	-25.430822	36.069605	-7.465852	-38.522753	53.992277	11.732078	-57.054037	36.885165	-58.817293
	-22.592799	43.278487	-13.691333	-47.244380	59.343325	-18.696615	-63.073800	43.438879	-97.150239
	-24.328552	45.519757	0.002231	-23.573512	44.356112	-8.190364	-66.123561	70.147109	-39.195583
	-28.215330	20.141908	-16.427451	-30.565236	13.194462	-11.487298	-37.031436	45.328530	-38.701119
	-18.995417	-19.130851	-20.822896	33.656934	17.450331	-13.430718	-8.113213	56.020787	13.067784
	-7.593758	-8.850558	-19.392386	37.223319	-14.557690	5.031115	1.288009	57.010782	3.510708
	6.255240	-12.319199	-39.007770	25.248833	-15.099191	25.085853	-1.125144	23.172006	8.757652
	-12.306434	-18.189847	-51.856421	38.154125	-9.432162	-8.196494	-0.240853	32.726814	-11.288708
	-10.114366	-14.774961	-52.038183	12.615084	20.065848	-4.123950	12.425489	11.701779	-24.922388
	-28.839896	-20.731350	-43.065207	-5.165128	34.984241	-3.629423	-42.296303	-10.076497	0.766900
	-12.474968	-20.441735	1.449708	-10.038928	6.109500	-1.793072	-6.401696	-11.327158	54.791843
	24.261216	-47.463356	36.837771	-42.137979	4.260475	-15.443902	40.608293	-52.977959	83.491297
	89.049502	-82.040293	63.937016	-46.234761	1.580326	44.124881	68.475173	-91.402757	126.039859
	60.639907	-86.395669	73.846361	-80.244649	16.767243	41.905287	97.886240	-126.927006	156.061100
	58.478734	-87.962633	72.141331	-100.897742	61.376679	29.803411	63.752181	-143.243663	178.343199
	31.060457	-65.382420	96.579633	-82.733497	66.598837	7.277674	56.599807	-121.257990	166.245364
	-11.857897	-42.026294	51.402188	-66.874161	41.506167	-25.887648	6.342626	-102.470116	141.971865
	-1.847266	-26.685603	62.504064	-50.387425	64.323553	-27.143365	10.407350	-61.920681	100.625973
	-6.517823	-31.081253	36.402183	-57.099263	35.768813	-19.528807	20.280127	-71.823942	57.253178
	3.577283	-40.015630	-20.185840	-46.544880	-25.261569	1.295503	-3.197220	-52.600595	1.304516
	49.970452	-43.965289	-36.844108	-26.841876	-64.600303	24.233455	-5.076413	-20.365151	4.519540
	28.500381	-57.099848	-38.513968	-4.335033	-84.307140	10.988597	-18.939706	-0.102790	-36.624745
	26.214816	-55.005407	-4.143792	-12.314677	-100.408949	20.625922	-1.766658	-39.827625	-41.454458
	21.745699	-24.976853	-6.916272	-52.247449	-108.801766	11.527848	-18.488666	-42.348638	-15.575237
	-11.007877	6.931410	27.880931	-88.778773	-74.034793	-26.533553	-73.049813	-36.030438	-24.075641
	-1.754730	34.066942	56.231955	-91.716074	-29.588550	-7.566807	-98.953208	-16.907179	-29.100950
	-25.592786	35.922544	15.977215	-91.206444	-50.087429	-8.266341	-72.231609	-27.224274	-43.471454
	-21.551414	29.437295	-1.846712	-13.206754	-35.622941	6.516871	-24.188198	-1.194022	-53.675477
	-0.513006	1.257524	-28.352777	-6.425981	-43.005518	15.553912	-16.539277	10.134910	-37.911861
	15.746254	1.258397	-16.577767	38.007460	8.245778	21.701567	30.445046	14.473580	-40.227521
	16.412978	-8.627845	-18.026060	58.414038	25.143307	32.287820	33.071637	-3.049309	-27.652252
	6.858596	7.054716	1.431674	46.615963	24.099076	11.997421	31.561724	59.638105	-16.354555
	18.820039	36.635986	-1.508767	62.983670	33.133632	-14.965618	-3.651340	53.922837	-26.635024
	4.431100	51.462133	-19.402666	55.957485	50.552036	-2.207715	-3.783994	21.563773	-76.238408
	6.453818	59.790448	-22.597816	43.636105	15.642103	-1.770368	-12.685778	68.164481	-94.187294
	23.257213	61.951657	-28.175178	40.916424	2.454268	-3.681852	-4.715328	45.886903	-66.925839
	-13.106784	73.403184	-23.162000	8.276081	28.662261	22.631144	-23.970162	36.116113	-62.146262
	-18.453143	56.478914	-19.711463	5.686895	17.431873	15.769356	-32.087961	25.735611	-40.502195
	-40.306248	42.497556	-1.402876	5.513156	46.055718	-11.415797	-17.338593	4.469852	-32.012096
	-15.830904	18.981346	16.836415	-10.534829	52.381356	-5.739319	-5.491524	-0.279567	-19.010191
	-34.705277	3.853340	20.386066	-23.550279	81.130547	-18.281706	-20.014320	-34.745579	8.588709
	-10.045752	-22.633464	7.447214	-54.118304	82.484984	-25.707240	-5.374537	-55.908543	17.316402
	-5.782530	-3.362193	-6.090833	-57.966656	91.378612	-46.251388	2.842862	-50.106058	26.618567
	-14.414815	2.874041	-24.167016	-48.168911	58.772539	-9.792380	-40.525470	-37.637790	-9.953958
	-20.916060	-2.260771	-25.703610	-0.325347	28.162807	7.275302	-45.555897	-35.434775	-20.330397
	-8.887424	17.115969	-35.238224	21.855454	58.756830	-4.836592	-4.758011	9.810957	-12.480705
	-15.207113	4.156919	-11.974913	28.457294	18.387802	-10.842495	5.504624	22.331928	15.934652
	14.935383	-38.225993	-18.619179	71.886628	-79.717508	-3.488663	28.121843	38.379058	-4.433326
	2.231269	-39.754384	-40.896484	61.166924	-44.409505	-28.050017	28.369124	5.650843	-29.344392
	-27.839059	-51.458421	-24.830014	27.974555	-42.637338	-6.124446	7.501996	-8.903077	-3.747606
	-3.143508	-53.011273	-36.108967	35.637438	-40.978438	-10.435311	-25.315858	-10.642658	-17.139898
	-24.939651	-33.849122	7.354914	14.017122	-13.529012	21.036828	-14.928728	7.852063	27.396960
	-19.127366	-12.902733	13.580816	14.513965	-0.670013	-1.842767	-1.437743	-15.410714	5.305648
	-17.441231	36.864321	-3.046778	32.994582	16.045268	0.456015	-4.825637	14.867071	-14.052584
	-4.431035	28.101139	0.901918	1.377095	19.605064	19.498962	8.808314	-10.524467	-18.344623
	-7.137066	52.079437	-14.940728	19.260767	40.179593	7.745509	-21.520971	9.537791	-41.542012
	7.387661	65.881213	-23.061062	31.575918	-12.944043	5.960524	-13.445751	48.888003	-70.966764
	13.429893	50.984498	15.119602	15.867855	-40.588739	25.869467	-24.122203	44.508879	-47.912768
	-2.041708	42.339424	22.153598	8.723329	-73.306411	24.551747	-19.246749	65.594734	-46.470254
	51.300540	26.918393	11.480117	30.090679	-117.639302	43.785713	15.275522	75.379462	-10.285982
	44.543735	-2.470970	-2.120540	54.410023	-91.802647	21.641672	26.163112	54.354551	-4.309932
	15.633788	-20.241268	13.749015	42.508290	-97.076819	40.267039	5.330935	41.922447	6.947101
	-1.138156	-27.417912	-20.332863	28.922298	-47.074461	28.140860	-22.179101	5.064694	-13.173572
	-11.225031	-39.028143	-23.098439	-24.071910	-41.308422	31.418242	-34.784939	-26.257101	11.264078
	-24.467007	-13.787620	-22.168927	6.156649	23.815075	8.529309	1.922439	-13.186147	-6.172934
	-9.570882	28.726083	-17.613073	-3.310458	74.790386	-6.279006	17.702912	-13.219527	-3.107879
	-18.837199	26.011808	20.194480	-18.537997	98.040958	1.998365	-17.139903	-20.775885	12.335981
	-21.025794	42.333091	49.097825	-33.565853	116.858768	-43.711673	-25.407286	4.670413	9.706257
	-5.623727	45.807181	30.287393	-10.529837	121.496897	-29.560192	-4.105128	2.751285	20.690766
	47.299348	23.764109	31.109044	-47.967192	84.163058	6.138496	-23.123379	-19.695285	16.872478
	-5.456574	12.934566	37.144658	-45.685091	26.502073	-1.273256	-24.860168	-15.916262	-10.453004
	-41.537657	11.855503	16.260113	-63.051996	18.773385	-11.760186	-29.631486	25.898345	27.549492
	8.744774	-4.353592	36.184510	-57.026916	-3.997795	-2.627749	-21.483018	-13.116552	47.132482
	-6.752231	-9.468657	17.098084	-29.338863	19.962517	-20.930628	-22.224774	-1.637604	35.995103
	-26.644671	-9.042179	13.817843	-32.831999	40.029701	-29.330915	-6.740888	-34.020101	6.637736
	2.143834	-33.092296	29.005307	-53.225382	45.350178	-17.783064	16.774655	-56.370721	33.995607
	3.866917	-10.692399	58.251721	-25.426319	53.558976	-11.981998	24.123531	-50.255928	44.599702
	-11.816682	-9.018037	24.784734	-0.570875	0.265085	-9.331882	18.324331	-37.328370	-0.117435
	1.965097	-17.534141	23.496584	14.237573	-11.467556	9.151226	34.616112	-19.809546	13.743293
	-10.000348	-9.331976	-4.821446	45.684239	-24.646285	-14.767541	44.656032	-19.319418	-23.449289
	-13.355636	-9.376163	-19.454362	88.973397	-4.514848	-30.652507	30.397927	28.397909	-37.873477
	-11.056056	0.794658	-12.778605	71.621066	7.625485	-19.997631	18.157201	11.343280	14.396260
	-25.684581	2.107918	-6.525893	50.511529	9.416000	-21.317235	43.199938	-9.003977	26.032642
	-25.233543	2.795693	-52.163395	30.623628	-13.830235	-9.256292	6.940728	11.620163	11.505748
	-3.504421	-13.644326	-46.724974	32.988090	-73.527712	1.600882	-20.983650	59.450482	-9.759731
	1.380047	-31.288891	-38.342198	15.225622	-62.178215	1.373430	-13.175181	24.198904	-34.844063
	12.469912	-0.482204	-31.201551	33.007950	-40.903533	-2.262908	-8.729795	56.513113	-35.978635
	-16.851327	-8.403784	-24.560074	50.582319	-17.218603	7.653734	14.235927	54.684022	-23.260791
	-18.383532	-33.164961	-34.120664	24.829365	13.918218	-18.250682	15.028535	13.505907	1.381369
	-10.822151	-23.314791	-39.645247	40.767333	10.130224	-34.152120	19.517725	-5.923416	-4.497763
	-24.966264	-33.372456	-53.337205	42.180851	-26.473933	-32.690858	-10.423108	-19.773162	-34.135198
	-5.028618	-30.109381	-61.304567	34.968062	-22.627647	-11.167296	15.641912	-32.227537	-40.303278
	-20.573177	-2.335762	-30.497887	59.252851	3.025438	-7.925273	-6.980317	-1.665611	-49.717645
	-4.440524	-30.548919	-17.812328	29.921989	-35.107771	5.804061	6.283977	2.657017	1.822917
	-30.298001	-41.107702	-10.649206	35.825616	-25.681934	-13.864056	13.818445	-5.830102	17.347477
	-56.657211	-18.415574	3.504300	-11.588109	-20.811953	-32.376520	-22.166367	17.230120	-0.486268
	-19.092283	7.614742	-36.661620	68.711571	3.161072	-21.720118	-18.343342	33.393776	-62.667182
	-19.618248	-0.308753	-30.156918	55.482799	27.464306	-6.562565	19.407007	6.380170	-21.339121
	-19.861543	15.999441	-19.560006	39.673796	17.949360	-19.127485	-7.526501	12.687426	-25.556779
	-30.612987	23.166102	-14.883032	12.890065	22.559367	-1.731084	-5.871672	1.945779	-40.416254
	14.699422	-3.456265	2.487292	4.386841	-8.791395	-17.866955	17.728840	-23.390263	-2.845021
	-16.508760	32.894666	-26.796606	37.170120	47.657695	0.396448	25.989339	25.669377	-25.736048
	-17.069321	38.066533	-48.248645	85.382496	30.463743	-30.141718	20.428554	67.152912	-53.491298
	10.339019	18.875520	-25.637339	79.991291	24.049796	-14.058160	45.380357	50.787941	-47.365867
	-17.154814	12.873483	-67.555564	106.745356	5.223266	-17.067528	51.447921	84.836064	-53.003823
	-14.538573	25.588899	-47.264817	89.647506	37.788741	0.852181	12.801781	44.753394	-26.021857
	3.020946	21.517618	-13.872918	21.394344	59.833416	-25.394283	9.131645	6.851699	4.210204
	-18.917848	23.180244	-30.291798	34.956996	45.150120	-19.912256	-17.516478	3.339984	-54.446003
	-38.811136	6.491644	-35.961690	-19.692019	2.176119	-12.207643	-45.592652	3.567599	-56.932572
	-11.767999	-33.378830	7.685107	-73.238152	-1.888585	-26.399658	-30.819658	-68.611724	0.599880
	1.082997	-81.491613	29.512217	-51.581586	-65.758686	-25.734947	11.110639	-46.364040	53.345683
	21.052648	-88.579746	40.008181	3.731199	-65.000502	-30.920514	54.359176	-41.334820	79.289855
	47.465383	-91.773634	60.872497	-35.348276	-41.040007	-19.182746	53.607838	-55.424728	112.109878
	34.146075	-59.633693	21.914897	20.887181	-14.520204	0.768411	76.361855	-31.101913	88.299133
	23.990948	-31.736468	26.570544	41.224503	-20.194653	22.672035	66.598484	-16.119882	25.634274
	45.883211	-40.836855	-13.247215	27.488175	-17.029010	14.633494	62.730957	-7.768649	37.255385
	28.633953	-30.297154	-33.058187	23.789470	27.264203	4.714848	46.693450	-20.380424	-8.115418
	-0.496466	-31.941668	-20.247704	-10.819520	8.726626	26.046136	11.377947	-10.416070	22.860110
	-4.830940	-41.123198	-8.895224	-37.337569	37.397779	-11.683145	20.137984	-47.226096	41.843182
	-17.838666	-28.301980	18.999348	-44.716415	16.866192	-28.712009	5.741738	15.177056	45.147745
	-25.209246	-18.346042	21.661513	-32.963168	35.892533	-16.754594	13.545826	-17.726515	28.425191
	-7.299968	-4.876013	-23.131746	-18.679684	-7.882358	-16.455229	-15.862514	-34.117206	-41.576088
	7.340284	-12.818436	-26.011480	12.891320	-74.736637	-5.883024	-8.653096	10.181701	-39.662815
	33.071229	-19.696640	-19.965922	21.814852	-56.995262	-10.862769	3.758857	-4.573814	-28.943339
	27.588957	-30.834179	-17.903091	2.282456	-81.163583	25.667617	30.083666	-26.831121	-1.791066
	50.357948	-12.195320	-17.956282	1.067646	2.672047	29.695995	24.100442	-64.102186	31.958739
	40.897508	-9.526752	5.683754	-14.821577	-3.716669	43.459184	13.910108	-56.499764	32.098015
	57.667207	-28.473393	24.330195	-11.925013	-22.578673	40.474834	30.275331	-40.398581	39.135803
	37.854499	-4.436655	-13.070260	13.379951	-23.570108	27.884769	16.254065	-40.677917	8.339245
	36.828604	19.859133	-27.583691	23.544346	-14.829302	4.801121	-2.613827	-3.108486	-56.472727
	30.844725	38.452201	-17.212494	19.475224	-14.259593	-2.779346	-12.626767	29.169177	-33.880849
	23.270095	21.508740	-13.681667	10.039211	-33.270844	39.374190	3.831149	-16.688697	-13.676566
	35.789413	-11.655158	-30.702851	-16.182980	-49.526570	12.798168	1.280851	-9.125455	-20.568675
	36.225406	-14.249173	-11.664766	-11.821088	-20.542756	20.906742	4.069808	-26.909884	-17.027730
	-3.141295	1.184651	7.407185	-8.793659	-23.038277	23.234527	16.608870	2.377071	-0.506717
	-9.552866	22.353778	19.445194	-25.274383	41.932879	-8.854970	-12.161303	-14.054742	-11.775397
	-13.561956	44.593546	34.294878	-18.712381	63.794372	-7.883218	-27.978813	21.340449	20.348376
	-3.662620	57.783694	9.851643	5.017075	82.439449	-7.158664	-18.325347	35.559560	16.128593
	4.194923	43.985029	27.603399	-16.822493	72.826932	-2.492472	-15.178177	-6.397886	17.931187
	20.207493	17.366409	-4.286684	9.421067	17.058398	-15.188150	11.655684	0.454881	36.227042
	52.323445	-5.716700	-8.645398	-6.225662	-8.198237	-3.857921	6.620248	-12.658519	20.649501
	47.409804	10.463096	-27.176280	14.562592	-40.674186	9.537881	24.178313	-14.586496	-24.797737
	48.992621	2.111977	-41.573735	21.284160	-31.721837	28.493879	42.107752	-23.475996	-12.925171
	33.103783	-5.893833	-10.860048	-12.587504	-76.576749	39.577422	10.086904	-25.694725	21.489785
	20.707526	-18.592803	-11.834953	4.322769	-65.563870	41.436119	18.841940	-17.722733	35.998874
	16.429219	-29.913277	-14.870449	35.458138	-92.922505	41.598733	25.782866	-8.603570	5.291255
	34.687156	-24.959901	-35.915394	65.168094	-53.474282	21.103622	7.042019	14.880589	-23.404476
	-15.647585	-14.779706	-31.793179	42.791218	-37.802166	-4.120778	-9.902151	0.445790	13.180514
	-31.754812	-18.363027	-41.974652	61.429086	-33.830651	-9.831774	13.805477	11.859075	-42.303840
	-17.652617	-11.551142	-59.662161	96.269008	-67.231165	-22.248453	17.342253	23.248813	-81.944615
	-16.309857	-11.041622	-59.356042	92.262544	-85.495084	-29.909168	11.035013	24.201437	-64.295672
	-8.401590	18.560981	-35.900289	109.292183	-29.315814	4.146180	13.625377	0.672879	-59.390974
	-2.604162	41.012333	0.464942	67.577509	-0.076298	3.167310	26.404573	26.058016	-68.782959
	-1.255130	70.535277	13.359418	82.283669	8.427160	11.568623	-21.352893	55.386138	-56.160730
	-24.530726	90.483183	-12.806405	88.512115	7.940642	-4.396400	-58.157915	94.966070	-97.729449
	-29.698516	87.365002	-11.195186	112.898872	-5.906799	-9.876998	-52.519958	128.579303	-107.929057
	-12.883166	85.063675	4.790588	101.769585	-40.806587	13.025102	-45.769596	111.467838	-114.246248
	-10.260601	82.849773	12.290212	88.114351	-51.541887	5.934972	-11.264259	108.134808	-73.135571
	-14.599161	67.823236	-1.728937	67.310864	-56.397001	-2.668009	13.364059	62.268452	-86.477937
	-32.317811	58.870015	19.621733	43.966488	-49.506439	19.321140	18.486940	28.037244	-25.342736
	-35.720401	63.436421	7.303091	69.485535	-58.624110	8.640527	-19.297245	81.524562	0.008711
	-17.180599	50.766502	5.030307	96.872138	-37.282765	-3.675403	16.097859	68.490721	-0.220921
	-47.661440	35.364322	-23.860951	94.004800	-31.107664	-3.499041	-6.246881	67.210135	-14.576450
	-37.207182	13.327761	-61.629187	115.583832	-85.040903	-6.391793	-0.498508	67.113038	-55.292194
	-10.365058	-13.230457	-68.511912	120.880912	-64.867577	-6.388725	21.436737	17.586561	-57.096224
	-24.771538	-36.081765	-52.657234	62.900196	-88.270458	-15.961036	29.769005	20.347069	-38.631287
	5.008164	-30.300657	-35.024754	67.058762	-108.697098	-5.550107	-12.246657	21.051262	-40.997441
	13.199813	-26.905570	-21.898268	30.771634	-34.140202	-12.522631	12.717740	11.260739	-10.798544
	34.233686	-24.425788	-23.833385	35.231495	-13.690118	-29.764374	42.019163	-0.688988	-9.611629
	11.240049	-6.551841	-4.058217	-1.700159	13.624480	-8.561340	-14.994744	7.089929	-32.427043
	2.223711	7.647720	25.331196	-15.891717	18.100880	7.654592	-6.362352	17.604098	0.455991
	-10.010396	-17.122092	-3.985303	-51.651292	6.886479	-10.856437	-15.527138	-11.826412	-0.366253
	-2.641836	-37.308388	-7.220781	-35.254185	-49.616672	13.477966	-16.882923	-22.185859	19.655883
	-4.665334	-67.306373	-10.457160	-7.304446	-93.844342	16.998594	-11.964301	-20.979653	0.910572
	-3.442910	-80.134396	-25.608617	-6.866838	-60.294595	36.103198	26.275837	-36.728332	17.412544
	14.923460	-68.269457	-32.651274	50.698477	-47.765424	8.807659	42.882146	-31.651845	3.946557
	20.993071	-34.877496	-37.997831	71.870483	-30.144116	-1.600517	53.732818	2.607155	3.390140
	-2.032152	-30.762849	-40.133313	53.034184	19.059726	-1.375298	58.554211	-11.173396	-8.356254
	10.383099	-23.811355	-33.406073	12.714255	49.444027	9.237739	1.578275	-15.964806	-15.663934
	-8.363845	-27.605491	-40.522638	-28.908817	56.894383	-2.241079	-24.627400	-58.021538	-10.649474
	-17.465208	-44.496332	-38.570807	-48.461007	89.988404	-3.505823	-37.532982	-95.468547	12.783957
	9.568525	-44.173360	-22.971287	-16.162083	37.529597	3.760969	-35.352443	-49.858077	-4.951948
	-12.332765	-31.984168	-70.746727	1.882316	-28.427151	-13.781254	-34.423137	-29.718634	-35.897399
	-8.568914	-29.823036	-4.266121	5.158592	-5.086060	1.112700	-12.688829	0.362281	-30.854731
	-3.814730	-22.683487	1.913709	19.315761	11.461450	-5.070687	6.884732	-10.236054	23.212919
	4.989392	-27.959154	38.225732	-12.254568	49.041379	2.561435	15.034093	-30.453503	49.267869
	-9.097920	-23.036650	48.131859	-76.568766	69.097149	15.996239	12.631716	-57.868638	82.501009
	5.556041	-37.416629	12.706189	-44.032480	83.314182	21.877319	35.888310	-70.301473	53.305385
	18.151294	-7.947462	29.206044	-31.554497	55.739880	22.898609	5.812094	-86.573427	16.883843
	39.285343	16.657287	24.000641	-8.748956	76.473524	18.929552	14.841281	-35.754287	35.922740
	56.288182	46.950476	14.317086	0.912254	62.622346	23.011589	27.619207	-33.046894	7.232650
	27.038005	67.507597	15.953636	30.863796	52.345684	12.095310	11.467586	8.849252	-0.654295
	32.502351	110.046277	0.933218	45.260757	70.956113	2.981942	26.265090	80.480690	-40.832309
	22.971529	83.900246	-17.558853	60.966415	47.709290	-10.542924	1.207745	63.190377	-63.914846
	30.480523	67.356619	-29.875300	60.117032	-0.954161	-0.616161	-3.464299	72.739465	-111.341495
	18.892627	32.280684	-10.674341	20.305305	9.273841	-12.434669	7.244790	46.669856	-59.621352
	-0.561577	-26.191721	7.386174	-39.628663	-35.004546	-5.082050	7.426275	-16.527588	7.429037
	8.101754	-56.133161	20.885993	-78.314722	34.123710	7.587199	-0.718670	-44.816663	67.437605
	-14.004630	-40.055362	18.907697	-88.753535	38.486052	-23.121890	10.875555	-84.609891	120.376269
	-8.432069	-30.349351	49.800411	-99.608626	89.642160	-23.359044	35.641111	-94.933772	103.823612
	-15.524493	-13.640344	45.534245	-100.353269	102.248866	-44.773527	2.128079	-76.453751	69.784263
	-14.112725	2.648678	44.900777	-83.875832	143.423141	-38.485669	-14.439542	-84.814256	88.489863
	-27.314400	-5.721542	14.062842	-64.549621	118.935900	-20.704117	-11.847872	-74.438766	40.743617
	-37.058516	-13.947300	24.530981	-85.427154	109.935016	-8.319889	-11.109846	-77.606191	12.991756
	-17.602294	-19.050834	35.328599	-85.241205	99.786608	10.686197	-33.914623	-68.585586	42.539179
	6.456741	-15.764083	32.014641	-73.310838	71.773664	-9.736276	-14.658640	-49.165653	81.201626
	-40.684240	-5.948852	34.235747	-70.777428	-1.224012	-15.069407	-37.607773	-25.619356	20.550140
	-34.052573	-1.465310	42.838272	-68.943265	-14.295006	-15.577186	-55.016976	-16.323656	5.712404
	-62.012064	6.083545	35.860748	-45.838891	16.275546	-25.749833	-54.754835	14.730665	9.210313
	-56.454258	31.364995	-16.488004	-72.883637	25.847579	-14.731307	-106.248807	37.916871	-12.723811
	-58.321540	54.077906	-52.079892	-45.058077	18.855489	-20.575343	-56.580639	57.079709	-76.932793
	-55.864668	62.889696	-21.803998	-34.691424	53.184817	-26.935767	-53.887712	58.331569	-57.498717
	-22.272910	43.787065	-2.392163	-39.206538	44.421814	-26.346132	-44.278243	37.550925	-33.045513
	20.143561	16.640032	42.600259	-38.319169	12.623307	-3.503138	9.020704	44.645693	33.257480
	37.161446	-38.649117	42.537237	-27.494166	-42.536145	28.340489	24.204798	-14.681685	36.804078
	41.832831	-71.433943	33.727148	-45.513891	-34.009126	11.402797	24.515626	-56.707150	50.887351
	12.424808	-71.433779	37.967920	-49.987998	16.612215	7.830768	28.610401	-90.942418	88.480620
	11.279670	-41.509522	35.046677	-63.270629	15.813243	7.318139	-2.360123	-109.405655	70.775542
	17.650111	-39.724282	21.885566	-64.864390	42.466532	-4.571845	-10.456609	-99.396653	14.195088
	-0.862246	-43.198851	35.744423	-37.374256	41.451637	-9.604790	14.185598	-93.215754	47.231479
	21.336368	-40.427646	17.543045	-30.327572	28.803060	-12.422288	17.428062	-79.684218	31.538488
	27.148890	-36.707313	47.789324	-12.840140	50.014206	-9.496186	49.907653	-46.668124	54.878989
	16.119976	-16.659342	47.804959	-33.067461	71.641031	-3.349959	31.750421	-72.376432	62.064958
	18.796947	-18.338542	56.086585	-34.892944	58.748650	10.573842	24.249995	-87.602962	112.387750
	36.996869	-21.725971	27.952412	-26.230639	74.904190	-3.791028	10.618416	-87.455438	118.740730
	4.211205	-16.915178	21.585318	-37.654357	95.601773	-19.197924	20.048372	-74.524197	66.571289
	4.881886	-25.462053	50.268465	-45.300707	86.978627	-20.041682	31.339655	-64.801417	79.235504
	8.016332	-26.423478	20.384034	-37.766173	94.594440	-7.638992	35.851264	-76.812170	89.481038
	4.723434	-29.104826	19.995246	-70.262215	37.086548	-9.493426	-11.430267	-59.630000	38.752962
	-8.035839	-5.461982	26.282026	-56.943978	1.051610	-16.326893	-32.236752	-5.461703	18.604460
	-5.558081	26.613232	35.871954	-13.168516	-11.403894	-30.918800	-4.248462	3.079923	-5.155277
	-29.669386	29.622982	31.166943	-0.293723	-32.875825	-23.403488	-11.585282	45.169334	-5.787298
	-24.346639	22.936204	6.995952	-0.210014	-79.497528	-14.853546	-9.749403	39.325846	-43.988953
	-20.330245	-4.239141	-25.369945	9.413372	-76.296641	-8.245678	-11.042941	61.574783	-56.554413
	11.921310	-25.614280	-2.700347	34.815168	-76.560564	16.438299	12.917024	24.634624	-34.226215
	7.825122	-33.490833	1.126088	18.708303	-32.063547	11.133699	12.957881	4.431255	19.594934
	38.735507	-48.669252	32.361417	2.551300	-18.018837	14.762597	12.914500	-34.876791	49.445355
	49.400810	-33.109201	28.776544	-3.212662	22.959349	16.831280	35.659443	-23.198855	92.591400
	29.281181	-35.133826	30.452577	-3.876080	10.070966	33.615333	10.075423	-39.173270	33.826471
	7.126700	-17.741285	51.264854	-4.479998	-22.902541	37.305141	-0.855055	-16.811525	44.438599
	-2.660499	-15.782610	56.295376	-38.482030	-85.838439	26.701557	-38.843776	-7.645058	7.373646
	4.398772	-16.361540	54.786656	-61.563466	-65.411352	39.344286	-40.040776	10.696425	30.971048
	-3.786476	-9.554080	28.398946	-29.998321	-22.770346	30.164662	-17.332290	9.057619	51.803453
	10.857122	-5.892404	47.028419	-42.993053	-6.004808	15.493846	20.999211	-8.470826	20.592498
	18.452304	-5.732424	2.801334	-27.915013	61.156999	16.801939	17.884637	-55.055726	35.710239
	16.893045	-4.841045	0.938905	-39.583917	49.392132	45.996861	-11.016790	-60.993823	14.343791
	-19.516684	13.392049	-40.695701	-43.694707	-36.441737	60.450375	-41.960258	-43.458078	-34.624648
	-8.716562	0.402527	-1.275766	-55.089825	-95.037789	55.223005	-63.950951	-22.288187	-58.042009
	-1.520186	26.853584	-9.175172	-55.587730	-94.978963	47.821464	-90.284392	17.999838	-85.741892
	-40.876917	59.437229	8.134605	-49.576055	-61.304247	36.853949	-74.390495	68.250835	-60.354760
	-12.247218	68.861258	24.154940	-25.658603	-38.856158	8.097794	-51.721521	60.665624	-27.922637
	-13.966469	55.980943	31.373090	-39.147550	-32.187380	7.326917	-56.346690	48.373066	-6.072244
	-34.733434	37.831271	37.046257	-59.445330	-4.670629	11.934578	-36.260898	33.808582	7.803679
	23.319084	5.370688	31.359579	-55.525184	-14.000535	7.144890	-24.743706	37.874244	24.835413
	-25.416827	-11.886461	-0.143336	-53.406168	-31.027924	13.256803	-59.549670	26.903782	16.622103
	-17.156735	1.583182	-28.286530	-19.841259	-52.288258	32.357462	-54.268384	39.475892	-49.027194
	-50.513085	41.329125	-62.400082	18.457218	-73.582462	32.656995	-66.033752	93.980960	-116.010809
	-18.713079	43.320543	-37.885547	34.001109	-24.727623	26.252861	-82.016884	118.393063	-106.946195
	-22.749373	69.793690	-39.414246	47.508046	-11.176141	33.458961	-24.183825	128.051685	-106.011544
	-26.370354	87.546247	-26.514159	47.164225	21.506842	20.903327	-47.379853	123.173995	-80.222504
	5.995989	80.806629	-26.868102	35.411970	39.310860	22.831725	-27.390995	148.022951	-84.204381
	-24.514975	91.755740	-31.853038	36.881894	71.744252	4.365436	-28.162319	149.186502	-70.123250
	-5.764207	80.706031	-19.026713	30.243422	54.559124	1.641367	-51.758434	140.276421	-18.322265
	-2.495207	50.403922	-21.711060	39.156390	24.278653	17.189235	-17.774989	110.985607	-13.920133
	24.967494	26.542254	-17.809648	13.496294	16.641311	16.206880	7.312769	70.641480	28.975265
	38.130575	2.315709	-28.373977	48.634514	-31.500657	32.254677	53.944146	60.655240	0.219431
	27.495421	-3.514402	-45.152899	43.581309	-2.065633	13.763281	53.325921	-5.010180	2.537212
	34.124833	-14.285699	-8.030060	35.033540	-10.799784	-5.111202	80.272240	-34.260048	29.317083
	38.757555	-13.198418	-21.518613	33.226108	-38.224291	4.465388	70.375536	-49.091126	19.010728
	23.385709	7.051241	4.773364	30.952225	-57.130154	-23.140744	41.169014	-28.165042	31.238019
	27.991013	22.131704	-8.434874	48.849676	-6.100212	-27.902885	51.821212	-22.104886	29.421041
	1.259089	40.498375	-28.050877	47.091548	18.075613	-30.263378	23.772749	7.200430	-2.333731
	-0.056206	48.061785	-28.285788	56.599374	40.579584	-21.847283	28.522150	38.699735	-41.027899
	-0.381341	38.098518	-27.978095	48.211992	22.458357	-31.026319	42.669368	25.964198	-51.119382
	-20.273678	37.203504	-32.723275	74.759189	45.172610	-25.195676	32.596644	23.691731	-53.298852
	-11.910308	41.241344	-42.617147	71.525535	42.329767	-37.461391	19.248914	17.498455	-34.229664
	-1.666418	29.624884	-23.779532	34.872307	4.481548	-34.984747	1.178373	18.715514	-51.131607
	-5.063485	29.441133	-39.056829	31.879698	1.230349	-33.102175	-18.671856	26.039552	-80.662859
	-22.435511	35.329444	-69.201921	46.839937	-7.518774	-8.690329	-50.139569	46.138081	-98.024499
	-11.290231	18.505502	-48.718154	13.249802	-40.254916	5.167862	-27.590723	61.798815	-104.983444
	-1.392088	-2.725218	-61.972254	32.195459	-53.234991	-7.700770	1.392031	60.004274	-26.376657
	-3.190236	-9.519918	-55.672756	55.379879	-55.739179	8.490308	38.100223	38.586346	-34.235869
	-13.864392	-14.652797	-35.392853	57.169040	-19.569590	5.002347	9.654361	34.665750	-24.057255
	-15.502080	3.735302	-13.011560	63.644182	13.438311	-2.479248	0.168142	2.464623	-50.651140
	-29.758768	13.870232	5.643509	42.909112	1.507185	3.636321	-9.951298	13.495965	-11.771467
	6.827691	13.980049	1.559423	26.920299	-33.458546	10.068838	-29.106114	28.869701	8.494267
	-16.582048	-6.688640	12.639173	-25.517594	-19.555413	-0.629257	-28.657527	14.157276	24.720673
	25.711974	-20.098775	20.280780	-42.984303	-68.890919	1.790085	0.093789	-4.368535	37.592607
	-16.358290	-45.193107	28.151787	-53.927063	8.635250	9.651101	-0.396167	-48.163401	50.654334
	17.100089	-64.770775	44.126181	-64.476206	-4.634544	3.054617	4.023490	-68.185967	56.570987
	5.114544	-23.025620	37.406297	-53.800958	-17.743259	1.881300	1.489200	-45.747530	45.192610
	11.504230	-3.988427	19.157871	-36.283457	-37.352356	6.037814	16.870881	-30.774691	17.157635
	3.223060	-0.783966	42.056790	-36.476458	-40.746813	14.714390	-13.549912	-3.072632	25.566872
	-2.411860	9.963716	34.387917	-49.986810	-14.752021	13.010162	-9.335258	-8.187234	62.840698
	2.443122	-12.594225	48.317453	-87.864901	13.628917	-6.352629	-2.238922	-28.170110	80.986790
	-2.059200	-41.980935	43.662256	-90.468170	32.960438	-15.696528	9.150881	-26.677278	85.992260
	-8.901293	-49.409871	40.381747	-76.142958	12.693980	-2.986570	11.069904	-57.024671	50.715366
	-30.798886	-46.535349	40.403186	-74.506110	19.509698	-4.688564	-28.639904	-40.362061	46.314129
	-19.315307	-35.852971	18.671095	-40.389654	33.111144	-14.394921	-7.373030	-48.051288	59.844163
	-12.697576	-27.351456	36.188852	-44.363438	25.969005	4.550637	-3.659158	-52.188529	56.171691
	-3.953798	-19.646244	42.816473	-49.534714	29.326618	-2.805264	-15.711667	-59.923374	33.011606
	7.922625	-14.787646	50.488550	-47.415444	49.470019	-13.328435	31.945939	-20.849467	88.849383
	16.867672	12.730230	35.635240	-37.394913	-3.460368	-8.628894	-11.608862	4.038453	41.591834
	12.479599	23.302641	7.825406	-18.967369	-28.296204	-29.941355	-37.625293	18.497917	-18.486651
	-1.871306	14.166983	8.532631	-37.469774	-97.500257	-11.362702	-59.082619	42.978289	-42.950453
	-44.288669	13.431211	5.908325	-26.632250	-94.917837	-13.644347	-14.262503	52.802601	-61.490456
	-10.617694	-7.756234	11.690974	8.054289	-71.086919	2.425845	-1.990936	22.623083	-18.248960
	17.111981	-6.172096	42.804378	12.771493	-77.113593	-26.524871	9.087274	15.749673	-11.687980
	-12.156388	-3.514706	35.977397	-26.582072	-57.768046	11.323304	-11.208367	9.686203	-1.317741
	-8.962918	5.850401	54.265278	-30.415015	-59.152207	-0.400797	-39.739273	-16.265099	18.469854
	-3.280467	12.363024	26.323935	-33.474883	-61.837929	0.609921	-37.986304	-4.901826	-18.311434
	9.179189	12.211881	10.087003	3.302519	-7.214858	-0.418451	-16.327079	27.786084	6.179137
	9.601716	-0.625888	13.902278	13.138077	27.914400	10.016763	6.563313	18.607273	-17.922349
	30.913662	5.641802	-17.825576	31.515835	18.293147	10.453315	18.806409	23.714904	-32.370313
	27.320130	7.375649	-17.631761	27.337243	30.258069	40.721938	6.667997	11.503201	-40.562081
	14.994248	2.069236	-14.811153	11.124137	80.938487	5.589202	13.589254	-30.559959	-10.612901
	9.199523	-0.353208	3.701262	-12.523569	77.125906	7.957541	18.403479	-38.476515	8.346123
	24.735841	7.549770	26.970183	-13.515504	35.841105	12.506440	25.737637	-13.359720	4.862761
	6.414379	-9.820619	27.347789	-30.620553	2.831712	20.067005	-2.038566	-42.692798	-12.830610
	22.397944	-13.471343	-29.659854	14.541949	-34.508326	-1.179870	-21.019594	-12.554000	-41.927126
	17.051607	-21.744859	-8.089213	35.167732	-61.092460	6.580871	20.011629	-2.114238	-50.575723
	24.773575	-37.335432	-43.060565	68.648004	-33.782324	28.198226	71.596124	-6.609930	-21.318074
	17.708047	-25.415908	-13.031037	77.353015	2.716836	-10.532200	50.460642	-10.152056	-20.344260
	13.343119	-26.512925	6.395676	93.703231	33.962889	17.298794	55.615803	-36.141014	1.514454
	18.175327	9.022561	0.183900	59.905308	100.185228	-1.707605	50.206735	-58.988384	31.680435
	22.318336	0.278495	24.375923	16.097369	73.643128	-1.851837	8.506634	-31.998451	45.987476
	11.945264	5.684849	8.269676	42.695525	41.310293	-0.269815	39.041622	-32.030935	6.212771
	7.325979	-13.348517	-6.181310	24.384949	-21.098218	43.765187	-17.730364	5.268847	-7.598618
	18.126092	-24.626618	8.810761	16.388891	-78.151429	86.489464	-0.621412	0.369388	12.111794
	-20.325374	-26.461553	13.913392	23.897687	-95.073044	83.117204	-15.919284	28.759455	-29.139405
	-17.696370	-7.047272	23.718455	12.630469	-20.214573	39.538819	10.208128	-1.623362	-12.522509
	-28.087384	12.707319	23.311211	13.310324	5.224883	10.428390	18.696561	0.472196	17.910227
	-20.683466	16.688499	26.796133	30.879732	14.758558	7.516739	28.410139	-8.794101	14.201251
	8.340323	18.956245	11.321770	58.226622	19.715459	15.528000	66.587032	21.167253	-0.882621
	14.943344	-2.610540	12.756074	19.129673	-20.064187	49.679413	57.361897	-22.781909	14.041312
	23.326790	-0.469513	-26.789009	29.501719	-46.181980	63.254226	43.763452	-27.612496	23.030038
	82.909213	15.659402	40.336256	16.877080	-0.971029	66.739687	73.033948	-11.201786	30.716328
	79.985869	7.412235	18.740263	15.707636	13.966244	25.593535	49.336091	-50.397895	68.838307
	88.090383	1.967285	38.677578	-37.675853	-19.176973	16.026311	44.845879	-39.173710	106.997004
	67.576315	13.804906	48.130518	-46.311531	-18.262672	4.420263	26.741914	-19.914768	91.715380
	5.792421	7.594631	27.845151	-84.234461	-25.151672	-11.382168	-16.201465	-14.091438	56.961524
	-25.622739	14.988941	8.022057	-90.534761	-20.953159	-34.199388	-46.702132	-7.856046	8.214255
	-36.323108	13.626369	-4.244328	-65.660081	-6.572801	-26.566736	-30.331135	30.812554	-4.338096
	-32.240577	22.853660	-3.398813	-64.327861	-48.246924	-26.728694	-60.393154	55.163449	-15.557995
	-15.145797	15.673676	28.413008	-56.729512	-33.931724	-18.633604	-29.229459	59.509850	2.307295
	0.503383	2.211676	30.638580	-21.338553	-33.850112	-2.116445	-16.063925	37.249333	44.328385
	10.877291	4.821932	62.420918	-40.906491	-18.097350	0.389674	19.900094	-14.839367	54.876720
	-4.335047	-1.924711	64.928747	-54.038416	14.337753	-22.662067	-0.212845	-14.246782	64.141848
	5.404125	16.929031	29.710968	27.726425	-29.457139	1.541528	-5.060943	8.431223	10.186355
	-31.557769	32.115752	-27.116480	10.533579	-53.774240	-3.652953	-43.830729	56.084619	-57.422866
	-22.815364	36.184631	-23.425463	-10.685584	-31.229009	-2.942601	-37.278289	52.796689	-74.169572
	-42.016326	42.032531	-8.655567	-8.890511	11.888846	-16.701473	-55.284535	61.661588	-39.589515
	-57.237142	54.796931	11.909751	-47.276526	1.011437	-22.250002	-92.295068	80.403877	-40.619033
	-54.369673	53.913642	-7.795574	-31.710515	-0.349542	-34.655845	-100.234207	76.183668	-58.759175
	-55.810105	41.326127	-1.104646	-18.247353	-23.226438	-36.737040	-75.491089	88.305818	-77.317671
	-59.099792	23.605980	-32.763921	-17.789811	-36.853805	-26.844357	-71.357213	107.699526	-98.646316
	-63.817786	3.807504	-42.720764	-7.888392	-65.528006	-16.067131	-66.316508	121.785834	-52.634174
	-25.502585	-5.057330	-10.485638	9.102783	-70.729573	-24.713628	-38.590235	98.166383	-55.142680
	-17.884246	-19.490829	0.347526	41.526276	-19.594219	23.152119	-14.270787	83.870919	-6.474994
	4.311839	-16.881503	-11.117975	5.693424	-21.079084	35.503631	-34.104848	71.448733	1.338890
	-34.365333	-12.237117	-21.264041	-29.190265	15.267294	6.876554	-27.762120	40.525725	-8.649113
	4.654757	-4.760121	-31.640979	-34.737778	67.375754	-1.335210	-35.425536	23.384829	-7.988169
	-40.312628	13.347329	-11.955508	-47.001994	74.947210	-34.191436	-42.556344	54.203978	-15.760207
	-52.388037	21.222499	-59.014861	-38.759301	69.767028	-45.119163	-50.710560	42.338881	-26.031124
	-9.565640	8.937002	-32.849862	-10.106168	82.368735	-34.048112	-36.146507	67.986075	-44.464736
	10.025855	-13.776897	-43.458338	24.537480	33.400101	-3.558996	19.202554	17.186032	18.812147
	48.553631	-9.172415	-38.872663	32.452400	-14.438227	-7.180456	57.244536	15.296904	-6.565507
	39.578196	0.211559	-24.334708	62.049837	-43.505657	6.051131	65.966783	0.156540	-20.324053
	40.516895	34.138710	-26.705048	81.164877	8.325388	5.700084	25.657783	17.930458	-16.310946
	3.785278	40.038868	-30.071839	87.838628	-23.804611	-9.701470	23.066956	26.907279	-74.156756
	-1.425219	29.664461	-13.330961	92.127641	-2.709987	-6.611921	24.695291	50.207985	-62.897462
	-31.484365	27.259223	-20.434864	116.371039	25.084006	-5.199198	31.679389	41.233805	-52.718512
	-18.769193	33.482185	-30.629241	133.872457	28.908637	2.283362	20.173831	31.372705	-33.564796
	-49.233058	18.039457	-25.777280	118.514691	-6.754134	0.757297	33.310665	17.391608	-57.596455
	-1.203436	22.265283	-11.988892	105.640390	48.229769	-23.981918	48.741272	6.137010	-27.996275
	-17.672989	27.677439	-5.973907	81.386904	42.908865	-5.920435	45.500776	-9.508434	-3.539143
	-18.113577	19.322012	-19.997207	94.428768	86.888407	-23.901639	59.924501	4.639586	39.766708
	5.733728	10.610117	-28.412963	87.555423	90.086496	-22.749738	55.892289	-28.034519	37.013623
	-18.728172	-25.455128	-29.620595	47.983988	72.599685	-16.232039	50.872160	-22.595222	55.730759
	-11.655751	-34.212120	-21.909744	3.486123	25.474861	-22.674500	25.495968	-53.473824	56.574915
	12.420475	-35.350283	-5.273454	-16.683305	-26.533136	-6.508499	-5.456452	-20.584462	50.122940
	-3.169110	-12.106082	5.917686	-67.517632	13.077043	-9.006844	-0.555769	-36.751057	87.033905
	-6.142444	-2.801990	38.876133	-80.516104	21.670365	-28.345227	-2.278577	-31.443025	56.451163
	-32.348311	18.324393	55.336610	-68.352128	31.256493	-44.359252	-12.454873	-8.249832	38.841062
	-16.220285	43.426150	68.057589	-71.776914	64.119401	-35.761789	-15.990031	-6.506620	68.316900
	-15.582655	37.253998	79.531381	-61.590359	79.544971	-40.969295	19.169073	-25.340970	103.369437
	6.601542	16.606666	79.513714	-49.903139	84.522307	-27.355288	31.058444	-15.058886	86.179398
	31.356743	-17.215110	53.490720	-70.933060	67.194147	-22.569388	34.708301	-41.885793	87.718539
	-18.641316	-40.703424	47.325927	-116.642380	32.710432	-18.636499	-8.509479	-60.076803	88.039862
	-7.657458	-48.124250	36.133552	-120.364399	-49.197358	-16.894982	-13.184576	-61.957089	52.417887
	-27.070953	-27.608079	14.919976	-101.219247	-45.745110	-50.764559	-33.353520	-48.595830	20.096899
	-21.967953	-35.320195	7.819334	-102.397102	-64.684446	-29.830133	-25.704867	-37.012296	-0.058956
	-19.183842	-27.991415	-25.411959	-95.475226	-74.240274	-25.871815	-47.639034	2.904254	-40.003327
	-48.409657	-25.164342	-22.679113	-53.196761	-46.618849	-24.147353	-49.439609	-9.113623	-26.710203
	-54.555336	-35.627640	-55.678523	-31.152017	-46.832133	-21.430704	-18.057573	23.993961	-35.217858
	-37.324976	-31.810827	-69.441207	19.496020	-40.455101	6.447906	-17.245295	-9.030389	-82.409891
	-44.242958	-0.139955	-55.518410	15.118286	-18.599020	16.503954	-33.739446	33.777380	-96.881855
	-25.612170	8.101374	-10.933789	-25.075272	-0.044669	13.213815	-57.778529	30.641618	-78.947447
	-5.846342	22.030365	20.424014	-34.755058	3.052472	22.908880	-29.274092	-9.255006	-40.132355
	32.579959	18.614450	34.670632	-54.311708	-32.463106	15.422413	-16.287395	7.560453	-19.851585
	23.688108	19.404260	10.682688	-58.637946	-1.947979	-5.217428	-33.261553	-5.220552	5.671206
	-1.657558	27.692672	-8.468502	-34.567871	-44.271877	-3.169656	-62.525238	28.101563	-45.354921
	-3.144512	38.477942	-33.920325	-76.118177	-11.015077	-3.722580	-77.607959	76.002240	-34.432708
	-30.586622	34.171591	-31.455090	-28.240975	27.366462	-4.399503	-39.617984	72.848229	1.098057
	-27.842382	33.716660	-1.508058	-54.789070	36.088024	6.789060	-55.523363	55.866114	41.030138
	-32.764267	10.234112	0.527653	-51.101195	59.820449	10.718610	-56.948078	64.439549	27.624240
	-37.326016	-9.982288	45.096716	-82.273660	98.011455	-13.846699	-29.971460	21.284006	56.860962
	10.439732	-26.407203	35.203990	-60.197180	50.372951	-10.342372	-48.714589	3.243625	25.333060
	12.626350	-27.447587	15.986157	-46.328310	44.425623	10.458766	-21.211776	-20.556386	20.415841
	4.258613	-46.498970	19.708633	-51.118634	-2.333251	5.432827	-6.365277	-33.069194	-12.154020
	42.239078	-46.661521	33.523238	-34.712518	-15.565786	3.234457	25.505737	-51.392431	48.033786
	0.910552	-35.455849	2.026546	27.358045	-52.223240	-10.727626	32.261016	-19.396988	-26.851039
	7.106628	-55.003578	-18.828315	-1.776659	-52.556179	8.673463	21.890852	-21.204961	-14.417835
	0.035090	-46.984814	-17.885583	-22.472108	-25.550526	11.962408	15.636184	-34.119741	-7.459028
	-17.300987	-28.637491	10.849728	-34.238428	-31.765331	15.805224	5.084183	-57.442213	-17.595541
	-30.010307	-18.134715	-7.323457	-29.356315	-14.143407	18.316320	-17.070199	-23.567097	-9.234952
	-14.146818	-4.992247	9.135790	-45.469028	12.586497	5.664794	-12.189329	-17.248436	14.523675
	1.526142	19.635729	0.484134	-39.234339	18.281307	38.961562	-4.156049	-8.129259	8.258362
	11.635859	16.134228	-0.109577	-36.208438	40.713910	27.450716	-1.965682	1.169048	29.137829
	9.810749	34.710366	24.779634	-1.571756	26.115482	5.574169	-10.745186	12.112741	25.614699
	-11.710186	34.614723	-21.484397	-11.567009	17.256628	11.637950	-44.454349	46.091209	-12.185967
	6.056787	22.735692	21.316071	-1.390287	-21.022437	5.842635	-44.439600	55.967825	-39.990797
	-31.119856	6.482375	9.837881	-1.913569	-61.488426	-5.148086	-48.630442	21.479757	10.640412
	-21.298972	-22.920401	50.909235	-49.527471	-66.283204	8.233787	-33.060451	4.014335	7.449235
	-2.855999	-13.189957	27.283305	-37.342641	-75.364697	0.986169	-43.221919	50.013017	-26.523378
	-14.614032	-3.127684	-14.015562	1.265148	-45.158226	1.011767	-12.164740	57.262332	-44.067900
	-52.906438	14.081688	-35.909478	-3.961429	-20.568641	2.909491	-41.918155	68.331528	-62.326446
	-7.954358	36.180175	-41.071184	49.376049	16.295275	20.780739	-3.476022	76.708123	-70.078428
	-15.584222	30.361610	-8.223871	35.732773	1.311567	33.122488	-5.945680	87.974143	-85.314258
	11.353594	36.344906	-3.450518	43.590913	57.348070	-4.564711	-1.496166	72.221103	-50.633247
	-6.211957	32.863822	-0.847384	38.286163	28.164268	-3.093988	11.610588	70.284700	-75.576123
	8.560448	29.728149	3.488203	31.603685	34.272458	-4.949390	-26.086023	74.436716	-37.009413
	5.528708	47.155809	-6.650024	62.961988	53.802611	-24.990829	-18.226705	91.389689	5.747605
	-28.529792	40.669579	-41.229112	28.291173	37.100888	-15.866720	-46.012414	81.129387	-24.736473
	-54.139181	59.027768	-49.390955	62.074006	-1.911319	-21.297823	-24.195162	124.147292	-97.709481
	-46.827646	35.920009	-63.192371	59.952394	26.356054	1.733864	-28.698580	93.771838	-54.213315
	-26.456225	15.114407	-55.184649	19.672257	-37.691986	-10.237222	-41.221599	56.129671	-58.135194
	16.073276	-5.230080	-41.402772	22.890160	-53.955657	14.662683	-24.206597	8.004651	-52.266534
	47.495770	-15.500457	-32.462218	17.585958	-66.550870	42.368190	7.650210	16.173998	-29.499603
	61.799588	-15.021109	13.946089	-20.686782	-38.568225	41.371983	36.366486	1.341621	33.090890
	32.012764	2.137882	27.957467	-6.661897	-14.833466	23.501659	36.942701	-5.729247	37.319101
	17.211419	10.610313	74.627039	1.305675	30.842232	-11.857043	48.980119	-41.642709	95.961297
	-5.074843	9.155787	66.159088	-56.703370	8.487145	-30.248466	-11.900937	-32.766500	67.361060
	-4.901313	7.797653	54.422938	-60.933054	-23.106017	-41.790494	-28.699697	-16.429943	38.801185
	-28.956616	17.130914	30.519406	-71.863414	-65.538392	-39.674730	-75.084736	-37.475201	-57.387604
	-32.748406	15.225856	-1.545488	-53.779670	-64.464979	-5.697092	-61.121636	-0.270415	-63.711731
	-66.432309	32.438294	-42.323691	-44.977195	-80.564233	-5.701650	-65.544640	38.825266	-112.828052
	-36.472098	29.508390	4.522438	-18.973270	-65.346209	5.316574	-42.390746	49.955227	-95.754807
	1.591322	10.658489	3.256730	-2.040964	-60.506157	14.540905	-18.905715	21.427787	-46.578000
	-10.105200	-15.224394	37.151151	-27.939114	-53.024437	5.998519	-16.369137	-5.314426	-18.500499
	28.466681	-56.442000	21.934245	-25.665625	-56.822786	17.761679	24.016269	-60.264717	22.811304
	51.681680	-58.025492	-2.461934	23.589642	-28.889217	45.588568	53.891131	-82.856383	31.043445
	53.820804	-45.485097	-19.310503	4.367822	-33.881520	57.993380	10.050386	-80.481085	-15.006656
	30.304024	-41.424707	-13.121561	24.943329	-45.425669	78.160009	34.487767	-106.485634	-2.861626
	79.100872	-30.749235	-3.380544	-5.995805	-13.567604	47.176513	23.086478	-96.066919	36.710311
	73.996340	6.755635	-8.133707	6.996983	40.013603	47.723718	44.756983	-91.168449	14.954160
	77.173475	23.727572	5.540834	29.930052	56.998727	-12.818724	58.338861	-46.992512	31.626251
	51.325264	35.418136	-11.825481	35.850892	46.763009	-23.855760	66.878321	-19.718652	26.003415
	40.741524	42.497524	-7.747644	57.481209	63.522815	-39.375401	65.582451	-12.044861	4.491612
	63.572263	27.429027	-15.949775	80.265932	42.757272	-7.467669	71.596108	50.390514	-2.000879
	45.462695	-6.092322	-15.731662	66.133940	66.584353	-26.772958	94.427888	-4.572805	22.192852
	30.523010	-37.469643	-32.236051	53.658968	55.173204	-23.979075	104.197657	-52.074524	26.796128
	46.565553	-42.871874	-3.983749	43.335001	28.124024	-18.248315	73.099207	-57.559845	58.040051
	26.816536	-27.413977	-55.055255	87.976369	63.653728	-41.117007	69.639679	-50.264932	27.174544
	28.494732	-25.839494	-9.698847	47.184301	93.881601	-36.852362	63.057841	-64.049948	39.645316
	25.414383	-9.087202	-7.484635	43.132131	137.468692	-11.552083	59.801535	-91.999846	58.340850
	0.944802	-9.002869	-22.356890	52.691843	51.525450	-24.643655	31.285700	-25.864034	33.639947
	11.873980	-29.490270	-22.144725	44.606853	15.269903	-7.285078	39.281298	-52.359455	48.481991
	0.922986	-47.856508	-25.076012	44.035607	2.962917	-20.087041	39.505240	-44.357062	28.751756
	-14.520517	-62.189926	23.432707	28.208051	-4.718428	-10.474331	15.328549	-25.164914	64.407371
	-21.146831	-53.468513	21.639196	-34.016461	8.092285	-23.103202	10.792945	-42.514054	87.360204
	3.127333	-36.991888	41.885835	-32.698940	60.218867	-1.092640	9.781975	-66.770616	87.982389
	-4.507842	-28.187483	39.090868	-34.426233	64.357311	-4.100089	22.101020	-52.128871	104.084044
	21.262577	-21.724051	40.161756	-21.534370	77.601664	-3.427814	53.534360	-67.473381	118.845827
	23.503612	-24.227271	19.656196	-8.891319	76.450931	1.623150	35.994934	-50.910799	107.786132
	5.412900	-32.177201	20.917501	-6.944362	46.491391	-15.269529	10.119409	-28.417329	93.815704
	15.864699	-33.471324	-14.243299	20.055267	8.653880	17.873957	32.975803	-35.944836	27.266814
	-6.705811	-45.096616	2.784311	7.068472	0.310488	17.817321	-10.301532	-13.644690	34.119907
	-30.218468	-37.379788	1.969211	-18.277885	32.131424	22.879217	-1.869980	-23.309478	28.419033
	-9.112613	-34.649667	12.218034	-8.535211	20.920910	28.074935	34.946551	-17.726612	60.747060
	-13.258607	-28.362246	-5.880907	-19.924678	22.252099	24.037218	16.979537	-38.559731	54.955031
	3.553318	-23.265292	22.693794	-12.884365	11.059325	16.626644	11.266801	-18.790302	27.357503
	12.167370	-5.374172	27.097157	0.915710	31.729192	9.063698	33.471553	-11.804411	46.749145
	-18.693228	-3.651946	16.985338	-18.760451	33.984822	-17.546399	10.317445	-47.822326	60.537720
	-17.465625	21.346751	3.451631	-23.823211	61.462480	-15.603675	-17.023274	-18.992074	8.933250
	-26.608180	16.962610	25.074530	-7.955236	68.382539	-0.792255	1.206757	-25.709650	-6.629486
	-24.224450	10.914419	25.591969	-19.757697	56.696521	-2.754244	2.929400	-12.783892	11.261130
	22.152929	-2.072730	27.351583	-11.347582	60.022664	-22.074426	11.793058	-33.421919	48.248334
	4.866143	-11.030169	38.178630	-22.158627	68.247042	-11.346126	34.003627	4.065634	75.119224
	24.205224	-33.636422	35.706610	-37.396084	60.421306	-12.424980	31.911235	-30.697403	88.574563
	31.223773	-21.977711	51.920674	-68.716543	58.197602	-15.276747	43.070911	-51.133586	86.643818
	4.945300	-29.841736	42.718474	-60.760284	30.517137	-24.789991	3.951075	-25.379055	65.858985
	-18.144599	-21.427030	31.494978	-65.638083	26.106394	-38.978382	-13.295807	-38.280294	67.676418
	-17.204986	15.000501	24.483730	-60.623871	35.278996	-25.888920	-16.757367	-25.828973	31.127688
	-55.354218	-6.117750	11.285388	-62.967147	25.633032	-1.244680	-54.399252	-7.402495	11.399746
	-44.299568	-0.368756	-37.578226	22.818999	40.456235	-4.539008	2.447435	-0.673048	-0.451364
	-52.381469	-19.850450	-19.410361	-23.193104	-56.797136	0.964733	-17.991004	13.483929	-39.707997
	-30.269701	-23.256952	-33.178311	-24.158842	-66.934075	16.998555	-63.224530	20.612071	-65.805292
	-19.349498	14.221253	-15.856502	-16.476733	-84.179290	1.432573	-63.837843	28.814371	-92.017265
	-18.216934	13.458524	-12.922043	-71.817527	-99.586042	-0.292189	-86.774852	4.998622	-56.055745
	-40.605377	42.060480	-6.111589	-38.738199	-76.338553	10.712416	-90.307378	39.938784	-55.901577
	-30.396868	18.798595	10.700468	-34.860706	-54.464916	1.266162	-55.514356	18.994445	-16.345387
	-12.358719	2.679130	-0.639922	23.979137	-35.446241	-3.238331	-12.712747	-9.314315	13.777645
	12.278592	-26.869118	8.175067	23.963578	-56.038664	16.516742	1.347280	-27.901521	16.504102
	32.547986	-41.660814	-9.621099	17.421033	-57.879092	6.820625	-7.034497	-27.881938	4.898443
	3.525920	-34.797250	22.674871	-21.501825	10.154943	-0.682195	18.798676	-51.260595	32.785409
	29.925110	-16.604840	12.126758	-47.728397	30.045707	-9.234545	30.553630	-94.908240	16.985542
	34.582099	-5.012789	31.503218	-72.962836	62.502398	3.730298	-4.745003	-68.595128	20.003215
	10.163941	1.639713	27.268225	-62.896941	41.403489	8.611926	10.783123	-57.371153	22.088480
	1.791718	11.423426	-12.066490	-15.260513	-1.253764	29.803580	28.198154	-52.004756	29.918803
	28.694498	-24.245842	-7.400773	-1.409069	-30.015115	23.113119	30.981571	-58.195759	-6.532462
	40.889080	-58.349677	13.773900	11.185326	-81.848181	34.815085	24.584145	-43.924896	-1.324845
	18.488544	-72.939461	-20.625486	11.690757	-105.967892	44.060934	-5.723747	-74.231201	-22.709316
	13.301434	-61.665769	-11.009065	3.177413	-55.938690	45.881363	18.851177	-75.805963	-36.410934
	-1.187220	-47.626864	-31.399648	12.872070	-39.135254	-7.146586	-8.304809	-74.770342	-17.584001
	12.982821	-16.979189	-39.675852	18.710572	35.352288	-4.564291	-2.691622	-56.475050	-19.102902
	-0.796754	10.020985	-59.284060	58.900904	37.887350	-17.001235	10.471816	-20.058407	-26.213787
	41.546295	35.328252	-46.195201	73.652417	22.365080	-26.334646	52.139347	-16.596746	-56.140796
	72.126031	41.185898	-42.884262	89.682598	41.512128	-34.908907	62.366659	10.083590	-13.629253
	36.483392	23.708067	-23.212087	89.803007	23.998156	-23.804619	58.041627	-8.914799	8.585588
	36.305405	6.752446	-4.574218	67.810632	4.174652	-20.543348	58.153568	-59.676077	0.128387
	39.090807	-11.609655	-6.345098	43.370042	-22.797538	-21.343894	43.351062	-22.361854	6.864269
	34.486595	-9.251441	6.947051	24.101016	13.952318	6.051215	18.841104	-57.333440	15.679403
	23.248533	-31.786536	-17.362460	31.107163	-26.264694	11.941300	39.789920	-53.479684	9.319848
	15.606531	-28.741240	-27.242281	36.360029	-4.939390	-0.752889	37.604096	-47.807239	4.595018
	24.644698	-26.097129	-31.798273	25.474327	17.082643	-33.692140	28.494933	-54.844458	-13.044340
	7.216703	-1.678067	-4.644183	17.577546	37.341834	-44.429765	16.542662	-39.791289	-12.805650
	17.881863	-2.923929	2.063479	5.474936	40.504978	-38.363663	7.576210	-28.935968	16.728179
	14.766497	16.253088	4.806364	-6.103435	77.527350	-48.288513	-12.265470	-8.577539	9.874503
	-6.635668	7.928996	5.523045	-18.012747	63.222903	-36.118167	-27.288360	-15.018038	4.005314
	-22.064448	-10.735672	-9.974064	5.086989	81.823283	-24.835940	-11.685955	-22.358022	-5.892686
	-12.208339	-32.616352	-5.179188	-35.261596	91.596047	-31.014418	8.078813	-17.665230	38.641958
	-20.700131	-22.238975	-26.024492	-24.361680	67.146348	-14.662288	-16.188173	-30.703316	27.708066
	-11.383222	5.061830	-33.862965	44.727269	19.775595	-10.071731	7.277758	2.107082	-63.711273
	-53.980017	8.976863	-31.419458	53.483636	-5.044446	-18.973325	-45.835960	2.070718	-63.487300
	-36.855553	37.738585	-12.924402	124.591710	-31.916571	-23.105559	-1.270128	37.285960	-68.649669
	-32.995486	54.066313	7.653247	144.431273	-79.002453	-0.919643	-6.937006	77.609317	-69.053603
	-36.826137	67.526625	-10.367826	138.432592	-79.956934	-10.294676	-12.794291	98.229052	-125.418359
	-17.019283	54.188628	-64.380072	153.410439	-71.466002	14.594975	-0.164265	105.949693	-123.523837
	17.397726	29.937558	-67.488940	123.683355	-55.113057	3.706310	38.487543	77.264846	-70.145845
	40.784809	6.376351	-36.301635	67.282250	-63.510710	12.276549	40.670840	43.503352	-30.690732
	55.919571	4.396325	0.166755	42.532603	-77.444983	28.738844	17.573320	22.746478	35.081561
	15.008084	4.784990	28.625645	-43.333497	-54.047806	47.353270	-6.902556	4.500767	46.649589
	-6.901931	51.117396	17.304826	-22.342083	-63.306519	14.962019	-49.792112	27.716183	19.843670
	-67.816649	53.572535	-24.906936	-12.341363	-69.664774	19.182515	-44.638915	38.725684	-79.202014
	-60.815724	68.092392	-36.764143	-5.441865	-73.004061	2.446469	-72.855532	110.515322	-140.787718
	-35.661172	68.116612	-41.781542	4.376464	-35.236601	-2.432490	-54.500978	81.148663	-129.668513
	-46.749998	64.122856	-58.803612	-24.972168	-15.528670	2.629807	-64.796475	95.132097	-98.107549
	-19.526714	44.450909	-49.057188	-29.888592	11.868106	17.707998	-64.154275	101.346898	-43.212854
	-39.213861	-10.689564	-38.299740	-31.586679	-17.006443	11.966410	-61.742081	61.128046	-78.025597
	1.892752	-13.748236	17.939671	-75.038012	35.645242	-27.591011	-35.941784	27.966270	31.564619
	-8.249450	-37.459980	72.407791	-87.004546	20.072788	-3.979491	-31.343620	16.187883	75.182216
	-11.633820	-23.625458	85.680623	-78.278673	39.579281	-13.044056	5.298464	-49.520562	100.595718
	5.638988	-16.357275	94.249592	-61.083116	31.691534	-18.217824	31.892026	-50.238366	50.971332
	35.738896	0.114264	56.102791	-35.047160	-15.725062	2.208330	25.542240	-32.357509	49.028612
	32.796724	29.498785	36.458749	16.902468	11.382326	1.328690	22.980208	-6.559804	48.270384
	27.792683	39.641102	35.366488	-33.800773	-47.324448	17.797971	-41.173875	29.837921	-4.812423
	-17.384907	44.691647	-14.278844	-40.783311	-54.884704	44.427123	-68.478583	42.141099	-56.453367
	-13.589364	35.520461	-36.831753	-22.537909	-36.907203	64.288705	-72.042046	44.402931	-74.660172
	-14.909799	26.971809	-27.593329	-5.168627	-86.152173	22.100984	-67.219155	54.569516	-70.142688
	-18.511835	24.872074	-34.118903	22.344970	-87.854840	10.708701	-36.089525	61.657001	-62.655744
	-32.100838	14.105218	-24.120931	16.270259	-73.097075	0.637624	-24.825061	79.411630	-66.071677
	-7.640246	32.843290	-25.835045	41.574041	-8.179089	-10.206250	39.689905	75.175748	-54.739882
	-2.169544	13.325295	-21.233147	2.295919	-11.642287	-1.916604	13.116169	8.421383	-23.299015
	-30.631357	18.981167	-32.791103	25.882264	13.794157	-3.355385	23.459036	35.739819	-42.869931
	9.172913	29.176626	-20.961546	9.838193	87.193865	5.750667	3.786724	23.809161	-16.214701
	-21.137477	47.182648	-6.309496	8.956352	49.948714	-0.680526	-8.993646	31.944797	-41.466438
	-15.137519	63.979445	-42.650788	35.608890	36.261538	8.541044	-39.239897	37.015268	-61.846686
	-5.239476	50.063615	-22.038660	1.656829	-36.533273	0.717760	-52.476994	60.578349	-52.550370
	8.365077	1.089079	-0.055496	-13.806784	-38.247728	-17.572041	-32.006236	32.060619	-24.102706
	16.297130	-32.322092	-34.657203	32.158822	-67.453422	-9.506727	28.440996	-29.836934	0.967614
	-2.001384	-66.413585	-44.757570	4.360536	-66.780935	4.772195	9.506769	-12.225598	-27.068631
	-26.541483	-43.658213	-22.882598	6.754269	-46.081421	29.011283	-5.278854	-9.840315	7.324682
	-4.226155	-24.887923	-26.255713	1.128263	-24.067100	14.235158	7.646226	8.087794	-54.287476
	-28.594006	-10.623963	-20.244459	27.054312	4.831928	7.754416	-7.840659	19.795039	-61.418019
	16.911038	12.373012	-26.060693	23.157158	-36.128918	-9.511694	-8.111693	51.651425	-81.082904
	5.368868	21.115155	-22.562711	52.379346	48.840874	-36.282953	-13.847380	70.585237	-15.156716
	-27.414007	20.570549	-47.368462	56.483332	56.490310	-10.630130	0.807673	49.230340	-36.633623
	-9.563601	9.421921	-28.147358	27.736961	69.309017	3.943191	-18.801575	23.060171	-29.813080
	-30.004831	7.026395	-2.363752	4.103364	39.965453	11.657145	-17.807794	29.256149	-36.232045
	-20.003844	-11.149522	-4.523724	3.797592	30.723878	25.720025	1.272716	-15.502181	10.721032
	-4.118006	-10.623331	-22.955636	6.993919	34.869582	58.553296	17.558638	-23.919175	7.472577
	5.744727	-17.745640	-9.274503	-1.629077	-13.946576	39.275566	0.406116	-1.562938	7.278137
	5.144811	-13.881555	43.839247	-30.835780	54.207667	27.802919	38.595684	-43.211805	36.039012
	27.851513	-41.123130	59.928130	-49.965245	62.207886	16.381483	46.679190	-82.440513	90.221245
	52.861677	-47.923073	70.281339	-75.462124	63.559282	10.620142	68.849515	-122.244021	119.366055
	41.821009	-32.519434	70.032368	-39.306981	36.736282	-53.913730	32.214737	-74.328206	122.207537
	41.295329	-18.950837	75.696664	-6.382533	0.742948	-53.074411	38.590213	-62.515847	142.987816
	21.935349	-3.364854	64.643919	5.194897	18.375535	-61.800345	30.827006	-31.251823	121.613689
	17.559224	-4.076324	64.675352	0.759648	-17.670078	-40.050912	25.328040	-33.870937	83.060111
	5.734599	-9.230380	74.016172	0.438550	19.220624	-64.641274	47.602892	-31.558203	99.365182
	16.346798	-17.006963	52.626425	31.577506	34.741492	-31.256106	83.695921	-53.989970	104.466701
	7.655556	-16.668633	5.869950	-27.142386	-10.451330	0.221586	16.651576	-21.119197	43.721841
	-28.733944	50.428516	1.031505	23.273642	18.145426	-12.852476	-34.815715	62.632810	-62.826967
	18.223479	-19.822779	7.436493	-8.893928	20.182057	45.673118	21.642247	-61.625462	38.454759
	49.064720	-18.402928	62.326163	-31.509125	-3.342333	62.877541	31.239686	-27.212137	81.675275
	48.940869	-30.673193	61.302457	-26.929586	9.461644	56.270853	47.627317	-52.228219	87.495478
	29.808678	-36.844097	-1.703208	-30.720205	-20.835337	49.028519	33.945567	-50.445997	54.968377
	19.406623	-36.824354	-3.145812	19.910776	23.602868	-30.845304	73.970917	-17.404937	70.480432
	9.810678	-18.287093	-11.396118	25.238763	24.866322	-49.671365	31.884204	-19.592813	4.206147
	19.812592	-33.661362	17.925900	13.044362	5.651395	-18.928837	34.254795	-5.458905	12.765186
	-22.385842	-48.079066	-2.632456	3.756735	-4.060653	-26.016930	-5.359679	-4.839406	15.358260
	-37.412606	-19.093796	-15.283274	22.280892	-20.231142	-31.132622	5.697455	-9.130097	-8.682680
	-17.274310	-9.320392	-33.834257	-26.901491	-40.208917	7.433895	-51.949358	6.636498	-83.100592
	7.053617	26.154634	5.728983	-24.943612	-59.584847	28.312517	-57.876055	52.900715	-60.097709
	-35.513971	50.812903	-31.831647	10.621115	-30.730825	9.991336	-65.020832	54.012919	-98.256856
	-20.160078	10.808540	-14.706282	-49.312508	-24.602142	-11.971573	-58.734661	11.119395	-53.541092
	-19.177668	-9.620232	46.596080	-104.169524	-21.140193	58.272692	-74.591413	-19.422080	38.336322
	9.018509	-58.232448	37.159279	-117.534716	9.694280	52.374244	3.967939	-64.818448	100.359941
	36.200020	-70.856520	2.637728	-74.954157	-33.084403	37.745466	5.584844	-59.902692	17.178329
	54.489830	-65.660054	-26.835916	-35.056536	-36.093219	33.193089	22.161997	-57.930645	-19.263990
	22.140508	-22.511236	-47.716378	-6.779660	7.563677	9.206479	29.742689	-68.642965	-12.249787
	22.075757	20.305870	-62.071088	58.258236	4.901136	-9.780260	25.856048	2.624558	-49.943770
	7.156325	32.768438	-46.297834	57.094843	-15.639583	14.077078	26.197520	54.087990	-45.981526
	-35.155664	47.900743	-12.933569	76.129651	-30.912214	-5.062651	-5.266637	102.443994	-52.041591
	-38.042638	51.425929	-4.264896	99.881020	-58.687426	0.025767	-24.626260	119.475567	-79.933766
	-3.267323	35.016848	-1.231087	70.191177	-107.571826	-5.512240	-22.153847	119.278742	-74.156089
	-2.554295	56.035586	10.745157	94.760555	-92.591796	25.627631	-22.464945	110.896380	-60.442351
	-22.457835	91.004704	41.358204	58.475918	-23.137008	-21.380278	-23.413582	124.463256	-29.961141
	-19.297084	95.593402	24.996408	32.716603	3.321080	-41.034273	-23.335658	98.098893	-43.457374
	-24.612519	67.609314	11.277484	33.009469	-11.249482	-22.493140	-5.407907	50.013650	-23.509616
	-6.789853	19.941583	0.734673	8.753891	-9.376513	-12.079779	-4.536083	11.845614	-19.337384
	17.023363	-10.298201	-36.752644	14.814309	15.296478	-24.969839	30.394870	-32.322762	4.302569
	28.619762	-49.362399	-17.502744	-10.684086	-19.153350	19.794558	18.659041	-65.874406	14.515465
	28.493619	-51.472712	-25.813295	24.903611	40.946217	-8.091075	64.813904	-65.200417	9.706349
	9.892981	-30.608938	-7.816288	4.944084	103.042906	-0.839937	26.581410	-67.278553	49.660378
	1.994111	-14.756180	12.289927	-20.927222	101.455855	-11.361187	26.854712	-64.171453	62.796711
	2.487390	-32.300028	-12.030358	-22.994505	53.579080	3.064353	4.092205	-43.631642	52.156898
	11.550663	-26.180132	12.096832	-20.680451	65.271292	-5.988019	6.792944	-49.817726	56.076912
	-7.187762	-50.674979	12.213428	-48.767626	24.286272	1.702975	14.812782	-67.272382	43.477925
	25.268313	-70.413608	-2.853872	-75.128536	-29.460761	41.907637	13.340723	-69.053382	36.923278
