	-5.212622	-28.356756	18.742611	-63.895277	-11.390196	13.386543	-30.397841	-5.131041	16.951771
	12.555212	-18.285243	35.365305	-44.736787	-1.511120	23.812461	-10.704427	-32.221490	39.413949
	-6.408756	-13.759302	-1.683826	-39.174158	1.913347	3.627880	-10.559402	-20.873581	7.101018
	3.564078	25.224807	-36.512022	-15.858750	-1.988090	0.547273	-41.579222	-2.447333	-13.704839
	-2.298458	37.260037	-36.083688	15.295894	-2.817066	7.609505	-17.826829	36.516115	-76.481807
	1.702888	70.820955	-39.442445	43.900292	4.726341	-12.913993	-31.805810	58.904980	-46.975137
	33.633431	80.209734	14.139344	43.602793	8.154465	40.905327	17.093100	45.375330	-8.514136
	-10.147579	35.205620	-30.205203	25.488636	-5.664521	12.540090	-30.448384	38.770627	-92.128728
	4.910955	-17.730224	29.876382	-17.215573	3.881193	5.168993	28.687046	-29.816082	56.954298
	16.063535	-28.151263	101.906026	-42.107521	31.440709	12.486117	41.116659	-71.076388	133.082309
	16.779021	-33.419103	88.314597	-7.483744	15.395904	15.311456	40.252713	-61.395448	154.735879
	28.333249	-16.262535	51.349652	15.578513	-1.099360	8.039082	38.411791	0.000424	93.437942
	13.077701	-5.838609	22.441542	38.321372	-8.534828	-9.868089	22.234193	4.247898	15.297299
	-7.316942	3.131831	-8.024059	38.497885	11.269449	3.670900	17.644909	-5.812307	-0.389348
	-10.433354	-1.082433	-37.126670	17.210899	-0.472476	13.006160	9.565515	14.181884	-31.762583
	7.064915	-16.055718	-41.892265	13.155526	26.844992	-0.768656	11.271647	-18.264553	-28.182024
	-3.864741	-15.224357	-27.236055	8.028101	-3.322922	12.713429	7.533507	-39.344224	-30.585446
	24.606822	-14.945133	-26.416004	21.295648	21.584844	-2.622010	20.488263	-27.053848	-36.710630
	6.565190	-6.035915	-24.968905	30.292670	9.643769	20.239082	1.463690	4.071778	-9.401698
	8.027722	-3.690446	4.179604	6.162285	41.439869	5.517601	-6.198745	6.935186	-1.394661
	-4.106553	-13.926143	11.837653	-15.779924	18.077303	-7.532656	-16.021199	-0.303857	10.254941
	-2.320037	-20.210411	7.354302	-13.707783	-7.506994	-3.453578	-10.348361	7.122268	-13.217373
	1.330670	-23.475627	18.673570	17.129073	5.906289	-15.096453	19.876461	-6.719742	-18.995333
	4.476905	-19.318362	11.270517	-5.594287	8.147206	7.031736	-1.172341	-19.866865	3.130045
	-0.396760	-19.832353	37.832688	-13.318440	-10.403227	9.504303	-4.996228	6.974222	24.988902
	-8.060245	-8.873062	31.453717	0.587817	-11.644064	-12.945115	-5.076799	10.949865	7.708251
	-23.881151	-15.038956	55.756125	-13.962294	12.232252	1.770337	-18.225049	20.076851	9.647508
	-30.934802	-14.933112	-2.899121	-5.332889	-1.082384	-10.564065	-29.215101	43.690442	-40.695701
	-16.471081	0.403237	-16.135671	10.497689	-32.184496	-10.965436	-11.700436	28.488054	-26.595847
	-15.740889	2.744000	-6.373124	6.314634	-35.275067	5.954651	-14.231363	5.421557	-28.761667
	-22.622215	4.751236	-6.931525	-24.787037	-5.548390	-10.000696	-3.164275	17.598612	15.472589
	-11.577934	0.935367	7.765350	-14.477986	-23.220748	7.375815	-7.454311	6.319854	-25.828487
	-12.504194	11.224110	-13.194285	-15.279362	-5.614131	5.662809	-23.185928	-0.241402	17.599215
	4.520469	3.054881	30.481796	-1.361802	-13.244750	-10.745447	-8.518894	-18.989412	22.697162
	-1.029469	11.963810	49.251347	-2.426219	-17.679371	-1.104087	10.837557	16.546972	52.550385
	-35.372425	16.975744	34.433023	22.728839	-39.089478	-7.554096	-7.522056	26.817485	22.557797
	-11.133713	29.155055	-5.014426	54.052092	-15.822949	-15.110749	1.956005	5.431380	25.245610
	3.393572	8.677588	-22.512749	-3.152919	5.112470	-4.476324	4.210354	-15.628446	-38.065852
	9.783684	4.988784	-31.532582	1.542458	27.755068	-0.103229	8.550173	-24.396802	-48.398164
	-1.446786	6.280301	-53.597006	14.262749	29.205798	-17.509876	-12.758991	-5.410387	-44.531185
	-15.717745	6.709526	-60.498894	-27.932600	25.987383	-30.376749	2.272622	-27.715735	-26.833511
	-21.795415	12.107061	-10.135805	-11.551512	29.036168	-11.783643	2.451499	-19.816456	-15.812981
	-1.304722	17.826321	1.177727	-23.908088	12.617022	-8.549011	-40.260683	-10.975930	-14.434673
	-21.187739	14.021220	-11.950734	-41.990553	-37.099394	-9.480728	-31.461736	8.568525	-2.289667
	-17.788872	30.508137	-41.912777	-24.302688	-30.414458	-27.988482	-41.442696	16.020844	-33.910561
	-11.102597	21.629302	-41.758275	-48.001234	-44.942251	-28.387818	-48.302847	6.671218	-69.958282
	-23.434896	20.269730	-49.666087	-26.894525	-21.470807	-3.714443	-48.425753	-21.969964	-16.690382
	-14.565429	7.936476	-8.615028	-38.664440	-14.080391	-7.987142	-37.028485	-7.274493	7.064528
	4.494640	8.880795	-25.809090	-20.431671	-7.308643	-17.396420	-8.150346	-23.239649	-28.859135
	15.533258	-21.111774	-33.017279	-3.818140	-0.681859	-2.423525	-0.865303	-10.488336	-36.344213
	0.823394	-15.910190	-10.765096	-5.152038	-2.372978	-11.211317	27.892130	-36.186192	-28.355965
	13.577645	3.265481	-14.674051	10.484139	11.397403	-3.099889	-12.270306	-9.333247	8.151884
	-11.604022	-1.254673	-3.952150	-19.174578	39.542696	28.126372	13.820736	-42.035693	11.023471
	-0.357192	-2.654639	-14.725723	-15.837070	34.977777	-2.388209	20.041741	-46.002019	2.220527
	-6.643015	-4.252965	33.579455	-6.951604	13.693165	-0.849379	1.087895	-33.917584	40.008383
	9.838399	7.192078	42.057612	-12.054823	17.420683	2.202066	22.998737	-22.580434	21.233112
	-11.839754	7.803988	6.699884	-8.922984	-22.454838	6.428666	9.824637	-26.158397	-0.350385
	-14.346165	-24.544044	32.090642	12.986963	-29.981212	5.917535	5.488825	-15.601269	6.655239
	8.879731	-32.988594	17.376666	15.506510	-11.164160	19.580385	14.445262	-21.315663	27.410046
	18.527483	-27.804927	-37.256872	6.312127	-11.431691	3.780387	19.806739	38.042811	-20.389766
	22.086463	-12.099870	-16.870771	-14.041585	3.952495	-4.542472	44.364873	-20.939022	10.572344
	18.183029	-23.178424	-21.440239	-11.943680	6.729033	4.644322	-6.523690	-34.779980	16.332172
	-2.899781	-12.258667	-39.906386	6.866126	-7.060914	-9.797850	-8.922276	19.566105	-22.316757
	-11.119432	-5.799881	1.556566	4.831799	-38.544940	-11.989233	-14.209713	5.750428	-3.210110
	-16.360538	16.922196	-16.942587	-3.181584	-20.111893	-0.689286	-14.078607	42.810217	-3.090039
	-9.697539	23.306954	-37.271892	33.883374	-12.794881	1.712241	-6.495535	58.265879	-34.572336
	-8.069121	22.741769	0.717688	17.096302	-3.871511	-18.077446	4.931139	48.326025	-29.847948
	1.184142	25.888024	-30.983800	15.157670	7.574089	-14.716317	2.651576	6.868039	-27.661479
	-16.007026	29.042279	-26.293840	28.813153	-16.071972	-10.264148	6.585716	29.564820	-35.013314
	-0.347409	16.900256	-19.018953	17.358119	4.184068	-21.658395	9.489593	22.962839	-27.603151
	2.434036	23.067011	-6.597860	48.392644	-5.102362	-31.317696	11.800276	28.197534	-45.797466
	-14.494073	13.963548	-11.895502	43.974417	-27.020149	-3.016830	18.952162	28.239026	-10.137312
	29.923290	6.726889	23.490885	8.802770	7.063195	4.071288	29.689296	31.430412	50.754914
	34.147103	12.797798	48.516270	19.510652	1.539892	20.179800	115.275885	2.356712	43.283775
	24.151145	8.839068	71.372870	24.858109	12.683794	15.930347	73.101723	-12.981258	78.834825
	29.783136	6.070227	74.576568	3.299112	14.705264	-4.505901	77.874512	-19.298839	88.151229
	-17.101202	1.193378	40.645437	26.503220	6.355777	-5.928544	12.284148	-24.698332	31.899134
	-3.031571	0.390010	11.689229	-13.626698	-12.228587	-3.273184	-7.767550	-24.609972	0.559471
	-0.642689	-4.123874	11.379346	-9.299192	-13.682866	7.918103	19.849423	-13.747192	19.147114
	1.518771	-8.518861	11.883682	7.320156	-44.312312	-8.094272	-22.395381	10.761106	-18.679670
	-6.110458	-20.551136	-2.424474	13.168785	-15.331565	16.899964	20.302816	-5.896827	-0.035826
	-14.102339	-33.180801	4.793046	47.472527	-18.661065	-0.939031	23.298559	21.813728	9.483340
	-8.500732	-20.626391	-9.727124	33.341635	-7.787392	15.983627	6.823181	20.520120	-29.399212
	5.007687	-6.770385	6.227511	28.646545	-6.026069	-4.589656	20.648429	8.218306	-10.595766
	0.967086	-0.299724	8.558101	21.213901	5.764696	-19.466734	28.230396	3.581357	6.717255
	-0.958103	3.561902	-29.231492	9.996782	6.263914	-7.775065	-0.417895	21.167121	-13.646972
	45.379966	-6.450525	8.837434	-0.071666	33.986425	6.112413	1.968036	-11.772245	6.303052
	29.988559	4.418285	-8.168604	-8.945044	27.585441	7.345741	20.391442	-27.602467	31.015265
	-8.186650	-9.931618	5.625750	-13.857518	28.837845	1.107571	5.795032	-15.027204	25.180224
	8.035631	-9.205963	26.802315	-29.122854	33.731782	0.492734	12.493074	-40.965584	36.573054
	2.325411	-4.891816	9.262316	0.791310	9.110637	-13.612106	-24.364430	-13.705686	-4.337023
	-13.630979	13.140247	-36.201348	-27.221621	-8.731003	-2.093492	-21.272531	0.737522	-27.684005
	-38.061004	10.425128	-31.073670	-34.130751	-10.672729	7.929116	-35.915049	20.130563	-11.790678
	0.977296	12.497037	19.404084	-9.904633	-19.649792	9.118784	-27.866377	28.961194	-32.890583
	-1.443017	-6.725539	21.482269	14.405081	-25.674396	9.961844	-7.795045	-1.629104	-16.722840
	37.229471	-17.495829	73.123562	-8.480783	9.644790	14.949814	42.981134	-40.165951	52.751684
	22.438879	-12.212102	59.421586	-9.676297	22.583517	23.838001	49.640505	-46.997164	23.439800
	-4.249541	-7.439051	10.518722	-12.338039	32.519941	8.399161	13.788233	-36.673277	19.205183
	-1.586891	-5.004128	41.613035	-19.940180	25.671883	17.651731	-17.463198	-36.074859	-3.342743
	-8.477340	-2.461805	40.181977	-23.741486	40.382172	-4.090615	13.880992	-22.863945	5.562138
	-8.978089	-11.778576	5.375414	-25.935517	56.498961	10.556319	-8.788196	-42.907434	23.904469
	-6.612427	-35.331114	50.109104	-25.349853	52.413459	3.798704	-0.664627	-40.106493	37.527368
	-4.804067	-37.385105	62.350458	-34.666155	57.403474	3.008874	-9.766261	-25.166058	69.296865
	12.009573	-28.622936	57.333296	-51.497854	16.339898	20.973349	3.507118	-32.354115	77.839911
	-5.591387	-52.694984	47.537274	-74.580449	-27.928532	6.033133	-44.493321	2.695259	44.211714
	21.289159	-43.871376	-2.101295	-33.076290	4.140513	2.080220	-13.390053	9.491464	26.155614
	8.314464	-30.233521	-2.788445	-23.272161	-14.122402	17.466649	1.002835	-3.166275	-4.429015
	21.570024	-22.443929	-33.475112	-15.347634	1.805817	3.777767	23.289247	4.344394	3.392508
	30.166583	-6.689023	-28.140863	-14.103413	-10.345175	7.841713	12.872680	-9.103885	31.195729
	50.929700	24.614727	-40.243220	22.464568	10.903887	-1.294950	-10.227013	38.078525	-46.622946
	3.935578	11.614821	-63.535304	14.292259	-27.480199	-22.729060	-43.837492	49.111595	-53.314826
	13.007859	11.747445	-39.546063	22.864668	-35.504121	-15.475449	-29.001449	20.659335	-57.522046
	-14.876713	22.201496	-29.922946	30.478152	7.970109	-7.561470	-19.936710	47.023874	-13.407413
	-18.579607	-9.358733	-16.978044	7.221127	-20.510250	-10.806829	-17.798549	25.651014	-32.868935
	-24.885329	-2.891210	-17.479007	-25.685615	2.062126	-2.584704	-37.188139	1.231555	-46.377942
	-7.635384	31.938541	-31.815992	0.698278	-11.149148	5.975469	-38.679579	23.527448	-47.728477
	-22.744572	20.940499	-41.494306	2.781585	-32.293287	-0.686211	-49.866194	32.281306	-62.493267
	-12.498601	13.804909	-18.639214	-30.733850	-28.151460	24.193361	-41.496133	7.227593	-2.713116
	-10.351557	27.494173	-13.435384	-21.922509	-13.881036	28.046175	-38.096576	33.790947	-14.809066
	10.309189	5.821202	-24.101777	-27.608232	0.696962	5.870579	-40.339670	24.060073	-18.938289
	19.086231	-14.869250	-31.400544	-15.596041	18.252404	18.389855	-27.902201	31.111398	-48.719475
	23.549378	0.088868	-25.572019	20.206002	2.662553	22.748548	-12.485589	33.577347	-25.775884
	33.921740	-2.246755	-10.880378	18.729997	50.274270	28.705543	19.242115	26.515807	-0.635022
	11.056287	-8.244235	-23.672669	17.428485	39.600724	11.886084	37.040961	2.972495	19.215088
	17.085420	0.781619	-6.731082	17.243197	4.626761	6.605282	12.375012	36.048462	11.015453
	6.428686	1.217254	-10.250065	0.250215	-8.579979	-18.188296	18.872209	2.322971	-17.675330
	2.470701	-2.416927	-2.589627	3.845830	17.395531	-20.829445	35.227301	-17.481596	3.666220
	-2.564775	7.766504	-8.900290	7.692032	17.896237	-21.455535	19.553768	-28.948310	-5.345480
	8.181604	14.758428	-16.526631	16.276759	16.616332	-11.691062	7.145258	-24.828421	-9.134151
	4.266721	14.320174	-29.032806	7.126674	3.830656	-12.499954	20.836525	-0.735058	-19.147430
	-2.229266	13.884185	-33.970787	6.864319	18.607736	-20.891013	15.550846	15.590328	5.125634
	-13.496184	8.745486	-50.642777	12.094571	-5.232894	-9.930400	-8.185504	7.072908	-24.170974
	12.266155	13.117313	-33.935405	7.358815	12.798107	6.740253	-2.701354	-1.284190	-21.317138
	1.228230	30.583714	-43.934552	34.294954	-17.002190	2.078922	16.876140	46.161673	-30.609170
	-5.328888	25.870131	-19.357742	21.527268	-17.905452	-2.262506	11.267944	13.239888	-24.585933
	11.877151	4.299287	-29.016247	35.598488	-18.297558	-8.918905	-2.541140	-6.171719	-6.098739
	-5.936948	10.949328	-25.846224	24.088507	-5.306485	-16.814296	-4.745947	40.519881	-40.447553
	-9.844705	-0.918005	-17.864246	11.221450	-12.731671	-7.867586	-11.466570	22.135331	-29.264757
	-15.473782	13.622104	-28.246080	9.501719	-10.733968	-20.509455	-13.591001	-5.818436	-27.834507
	-22.849397	32.894412	-60.093185	21.345263	-15.455614	-14.500297	-34.718939	36.962875	-44.381318
	-48.033379	39.436522	-40.572665	17.092581	-15.047859	-3.839079	-25.925730	28.605259	-52.315150
	2.910794	36.599562	-3.280688	27.440464	-20.848522	9.971024	-9.380838	31.289941	-28.172705
	1.000470	21.454282	-11.930953	11.672040	4.366311	2.504215	30.667001	-11.269889	43.810683
	15.989400	1.871254	33.668886	3.348667	-16.131270	17.923155	10.262827	-7.784707	35.370297
	-0.422563	2.751980	66.360999	17.982984	-29.967942	22.724771	44.531365	-7.584623	52.418945
	-3.873156	-1.268937	40.055026	26.768910	-29.109440	9.448627	-5.743337	12.275124	31.544596
	23.797021	5.250827	55.467531	44.600037	-22.877553	24.949349	25.598152	-8.929779	42.606944
	20.285056	1.808356	52.988990	15.877134	4.224105	14.642136	23.499954	10.867780	41.049718
	29.731712	-4.325433	63.791528	8.743496	18.075890	11.579070	31.186588	-0.216421	96.627209
	45.679514	-19.955835	109.526474	-30.321722	34.944748	47.547441	54.201451	-37.631396	142.642080
	29.182832	-38.782921	101.009982	-31.620597	9.593398	65.108151	37.864576	-58.147561	123.995547
	12.224799	-10.592881	51.200383	-15.051056	-0.491433	40.697132	29.513403	-26.265030	79.857846
	-10.585477	-11.605378	32.173792	22.910661	-37.804920	29.038245	-17.733130	23.866654	-21.580628
	-31.907736	2.395688	-30.252098	28.884398	-17.771449	-11.299310	-7.923645	5.387992	-32.261739
	-34.031375	-2.120272	-61.796261	15.156558	-29.636389	-18.625295	-26.576404	48.766795	-74.121841
	-7.105620	-9.243869	-65.881021	23.879495	-52.629546	-16.960692	-56.195779	55.632790	-91.573422
	-26.055637	2.592971	-51.185977	14.270586	-51.823146	-16.572254	-56.865439	75.024599	-79.216489
	-22.862061	11.764210	-27.622515	1.405035	-51.105705	0.570975	-73.720817	93.572945	-65.549205
	-20.788311	15.051152	-6.164261	1.954778	-40.463769	11.642238	-43.970704	68.393439	-21.020919
	-20.560475	3.293961	30.952277	18.127663	-7.989778	-1.409566	-14.864281	42.749904	21.312309
	1.704910	-19.811479	61.595361	10.592882	8.084994	-6.487095	38.811396	9.126691	95.322743
	-16.542870	-26.154228	86.617369	2.319841	12.623380	14.607136	10.886091	-41.902253	91.781012
	9.239269	-66.225186	69.096973	-45.479566	14.263774	15.438516	3.008884	-64.290504	93.878181
	-10.556261	-42.219001	62.251576	-37.439620	35.213796	0.218478	12.112615	-32.372742	48.147112
	-9.534194	-33.051391	11.380207	-32.710045	8.663505	9.476717	4.994754	-47.984071	26.168266
	-30.111717	-29.282758	8.463726	-6.276702	10.101810	-27.747631	-7.994358	-58.492759	-5.892715
	2.145569	-21.560528	23.077488	-44.229325	34.300513	-16.999427	5.636998	-35.153219	16.065210
	-16.870587	-19.529275	44.545651	-22.032309	19.095074	6.537237	39.998143	-30.030042	53.060462
	13.085737	-5.312099	32.328275	-1.295153	28.860699	-12.307287	6.688881	-45.040789	33.810946
	-18.238226	-1.619047	13.950324	-18.855487	12.907616	-4.459169	13.151183	-11.499220	22.660961
	-2.626161	-14.562974	16.700515	-11.616026	15.018695	-7.789467	5.759230	-38.056799	-7.539958
	1.510243	-19.124543	11.455978	-9.594297	-1.424764	-27.309149	-12.351292	-22.528126	-21.734272
	1.810826	-25.002309	20.463099	-6.283728	3.322754	3.113200	31.288646	-19.720394	16.370666
	25.551809	-28.249284	29.043939	13.968223	6.015756	6.442573	60.067514	-28.218714	6.823878
	1.473026	-8.782569	17.005200	15.600433	21.289235	16.668634	18.907392	-29.540088	34.357447
	8.557250	9.171522	-28.183416	36.605850	-1.413918	-1.805399	20.777612	11.858255	-54.659774
	-2.742475	5.183481	-29.797487	10.302144	-13.213158	0.712200	-9.872016	9.963842	-50.644820
	-7.918393	11.131564	-56.931502	10.775360	-0.488955	-21.657099	0.642272	-5.164517	-60.463815
	-18.172785	23.709464	-18.092794	17.969924	-16.758734	-15.106202	-22.472673	21.918789	-23.288787
	-12.396409	12.233702	-2.213225	10.116890	4.270324	-11.085379	-9.465626	6.475690	-38.529382
	-28.218679	-2.984643	-1.056444	-13.263161	-13.414686	-25.149268	-26.171552	1.411720	-9.773741
	-11.076880	-23.071547	-1.203120	-25.449340	-4.829455	-21.573743	-9.675387	9.685923	-8.530166
	6.988943	-20.809469	-22.253116	-2.819085	-7.016738	-8.576795	-22.453970	-11.256541	-32.509569
	0.101489	-15.935393	-42.407656	-26.932694	7.015349	-22.974548	-26.197199	-23.778541	-41.111001
	-6.296145	-5.038613	-68.156650	6.338606	-5.572591	-16.060612	-11.986078	6.465881	-75.595356
	7.805558	18.605261	-77.634585	12.426726	18.278575	-5.608660	-22.692391	5.570057	-94.474501
	1.703458	32.891417	-45.440696	30.991782	6.071538	-6.737806	12.625342	11.167093	-71.975187
	-4.210885	37.196958	-1.594555	0.393696	1.146472	3.059706	-31.137986	32.098503	-34.404712
	-4.250683	34.894485	-25.487890	19.365696	-14.520568	-23.975893	-16.658520	10.672320	-58.784213
	-2.467712	24.596540	-21.046171	28.583369	-33.973224	-9.859718	-53.241455	19.454425	-34.049467
	-24.159885	36.932453	-13.157155	22.255307	-33.017969	-17.861626	-43.434517	25.042389	-13.255152
	-32.386221	30.503358	-36.521543	13.873755	22.027291	-12.729376	-15.134870	13.605728	-40.051536
	5.846773	10.850412	4.897380	20.949500	28.194411	6.904630	15.714500	26.204161	34.392962
	37.832099	-7.913166	30.013902	-32.941409	38.935101	24.079147	20.873991	-40.961224	72.864367
	34.093994	-42.584709	29.871396	-51.507312	19.289972	14.821212	16.757579	-29.671971	87.950392
	24.727719	-29.572334	12.487646	-43.837729	0.677745	9.246707	-25.914924	-11.561339	46.569463
	-18.632710	-15.223254	-13.870294	-6.413524	-20.215449	10.033575	-38.517257	16.051674	27.623347
	33.154967	2.318183	-4.872852	6.697568	-9.949317	7.394168	-15.704361	21.657506	13.575983
	-24.914345	12.608383	-63.000176	1.177539	-9.477664	-13.925335	-39.341636	49.974829	-47.870860
	-7.589153	19.526537	-44.074857	-14.748703	9.472531	-15.559265	-44.009526	54.266437	-71.310234
	-5.970713	16.645404	-49.102789	-0.818843	27.224889	-21.530684	-33.685890	40.466207	-44.181270
	-6.739949	52.913914	-45.692761	27.301499	2.978780	-17.387658	-15.700643	17.128297	-77.674447
	8.561344	7.616085	1.076149	-11.569299	9.740631	-18.122803	26.068723	-11.703891	32.404414
	-0.172421	-24.101419	31.895016	-20.203029	-15.138649	-29.309641	27.697760	-14.362708	31.829955
	16.233279	-17.354128	84.798156	-38.201137	11.843793	-11.080541	45.944322	-56.497543	141.321788
	-5.944968	-39.233045	88.729140	-24.174919	-0.128934	2.934162	43.359634	-36.843570	145.196757
	-16.182799	-29.973670	61.738304	-34.492267	19.731186	26.997036	11.694919	-22.115672	112.693781
	-2.923057	-10.749073	40.880235	-26.686385	-3.865739	23.452437	5.122953	1.927512	64.900127
	1.603839	1.122021	41.889612	-8.468821	32.071687	0.451449	34.865689	-53.409841	74.945195
	16.948680	-11.479232	45.215033	-0.815837	20.575083	19.112525	13.087093	-4.630772	74.309685
	25.744462	-0.836120	36.648014	11.906516	23.273763	26.259759	30.704467	-15.345855	59.452205
	24.323633	-8.317345	26.224165	21.077184	37.239128	2.446302	23.572353	-8.517190	92.207768
	21.797363	0.551298	37.048707	19.681803	10.498141	24.978135	25.344411	12.391640	27.571855
	14.092117	10.064298	11.368545	8.773481	1.872028	22.541270	12.917246	5.542077	37.354736
	4.258803	-4.836063	17.067153	8.857434	2.147231	3.053789	-27.895416	41.063917	-11.783260
	-7.359485	5.175456	-8.313861	10.551860	-0.988348	-7.738111	-22.851331	18.775800	-17.240321
	1.649027	2.658549	6.712218	-2.498460	7.408644	-0.687428	6.258193	26.711536	-18.761235
	-7.406623	0.380501	13.258158	-10.134907	-1.714940	-0.382515	42.499411	-3.582647	-2.317874
	19.749065	-13.225443	10.146416	10.558180	13.792092	-10.314798	61.514145	-31.233333	-1.418055
	-7.841200	8.656698	33.767099	-12.313310	14.007673	11.926876	43.417380	-52.016277	-7.682585
	-3.507181	-1.726869	44.911088	-11.757073	-0.342074	5.392125	29.298334	-66.517629	38.143789
	17.384222	9.032357	39.460706	-12.252193	-9.829537	-2.231168	32.220759	-73.971595	22.933951
	5.005187	2.838425	21.163496	-3.131701	-17.841014	-2.067972	-2.398289	-47.857582	-8.601711
	12.279317	-2.544523	16.014941	8.089762	14.401434	3.180595	23.444375	-73.613974	-2.457112
	13.095041	-1.937839	-5.844955	35.133534	-16.420761	14.747965	42.995342	-31.762109	-31.482811
	10.318114	-0.946005	-46.970829	3.710620	-16.616500	3.142265	14.806467	-40.123481	-34.944983
	7.807455	21.979377	-39.321431	26.755900	-19.778257	-8.060648	15.610086	-19.151221	-58.296034
	-5.197687	21.236879	-30.192575	5.026176	-9.838600	7.401683	9.749527	-9.431448	-33.735101
	8.230920	15.106310	2.477388	2.701458	-23.324070	7.768236	28.178368	-19.715806	-43.815431
	10.777599	18.950776	8.610624	19.454680	-40.883359	18.346231	15.592032	-7.693962	-20.155230
	5.697996	29.896216	-12.764762	14.764203	-48.361536	3.344010	24.687365	0.098911	-49.375704
	13.478789	36.389317	19.651518	12.599564	-24.227609	8.650475	5.252842	12.792391	-21.596242
	-7.705411	26.912395	-7.666574	6.299522	-27.453568	-6.470522	-28.664938	31.270102	-26.190977
	1.660413	37.352639	-8.106072	19.946845	-24.880461	-2.610365	-10.813432	18.176085	-20.866182
	-38.561691	26.453978	-12.683961	8.577036	-9.800815	-3.352735	-10.214590	10.353444	-2.609944
	10.425051	11.739475	-4.809019	29.535319	22.327626	24.719854	20.163452	19.480673	48.714959
	14.798316	2.188407	36.472947	-26.423730	49.123890	15.763514	43.213481	-29.486522	68.185189
	28.940812	5.865714	31.619068	-32.248505	42.463676	20.435405	28.424980	-25.731711	68.558479
	17.519244	1.933915	0.865871	-12.352082	38.359318	-0.080279	2.078041	-14.023226	25.495668
	19.754117	0.890769	-17.082511	14.520965	23.498283	-6.035427	36.909645	12.075998	-20.780946
	17.101946	-8.894215	-31.547550	5.651383	18.249800	-6.046759	15.569819	-17.261441	-35.430005
	8.469134	-7.758319	-41.712340	-17.868018	-20.089913	6.912850	-2.756776	-2.646893	-57.575184
	1.174315	-4.595071	-26.765177	-4.252547	-7.649639	-10.293954	16.422364	-13.989607	-46.111375
	-4.726849	-10.248931	-65.087540	5.057741	7.840089	-16.748170	-2.157301	23.866738	-48.433296
	-0.349610	5.368810	-85.028385	18.002951	-11.207998	-22.296099	-15.991973	46.477253	-80.318813
	-1.513355	21.109380	-83.354833	3.946895	12.721704	-23.462616	9.139132	36.478180	-90.693754
	4.440378	2.508427	-60.729742	-8.955535	-16.262087	-5.394722	-1.427331	-12.022800	-44.535561
	-8.705593	-9.124808	-41.884811	-21.117327	-11.551586	8.122301	-20.263115	-13.743842	-46.172966
	-6.480568	-6.005732	-51.059257	-30.757177	-10.268347	19.454474	5.300814	5.339196	-6.441381
	27.464880	-8.472729	-35.156466	-39.848692	-9.228143	9.465919	-17.752324	-20.478676	-42.526312
	14.668087	-0.481504	-44.703172	-19.308013	-9.311596	-0.917406	-12.954853	-6.027081	-47.842359
	22.827723	5.584267	-28.083677	12.246443	1.049229	5.383688	-16.131474	1.508916	-52.175438
	19.907188	1.311899	-13.000631	9.407103	8.282221	19.143040	3.438574	28.816399	-43.903673
	4.543236	-0.877033	-32.773850	2.421047	-6.209580	4.655901	-34.908626	44.757301	-55.639324
	2.761961	15.863572	-45.297838	-4.530192	9.814645	14.736405	-11.250570	33.721059	-47.765871
	-14.772350	4.000703	-72.359366	-34.695832	12.146787	10.214050	-47.265235	29.292049	-54.780835
	-20.936598	5.777796	-75.260161	6.367902	10.015217	-2.294487	-70.440191	50.277917	-65.772844
	-11.013289	12.913755	-14.146646	5.235877	-2.221913	-6.821738	-34.056947	21.416313	-39.964235
	0.222794	27.550915	-26.816581	18.239906	2.530230	-13.786578	-51.175154	37.613752	-35.679491
	-16.704912	28.642668	-54.513116	1.695526	-8.017267	-7.830718	-26.559293	6.894112	-42.352682
	-10.269238	23.489949	-26.789783	0.948519	-0.030075	-11.038211	-63.640629	55.443241	-56.633079
	-37.465658	8.908476	-4.880919	-17.839432	14.919872	1.461781	-61.599238	25.932042	2.681455
	-23.232248	-17.038956	-7.893276	-39.590253	-9.188987	3.262469	-43.005762	13.457190	-17.487688
	-0.089211	-16.314976	-0.660185	-10.711405	-15.480996	17.633580	-61.584133	26.182897	-24.293812
	3.478328	-22.990110	-30.296701	1.606817	-30.516422	27.536852	-37.887710	48.697514	-18.991610
	-5.757910	-29.101744	10.502131	-0.677866	-31.203666	24.779870	-50.084589	32.996746	-3.561812
	-6.022740	-6.026256	6.897888	-7.845693	-26.306425	8.310654	-38.733500	22.722134	18.924602
	-16.178383	5.939335	-0.371450	-17.434813	-14.765676	17.168103	-21.509755	2.442453	9.769631
	10.665136	12.036867	-12.658498	14.280335	-11.301007	-9.419988	-11.769615	52.816605	-26.233469
	-26.350585	-5.055244	9.460686	3.556218	-23.120841	-2.262264	-6.326837	42.911485	1.757091
	-23.282002	-2.347381	-35.181560	24.430788	-22.241165	-5.418447	-14.356239	47.586664	-12.820120
	0.783636	3.471858	1.487174	58.765446	-33.187813	1.046203	2.930063	69.833767	17.340937
	4.135421	11.903215	-5.568877	50.501481	4.211428	-17.252361	-1.483965	41.682959	-24.476620
	6.816998	27.521476	-10.413970	85.885411	-0.975918	-12.755409	-21.347997	44.664809	-9.861793
	-27.408829	45.991303	-35.013349	75.421724	5.580855	-9.806682	-28.133052	44.654556	-32.664111
	-7.617031	35.576656	-30.603821	66.541786	-9.234651	-27.354324	-26.673769	63.543189	-38.780209
	-19.122945	37.776848	-3.649660	23.443667	-4.371686	-8.369352	-8.475011	16.139957	-18.041281
	-2.228472	11.489167	2.557622	27.623797	11.365845	-10.527814	27.587997	-3.930136	32.103386
	10.805651	-4.710462	20.423148	14.089757	19.567955	-9.992133	13.962487	-17.430795	-16.266898
	20.636523	-6.083944	2.793205	20.037769	24.356354	17.779089	65.337271	4.190691	27.334536
	14.763599	-0.121295	4.924172	27.386269	-12.203222	36.042098	32.660700	-13.283782	9.180125
	10.485212	-3.162486	-33.268069	16.641667	-1.816954	4.245660	44.188504	-11.897683	40.285244
	14.628527	-21.383413	-8.857886	16.838002	-10.245243	4.146581	-15.022584	4.724246	-0.015867
	-7.610799	-21.691074	-20.685298	-13.088688	-28.251004	-25.410629	-32.029433	-6.284452	-20.390587
	0.332628	-15.178587	-2.212461	-11.480025	-16.461229	-22.173954	-26.947836	10.271533	-1.864369
	7.576560	-14.126403	-31.100344	-9.951014	-35.164079	-30.931916	-36.538782	28.678138	-19.176489
	-19.453542	-31.785301	-15.176784	-26.832805	-26.104695	-11.378635	-6.825476	6.673783	-14.459359
	-8.300236	-25.057570	-0.439175	-21.294837	-34.032287	13.771172	-34.088398	-8.186794	-6.179388
	-13.919304	-4.916279	-1.312441	-15.464098	-40.928905	1.274816	-49.093396	16.230975	-61.318048
	-19.933252	-8.960267	-16.643745	-2.777954	-21.950748	-1.348024	-48.044732	44.631145	-54.436798
	-10.722815	2.699963	-39.395244	-11.965258	-29.080450	-15.180165	-37.933989	22.916418	-48.198454
	-23.863564	4.731048	-20.203981	-14.956985	-30.679588	-5.429262	-6.838009	28.823518	-6.662176
	-28.096864	19.096656	0.712301	19.925498	-30.250999	-20.735656	-24.350968	25.656132	48.116760
	-13.915863	2.332599	16.258393	-18.485927	-25.164455	2.966553	25.256103	22.748937	45.968149
	19.913519	-19.509829	18.957859	-3.317110	-0.297789	-5.208620	31.458453	2.491581	58.894494
	-6.352426	-27.705287	70.475622	-26.029873	31.890173	-3.090719	42.179656	-8.148083	45.455469
	-2.028428	-43.790445	52.952905	-54.082183	15.632356	1.217250	25.091715	-41.422401	74.693332
	-0.094704	-38.206645	54.445606	-18.600516	47.753686	-6.868302	40.549908	-68.160311	44.787049
	-9.745079	-11.629424	42.417055	-0.765376	33.020177	0.567542	64.269696	-36.882537	22.334880
	8.052578	4.524688	33.212497	14.926786	49.242982	-7.974815	75.571604	-38.305537	3.957800
	27.423486	9.707057	48.073589	25.704225	45.697669	-1.543249	70.223064	-45.432600	24.789428
	38.505780	3.595027	39.739992	17.030425	18.251347	9.341633	58.989210	-47.729227	43.246968
	14.076348	2.325115	56.410097	-11.777842	2.004829	4.158589	43.249392	-43.873784	85.204480
	7.795720	-13.805304	72.852198	-24.873299	-4.971838	16.318767	32.241034	-25.948450	46.721880
	-9.926033	-41.765460	50.678137	-58.883788	3.365238	14.796771	23.734889	-32.646543	64.518988
	14.150852	-20.079479	10.199448	-37.104954	34.451513	-12.464679	7.434313	-74.404908	40.902845
	9.889045	-5.102717	28.753918	-29.357346	37.209912	-15.985482	-2.790383	-38.397642	1.064172
	-8.339808	0.673860	-11.268810	-20.930625	15.277775	-27.206300	-19.853398	-21.457531	-51.376237
	-8.351283	3.447576	-22.018488	2.980980	9.904733	-5.428494	-29.238620	6.948629	-15.745419
	-36.950480	11.311136	-0.760382	-34.088212	17.851667	-32.353256	-37.246333	9.610963	-13.367473
	-20.024467	27.280618	-15.736337	-16.098651	-1.409603	-1.208791	-31.192278	39.165806	-13.694336
	-26.122329	22.403702	13.952757	-11.542217	-18.303474	-7.065919	-34.653204	33.265009	8.670604
	-35.787315	10.623454	24.523010	-42.471052	-5.906492	-15.624399	-59.323013	32.949396	19.271169
	-13.720939	11.713355	-26.506493	-31.961622	-0.747909	4.430680	-56.708239	34.643620	10.383042
	5.050438	31.955079	5.714286	-2.604881	-11.200745	6.336721	-20.088902	42.276049	12.610799
	-9.648908	23.061233	8.178076	16.314607	-9.074015	-6.910389	-40.127022	55.863676	-12.683912
	-9.078959	17.048091	-17.438706	26.288098	12.486517	27.494548	-25.101310	38.121017	24.410144
	-16.314366	0.816237	23.946642	5.784231	11.699430	11.269657	-20.359558	-1.930577	59.650139
	25.087296	-4.854710	38.951440	4.554952	17.036616	24.174780	55.493085	-13.563533	40.951097
	22.248961	5.208261	27.072564	-7.648262	21.571752	10.573985	46.865996	-28.083769	14.719822
	10.419397	-2.258630	7.494284	-27.738120	7.362472	-9.240499	34.248374	-6.500105	24.591885
	-8.586965	13.449937	4.527347	-1.462732	-2.677532	-3.316718	-25.706134	3.128659	-27.967287
	7.845615	25.298664	21.576837	-0.439940	-8.868493	-7.003297	-33.335849	3.662548	-9.522787
	11.190079	8.521408	39.308877	-11.586336	0.275979	-8.783454	-9.315029	11.124649	4.292227
	9.024465	0.161581	64.908522	-21.179587	37.344277	-11.396730	11.108048	-24.504510	46.419426
	7.045060	-21.118475	70.758969	-10.155905	47.714458	-2.957735	42.453923	-59.538722	96.157271
	-4.795350	-43.287648	78.270545	-18.790890	61.365380	19.112185	28.166802	-57.017213	98.958426
	2.674659	-45.104502	56.673909	-31.816536	31.466268	4.792049	68.621166	-67.356762	102.286918
	-7.198496	-52.065966	66.124662	-22.559605	21.807311	2.650927	51.134399	-51.003145	71.006762
	18.221940	-54.734101	39.037648	-37.564860	27.486263	-3.629300	38.910923	-41.908992	51.871169
	-2.921108	-47.249131	37.498743	-35.128041	22.492133	-18.372235	11.045819	-54.982265	39.407570
	7.284442	-17.752152	31.866751	-16.147462	18.884849	1.439134	49.136962	-53.664482	65.691262
	5.506607	-30.504725	35.281331	-24.146931	10.060157	-13.577368	62.065894	-59.455247	37.891382
	-3.925238	-27.582840	46.895910	-29.776360	5.197160	-15.110067	30.763629	-60.918039	79.054174
	-26.700116	-36.969323	23.947188	-17.889869	18.464035	-3.632789	36.448616	-52.626177	57.412444
	-1.602733	-59.531608	51.782094	-45.296611	14.934847	-3.707476	1.108802	-82.185616	75.588554
	-23.348108	-49.660543	26.456155	-47.640234	24.599399	-25.075125	25.536549	-83.601891	77.996366
	-10.613984	-36.576450	23.749074	-34.023689	13.989540	-4.087548	21.382638	-59.188810	60.307871
	0.313286	-14.819939	21.319617	-5.951884	16.597773	11.810836	10.003635	-54.717316	18.866573
	15.073863	9.108461	9.517676	5.758958	-8.926656	-6.319290	12.755585	-32.652848	3.737386
	-23.996286	3.604207	-11.187845	-17.712287	9.712116	14.449264	17.794362	-18.974033	-7.169890
	4.135700	24.571212	-29.178926	-14.070462	20.165717	-17.724593	17.548797	-35.500736	-57.091280
	-8.454066	22.391424	-34.091137	-0.768907	30.780420	-9.744337	3.901652	-30.063850	-84.821471
	-6.060220	11.416821	-22.755351	-25.663880	22.895865	-9.112060	-13.008040	-46.563161	3.254302
	4.865378	7.733385	-9.069425	-16.784036	35.042185	0.296898	-26.551189	-59.069312	-12.101376
	0.941723	8.647048	10.824076	-25.225794	28.866221	10.308941	-14.618881	-53.796773	22.413194
	5.682992	17.981707	20.006405	-8.274900	18.209269	32.394476	-4.884115	-42.704348	-6.754306
	4.397155	29.337194	7.463393	-13.685325	19.864574	28.005270	5.653196	-33.677294	-35.639468
	-16.067127	49.706768	-3.173451	6.948480	14.863328	19.077252	9.633180	-26.627974	-34.267584
	21.292286	54.364433	6.278853	16.734362	-9.659723	42.972183	12.185569	21.455722	-31.276854
	8.279916	49.716263	-32.631390	34.489011	-10.888261	12.921488	-30.729618	47.231481	-24.646512
	17.129187	39.693180	-4.886969	31.255987	-47.637694	0.506673	-26.038706	66.994463	-25.779407
	-12.352059	32.948448	4.297130	35.494029	-26.750116	13.229288	-45.670351	62.844712	-6.656461
	-21.136512	14.842396	-16.122352	-4.907707	-39.304740	17.057976	-57.221327	47.527902	-12.889785
	9.562459	7.087906	-11.722564	-5.360985	-42.337602	-3.541662	-40.803978	44.627609	-25.223218
	8.613564	-6.516293	-24.028750	6.698316	-47.894346	10.471846	-30.372641	49.952435	-7.559508
	-1.530659	-20.816875	-34.224411	10.472283	-36.223550	30.634671	-14.069110	22.778487	-17.648546
	-3.527443	-3.357242	-36.195924	2.780678	-48.850519	12.909750	-26.323436	36.120441	-8.005079
	11.172638	13.366556	-32.347740	9.180168	-33.015788	-1.959939	-28.252610	29.308195	-47.895902
	-14.441452	17.831034	-45.397761	11.640050	-35.751351	-4.048575	-42.295874	53.861376	-34.415212
	7.478680	9.431173	-17.808829	-7.219730	-35.881155	26.148599	-20.576180	23.667129	15.482888
	14.236228	19.845660	3.543271	23.093910	-22.937414	16.535756	-13.392960	40.028188	-20.919789
	3.838436	9.729705	0.085504	-11.195123	-13.930967	13.499155	-12.880791	27.169601	5.222025
	-16.558109	9.552038	24.351019	-10.570918	-10.056720	10.563033	-43.504051	36.509879	14.662444
	-17.230398	8.188149	8.230991	-11.361967	-20.767084	0.320280	-41.452730	37.099348	37.645464
	-30.191101	17.640337	31.818601	-2.236001	-18.837540	4.698626	-68.936672	18.258678	6.580009
	17.837772	4.774755	12.740673	-0.956597	-16.922075	10.272813	-29.298523	42.647109	10.575555
	-0.996338	15.867016	2.644772	3.351339	-15.879208	-7.535060	-18.238931	29.268238	1.293574
	-5.674262	39.614656	1.857295	24.373701	-37.443268	-1.553982	-42.474464	45.215522	37.446128
	-4.469886	27.854083	-5.754961	27.192685	-36.209831	-3.930616	-35.077051	68.649720	-24.787903
	-13.848010	31.939618	2.745763	9.166825	-24.005088	-23.816232	-9.925030	47.237542	-19.514819
	0.629150	31.607979	36.736626	-4.679342	-20.215529	-2.893342	-3.599380	45.625963	9.623164
	-0.968635	7.516059	9.249240	-0.644209	-20.664695	3.874316	-4.677412	34.429192	30.310418
	-5.913428	11.450133	10.473502	11.690065	-17.320952	5.405679	39.054728	2.831968	27.250347
	18.529389	21.228644	6.437553	36.158900	-2.514629	-6.881584	45.030420	16.097964	11.433429
	26.252977	15.596101	-45.841752	42.343829	4.370796	-0.290693	11.404393	37.805968	-38.219377
	-11.548151	14.654251	-52.749928	48.669839	-16.912104	-11.978499	20.952636	22.629830	-67.656010
	6.310497	8.347643	-31.717479	73.497316	-3.517846	-23.664582	46.280435	43.260685	-43.751809
	26.328105	-23.711725	-32.319315	38.504692	-4.343571	5.691095	63.381893	-14.482321	-30.960397
	2.761970	-20.381176	4.223394	16.942791	16.926350	-13.795441	33.610698	-32.284786	22.007643
	0.100836	-27.186971	9.325621	22.289865	2.863644	-17.416491	32.730317	-7.982470	4.902082
	17.235554	-26.391573	5.886360	20.409940	8.736833	-8.297807	33.135134	-14.268398	9.716186
	12.372333	-24.712164	19.657014	30.367979	20.731863	-5.433108	89.480748	-28.639462	-4.017925
	-5.881721	-8.946137	49.516836	44.728508	0.114445	1.036364	53.667143	-47.511916	27.392496
	14.590261	-9.038059	34.729819	34.026430	14.928480	12.149038	66.878801	-29.674216	55.953451
	-9.191416	-4.493332	-14.217057	48.948048	-0.463894	-4.212776	36.388367	-38.745775	-9.598377
	6.586794	-22.806263	-24.389447	33.662922	-15.776578	-24.338117	37.635907	-16.541755	-15.860155
	-24.137672	-34.790453	-29.139732	18.412657	-8.255530	-4.142201	27.818534	-42.481079	-59.530899
	-8.596495	-37.810855	-13.526760	18.808561	-9.579007	-9.468288	27.166768	-33.116573	2.853110
	0.840517	-30.089578	-13.174376	9.868497	15.092677	-3.950736	24.571863	-63.686565	-3.913644
	-1.378127	-27.347443	-5.432591	5.561858	15.217251	10.389444	15.203985	-36.272093	15.705945
	13.451460	-15.721638	-4.992434	12.635378	21.298283	-6.573678	38.336820	-24.695395	-16.774789
	13.352447	-9.014636	-26.568229	31.829122	-13.518198	-7.687388	42.218326	-13.690007	-55.687754
	15.432091	-15.090912	-60.775813	33.711997	0.991009	3.098003	35.576678	-5.047015	-45.431769
	33.877374	-22.113502	-0.020246	23.844883	16.029065	-1.503224	25.930207	-13.212134	-58.938107
	24.656002	-12.086664	-25.806327	22.336092	38.327919	-18.012355	22.163231	-37.942529	-14.588353
	23.193317	-23.116215	-31.263049	1.253177	36.507556	7.779809	11.971987	-55.131774	8.678658
	-15.606775	-15.164274	-31.893473	-28.437295	6.936047	-20.737779	-13.263897	-56.978363	-45.206672
	6.724733	-3.345538	-24.035514	-25.792534	-25.803893	-16.343691	-11.524589	-37.885634	-24.968132
	-2.528792	-9.221479	-14.207954	-16.508544	-32.843502	-10.854268	-1.022963	-43.603769	-37.849674
	-7.008944	-12.286038	-15.308083	-26.906766	-39.250886	-14.038070	-6.528097	-37.306149	-44.493756
	1.619034	-1.985733	-8.367592	27.541661	-3.067322	2.761409	30.635927	-4.630380	-44.935002
	13.774171	5.439088	-30.808224	10.822811	-4.250003	-25.895290	16.565763	8.060094	-21.645170
	-7.274327	6.467805	-31.652221	21.605135	1.131179	-14.840593	-35.410647	16.652638	-13.964898
	5.708038	-13.648849	-11.568889	-3.893019	8.692014	8.780735	-33.803518	52.666435	10.184567
	-5.375283	-22.700314	13.220288	-7.309049	25.278177	16.429287	-61.060686	14.795419	5.680506
	6.929010	-5.414266	-6.159354	15.715713	13.191562	-12.483136	-23.848554	56.124426	-18.582809
	10.252697	-15.131872	34.205103	-17.815256	11.568075	4.025449	-38.366626	18.866407	-4.620670
	-13.634024	-13.879795	-12.027786	-6.347346	-17.826720	-6.255979	-32.664018	25.531948	15.718837
	3.012802	-9.045181	3.302785	-11.855314	-4.262789	13.709156	-36.170933	31.535476	3.883432
	17.479810	-4.188129	30.699628	-34.610023	-20.782289	34.662216	-49.867735	24.883400	16.643997
	-17.642001	4.900532	-17.130387	-6.766704	12.416001	30.614349	-37.566887	16.501125	-5.936506
	-11.292472	9.723688	19.294597	0.660001	7.548841	36.861648	-3.572943	9.033937	19.038530
	5.182851	17.752607	8.893037	-8.449615	32.799453	12.926676	-14.388908	15.404955	-7.514876
	-28.400705	5.818081	17.063318	-21.838971	15.159430	-12.778671	7.025308	-13.415101	20.598169
	-1.618705	-10.609201	50.504080	-47.235341	7.397653	-12.031544	-10.725235	-18.306141	52.423007
	-14.765889	-32.879797	9.727943	-55.668430	5.971224	-3.831907	-36.697065	-12.527558	11.094563
	-20.292952	-27.571296	27.901558	-46.743962	16.862486	-7.365487	-19.149864	-28.165993	41.951640
	-10.031176	-25.397363	30.622723	-30.596598	27.230112	11.482298	-17.519126	-38.335421	54.432685
	-16.325824	-13.150626	15.925283	-17.084068	20.256293	-2.038762	-23.508680	-5.198462	15.574583
	13.951258	1.334595	22.681749	-10.354523	24.986418	-10.018648	-45.699588	-34.802904	38.070691
	-16.503022	0.770769	24.735492	-37.726007	9.523530	-11.933711	-27.073472	-31.320993	6.339942
	-11.738478	-8.918583	20.975186	-31.804770	35.767545	-1.111228	-11.772339	-47.047878	15.524897
	-0.170676	3.063163	12.920914	-39.922539	17.854965	-2.096632	5.854702	-14.390544	11.725860
	-9.477122	-4.732556	19.971621	-9.990020	2.741983	-2.506257	8.556033	-8.624388	16.391359
	-23.069774	3.962688	3.435602	-32.574054	24.365299	0.813393	-3.345338	7.476793	4.376982
	-25.105868	9.210706	-13.855888	-1.492684	17.907660	-4.814172	0.268258	-6.136533	-9.471490
	12.218430	2.985377	-36.808883	-7.015955	22.548056	8.186669	-0.557495	9.440094	14.303620
	15.963368	8.931883	7.274036	-4.878736	48.696955	-5.824531	39.285822	-7.670024	13.818995
	30.215029	4.941496	-1.242922	-1.701594	32.533905	-7.089528	37.937001	-0.997657	31.080475
	-1.195084	24.233170	-12.398863	36.987431	12.650111	-18.442004	2.104914	16.020641	-24.699807
	8.538844	33.634238	-27.573183	53.829869	6.414758	3.670766	16.670427	32.250621	-10.196231
	-2.705042	22.572206	-11.419531	34.756227	-21.962910	-17.978747	0.853091	38.778463	-63.451217
	-0.105615	34.886293	-32.930959	39.873719	-44.397733	-8.066601	-36.237584	73.929505	-48.831589
	-7.893271	23.027895	-31.703963	14.570845	-56.065996	15.775176	-11.575532	31.889641	-22.796311
	-6.341642	34.088041	-5.713185	6.785835	-38.525719	-1.384371	5.381248	39.101955	-34.038063
	-6.964441	20.746483	24.121678	-10.498360	-10.994896	10.481903	-23.282334	33.763317	23.222832
	0.240512	-9.015075	24.570572	-10.374128	4.707213	4.948284	-35.278712	25.315858	-2.853719
	-1.578987	-5.727337	-19.859348	6.209759	31.308017	0.660643	-23.224939	7.409390	27.833619
	28.005657	-6.351690	12.559419	21.346811	33.921184	3.232578	14.925422	5.951226	14.063910
	24.905897	-9.569924	43.808290	-8.713595	34.565110	30.712612	10.914020	10.587112	38.040373
	1.910306	-1.932081	45.790583	-16.302004	27.086884	1.011427	-21.103001	10.555412	41.194799
	21.345541	11.337490	45.940928	-38.662719	20.086787	-0.084385	6.102732	-22.620422	59.460463
	3.305459	-0.627419	36.860235	-23.760356	39.461194	1.136544	-1.996875	-3.330940	10.166424
	5.048347	6.453637	30.884556	-10.028399	48.024161	-1.781255	8.447852	-11.277573	12.814275
	-6.440782	-1.624474	40.095676	2.361430	60.228120	6.688981	33.314427	-12.834859	39.578168
	5.532968	-1.716053	44.178558	-0.333633	35.413183	-12.388200	19.380446	-10.990600	-2.182201
	-5.944193	9.742144	-12.682399	-8.355072	17.374561	-3.687263	-23.364198	-11.290298	-11.010423
	12.469843	-6.791915	-11.653811	1.747996	-3.125542	-10.658747	-30.401535	5.765535	8.957558
	1.674863	2.915006	-21.687140	13.296494	-25.361765	-16.470521	-16.715734	32.446999	-16.624122
	-9.308226	-4.347053	-36.520609	30.766895	-4.971672	-31.947145	10.890205	31.298867	-8.730507
	-2.408233	0.327847	-14.264272	10.087535	-27.306406	-19.494235	-5.931726	32.337655	-25.345919
	-32.675715	-5.505270	0.346097	-23.023206	-0.859465	-5.821374	-29.940777	19.994291	11.870668
	-14.735843	-16.941539	9.012353	-16.629869	-23.639004	-11.786901	-38.027969	-4.315172	9.290415
	-18.111691	-19.600986	21.790420	-12.524817	-27.105901	17.940686	-18.564544	2.945047	15.293316
	2.138945	7.514409	-14.494180	18.495595	-21.986457	6.231478	-6.576460	57.803795	-43.418698
	-7.898864	7.218094	-53.190294	32.795961	-41.687023	-12.604744	-6.013648	62.518702	-61.714457
	15.153485	10.008613	-55.935769	34.833839	-44.512057	-13.851868	-38.284092	48.344851	-65.123878
	-27.109241	22.289672	-33.762818	10.840903	-35.726508	-14.453084	-16.785054	50.956476	-67.282253
	-19.677442	34.454278	-42.493856	48.193732	-53.105832	-13.789001	-13.730442	42.599578	-43.789201
	-15.414673	43.394688	-16.240716	56.909045	-71.990225	-6.397728	-31.426843	81.984707	-69.878583
	-20.426538	32.372483	-42.743306	18.135831	-52.436748	-11.358523	-20.443966	49.601261	-55.443042
	-36.801468	22.093819	-37.205883	20.866265	-37.471057	-10.290145	-18.834360	29.849559	-30.977932
	11.107209	22.595768	-19.596898	16.455721	2.781159	-11.599092	-17.027031	19.444418	-26.360322
	-0.036687	19.076246	-44.437230	10.845601	4.664434	-13.309335	-21.951003	54.461566	-12.870146
	-20.356279	27.413656	-17.723803	39.457041	-11.235597	0.964503	9.681291	20.647715	-51.812185
	13.995116	16.874962	-25.423008	45.290460	-20.796701	-3.550003	24.272688	10.667784	-35.653259
	4.075649	11.671552	-13.825368	33.951251	-37.853613	-12.063099	5.898878	47.611966	-31.620176
	-14.997628	9.633222	-17.547948	21.883579	-25.570945	-7.481538	13.140528	29.983414	-6.025802
	-2.446714	4.395736	-32.813580	23.955777	-17.225324	-12.636589	25.662633	30.218628	-17.767448
	-5.539237	0.752196	-41.696583	20.754405	-0.286475	-14.757185	20.563803	27.517135	-30.499110
	6.673538	28.437182	-40.160290	15.500408	-11.757515	-26.954304	25.124924	36.737492	-66.854596
	5.938369	23.191461	-4.904689	46.847667	-18.393986	2.498730	39.397019	17.494429	-34.306393
	7.459872	23.654171	-11.695264	46.306910	-28.853389	3.915263	27.402175	27.321505	-2.613794
	-17.946602	2.261134	8.079332	20.261720	-39.811163	-3.456419	-5.980371	-3.533910	-17.092281
	3.000937	-11.347079	-9.152554	15.444677	-29.277754	-1.043708	-1.284480	31.106264	-9.310997
	13.761280	-8.950773	-32.226505	-3.931033	-16.884682	13.678361	-11.328576	-20.842788	-18.484900
	-8.664114	-13.562139	-43.034656	-23.136939	16.677399	1.264714	-6.733982	-3.182137	-43.916187
	8.114244	-5.006821	-48.676043	-20.270793	16.524073	-12.259403	1.905992	-26.740113	-37.560141
	8.351756	-5.885293	-40.138248	-11.152052	3.116038	-4.866302	20.024161	-32.649784	-8.748067
	26.726974	-10.907366	0.209377	-4.474178	-0.833985	-13.535946	31.512473	-5.191202	-18.710704
	19.216447	-16.245810	9.548237	11.931916	-15.618339	-3.569178	60.317264	-19.060816	-3.113309
	25.616288	-16.213015	-2.974936	-13.113154	-1.457541	2.859949	44.678803	-15.744386	18.585637
	-0.917234	-18.729683	41.547236	-11.265453	14.387788	8.933033	12.867220	-20.172532	35.782540
	10.085871	-35.155499	56.895012	-12.063393	43.655647	-7.428091	63.689081	-25.202401	50.081190
	11.022289	-8.184658	68.548496	3.872268	48.906019	5.498811	74.686230	-47.124184	70.014658
	9.247850	-17.012623	39.172692	13.616868	69.911083	-8.639065	88.153839	-50.223238	73.706486
	27.424907	-21.845463	60.354119	-17.290526	61.393551	3.953152	32.566013	-70.523045	68.366239
	-0.485296	-33.364457	60.893419	-38.498945	33.700738	-8.498874	3.093297	-61.466073	85.965785
	-12.586991	-39.118067	46.657626	-62.252249	24.023861	-15.005111	21.395780	-73.753830	78.745866
	-4.149051	-56.605457	51.323769	-86.766850	-16.831686	-2.706784	-25.028807	-58.322301	42.155278
	-25.085485	-50.255954	60.279322	-66.735247	-12.356425	9.865278	-3.502131	-73.756403	51.189503
	2.978774	-45.748877	48.495197	-35.754452	-18.190447	-4.959183	18.806249	-60.678642	44.403556
	-3.300536	-32.245480	50.724909	-47.776571	-3.716823	2.230776	26.283086	-83.512106	69.856145
	14.664825	-42.485563	28.999514	-44.594666	6.875177	-0.489054	4.282228	-92.800140	30.785040
	-15.536479	-50.704583	-9.929355	-40.274397	-18.729176	-1.785904	-48.691365	-48.324652	10.669508
	-28.211193	-36.176658	-41.779607	-52.128258	-31.145940	3.894890	-59.785696	-14.730112	-44.516952
	-22.189797	-7.018201	-37.580872	-39.628560	-36.569686	-8.873738	-60.622634	2.341634	-58.171903
	5.037422	-7.667220	-20.598479	-42.001711	-39.978352	-11.505243	-39.428270	6.807667	-36.010885
	-3.891838	-11.182905	-13.508729	-19.184777	18.123094	16.485280	-29.499936	1.037286	18.934575
	16.167483	-21.520379	-14.501929	-30.380026	15.419930	32.306615	-33.428514	-19.670964	17.380169
	-21.213508	-30.457073	-25.493293	-51.413185	44.711135	14.420376	-31.664630	-14.817948	49.155415
	8.318223	-19.490674	3.250139	-38.557121	41.418270	16.655933	-35.321355	-10.981604	32.895393
	12.867122	-15.902855	-14.775910	-50.974502	46.235606	12.336019	-42.650345	-8.361169	13.089986
	14.535195	-19.002247	-4.530083	-30.978404	-3.298765	-3.198047	-23.667222	-3.262307	17.827798
	-15.945609	-14.075970	-17.615356	2.813768	-4.725101	-4.510019	-41.730647	24.361876	8.574990
	11.104463	-9.049511	-17.167945	-8.193520	-11.889837	-44.903302	-58.161790	28.967014	18.707447
	-3.016467	6.358386	-24.293321	16.855314	6.691792	1.436610	-32.840837	40.691122	-8.404658
	12.071357	1.676873	-15.285196	34.447484	22.865689	-13.149917	-37.733527	64.257235	34.203806
	-14.138754	14.281931	-31.594798	33.581044	11.154317	-16.649571	-27.416754	8.432320	-3.006366
	-45.095575	0.710719	-35.464045	-9.183611	11.693013	5.078100	-48.463725	20.522722	-18.442260
	-18.755990	4.255524	-24.251544	-24.111041	14.593451	-29.455193	-32.740633	-5.380464	-28.187892
	-12.539975	-10.898351	-24.214727	-26.908548	10.900955	-26.293129	-31.275251	6.359457	-17.405190
	-15.544966	-12.462649	-15.246233	2.805724	13.547577	-8.938650	-15.465275	1.705055	-19.387197
	-20.232821	-10.164810	-21.617913	2.275797	-0.749693	-2.498209	-42.263211	-5.931949	-17.410351
	-19.149609	-10.928684	6.538508	-14.427059	-3.981259	-15.472463	-37.468160	26.121458	0.169422
	-2.983180	-11.517270	5.473388	5.414979	8.448434	-24.567244	-21.961007	9.330812	-11.610469
	3.891557	-0.893590	-37.433538	-10.563824	10.259625	-30.012055	-15.542057	23.624790	-45.764053
	-4.966172	5.299743	-92.185750	7.696547	-11.756684	-2.927303	-18.051370	20.210211	-91.344070
	-2.403667	-1.453223	-91.698926	8.834035	-41.970243	-22.461145	-16.280042	21.718570	-111.892665
	-14.564662	2.018928	-73.815539	9.557219	-26.234550	-18.028594	-22.663673	9.304404	-98.440469
	-17.432955	3.312081	-42.072812	-1.659214	-28.224277	-22.016288	1.375388	41.767172	-62.104637
	13.497507	8.722101	-36.192129	23.154317	-8.146912	0.168671	7.675650	30.115403	-35.499947
	8.245116	9.040163	5.168347	39.321459	28.038398	-12.666359	42.759987	13.662213	12.008546
	23.739580	4.158119	-29.298848	24.719841	29.660249	-4.263502	27.632982	-22.247508	-20.594979
	13.955137	2.927304	-8.527309	32.936766	5.513667	11.322650	40.944986	-33.239344	-21.691499
	-2.629014	16.997191	5.615597	50.254763	-8.507701	-8.779885	24.812832	-2.372423	-5.622764
	24.518674	20.394272	-2.548212	47.895342	-17.623132	15.765962	36.602928	-3.321911	0.549040
	1.930067	2.811049	20.098684	34.914459	5.323635	16.916594	35.698557	10.942492	-24.462130
	13.488564	6.818266	-16.142094	21.531633	4.433783	5.774747	51.717139	-10.355016	-2.817107
	-13.080349	1.642781	23.479366	16.057317	29.896031	14.007321	34.127791	-25.946871	-25.648520
	11.714561	3.975710	23.399509	29.894047	46.822203	25.391807	78.917451	-48.089617	27.557365
	48.334077	20.381908	32.614886	48.965223	49.807890	8.912674	80.002760	-27.209095	49.451084
	24.011008	35.835122	2.143421	54.659145	29.086633	8.085126	89.353940	-20.794281	29.452365
	10.198464	50.347915	17.154282	63.154808	14.595195	10.415505	34.324156	-30.422639	1.058403
	7.560103	49.434707	7.240669	37.323913	8.023518	22.346067	10.522429	1.889035	4.240825
	26.862896	48.105291	-0.360397	38.659986	5.162711	54.953089	33.060891	3.388984	-10.271776
	16.181606	58.786123	8.529368	19.036627	16.766221	29.769504	14.100695	-9.731831	-35.569265
	20.574474	33.109684	16.507894	-21.519305	4.183066	28.256192	-10.485687	-7.576606	-18.437420
	2.250716	9.727081	9.283570	-23.662155	12.648288	27.747536	-6.059226	-6.921916	17.014413
	9.738812	-6.393999	26.783480	-16.341934	0.885814	13.123684	13.559632	-30.417442	39.413660
	16.850876	-33.180728	53.910552	-34.455946	10.231006	6.056159	4.074252	-34.928881	5.775520
	-6.234102	-38.684056	15.962614	-4.720106	-21.327300	20.067668	15.245026	-51.920783	18.197431
	6.677536	-26.828851	36.509364	-9.368075	5.135496	-6.287278	8.017507	-42.022990	34.069821
	23.910099	-11.756804	52.242364	-2.079501	7.682576	1.777560	5.942627	-38.112601	28.319026
	5.085257	-12.916548	51.855233	-8.879011	5.638166	-17.687075	16.029862	-3.324959	49.640810
	11.759154	-17.546150	15.848745	6.068074	2.502457	-33.162703	38.095050	-28.010008	-1.265134
	9.894077	-30.441839	109.398339	-60.903128	24.337996	-19.214074	59.702173	-46.586086	128.327312
	7.623706	-15.210009	99.440554	-24.395946	2.685341	26.410315	54.351177	-72.708478	114.754058
	30.809108	-19.695121	119.578954	-6.742033	19.260015	40.713651	71.853959	-47.265840	126.768961
	32.682446	-20.765401	109.394340	-26.140901	10.237596	16.539498	52.618644	-66.847535	134.177934
	38.818027	-8.648993	73.575315	-29.016279	3.423583	6.213022	30.307465	-2.452715	34.429804
	-6.893388	19.572117	53.595824	-10.466245	-10.544692	-10.372847	19.998873	-2.545766	52.151158
	2.970646	17.235853	36.480480	6.162896	-32.813353	-17.511832	-20.717144	21.173666	7.132077
	-5.948775	3.950499	-21.323913	-17.875362	-45.315921	-22.474448	-36.647405	69.968742	-25.056709
	-21.636373	11.017904	11.461177	-0.739593	-50.623736	-24.524174	-37.346475	37.543973	-8.519924
	-13.961423	16.528018	23.524217	5.962306	2.537017	-4.639777	-22.629856	67.830468	7.404530
	-21.996230	6.469066	31.909166	4.431139	2.580179	-9.567895	-6.242036	38.109486	53.034241
	-21.671974	0.378477	54.041089	-19.763470	-2.265167	20.922436	0.642436	24.938545	54.849611
	-5.755892	-8.317667	62.812259	-20.088445	-22.921594	11.925925	3.420116	0.456174	44.334381
	30.581419	2.845144	39.935936	-10.049647	-22.802316	17.007142	25.338724	-9.830445	46.643787
	24.585339	14.825542	44.369909	11.105086	11.343706	20.761039	65.535233	-6.180484	54.596781
	-0.592882	4.283580	48.368214	5.453037	3.959742	2.059931	41.224427	-12.281676	0.610543
	13.179945	-1.211609	57.312860	-3.878094	-2.711314	39.325837	29.139532	-5.334401	63.911394
	23.215457	-14.565521	66.606359	-32.217607	15.833577	14.621881	17.210755	-45.426694	98.903087
	23.695860	-17.328644	15.475456	-14.031193	27.580344	4.535555	14.043921	-40.587740	49.204931
	21.344833	-10.226117	-29.205193	-7.331256	14.609727	1.989432	8.214395	1.409566	9.583728
	9.071857	8.463641	-29.710939	40.366312	-1.543244	9.068617	17.975900	10.943868	-9.021136
	-14.967600	3.012259	-30.292028	38.291837	-15.769755	-12.039687	5.077449	20.017440	-52.688493
	2.914173	17.265291	-16.544557	40.778060	-26.006334	7.803898	4.315611	35.080849	-31.670667
	-26.879834	42.656441	-23.082848	61.781523	1.518162	-14.584490	-15.721470	31.665915	-39.791020
	-21.552680	39.267307	19.025341	36.465122	-22.416444	2.506258	-25.767386	40.056597	-13.876809
	16.229070	53.725483	-4.293124	1.267221	-19.402704	-13.336896	-21.477485	42.446085	14.790149
	-11.498385	39.484392	17.357593	2.182979	-20.128585	12.228645	5.586783	1.306547	13.629452
	-12.159130	14.420886	12.021747	-5.344749	-0.814207	-8.357281	31.463349	-7.143131	14.067538
	-29.233743	-10.097268	16.728770	-13.149085	-28.786235	11.097366	25.916669	-38.604545	26.457660
	-14.559420	-16.684525	0.931345	-30.448351	-24.154479	-9.854907	6.819382	-34.974508	-2.405121
	-25.967184	-17.961365	7.110438	-19.356840	-32.134512	-28.831605	-3.012307	-34.913716	-15.555502
	-15.421658	-17.435821	-16.160795	-4.306521	-33.317231	-11.321094	-6.678183	-14.087947	-11.737399
	6.568955	1.623956	-2.885319	-12.901724	-13.522344	-3.947296	-9.829365	-45.776074	-15.669663
	-13.307907	-2.181051	3.303983	-19.742893	-7.262705	-2.430846	-15.394156	-19.241326	-8.173484
	-12.751503	-3.770193	3.152099	-34.422497	1.544353	12.617095	-2.493357	-7.724611	-15.114192
	-13.664005	2.170661	14.292627	-13.510417	-4.010747	12.157879	30.741903	-22.951531	11.053109
	-5.039918	-15.861091	21.662179	-12.866409	1.361417	6.047886	21.156226	-18.494939	37.316446
	3.167277	-30.038479	1.293065	-0.108713	-7.228387	3.569015	4.865308	-14.874918	9.107930
	27.277601	-21.109028	-18.975543	2.630888	-8.171732	29.418787	14.767817	-2.519750	6.625134
	26.167876	-19.288401	-23.906929	24.761486	11.107218	21.624327	27.435060	1.277539	-5.233608
	17.325343	-12.742950	-30.177369	45.697477	23.141022	28.021725	42.828979	14.396132	7.060033
	21.508360	8.232735	-46.797800	20.735011	18.829651	9.207542	54.299430	1.005475	-3.637225
	30.296272	11.549244	-7.040736	8.114014	58.317310	-10.082354	46.139674	-5.042079	9.955276
	20.779524	11.057072	-16.801136	27.000184	9.535855	-14.593789	54.320453	-3.292151	-9.920673
	10.331366	17.162758	-18.032914	9.535343	16.628290	-9.750507	32.888852	-2.903811	-22.670540
	20.868079	4.013552	-34.867608	-1.926979	2.656995	-6.424004	6.288518	-29.785811	-30.317250
	3.086046	5.786619	-33.188699	-1.365745	-36.720989	4.813967	-5.318179	-6.767102	-31.159041
	-4.130391	18.288087	-33.351902	-15.417204	-16.339561	-7.886182	-17.947000	-27.635987	-49.420655
	-3.821969	3.840294	-46.673249	-5.362532	-7.234365	-13.001616	-5.918155	-18.922540	-25.242729
	-10.949885	14.261893	-43.596551	39.007740	-1.161377	-11.484789	7.061965	-6.152042	-64.790083
	27.543118	24.875155	-17.576003	37.187461	-0.914975	1.214889	9.555797	-11.763951	-11.040227
	37.982608	11.837308	-23.315474	37.503209	10.087220	-6.156171	24.912429	19.651539	-33.687837
	-11.529108	14.458191	-10.749104	48.475314	26.328109	25.518092	17.569766	44.814452	12.306732
	-16.256701	11.533168	19.072673	51.658820	-4.001323	22.703936	-12.043503	45.650202	14.545277
	-18.286922	4.721850	43.573341	-14.942301	-15.956854	30.876326	-27.178902	22.882024	9.371081
	-27.772605	-2.745599	-1.081069	-8.423197	-28.067511	12.607953	-8.412143	4.238545	6.357674
	-24.237445	-4.358047	-21.703253	-6.578069	-27.793970	22.569297	-12.285585	30.402578	0.215718
	-12.853307	-3.203243	-36.582301	-1.729943	-11.017306	12.496320	-14.740741	15.189279	-40.928728
	-10.438706	18.521887	-36.740552	10.217547	-8.638075	7.252272	-46.625185	29.401361	-37.338450
	7.409265	12.829358	-10.584910	14.191561	-11.539427	15.796421	-34.362763	52.346439	-35.300478
	0.184747	8.198899	-3.374223	34.788048	14.930601	2.592198	-33.991794	46.535135	-21.455070
	-11.455012	18.936389	-28.044435	44.073973	-5.710534	16.773272	-22.154664	40.642478	-26.440894
	-13.731784	1.432285	-5.710490	17.016195	-15.789641	4.794862	-12.453207	20.905027	-13.842554
	-8.622209	-5.865708	-30.269633	-3.484368	-11.444796	-1.359021	-55.264671	19.276225	-12.426742
	2.494051	-15.843406	-18.346342	-15.637078	-3.830593	5.375491	-25.975231	-7.411027	-15.077714
	-26.026883	-19.806744	-24.639642	-45.052025	-0.349119	16.528568	-63.752022	-18.422025	5.360586
	-19.219715	-2.995575	-55.439400	-13.517290	-19.991293	21.421394	-45.728689	21.573990	-36.129591
	18.386673	4.985405	-18.454345	-1.844021	-10.015337	41.950446	-32.936663	18.006203	-3.879365
	-3.270105	-4.304871	13.674687	27.755282	-2.781088	25.756525	-6.976106	17.830585	-20.432955
	19.377419	-8.394896	9.309618	19.391306	-6.926326	15.944539	9.618504	22.793164	-34.757388
	16.506623	-12.901099	-17.226845	8.767622	5.220846	-18.135823	3.174050	-13.257745	32.676614
	-11.598390	-5.005619	-19.073201	-5.216187	-4.238275	-10.334943	-42.577081	28.890939	2.570560
	-6.190538	19.717007	-44.627279	2.545984	-9.203572	11.024485	-62.681929	11.753098	-6.922550
	-9.881326	3.512245	6.193966	-45.270961	9.865327	-1.976183	-69.518350	18.616884	-14.622048
	-14.860391	3.741072	-8.656149	-17.291876	4.840171	23.796175	-33.315459	32.545586	-29.798761
	-3.034688	-1.077040	-30.863960	-10.754041	12.801645	10.728353	-30.629427	12.770476	-27.802829
	-21.360731	-23.145075	-6.143257	-27.957855	5.435420	7.677524	-57.203211	6.573223	-32.248652
	-6.160821	-7.921871	-28.727969	-8.302720	-21.299822	-25.116259	-47.819060	42.199451	-57.975680
	0.248921	-24.831531	-52.568084	-45.013929	-19.641830	-11.004845	-32.225432	30.033127	-19.568831
	-20.025941	-12.451259	-49.233283	-36.136813	-33.492408	-11.524694	-50.895125	35.995942	-33.393365
	-9.617055	-2.981082	-19.777614	-56.262115	-36.074706	13.038993	-36.222841	27.318173	-51.077693
	-19.566081	-14.999240	-39.108895	-46.124968	-36.226171	16.646446	-60.742448	41.272676	-33.380819
	-26.246902	-18.119147	-16.692589	-47.925448	-21.743533	6.993678	-30.649999	22.525521	0.888090
	-8.597305	-4.351306	-60.586871	-16.991247	1.378224	-16.965850	-14.770781	37.731067	-27.971204
	-29.349401	-1.905585	-37.726287	-7.306960	-19.500958	-2.036876	-36.380682	23.378041	-10.742852
	-26.861704	-5.083729	-20.273459	-15.750553	-34.881389	10.794537	-42.652006	55.929212	-37.967998
	-28.273046	14.905168	-55.323373	12.111800	-37.299386	-9.450172	-52.369927	42.350618	-92.503863
	-21.410872	6.086479	-62.685135	-9.486261	-10.673532	-5.521607	-5.552441	6.065989	-44.648606
	0.707530	6.355551	-63.871426	-13.434487	18.386423	-0.958614	-9.336770	4.241477	-54.063814
	-3.475899	19.177008	-52.378913	-1.984950	34.299804	-21.615208	-36.394362	-0.855945	-28.543861
	-21.344347	-9.649918	-26.697492	-25.547335	37.786977	-27.489004	-45.105299	6.277643	-16.561156
	-46.756193	-6.709486	-56.206363	-9.049836	-28.584118	-46.524990	-72.034130	6.502175	-60.066800
	-14.705464	10.175981	-23.042642	-1.657967	-11.765325	-26.613416	-37.102536	39.671439	-28.591714
	-17.153079	2.789677	8.653037	-0.684542	1.211130	5.316841	-15.802995	14.929672	1.238153
	41.804631	7.896254	-9.348428	27.904989	11.717443	11.592075	37.571977	18.392425	-11.006293
	15.759618	2.583401	-3.046426	33.240795	36.864416	41.044875	77.295778	-13.002197	27.198985
	48.661741	24.943629	-8.139921	34.688352	27.954628	10.977383	64.621310	-44.472874	21.464714
	-1.634006	43.978315	-6.306089	46.646395	11.413322	19.330870	37.520041	-17.110952	23.234919
	19.616500	28.256454	25.622326	27.323502	14.363536	-6.944606	65.802547	-22.517899	15.062581
	24.938136	19.042300	-0.194820	18.780868	10.501395	-21.031029	50.115514	-38.362511	1.804955
	17.025546	0.562526	-9.073345	6.359078	13.845906	-29.449954	20.007524	-34.527000	-25.688940
	-24.589663	-14.536900	-21.182354	10.566092	-12.253356	-31.922296	1.869125	-21.090267	-47.887451
	3.287690	-21.897847	-31.033438	32.999729	-23.953742	-14.865730	-24.696178	3.726877	-32.998698
	6.657493	-4.057242	-61.337088	24.536307	-38.378415	-38.387381	-17.507557	9.787432	-24.082763
	-20.695251	-8.123878	-51.657950	4.781153	-17.487718	-39.576253	-31.299975	3.303759	-45.646146
	8.342329	2.425189	-26.221069	-15.663358	-18.423172	-27.966076	-40.225810	34.772912	-50.505194
	0.729249	-9.305196	-26.320936	-5.271440	24.515984	-9.363488	24.848172	-6.492006	-1.679584
	-8.324612	-2.036639	9.827072	17.280204	16.925503	2.275033	23.079664	-31.615032	30.297690
	-4.542464	-6.209008	22.741629	24.199409	34.631196	10.440008	62.959135	-21.847700	13.060912
	37.906771	-2.809863	57.524264	-4.110979	46.945990	24.732834	74.342226	-38.926586	82.944565
	16.822082	10.972576	32.799722	18.328148	24.786516	8.623002	43.226605	-23.751139	26.807351
	26.439209	29.038247	24.551056	11.536096	12.463058	-7.281344	29.866399	-16.956029	5.999458
	-0.640170	12.753034	3.945149	8.412225	-12.337691	-8.146217	-0.597958	-38.958927	-27.489929
	-14.552049	9.344112	-13.048461	12.161106	-11.018790	1.754566	3.200108	-30.985417	-40.341886
	4.789068	20.905840	3.077820	57.613280	-17.828275	-10.841059	28.469465	-4.583404	-52.366829
	2.255764	25.708646	-37.849289	67.517954	-18.019499	6.492521	26.976504	9.322340	-12.262285
	-16.078906	13.419062	-5.705143	40.943251	-12.686211	-19.332277	-7.813175	6.888990	-15.937039
	8.785279	-4.707933	2.078828	-4.619678	-5.387986	3.880893	-4.612907	-15.852529	-16.225751
	2.402670	-27.551615	10.225891	-40.685420	-0.774926	-16.450799	-3.889665	-15.776495	-7.418528
	-8.725710	-33.124075	9.958094	-17.371807	-8.494047	-1.329765	-7.328497	-16.624622	-12.676699
	11.985156	-18.795263	16.051269	-11.170807	7.022818	3.274209	-10.015485	-47.807824	25.512944
	21.959125	13.200316	17.017671	20.717995	17.989936	-2.607738	44.124548	-1.859498	19.057360
	7.961871	27.599200	38.185727	27.209729	39.432091	4.461678	55.778480	-22.334356	64.312594
	10.909785	17.770542	32.438670	9.221426	24.537144	-1.511310	46.563492	-23.220886	34.304959
	3.216731	2.343436	44.417521	14.986670	11.417384	2.597898	44.347317	-25.925438	38.680307
	-5.982198	-4.300051	78.369488	4.105891	21.107276	9.890576	56.443574	-27.216088	59.837148
	18.385218	6.228819	90.571625	0.458157	44.236362	17.889439	28.658838	-11.091514	74.798925
	14.178213	10.609220	86.344314	7.335457	42.519925	6.603360	37.108295	-12.525510	58.704775
	21.646750	23.566753	68.120682	13.303432	55.607558	17.436680	69.005029	-9.656511	55.647664
	16.306755	13.348702	34.424374	24.968295	50.805573	3.522022	66.263150	-14.759670	27.735780
	-0.460977	4.204084	35.402336	2.633039	39.369854	-0.135676	37.776776	-31.951092	37.282673
	-3.406190	0.560375	2.592634	-22.054815	-5.215821	-13.340813	23.643827	-36.918843	2.408478
	-26.002253	8.089472	2.935711	-37.511410	-11.534151	-8.324566	-28.212749	-41.971242	-10.877506
	-12.272448	-17.952597	42.466510	-32.686801	2.011600	-12.933728	-5.226229	-21.012843	51.749449
	18.189146	2.559599	52.915791	-9.341478	-6.641674	3.408090	21.784328	-18.488034	35.257030
	38.384010	1.940432	62.254196	-14.110797	35.616981	24.784692	20.581284	-28.977455	32.248636
	22.028350	0.290298	39.364866	7.596469	-1.968260	7.499944	31.034520	-36.372922	28.838159
	10.766602	18.319345	15.892544	6.794873	20.100010	-10.564989	52.237150	-29.938095	23.899283
	2.504568	18.849372	16.462215	9.673115	-2.554410	11.797496	20.199792	-13.045573	-20.411699
	8.004567	20.131971	14.562519	5.060903	3.967313	-6.509899	-19.379937	-17.019772	-4.846545
	-26.324705	20.981643	-17.139247	27.584224	-19.789661	-5.070211	-42.484899	45.485434	-18.340351
	-12.329240	22.107326	-1.322218	31.521174	-36.483689	17.086700	-41.684787	20.832243	-21.405345
	-21.849917	11.316143	-0.142020	1.698812	-30.695414	41.310189	-18.207512	7.096324	-37.781659
	-20.355969	3.026571	16.824670	-0.493676	-46.704996	24.672163	-20.574399	29.625232	0.316365
	-7.690548	-7.701138	15.656155	-29.616855	-29.362424	17.915106	-25.111177	-9.052311	29.094215
	-18.948915	2.479125	-19.704639	-41.927337	-2.635059	-0.974461	-51.018367	9.706421	-5.796567
	-26.687658	-13.884117	-20.288047	-48.605664	-6.635760	-2.216456	-53.343184	12.311542	-15.222670
	-18.847549	-28.203932	-14.157396	-51.515142	-6.518928	-5.459480	-63.179328	27.764446	-17.006844
	-18.090389	-0.900481	-33.267434	-30.072061	-4.470548	-25.669323	-51.871574	-12.337361	-27.773017
	-12.175578	-0.278280	-10.824795	-9.172342	17.453930	-28.525095	-20.272146	47.061203	-39.756699
	-12.087423	-5.442617	32.813018	-28.281305	23.603455	-17.064536	-22.575928	6.162741	-6.215187
	-3.089405	-10.726450	1.158538	-34.579408	39.728325	-7.521137	-28.456354	-2.810383	16.879736
	-15.069799	-10.347072	25.144857	-50.184280	31.451332	-18.637434	-40.605362	8.366208	23.418466
	-21.389054	-18.514850	-10.959843	-58.805678	35.517293	-21.233028	-25.851944	25.412370	16.925243
	-5.254750	-31.614344	-15.405198	-36.510349	11.669116	-23.232233	-45.856744	28.365646	9.712837
	-18.349598	-31.265499	-33.110084	-36.548783	12.134348	-22.801022	-12.983785	12.330103	22.573370
	-14.133647	-43.080697	-14.877529	-35.882030	33.039100	-42.767834	-21.228271	-34.943119	6.629796
	-8.840899	-31.732688	-3.185684	-35.991240	38.690058	-8.746622	-10.485431	4.219373	-4.037693
	-6.023536	-22.763274	-24.306926	-3.622344	36.402726	-26.887857	-6.214582	-18.007914	-7.950542
	-5.462988	-33.709743	-24.657285	-0.584794	-7.788580	-15.105595	-54.816128	26.777386	-6.856811
	-8.614935	-20.685943	-38.990889	15.897460	-39.472833	-6.596021	-74.491764	51.434396	-45.673762
	-23.024388	-20.584361	-9.343517	11.646430	-50.996902	-19.285802	-61.609238	44.129805	-65.283514
	-22.666706	-26.182768	-23.857136	-16.437967	-22.967569	-11.415462	-46.302182	17.137358	-30.776005
	-14.226925	-31.926275	4.438324	-16.361244	-3.843564	-16.911615	-51.349100	27.258748	0.228944
	-27.553749	-32.939089	13.132107	-55.500850	17.584812	-29.370039	-40.151976	-1.209752	8.310264
	-9.948957	-28.976660	24.136832	-59.309135	23.688227	-15.129956	14.060078	-25.328590	45.155367
	-8.035986	-9.578420	-13.658192	-40.471631	1.894747	-22.907409	-20.734943	-28.118852	-0.789477
	-3.191870	-19.777928	-41.961133	-35.754636	8.181116	-20.633577	-36.680652	-27.486460	-24.020151
	1.733141	-28.148280	-37.478463	-40.184726	-16.044019	-15.024860	-29.318972	-9.797940	-3.962664
	5.214076	-14.293645	-44.532967	-21.759609	-11.068265	9.212325	-35.197724	-15.180588	-17.955791
	-5.679794	-16.636681	-24.378287	-9.193514	-2.750710	-6.436237	-9.219829	-46.902294	-47.591960
	-3.428073	-3.520476	-21.754533	16.655025	6.533831	-8.002841	24.398939	-12.605006	-18.706441
	14.324933	-12.550234	-26.628074	41.978198	-14.409112	-14.979009	21.444623	-12.386825	-23.928213
	2.965548	-7.041234	-45.395116	20.809952	-15.048178	-12.387751	0.069484	-2.852850	-51.597019
	13.719891	23.318272	-87.305770	52.907202	-28.118176	-6.600454	0.495589	35.625714	-67.865843
	-0.574442	1.565710	-39.448422	30.110683	-34.916872	-19.199818	5.298317	22.493668	-76.082563
	-4.678768	-1.035828	-9.151742	25.901030	1.975255	11.850555	-11.610050	-0.437351	-23.448220
	-25.582679	-21.234008	10.607548	-5.412354	19.388330	1.201038	-0.332331	-4.461084	19.270299
	4.296640	-36.495033	10.574334	-38.294093	36.792767	-3.973480	-15.627159	-24.872244	25.323558
	-8.004999	-27.623111	26.399635	-31.210185	-4.765019	8.240716	-26.711154	-2.591218	38.979946
	-18.255812	1.064812	5.611653	-18.531788	-37.820493	3.380091	-37.990283	40.289790	19.115679
	-5.335442	4.735037	9.575873	4.775000	-65.904760	24.004674	-28.268857	37.861610	-5.371067
	8.410742	19.925643	13.079295	0.202004	-71.679138	23.032285	-66.467223	71.175455	-5.455146
	9.227114	18.118816	4.746719	-19.828603	-81.472150	11.551669	-52.291784	66.653251	24.922282
	-0.430670	0.324434	45.438605	-45.147488	-63.988304	19.630125	-24.021940	85.348501	24.679411
	11.796639	0.057937	77.122732	-37.355238	-12.837273	-1.470121	26.799861	40.933235	61.422230
	31.952799	12.242542	46.025884	-16.161173	-1.755862	41.112059	40.630791	26.529803	90.003925
	20.741749	5.388962	42.148067	11.441427	21.575275	29.740750	53.482079	13.705313	57.801294
	49.074901	12.104734	60.759985	19.527367	17.639581	43.324918	75.666689	-37.722450	32.915374
	38.072013	-9.671356	50.817324	-7.097905	27.215902	26.544502	60.194561	-65.328258	64.782399
	2.681136	-11.042382	46.149995	-20.778662	18.328999	32.737493	14.423200	-69.040910	55.218767
	-32.691919	-2.334620	41.630535	-25.705487	-9.967858	10.863604	-12.490896	-15.527081	51.804321
	10.734449	9.149494	-2.464439	12.070945	2.113905	-1.194965	8.489823	12.689830	1.935799
	1.216138	4.431464	-34.133155	-15.502975	-8.511634	-22.872676	-12.799379	-3.374979	-16.983270
	6.316314	-6.612887	-43.889105	-8.570825	-0.861461	5.806133	3.021001	19.287090	-12.760452
	-11.264952	0.273894	-13.395443	-13.466193	13.571693	-1.642260	-5.941020	5.795942	-18.313928
	-2.834391	-21.698262	9.283592	-40.862390	11.030597	-16.047812	-11.702459	-4.010397	26.961633
	11.831404	8.272443	18.973271	-32.194671	29.731261	-0.631800	0.869045	-46.720631	11.111939
	-14.125707	25.049605	3.410885	-15.651156	3.926712	-9.050639	7.628365	-24.457212	3.863271
	2.049103	29.661197	-21.489150	-26.766634	-30.860173	1.147859	-11.037327	-49.108419	-23.994886
	8.170802	28.908983	14.134320	18.691444	-0.648473	16.639717	30.052114	-14.746432	9.290105
	16.316682	16.033133	36.404968	12.984260	13.266873	22.237176	61.269188	-22.528401	41.937517
	43.554701	9.442147	38.951595	14.777968	47.204693	46.928217	58.163457	-16.536242	71.711288
	27.178236	27.692014	48.194152	34.326846	58.018680	28.813320	60.010202	-44.037273	51.542334
	7.228565	3.367782	30.469506	9.970553	46.240399	-5.536842	47.537025	-53.519538	50.454906
	-21.295591	0.375115	34.882731	-32.795121	33.486226	-0.713790	38.617545	-45.637967	10.756085
	6.016046	-4.632728	-0.460679	-13.503855	16.671430	-0.224055	8.887205	-29.755512	8.341494
	-5.895104	-2.377878	-16.293293	11.891097	5.316626	2.428605	-12.206187	13.583512	-13.005060
	5.411907	-1.505942	-43.784726	35.744531	-33.574858	2.703439	10.976191	4.150578	-31.746652
	22.944962	-4.570130	-40.469047	41.890092	-15.358005	-13.198788	6.587729	21.993395	-61.656547
	-2.297603	-0.201750	-50.502818	24.807747	-43.495770	-7.755337	-34.544401	40.967504	-47.375655
	9.238737	8.913613	-45.831677	16.291378	-28.004662	-19.130850	-50.816416	46.548242	-55.133522
	-19.271444	-2.534687	1.089368	-12.218559	-36.626085	9.555826	-51.938040	38.521110	13.421743
	-1.349476	20.176207	17.798710	-7.547658	-2.369413	22.076514	-8.828913	40.168111	-3.081353
	-30.217738	30.640507	31.202717	-21.316078	12.615747	43.609299	-21.155993	23.302107	32.055325
	-12.459817	10.706367	42.897277	-15.457690	14.804779	71.568385	-19.374266	2.880685	45.550616
	2.434380	16.306870	61.245128	-7.260173	10.541939	87.571425	25.766632	11.637066	47.642111
	33.490630	9.054831	40.328238	-28.082634	1.438249	66.924730	3.998895	-3.310456	61.536443
	15.840561	-9.102716	0.041527	6.230515	12.280277	37.148222	39.746727	-13.695082	31.235420
	27.264508	2.726789	-23.418535	7.268048	-13.356648	2.337378	31.120643	15.479842	-25.808511
	5.256961	-6.652696	-45.014026	25.025939	-10.288549	-13.234355	24.125502	12.154014	-52.052295
	3.503245	-6.061867	-75.281192	14.984068	-34.483855	-32.058992	-28.364866	9.430202	-98.286384
	-28.734508	-12.654493	-38.693880	24.461178	-24.461837	-18.090500	-21.217422	-10.788032	-49.761578
	-6.429766	3.578139	-24.024670	19.340428	-1.524216	-10.962709	12.070152	30.184550	0.002257
	7.716877	-18.469304	-15.146069	-6.098108	-1.175858	14.262259	12.703908	13.254096	0.896435
	24.669967	3.617241	7.723965	20.835703	12.186002	18.023384	31.549731	-31.102254	61.292571
	-7.215229	-16.140380	24.707926	27.105347	3.622080	24.816322	50.589911	-38.694696	44.940525
	1.302473	-31.442571	29.652789	-6.391147	14.380128	6.607155	42.115761	-52.846433	10.104051
	-12.730883	-13.894187	-20.646396	1.597290	5.675277	-0.744468	11.381221	-52.533887	-20.384631
	-19.093852	-11.989799	29.252103	0.272143	12.885657	-7.672093	-2.553461	-31.887440	-25.388115
	25.526804	-1.967140	23.056669	30.188575	39.933184	-37.565862	62.824031	-16.243915	0.992377
	10.326912	4.654684	-12.685035	15.252821	32.804633	-15.928986	37.466405	-17.517423	-3.138051
	9.816133	10.830383	-7.173536	16.535152	39.804220	-12.811692	15.531258	-19.384806	6.346115
	10.950726	29.002478	7.518844	45.507086	19.100658	-20.864118	30.872796	-0.011066	19.997330
	-0.734359	21.325866	-7.370520	19.291004	-35.028801	-17.947478	1.845513	11.935299	-20.752748
	-2.951750	19.686370	19.471812	34.353059	-49.275941	-13.886850	-20.888091	38.264216	-38.883177
	-8.419919	21.481420	-45.269662	29.247872	-26.470582	-4.163220	-55.721390	56.492884	-52.868786
	-22.975078	13.495999	-29.352720	10.374309	-23.771250	-10.975999	-34.236958	27.706787	-51.432372
	2.100490	3.683427	-49.777497	20.796123	-19.423176	-8.003154	-46.649593	35.813602	-40.711408
	-17.496615	15.075938	-7.710834	15.554759	10.895290	-19.987590	-26.027935	36.750804	-60.974480
	26.928150	18.034559	31.947942	7.524235	16.968538	-19.980849	20.216961	1.171815	5.906609
	32.110561	18.909194	54.862972	17.179931	28.702363	-0.489406	10.084062	-1.332978	41.858392
	12.603973	17.418968	59.883566	4.632774	36.871393	10.037023	45.785835	-22.387988	76.830577
	51.799609	19.061929	70.015441	23.691385	61.350057	15.936257	72.861851	-22.136472	77.880697
	28.765129	-4.656930	68.970147	34.932836	41.576527	35.249484	85.998966	-41.066642	87.877311
	17.992666	3.191080	39.075616	3.877845	45.397659	19.640270	90.905533	-57.726353	26.809385
	19.251923	9.271469	-19.040677	6.198293	35.221378	-2.967326	62.537067	-40.843202	17.360965
	12.881420	0.220765	-28.782804	-2.190008	23.662829	-34.933818	4.017087	-26.830015	-28.715594
	-18.422218	-21.486574	11.617988	-19.405358	-18.117002	-1.698172	-8.315287	-27.887253	-11.182639
	4.597243	-9.537473	21.442330	-15.902376	-3.408395	0.614430	2.277628	-30.868552	33.725558
	-5.156333	-3.127463	23.642861	-8.660443	10.413078	-2.132010	29.893921	-56.361134	-7.834991
	1.085086	10.062943	34.459700	-2.450112	17.347804	8.547338	62.273068	-42.745575	42.413038
	19.631546	1.925035	52.173799	6.849626	2.346812	17.010477	25.765133	-21.157533	56.115025
	5.000753	-5.818500	60.657530	6.232618	2.449005	14.011219	48.568144	-19.044820	74.939224
	44.377170	5.969024	58.515356	-4.333498	33.300351	20.094090	43.228935	-14.602625	82.344062
	34.152759	11.984348	36.592298	-3.248384	41.863237	7.916828	51.513346	-34.397609	41.528538
	-0.065753	18.770383	33.879758	10.095846	12.992679	32.895450	6.036208	-6.902736	41.637484
	-7.306483	11.180064	16.568030	6.353067	-7.578309	25.355380	2.025454	-6.649690	18.951468
	3.073310	-0.409717	19.436223	8.474905	-36.672551	16.497216	-3.230560	9.392842	17.673767
	2.263531	3.370761	-35.988046	38.879157	-21.383311	23.699668	-21.547759	23.736127	-18.075827
	-9.987531	-6.316083	-31.341433	35.162868	-4.217221	8.430477	-10.447014	20.451144	-33.055965
	-33.556992	24.295521	-10.333149	30.750593	22.257994	6.848397	6.357344	20.279695	-12.247288
	-14.327217	26.464681	13.105820	-14.640963	22.597350	32.120752	-35.028521	4.943204	25.035869
	3.808029	17.870826	-7.241158	-18.466385	44.906604	19.308963	-52.553272	12.077858	14.740321
	2.956029	18.952773	17.779349	-9.666177	44.851829	3.579861	-38.891534	13.357309	22.206974
	17.438159	36.479209	20.385671	-2.437453	35.671569	3.835090	-15.716689	18.313469	-0.561491
	5.428945	39.391858	-5.459367	6.083776	29.882922	-25.892159	-20.859235	53.426084	-8.481512
	-21.365058	39.141770	-32.428592	2.738416	30.705312	-7.566765	-38.515362	27.058187	3.738535
	-21.242325	27.060031	-16.763562	4.871272	32.568009	-53.422449	-55.406808	45.735092	-49.246677
	-22.541037	8.697918	-21.860586	-4.699540	37.790196	-35.017318	-36.386331	31.330205	-37.977253
	9.518943	23.907482	3.392572	-12.768462	65.862199	-0.511876	-12.359504	3.564739	-42.641543
	-15.468680	22.153421	-6.541198	-12.178952	-2.012944	20.699222	-43.988832	-8.054107	-5.770201
	-28.661349	16.868041	9.893853	-24.105367	-26.800925	36.491126	-64.773294	-9.621605	3.188622
	-5.182581	28.842247	0.242337	4.067928	-44.694459	38.983949	-17.717005	-1.568610	5.034994
	-15.683527	20.599200	10.069002	-23.046468	-32.440738	29.320729	-0.920003	44.865727	-0.073591
	-1.766686	13.578937	-7.120511	-11.056739	10.650774	2.833522	-37.070998	7.760672	-0.348370
	6.080289	8.624321	-56.086548	12.987738	-0.028683	-30.401154	-19.685115	16.751952	-50.291951
	-4.329749	-26.606107	-60.758927	-18.516657	-4.446571	-49.717124	-52.290952	-1.906304	-64.969790
	-16.997451	-12.024865	-72.446479	-11.734668	2.467667	-44.189875	-35.611621	-1.780417	-67.968096
	-6.682245	-13.852245	-55.306133	-4.421940	-10.335186	-32.794846	-47.713073	5.268387	-22.248363
	2.204510	-12.595372	-46.861887	-6.313200	-24.049620	-5.004529	-20.097707	-3.385743	-56.654426
	-9.231605	3.007270	-45.982127	14.965349	-21.358452	-26.717424	-50.666123	0.137169	-58.233734
	-30.335969	-7.914418	-64.425933	31.220480	-21.308134	-35.746067	-43.264709	30.605498	-47.506770
	-3.188074	3.019436	-67.532631	52.872281	-17.918310	-14.337406	-16.789818	4.855643	-61.781833
	8.700856	-0.499969	-66.619556	37.045524	-15.668756	-35.056139	-20.493781	46.391562	-92.995744
	-7.132258	-9.733568	-35.209317	22.394408	-38.086778	6.246219	-38.840123	63.216915	-11.169084
	28.667222	-7.672861	-41.295742	30.074696	-24.495054	2.433918	-2.008880	30.335348	-32.961063
	2.009724	-9.362707	-40.597381	44.197028	-56.699665	-9.491630	27.086137	61.525925	-51.913336
	15.399308	8.048148	-27.801166	39.042296	-33.200591	-18.653063	20.020684	49.125619	-58.880448
	-19.294339	17.254805	-45.506844	26.758661	-44.645305	-16.591225	-18.555745	57.999122	-82.523192
	-12.049029	12.254276	-28.979737	30.414435	-46.913383	-24.698077	-23.558054	29.338057	-64.980703
	6.594167	-6.932782	-23.946910	-7.233348	-35.770172	1.486588	-8.612121	6.340765	-30.307172
	-1.340625	-17.547449	-26.757070	4.554526	-5.787207	-21.055354	-18.946595	20.496733	-66.633571
	-14.515636	-17.871609	-43.896540	8.898618	-18.428174	-18.292190	-42.891210	18.347526	-50.825343
	-20.722716	-9.062118	-40.262647	0.545763	-24.292903	-22.654997	-31.699657	2.380727	-20.864522
	-26.491342	-15.270264	-14.767165	-9.923865	-18.548169	-18.726964	-11.040038	15.861603	7.267462
	-31.048379	-15.594628	2.673627	-9.483807	-38.105328	-17.872770	-19.874038	20.031942	-17.833791
	-53.407420	2.639327	-11.954459	-10.182299	-65.225385	-19.729563	-56.641094	39.286504	-18.078296
	-41.195766	-7.548796	1.194198	-15.131853	-67.217412	-39.650341	-34.408169	28.141793	1.671901
	-3.129815	-9.556813	11.921257	11.966040	-36.903838	-19.354593	-8.231770	42.290845	17.622738
	-18.124616	-13.886835	13.083259	16.704491	-16.056251	-7.181449	38.669426	10.997663	20.077674
	-10.045205	-28.250970	20.432372	-8.891436	-6.799528	-13.025936	40.900982	-43.408190	64.171410
	15.026100	-16.355335	44.873867	-6.343621	24.547758	-4.775408	93.961713	-55.548796	84.986360
	15.062827	2.360496	72.227682	13.190412	29.492149	4.812120	84.015694	-58.126026	69.193140
	35.046906	10.270896	81.864894	9.010189	24.702889	48.174803	102.628907	-14.975860	74.765128
	48.530171	35.647609	93.657561	48.025121	50.250123	50.135284	108.870364	-28.375215	75.127443
	29.706574	45.269050	79.652324	49.985819	57.594318	10.109292	81.145980	-18.817116	55.610520
	15.193156	37.231911	35.615463	32.618867	37.133112	36.773762	76.645935	-0.830468	59.771639
	27.572138	9.175531	21.942913	34.731747	51.021560	5.472373	71.023808	-11.691067	39.098572
	28.657129	19.921183	-9.560022	29.336672	4.303912	-5.075187	53.447588	-47.764155	-20.038523
	24.069559	3.396572	-25.147408	20.602003	34.393204	-18.805084	49.747701	-55.763464	-10.972726
	25.663334	16.512921	-29.018472	13.648755	32.514833	-26.341425	24.944991	-26.986130	-36.126086
	1.580150	36.260393	-30.580873	4.215302	2.074772	-13.204713	-13.183811	8.946673	-30.702262
	-16.892454	24.713209	-40.893646	-1.198323	-17.784150	-16.149164	-33.029749	20.573897	-81.019033
	-18.290779	20.993514	-47.793035	-23.185518	-4.820676	-42.098650	-49.767244	19.054742	-52.018798
	-18.546633	20.526201	5.324185	-41.399455	-7.605564	-6.296082	-69.256817	34.009603	-19.396961
	-9.375339	2.671453	-6.161270	0.213942	-19.040251	-15.369529	-37.263513	53.070998	8.877579
	18.266484	-3.293401	-3.768355	7.597356	-47.946490	10.849278	-33.496605	33.599725	-2.347048
	2.829115	-6.699528	-49.882038	26.634208	-46.375440	7.796912	10.144847	47.063763	-68.337574
	8.130310	-12.079387	-99.052000	45.298605	-61.080134	-14.893724	-38.602042	44.227562	-89.967159
	17.866726	-18.755800	-42.053448	29.638495	-32.284134	-32.219563	19.937049	16.544599	-29.213322
	-13.306541	-31.694385	-17.665968	9.133039	-31.994887	-16.904450	-21.009467	25.267088	-22.125422
	-1.286976	-29.624660	10.083137	-24.096339	-4.786192	-26.189429	-19.824116	-6.995142	6.273663
	-11.802719	-23.709102	-12.281371	-34.235486	-3.917028	-3.971154	-35.101457	0.180306	-5.005645
	-22.483172	-7.155694	-19.573768	-59.351524	-13.790720	28.164719	-42.719771	-14.299844	-6.968227
	0.996070	-13.697079	17.247633	-55.693058	0.770981	40.317867	-35.547483	-23.505308	33.974010
	3.858746	-9.484916	78.178974	-55.579914	18.744342	74.152799	-43.478746	-5.236027	71.764687
	-5.823606	-8.952395	62.142963	-43.755947	-9.613936	82.569557	-43.228373	-13.910104	83.524376
	-3.681230	-25.236087	56.763912	-54.249931	-23.648953	44.167334	3.677871	24.606614	69.972535
	4.136603	-7.621307	29.549887	-51.959174	6.553539	33.368169	-7.322128	-10.456806	36.329440
	-1.899354	-2.621029	-21.474228	4.893638	-19.706625	22.108399	6.842937	22.717935	-6.373744
	1.072461	23.656810	-37.907397	38.157368	9.276827	-5.492823	37.244383	15.783054	-17.271961
	15.410473	-2.649847	-14.893947	55.617572	-2.403835	-8.665313	28.494012	23.802523	-48.872102
	-0.573133	-6.521536	-5.235361	22.156127	-1.344110	5.163132	14.522613	-11.854873	-9.425425
	10.007155	7.526098	21.824213	22.564376	25.319763	-14.984856	58.843691	-27.653252	16.734265
	2.573228	-12.565281	7.762409	13.395633	45.247928	-8.280442	44.647983	-31.837522	18.928304
	-3.817198	-30.054991	50.824345	-34.383498	16.692373	-5.056316	10.968339	-82.398025	53.325168
	22.783416	-10.872414	54.948230	-8.147060	19.986333	-16.200573	43.492720	-58.823701	15.966029
	10.060338	-6.343771	48.542539	-1.847464	38.129226	8.986940	46.762015	-57.650091	43.478236
	18.354506	5.582982	49.432092	-3.129694	4.883435	26.892099	32.196966	-5.683076	59.547073
	10.020377	-4.103376	20.779654	4.917601	6.594760	-2.670892	23.558253	-8.437765	27.713904
	7.047565	-10.924881	32.282971	-27.885587	-2.787459	-18.793970	24.431527	-23.165086	55.509485
	16.410713	-16.491653	28.107999	5.685207	20.578990	7.144808	22.393881	-19.181448	60.775991
	-9.037847	-25.209893	19.476265	-46.024961	4.724222	24.037688	16.164018	-18.033798	56.927835
	-26.856037	-21.660821	8.698224	-53.636257	40.491587	-10.146462	-4.424842	-12.126347	25.355771
	-16.640331	0.444231	-9.532645	-45.273162	2.622060	7.692295	-33.494083	-7.635981	-26.966920
	-0.122075	5.254914	-2.250514	-32.664193	0.811715	12.679624	-39.887411	9.400796	-20.175746
	-24.213828	5.375481	-9.559875	-8.020772	7.936599	2.417332	-38.049291	38.192976	-12.073395
	-13.950173	-12.161601	-6.385455	-5.917580	-30.926239	-17.610546	-13.951303	14.539458	-29.465895
	-12.584923	-40.481538	-28.718913	-16.011950	-33.939444	-7.567724	-21.649351	-4.963677	-38.468261
	-25.047468	-35.018478	-20.038960	-2.657792	-45.220783	-18.085654	-36.747514	-4.093032	-26.734118
	-8.434697	-24.636189	-11.988259	-18.809267	-4.348299	-6.250229	-20.050270	-26.904370	-2.408409
	4.350509	-29.364357	4.932373	-15.938462	9.612188	-20.198946	13.361706	-37.836772	-9.825676
