	-29.334325	37.955020	-6.463556	32.509774	27.421262	-69.056888	38.004723	36.365075	12.335731
	-8.887770	0.173444	-42.229586	0.289639	0.445026	-44.156167	35.435546	-15.227903	2.803863
	-23.498137	-37.425372	-66.048036	-28.685002	-14.791416	-71.342925	12.097934	-6.544558	-23.983149
	13.594790	-59.300333	-19.132949	9.706803	20.167485	-41.272601	0.900139	-22.772907	5.601037
	79.522432	-41.071743	24.789981	-2.695478	39.093833	-23.079756	22.403592	-61.058363	55.183310
	77.132179	-22.898208	30.308971	12.233497	55.993873	-7.418162	72.851951	-27.711478	86.310024
	48.882602	10.090779	7.619644	25.144810	18.506294	-33.091498	49.507974	-22.325556	34.379003
	25.989026	-8.947807	9.962876	28.296062	-29.745694	-14.806797	74.251031	-22.790290	14.925351
	83.520738	-28.351722	27.856857	37.920055	-55.358985	40.353219	36.816482	-20.616711	55.861226
	87.458115	-69.458061	30.916657	36.505913	-60.025649	39.638157	26.382684	-31.626096	103.260152
	45.599781	-39.879767	-21.071634	19.412079	-36.211927	1.669225	27.931489	-4.462800	0.268487
	34.002803	-19.399796	-60.246237	39.138432	15.528866	-21.318943	62.813629	-25.317373	-37.178033
	29.017192	-51.234500	-47.504384	23.711689	53.861512	14.716935	30.420066	-36.921970	9.093560
	48.885814	-64.410051	1.832247	17.419737	71.464619	21.147497	43.716536	-53.057628	34.803021
	37.865585	-29.167405	20.833797	59.144742	42.619367	-18.952224	67.773225	-49.775198	8.466158
	17.824601	2.462836	81.555463	59.272818	34.309126	-20.917802	63.767432	-25.082030	10.693722
	53.805656	34.677880	86.040899	24.256019	-12.846376	-5.320176	57.233959	-39.509164	9.172166
	56.010270	25.339489	41.805001	41.218583	-26.488148	16.034201	41.899144	-51.602234	12.993826
	10.336638	55.336632	-24.399665	-2.794091	17.432023	2.368004	37.252928	-6.436434	-44.188649
	-0.279915	62.565285	-49.650215	-7.451400	-21.092193	-20.750349	-22.525638	22.438471	-35.750997
	-19.313309	36.803048	-1.961439	-29.131844	-50.237609	-19.222082	-30.520568	24.557968	-55.267622
	-8.744976	-0.473935	-20.123668	-55.665661	-72.150281	-53.716754	-31.099997	22.267836	-64.560283
	-28.834570	-28.910470	-13.939475	-61.942739	-68.053847	-23.406656	-68.397860	2.563283	-45.283268
	8.866808	-38.396773	17.538800	-30.775618	-76.165851	20.656708	-68.014303	-0.373447	-22.923865
	15.596020	-29.780256	7.473002	-0.724654	-74.861921	4.902882	-93.036102	-2.190733	-27.649816
	-12.676919	-50.692804	-31.992961	-51.147130	-136.465812	-12.879183	-133.498748	9.067609	-91.660521
	26.875933	-27.422257	-57.616673	-42.762178	-62.793471	12.526164	-97.296926	8.027451	-13.098438
	-25.503747	-38.112545	-35.692218	-60.159114	-40.748243	40.262160	-86.920364	-11.380140	14.736672
	0.476373	-46.728021	-7.651086	-68.979063	-100.338841	66.861097	-119.837718	20.356967	-0.690599
	-27.140975	-33.014669	-22.549871	-25.314378	-39.176395	26.370518	-48.846686	-8.608273	-1.228452
	30.879205	-39.849458	70.400697	-51.918192	-30.295279	84.172811	-59.958873	-47.485227	71.108393
	48.704904	65.390118	171.623268	4.115344	37.750584	51.137442	16.562643	-25.549200	68.627093
	17.602218	-7.060641	107.503908	-23.174521	38.950959	79.956615	23.395487	-86.142901	93.178971
	34.824092	25.506242	104.655252	-34.416913	56.093068	82.007611	18.775324	-41.651510	115.217444
	21.008431	45.562301	96.162085	21.287763	44.797893	57.368517	56.511463	-12.557272	115.086927
	-14.944348	27.841108	30.992671	-23.421779	42.382782	16.199883	22.206022	-11.232421	89.993312
	0.145883	-1.406638	3.410553	-71.494329	-34.412063	17.717991	-39.205353	-39.619971	32.223871
	4.807394	8.611471	-0.211671	-29.913772	25.881104	52.211985	-1.221853	-24.155656	43.194816
	23.817580	4.351123	-26.549607	0.952101	1.858487	12.458190	32.348042	-5.613494	21.221559
	-21.652726	-22.877631	20.297855	31.736470	-22.214073	27.025381	15.021859	9.372858	3.662397
	9.909835	-55.584271	25.122568	-5.211651	-23.320512	18.535631	-38.866593	-22.848756	23.731598
	28.965320	-39.045510	2.529248	7.445435	-15.057767	24.473382	-18.327804	-33.059976	57.183915
	36.586054	-52.913440	6.225952	10.290272	1.134501	41.036569	10.437950	-75.840293	61.076122
	24.721777	-89.003632	37.226769	4.715679	24.363277	36.546414	20.180915	-79.341016	72.638904
	22.710047	-59.804637	9.250383	-34.885614	-27.233985	66.913657	5.717930	-53.009571	28.660069
	35.753531	-31.965080	38.834620	-46.132373	-3.116027	67.228562	-35.277574	1.275647	49.351391
	-1.580878	-12.143011	54.582505	-67.817229	-31.563296	40.672574	-56.720285	-7.653979	32.662487
	-22.636626	-44.189194	84.417059	-71.138692	-0.987421	47.482077	-40.923021	-37.348193	65.266085
	17.272083	-31.273919	44.730950	-51.442737	32.527038	39.843520	-20.323400	-25.173834	56.274279
	-11.326051	-8.706250	-2.869321	-33.159156	46.557849	21.282313	-30.820573	-34.733796	-16.066326
	-3.099941	-13.874519	-17.361911	-64.095581	35.579542	-0.957542	-85.454186	1.051422	-38.937026
	-24.168676	-16.477907	8.944062	-96.934758	34.071500	-6.936393	-57.150663	-22.002502	16.622975
	-45.250752	-37.219332	-39.207298	-62.558142	11.448859	-39.081890	-62.362735	-12.196400	-33.994693
	-25.993518	14.150956	-44.614365	-38.297566	5.160509	-17.459618	-39.289247	13.877788	-42.698501
	-38.325946	48.457922	-22.936097	-54.197929	-2.943039	4.195649	-34.175632	-16.245663	-44.148168
	-8.239374	9.419806	30.039329	-42.786401	-13.050212	34.977040	-47.998183	-25.282102	-32.816356
	0.682358	0.499678	73.189909	-99.355411	-3.534712	30.219993	-60.880373	-44.535215	6.712861
	8.524473	6.823738	49.226658	-70.978188	-40.681476	16.321954	-32.943732	-40.310013	1.964847
	5.569799	-4.198931	74.438524	-46.522810	-63.883361	54.384546	-46.432186	-19.388355	69.154237
	-0.861366	-68.152038	95.611295	-43.996416	26.711053	55.335844	-27.045268	-72.223097	112.625192
	-29.182022	-51.328181	77.568632	-59.738634	-10.885583	40.664206	-47.385341	-125.137698	114.554532
	58.650888	-25.601865	37.599123	-9.417330	2.384999	11.650179	32.770108	-68.821177	85.593924
	48.527660	-15.855496	21.563568	-3.631123	39.951284	27.567107	56.959652	-80.878715	72.217051
	23.456186	-0.149029	12.246934	-15.937599	27.674381	4.881955	13.634246	-25.915542	-17.999067
	3.135297	7.632283	0.728834	-15.401486	-4.302238	-8.713287	26.607738	-50.812740	-10.156381
	10.081351	16.949122	-9.409633	-34.932238	7.519849	-27.778893	2.794041	-48.234762	-25.239169
	24.957684	33.771664	-47.760680	7.641915	72.797427	-9.497740	52.333807	-40.909638	-4.879249
	36.336983	32.680501	-9.861752	-3.537183	75.000711	-5.166869	41.533681	-19.971984	-14.974579
	32.821245	25.313892	34.624073	33.589791	28.045848	-1.886062	36.259240	-35.082815	4.339372
	24.858357	36.179385	27.995836	6.180401	0.495792	-5.725968	3.154512	-10.950483	6.203564
	14.558653	24.108779	14.687137	-9.490590	25.406221	1.995939	33.948483	-10.453000	30.678509
	19.685731	-51.821704	48.330466	-50.289028	22.810060	23.131423	16.876538	-77.043021	72.393564
	18.632117	-74.355419	48.961128	-49.862672	16.189205	11.011173	47.193936	-101.793777	39.378701
	0.712014	-36.384227	7.276868	-49.880017	6.681141	30.166318	-9.864856	-63.289908	28.174510
	5.056650	12.900498	-59.941910	18.692878	34.226344	-9.989621	61.774564	-6.804985	6.008080
	17.048379	9.404402	-43.792506	50.853794	81.939265	3.174877	90.732185	27.321564	18.995365
	-9.371340	-11.933107	-28.545843	33.393873	29.361596	-20.717561	61.748113	-0.438344	-42.749942
	27.039273	-37.820085	-54.993845	24.473807	-12.955242	44.324975	17.623043	-12.631011	-29.270164
	51.809908	-48.191257	-63.199847	93.660350	-31.692847	22.790504	53.868907	2.410113	-41.720264
	19.124249	-3.591281	-53.589133	114.307035	-5.996655	33.074364	86.449390	39.749146	1.700377
	7.419789	17.030405	-38.787097	90.667898	-37.217748	13.847467	17.813771	47.917543	-57.941266
	-18.177127	21.890184	-15.013235	14.668006	-12.931816	1.903984	-30.628765	41.936398	-4.900084
	-8.797420	13.290194	-38.712613	-39.781523	7.289128	-45.387276	-68.096430	17.252660	-53.515004
	0.589722	40.305382	-75.976379	18.551500	2.268026	-33.547234	-17.632827	34.871319	-73.120760
	0.458276	63.360663	-31.534030	22.762953	19.491478	-17.451649	-5.338218	45.988298	-62.334638
	-2.953433	37.655287	-59.047214	-4.287595	-9.208031	-3.562385	16.539084	33.824066	-114.081197
	-45.793413	26.181113	-35.557627	-25.329305	-25.279783	-9.066114	-10.974593	-10.513713	-75.688966
	-53.190938	46.463213	-47.825162	-15.709291	-39.012272	-9.747708	-32.569218	70.559477	-52.834152
	-20.736711	54.524429	-53.472656	20.682942	-21.776296	2.554408	-8.509469	74.751991	-45.706663
	6.374803	-22.527422	-27.215236	42.242929	-34.287962	38.886785	-12.730307	35.002188	-38.549732
	-12.156910	-31.960229	2.715976	62.390033	-57.347614	24.038515	7.793570	13.096732	-4.774710
	1.616274	-34.062237	-97.675229	80.817332	-86.093473	16.499001	-2.931637	35.140272	-34.708998
	-14.832831	-47.193345	-75.458280	52.014755	-43.157778	2.110099	20.928534	53.913655	-21.486936
	-4.818322	-60.604414	-4.610454	-15.487636	-0.126583	-5.215958	4.425811	-14.812768	89.055822
	-45.240874	-59.912832	25.572843	-11.825237	47.347075	-29.251094	22.545853	-40.135501	34.740598
	-28.797841	-60.430421	-0.594089	-7.839396	52.294341	-20.386439	2.586058	-23.568574	68.033842
	-34.123142	-57.804887	-50.093360	3.384050	99.540695	-44.131080	13.082092	-35.482051	64.270475
	-35.230164	-76.783325	-0.117122	6.541305	61.968299	-29.536742	-2.119064	-33.104079	80.971012
	-59.544932	-91.973875	34.072090	-19.068555	77.733511	-32.027596	-19.813702	-73.952488	54.189747
	-44.584689	-94.282649	47.402841	-55.576632	64.227518	-34.981760	-57.895912	-55.838323	77.140101
	-38.041294	-72.132099	76.649704	-55.214938	31.872727	-33.066476	-43.586897	-35.827409	74.068682
	-40.151407	-70.255735	95.187764	-15.487029	46.629798	-59.225316	-27.333832	-42.329386	44.663958
	-38.321185	-73.977648	41.285194	-65.147919	74.211701	-51.049200	-44.614364	-50.783665	39.586650
	-23.201677	-64.663615	79.047025	-61.293286	78.330170	-37.484592	-39.326409	-59.143987	23.463335
	-37.032156	-50.898745	109.744730	-46.200501	76.510737	-66.717872	-23.126226	-31.470035	14.813356
	4.932484	-33.774722	91.624508	-8.192708	31.189843	-43.308045	6.867687	-36.295014	67.456582
	-4.618668	-34.668807	99.138744	5.185357	-3.250462	-25.317181	-7.920629	-12.799717	47.317343
	-8.510609	-31.368698	82.440136	22.064237	11.536712	-24.611637	21.258535	-16.707739	5.485900
	5.192356	-41.339022	29.421020	50.147202	21.161354	17.200842	21.722553	-10.401710	1.578421
	34.881666	-74.511444	36.303129	6.638886	-32.008552	48.195255	9.203269	-53.700342	27.443591
	34.004717	-53.049112	17.586086	27.763685	-51.744640	29.988357	8.337861	-4.803346	45.354319
	10.759241	-27.775723	17.091980	71.833978	14.800664	10.289811	9.054558	-4.315901	60.913738
	11.306374	-1.137737	-4.272195	74.407836	43.117060	-7.754528	46.528789	4.396960	6.217145
	-14.586245	5.581950	-78.575424	57.119239	18.500317	-42.571253	10.762317	35.494286	-60.433664
	-7.866791	24.612688	-112.146100	30.750319	41.249345	-48.588386	14.245622	59.164979	-72.035366
	-3.778375	-38.085004	-50.380408	-24.336845	22.288323	-49.002773	-8.750347	-14.991406	-50.761198
	-0.275678	-59.793317	-40.620394	-2.250481	83.812053	-25.761307	8.843331	-49.695710	-0.629009
	-24.242928	-76.512521	-17.012032	-31.843656	37.247157	-15.120656	1.666939	-68.754774	30.157493
	4.450573	-59.333789	53.437483	-12.486097	4.402186	-0.428114	-1.583473	-41.343148	-0.735312
	27.851164	-17.966383	6.434651	17.153965	-27.763617	27.283170	6.685417	-49.021035	23.178079
	16.700261	17.553326	-15.222254	43.331401	14.849713	4.105529	8.714729	3.415117	4.062501
	-14.077382	36.340685	-90.625063	85.989531	19.740924	20.589295	5.207712	52.493087	-65.332791
	-14.287175	45.184134	-117.020908	45.664628	-14.137995	-18.669395	22.140140	85.042790	-93.345775
	-11.358437	20.680748	-98.951456	14.401717	18.631960	-32.796207	9.872758	50.555771	-40.330627
	-15.885661	9.366078	-66.655063	28.978234	-9.556308	-24.892822	37.208901	37.201792	-8.496692
	3.827188	22.628405	-65.754873	63.028482	18.878010	-3.250651	23.061961	38.804354	-25.356710
	17.847261	2.568134	-70.994739	38.673372	11.726164	-6.882489	16.671362	19.263319	-29.975144
	7.495037	24.070638	-62.972182	33.245011	47.246599	-48.661175	53.485805	-11.833779	-23.420310
	4.910998	28.021193	-54.543137	19.105858	22.409534	-36.801384	68.425032	-12.263782	-15.548839
	3.369009	28.836830	-9.741354	43.020670	-47.060888	-14.518534	28.651836	-7.555320	-38.402876
	3.204756	43.729071	-3.621697	43.105877	-72.211516	-9.229272	-0.561782	26.151472	-50.058354
	12.935172	103.388832	33.919161	32.742985	-40.962467	-11.253645	-11.373002	23.190352	-57.619403
	25.914698	102.792698	51.720884	0.022501	-18.929235	21.507405	-17.450570	63.849614	-20.458443
	44.389891	88.971684	45.973692	-21.575036	4.114000	8.199631	11.477048	65.616697	-37.507472
	-31.049733	93.809928	9.052625	-38.413321	19.194508	5.354106	-20.418878	46.728658	-48.778308
	-17.467069	98.420918	15.757962	-44.160172	8.764805	-17.843358	-32.524716	63.038763	-80.616031
	-23.852216	92.659312	5.141987	-31.632848	28.689009	-6.056198	-13.339553	31.616057	-43.659203
	2.325719	73.016268	41.163638	2.634380	7.557136	-9.656165	-24.834522	29.061062	-35.920009
	26.109641	82.484642	110.827020	49.122859	-10.497646	-12.000183	30.305164	24.406892	-21.253568
	24.243421	107.499188	129.427277	41.929644	-29.719755	-30.444540	51.670247	33.021606	-5.908401
	3.796868	89.759839	134.623660	-8.830206	-3.570158	-33.248912	48.588607	13.061225	-11.211686
	-5.331421	89.044075	140.650176	10.210962	-6.875147	-49.425352	17.654817	0.264413	-29.524332
	-15.500615	115.139493	130.699010	21.255186	-1.348876	-47.074759	24.651844	29.968973	-33.248959
	1.458283	79.980856	94.573402	42.072582	-18.735744	32.693367	19.961921	16.539937	13.542583
	42.996739	29.586095	43.519948	55.942167	-26.744583	28.004572	53.273782	21.813664	1.757640
	3.114200	41.629918	-19.715751	55.979618	-50.721698	27.483165	26.450443	44.575267	-17.833067
	-19.512998	55.030578	-19.953288	18.335361	-79.432138	4.124951	-24.871364	56.004517	-22.795512
	11.686796	64.147949	-21.002619	27.698574	-69.538350	23.745245	-4.150904	70.863039	-10.469290
	-5.835866	57.423472	-22.298664	18.456622	-32.231100	15.392199	-13.347721	58.989513	-36.486683
	-28.833946	66.131271	-34.459073	-15.093317	-3.109393	-7.308116	-50.955522	62.435911	7.253573
	-49.873682	34.591979	-80.764882	-32.129840	14.443578	-25.264161	-27.621276	70.413453	-44.900001
	-21.878754	9.677366	-83.192420	-63.635219	30.216667	-19.408488	12.234807	34.124216	-18.440107
	-16.980897	0.384044	-56.482432	-52.406844	3.526186	-13.192878	6.818423	48.101951	-31.763899
	-22.886972	-9.618148	-47.433985	-36.173327	-23.249158	-18.253317	-68.018186	48.457441	-23.272880
	-29.519727	14.840085	-45.603205	-35.047714	-25.280224	-10.820821	-53.496835	62.846318	-18.576197
	-58.858601	17.572955	-9.520583	-49.859456	-17.680113	-43.055892	-57.658456	65.451225	-39.667822
	-49.641003	36.552434	40.596421	-34.327495	-7.659873	-21.264541	-39.558509	33.433866	6.867431
	-4.200951	53.837687	66.870603	0.409574	-3.932637	-11.869517	17.745976	9.082836	25.990179
	-28.457932	54.731778	81.470528	20.506632	8.139353	1.007623	22.493545	24.196334	5.987449
	-0.075889	78.761237	34.491621	28.158624	9.651544	-24.656572	30.409070	66.759001	-1.407096
	-26.030489	86.342225	60.309412	41.434421	13.698268	-10.886446	51.676723	32.666257	-1.909877
	-0.380671	85.832135	1.578624	60.634342	15.882717	-44.870291	66.473772	68.180330	-34.473502
	22.333141	35.895475	-4.797707	78.320937	28.251832	-26.092851	100.955229	69.304907	-16.527965
	-26.928585	6.471841	-42.680654	68.629660	23.585176	-10.018942	52.664911	36.266173	36.031221
	-11.838451	2.998011	10.384937	46.900644	22.874720	-16.831687	56.356183	15.750706	13.304646
	-11.245635	24.243491	0.846189	69.190670	-6.715262	-35.826161	53.407724	7.509247	10.503197
	-9.108901	22.378919	-37.028294	45.690583	-1.057691	-4.496397	8.929791	32.240352	-26.279747
	-47.853657	8.520829	-60.126367	-14.596718	-35.312490	-22.012505	20.781501	38.902678	-22.567660
	-49.622356	-0.761442	-61.327602	-14.923246	-30.987968	-46.372638	-46.205459	24.202625	-30.344893
	-8.838602	2.135964	-37.058090	7.491222	-14.755876	-12.565865	-1.139348	-4.919211	-15.551050
	-15.327697	11.216953	-50.566520	26.312215	-3.490119	-39.808296	14.549866	22.048161	-13.020864
	-30.677598	15.889511	-83.054607	26.175714	-8.334357	-19.199179	-3.551861	39.820353	-38.105845
	-35.428311	12.528663	-75.370739	30.191934	-27.970751	-27.132256	-1.675501	50.864139	-27.297391
	-34.766823	31.429042	-35.769213	12.159606	-33.362249	-31.737175	-8.419986	34.704161	-57.904620
	19.784476	38.888298	9.109656	41.314837	-66.400356	-1.079110	-0.076332	25.387135	-46.986033
	24.159339	27.192725	7.291035	39.961106	-70.187769	19.583846	16.972961	52.352812	-37.046188
	-11.938969	38.280934	-33.128090	37.081498	-49.429372	-8.777742	21.685605	68.015659	-31.428321
	21.150025	16.528972	-22.986405	26.167490	-15.638461	5.063013	13.182375	52.483687	-12.900912
	-32.200821	16.299309	-29.110170	16.510348	-42.383008	-7.880211	-11.101933	58.883157	-14.804804
	13.173936	10.241907	-44.355309	4.604115	-79.760582	3.138920	-12.453529	57.458510	-39.584586
	-14.790333	3.037977	-38.003196	-22.030104	-76.061377	-11.410116	-52.145347	63.800837	-54.759320
	-1.592319	9.091888	23.640836	-43.135311	-57.895593	14.209358	-10.202280	61.354532	8.547134
	-21.518407	-8.105717	32.967803	-58.985798	10.235412	-21.349974	-42.561409	64.935910	43.974411
	-24.879750	-8.289909	52.798243	-45.254413	33.108016	-46.980548	-36.456945	45.918896	3.741212
	-24.721640	15.252268	57.969888	-72.493917	43.703096	-48.629484	-28.308340	44.122351	-32.564883
	-19.519128	45.485520	47.776690	-10.656840	29.893009	-28.887557	-14.461685	32.730433	14.997776
	-30.191893	30.779568	43.051850	-27.721264	28.435213	-44.395764	-32.715191	27.601476	4.132412
	-5.754155	94.915931	-17.846659	52.525412	78.317215	-32.967464	7.680313	92.454981	-46.295576
	-53.227169	57.156215	1.218332	3.627354	68.634661	-1.453012	42.687797	41.999749	-34.073000
	-8.167307	24.003102	74.223307	-14.254742	29.943017	47.498575	10.684829	9.807562	83.246906
	16.933485	-27.724116	47.361533	-24.845332	-17.258651	76.769278	-10.996754	-7.963371	112.481425
	-17.188557	-32.624434	-12.150171	-29.125835	-9.555115	47.352348	-19.092762	3.792306	60.039570
	-46.271976	-19.702690	-42.104425	-71.224250	-12.043792	31.344453	-51.133478	13.021337	27.655428
	-5.810055	-2.639575	-20.464894	-82.877637	27.856057	15.890054	-36.212705	30.110880	-33.540453
	24.047928	10.110338	-57.495699	-45.795507	-29.611603	15.490371	-50.160429	25.186027	-59.622447
	-39.308497	-2.234642	-59.853308	-36.849176	-48.378578	14.339006	-81.573276	48.803773	-105.140678
	-12.361098	-5.527141	-47.415969	-11.541268	-31.452435	8.215058	-65.272515	29.645705	-78.613161
	-9.075278	14.176754	-71.514236	3.707160	-36.974874	4.413636	-37.869752	14.891946	-42.550406
	-5.973180	21.275997	-40.141798	54.308722	-17.813730	20.470442	4.502899	34.679936	-72.877962
	-28.689071	31.282706	-76.404684	55.760002	-17.178826	-18.828840	21.347578	42.825723	-107.535272
	-41.030466	3.285530	-74.164091	-23.728795	-43.937063	-5.440572	-59.849407	25.687802	-116.215647
	0.562823	18.537173	-37.712564	-38.600006	2.457115	0.133245	-29.536635	22.936735	-78.849103
	5.230193	-19.348099	-9.513305	-16.998030	-23.082247	11.027719	-14.824193	15.487702	-36.159839
	34.016542	-28.602299	4.773610	15.592981	20.843956	27.751150	21.080856	-15.318102	5.253133
	24.211682	-59.539513	72.081875	12.439613	-7.815588	77.339862	-6.641832	-57.358556	42.442624
	43.791685	-49.257030	78.178030	-2.712648	6.595807	73.121471	29.924574	-81.059437	71.870847
	59.455028	-57.510470	96.251241	24.458438	17.035121	89.151794	74.839436	-42.694632	113.505555
	61.782912	-41.704921	-8.024573	71.441798	29.348962	18.906514	73.532015	-44.261029	108.201963
	54.681862	-6.931202	-5.885209	119.825158	46.096981	-29.536912	102.888546	-43.734067	80.482001
	86.896865	-0.254499	-6.501135	120.842259	49.367430	-31.658261	88.377205	-48.302913	52.207232
	39.611575	-8.208340	-21.385801	82.568482	37.259538	-46.608217	53.919364	-48.922338	44.175926
	43.782736	-29.712948	15.332988	52.497158	68.674327	-11.218393	34.614503	-84.119296	49.232573
	12.759127	-43.709446	1.283695	10.350484	48.405206	-16.467678	28.452291	-75.621185	31.737346
	18.705069	-74.992540	-25.742432	-25.773037	19.083859	-15.326109	7.201744	-97.506575	25.199982
	-17.910960	-43.405538	-20.244870	-35.380495	0.347833	-4.151372	15.645035	-122.697623	34.497737
	9.780384	-21.239935	12.815944	-34.867232	25.784748	-34.945344	23.619503	-74.831248	26.831146
	-13.005116	40.724034	-6.100137	13.131820	75.989345	-43.439102	54.389514	-47.489680	24.966945
	1.561268	-13.872795	-31.402178	18.721303	15.492263	-16.901172	28.456342	-48.116844	-11.730267
	10.257375	-36.434709	-3.448471	-1.120125	10.572575	40.417666	24.637733	-57.805902	12.560152
	10.529850	-93.190995	-28.184891	5.401673	-2.534201	67.198249	40.037436	-78.433648	64.088375
	33.770099	-71.683901	-20.564324	-0.477979	41.827494	28.485086	19.890029	-70.642351	24.508920
	37.700992	-30.341612	-41.198279	28.790027	13.815958	6.574100	78.968298	-28.383665	79.309890
	13.968203	-33.357043	-31.765781	27.004505	11.351688	35.045676	27.308776	-32.819727	42.643679
	19.414623	-96.101214	5.094992	15.595424	24.398756	62.883660	22.122219	-74.829378	82.469171
	10.756120	-87.435141	13.135440	8.348920	-1.679140	1.471538	40.926687	-98.174959	105.015219
	0.404309	0.266237	8.444834	-6.680072	-2.046710	4.300530	-10.223078	1.254150	8.210754
	56.068166	-72.098027	50.000524	-2.744764	-32.967976	77.797368	47.257765	-62.313489	67.646601
	-19.243466	33.052904	-63.331150	30.807464	16.092096	-83.569368	12.842969	22.951525	-73.483088
	-26.665091	17.669631	-13.782109	-10.227281	31.019718	10.359986	-18.346923	13.285220	-40.102217
	4.571423	-36.254252	11.405338	26.723307	-3.809319	32.072856	-5.424224	4.153788	-14.375071
	32.783115	-42.269319	-2.386996	-3.351599	-8.823475	-7.888162	11.907995	-10.694305	37.839937
	-11.084013	-43.129558	28.814989	42.763670	-6.013966	-23.249582	39.687718	-47.422500	9.755609
	-0.170274	-6.060021	18.080454	15.747699	26.901271	-24.734218	-10.441228	6.082596	25.690652
	-1.241137	-8.470428	-25.319819	-11.522081	43.385428	-2.681267	21.459945	1.798612	6.481086
	-17.310886	-50.251131	-14.804517	-30.004329	54.789462	-21.812639	-12.003169	-39.846316	-9.630624
	-6.186646	-15.850555	-17.001915	-21.934921	79.035599	3.219939	32.200521	-75.874327	-11.975084
	1.818021	16.672168	-1.800433	-22.534391	78.536982	-29.655957	22.471381	-42.944982	-16.878420
	-24.786217	36.251595	-8.259851	4.836456	43.480115	-6.978036	10.138885	-24.579223	-21.902897
	-33.387357	13.600098	-44.937932	-15.816411	59.576939	-45.631097	-1.635286	-17.273113	-14.557829
	-17.009851	-18.649582	-47.309956	-23.733125	77.003516	-43.040823	-20.759054	-16.597042	-43.530807
	-9.918330	-73.663099	-48.995385	-88.549240	52.961248	-19.713712	-19.135653	-49.821977	-23.297268
	-2.091929	-70.862346	-42.972094	-56.716629	11.535247	0.643926	-45.519029	-66.303707	-31.303945
	-6.664871	-85.080988	-34.611523	-51.879943	-23.933116	19.929351	-61.713129	-56.645281	-15.394826
	25.830392	-36.801377	59.691032	-18.274548	3.078772	47.115687	8.194131	-52.618193	41.437359
	30.843629	-51.524672	16.108465	-17.805321	-6.137193	45.940755	3.683724	-30.777602	51.057215
	-11.182861	-46.887682	70.522751	-61.802919	-29.373574	94.511313	-34.155673	-44.178255	60.430949
	12.791587	-14.317861	122.904910	-46.056472	21.477053	95.857584	-42.725543	-12.714805	92.600990
	31.178222	-81.014353	67.745007	19.545133	-39.875586	89.484606	-3.576056	-18.155625	81.775794
	42.059076	-60.394731	20.961343	26.160425	4.275817	44.481135	41.496715	-49.889559	56.975373
	21.124540	-29.882028	-35.425852	43.294067	34.176969	-3.521245	51.404483	-10.882925	21.662328
	17.642713	1.055934	-60.290818	79.171693	-4.516755	-5.309980	36.355610	31.999424	-29.571757
	-28.707317	26.138846	-5.009503	35.468680	35.025322	-21.769779	64.891560	26.736168	-14.069913
	5.008254	39.595010	25.014364	28.414962	21.148381	-18.553263	10.385430	11.368004	20.202671
	32.457770	90.297679	65.723797	32.555430	-5.459753	17.667949	60.126920	10.125639	26.952475
	14.291640	77.527710	-36.376903	113.742461	-31.237144	-7.689498	65.534247	28.459566	-56.243788
	6.895836	21.142072	-86.667673	24.878667	-56.467103	-9.752590	-13.344025	29.695020	-45.785298
	16.663790	27.846380	-37.388853	19.062765	-48.904425	-5.275259	4.376867	7.616091	-19.045541
	-14.535677	55.001932	-13.092785	-14.105778	-17.494405	-34.170896	2.594238	20.415012	-18.778056
	-2.963920	39.783985	-33.216676	-8.012546	38.720177	-32.550370	4.487042	14.162333	-37.138926
	-24.134341	49.146337	-61.595693	-21.455075	34.585469	-61.701330	-30.194217	6.759318	-81.980067
	-12.787867	59.668514	-55.004658	-19.440814	-14.287871	-20.956170	-17.333856	50.684891	-47.821936
	-19.064785	48.191743	-52.818325	15.339518	-27.162167	-15.173328	-43.120580	52.536864	-67.093155
	-10.360520	48.480267	-53.474104	4.883696	-18.273203	-16.889944	-43.247682	59.316402	-68.714696
	-56.530976	58.517776	-67.741367	17.613357	14.262737	-22.784822	-35.326917	55.701008	-54.779654
	-14.736987	63.764442	-51.669064	-3.560027	28.136334	-10.820368	-31.057526	71.959806	-90.237693
	-24.146642	64.521175	-42.645320	12.425609	29.856658	6.215135	36.040162	35.699566	-62.734189
	-0.729278	22.561267	-55.249578	7.486366	-30.364080	13.901581	-18.123962	32.086994	-36.493632
	44.874628	22.431957	-51.152456	19.647508	-35.551502	23.043872	-18.778040	38.832423	-21.399265
	20.255141	12.225213	-76.299367	21.821377	-30.138765	-1.398315	-6.354366	39.020684	-33.536200
	30.914861	28.273735	-37.528051	-7.407641	-33.977498	17.156391	9.910857	45.839233	-36.565594
	-11.636628	14.921657	-88.943343	-45.086445	-29.400771	3.214017	-50.857983	30.116834	-59.047309
	-52.846575	37.834367	-69.574418	-70.025689	-31.233590	-6.091275	-63.616586	39.020348	-75.604705
	-28.113134	9.355932	-64.440425	-61.488266	-19.035501	-18.402576	-85.863090	54.653187	-84.921008
	9.505377	-28.806112	-38.011364	-44.495367	8.719202	9.016262	-41.986351	-12.137470	-47.161045
	33.961890	-89.953379	20.943548	-19.891383	17.001229	81.972734	-26.821386	-26.342934	45.526978
	56.155529	-77.697257	52.384367	-40.854512	-23.971564	121.264221	13.799638	-77.789480	109.930663
	17.576163	-62.351682	20.819937	-33.520872	-10.470921	58.919463	-11.818353	-60.045294	47.952621
	31.773745	-62.038175	-29.765340	-42.719218	-28.624518	42.837514	-9.679671	-39.086250	0.559011
	-0.686668	-47.203709	-69.114929	-18.957941	-52.906574	-14.310393	-35.631516	-18.718614	-63.984700
	-16.562422	-68.780630	-70.062764	-61.192308	-80.952786	14.329212	-70.963411	-36.154149	-82.498009
	-25.981441	-26.353287	-107.971956	-100.286147	-27.170242	-15.444446	-77.500773	2.399571	-96.344753
	-18.504631	-4.674899	-86.041215	-100.665421	-14.034501	-31.039663	-79.433931	-13.263461	-72.698794
	-44.192363	-33.294209	-52.181351	-75.165768	-44.372182	-39.837243	-69.202877	-4.551084	-39.925706
	5.429493	-52.125954	-13.016950	-43.583398	-23.967076	-5.609002	-32.843064	-24.514536	27.153558
	-13.206307	-18.083563	9.439080	32.299415	-34.853560	1.722591	-7.771119	13.683754	25.884015
	-10.898448	11.376928	-13.615376	73.596593	-30.306558	2.531795	30.662550	82.526763	23.347147
	20.038164	-7.625182	-5.627750	53.184167	14.316845	-25.711035	32.636969	28.651912	9.130029
	-32.228150	-14.270737	-16.868372	-6.930412	-4.930499	17.073490	-13.592926	28.337367	25.511790
	2.017529	-3.897394	-3.020831	-8.850970	-2.988276	47.680959	-13.600157	46.504501	-14.098788
	2.108648	31.685373	21.810924	-13.238800	-54.348221	67.064706	-60.356762	84.071999	29.335303
	-19.909987	33.829291	-9.547742	-16.338520	-27.472744	61.208908	-92.498708	102.355337	15.214081
	-32.442664	19.827711	14.059539	-41.554549	11.541389	82.315336	-61.110380	104.740394	73.697528
	-42.472810	17.075940	-11.891573	-48.155404	-1.954428	63.842838	-26.053051	118.257617	40.990259
	-36.296652	49.981802	35.652276	4.467675	-34.472833	33.319454	-26.846771	105.569247	36.844671
	-28.760015	32.813169	25.773536	7.605248	-55.738746	2.400773	-28.957291	84.075743	60.314883
	-40.910719	48.430710	-1.137125	13.836644	-8.608323	-14.755824	-37.688926	97.037354	7.188287
	-34.763046	75.456724	-18.805589	-9.449598	20.383567	-42.293281	-34.955223	103.096954	-53.793907
	-62.023229	89.357157	-17.522538	-21.530308	31.824027	-38.265494	-37.351483	94.545639	-113.541494
	-42.384876	82.898225	-36.563915	-51.102463	35.844262	-24.198790	-62.008245	65.878694	-45.013626
	-55.495102	99.420912	-29.025956	-24.502898	25.606800	-30.016081	-42.209417	41.587699	-82.213460
	-22.833029	115.835341	82.193290	-17.743931	16.399654	-0.311453	13.122686	104.929681	-10.904643
	-31.758225	131.204881	30.529917	6.010309	-3.189694	-39.992485	-31.036967	67.006871	-33.637307
	-55.214539	46.137632	74.706070	-87.964332	-32.775041	17.014723	-56.331893	36.015588	6.782799
	-47.280014	36.361599	39.973285	-20.823137	-15.378617	1.968218	-6.780350	54.631706	32.296129
	14.581439	-14.948426	5.681987	10.479944	-34.556791	-12.611331	4.801698	28.286035	-10.082813
	5.778246	-46.972914	-58.003587	2.269898	-25.100378	-11.828283	23.729677	-22.433107	-32.362232
	-2.681175	-71.817170	-43.574014	-8.051210	-12.718416	-28.947879	22.856133	-54.961938	-38.525888
	26.032382	-13.268398	-1.109402	-27.188008	4.758650	-37.532956	7.604473	-31.754241	5.034273
	-30.462023	36.965030	-17.768453	28.725286	17.020440	-57.995856	48.457481	13.375950	-73.415103
	-16.541839	66.985575	42.143133	8.161376	81.978499	-30.973261	-1.398067	14.024060	-51.776458
	-38.172131	65.348907	57.279939	-9.118626	78.116141	-34.599119	-17.510746	4.920721	-20.077543
	-25.275232	66.849971	-17.567071	39.857160	93.822653	-55.813244	-2.400784	21.824948	-52.115370
	-17.634895	33.476397	-50.126907	42.844927	36.120265	-32.237401	42.206995	42.132378	-46.803844
	-23.051700	-10.496305	-54.663271	14.643852	-10.413794	-7.621945	2.338781	2.635773	-95.283304
	16.411351	-54.102623	-12.191680	-19.048941	-52.162424	10.375835	-35.625383	-22.837480	-54.682275
	39.013317	-48.674307	-43.803365	-21.912673	-69.461441	16.944384	-7.912293	-81.329310	-69.880448
	49.787868	-24.658296	-13.444892	17.974771	-21.789624	-17.069929	-19.276745	-23.466473	-40.385994
	-20.353469	-10.648670	-48.827354	-3.470818	4.043099	-39.070326	-20.119029	-9.020237	-29.970664
	3.010291	-18.320436	-51.666940	-90.439954	-8.226425	-39.828258	-32.123776	-28.629216	-68.060854
	8.870173	6.479802	-41.568757	-64.411564	-49.486745	3.956496	-74.891223	16.204187	-64.241079
	-8.239820	-12.283395	-31.297671	-44.535595	-56.721802	24.567987	-31.282705	-16.275449	-49.670067
	-15.246212	-27.473916	1.268430	-62.714195	-31.415563	23.919483	-36.981822	-57.380645	-9.803119
	23.877291	-41.006597	-5.913323	-72.716686	-7.672088	-23.770312	-34.532143	-63.412697	-1.075844
	-44.833385	-46.262744	28.009697	-73.841357	-21.963179	-1.126582	-36.326164	-63.617193	25.046436
	0.073788	-52.746368	13.484851	-54.068422	-19.152126	24.494724	0.118489	-70.277598	16.015335
	-16.758073	-59.603141	19.000591	-63.510643	-28.210255	16.313092	-49.037458	-54.104630	26.464731
	19.123841	-51.608266	39.726087	-24.379713	-22.078942	35.464870	-41.755507	-42.514120	3.744226
	47.703508	-42.668672	42.161278	31.769813	18.823967	60.752296	30.899284	-68.889475	57.649483
	57.300237	-20.227493	-39.225000	57.744651	82.186979	0.773955	85.071269	-43.749598	94.801807
	8.012580	-36.051315	-16.368687	77.021442	57.930673	7.263679	98.395352	-33.852369	59.367287
	27.276422	-63.164114	-32.144619	69.642955	62.160610	-16.005352	72.772094	-19.948310	19.004217
	40.849298	-49.783614	27.834129	51.909869	9.166135	-5.317882	42.329629	-21.594379	57.035501
	-1.248303	-1.370863	22.349919	94.251498	41.484517	-10.274998	69.572211	-4.758152	4.439246
	28.490189	-12.544934	67.379942	68.140831	31.022333	2.736737	72.753790	5.232641	37.041436
	-4.333110	-23.344385	35.031783	33.680316	27.885019	-64.802489	37.422573	14.774774	-9.807319
	-8.812574	-20.263669	63.765385	40.298763	-2.083379	-36.089627	35.246507	-10.408856	-22.185410
	16.044057	10.206294	101.709917	25.035350	-3.173227	-10.583413	31.477824	-38.042472	-3.378845
	-12.348150	59.691687	56.458976	80.672983	17.405522	-26.672321	15.360115	9.216103	-1.608036
	-1.832557	55.753902	8.451350	130.841277	47.189243	-17.471239	45.544353	40.772240	-29.849551
	-41.914138	13.112871	-80.128143	67.952403	34.058476	-54.017927	28.441315	30.549241	-77.951908
	-17.602337	28.198142	-49.227912	18.802879	-0.018911	-15.646456	-5.624371	13.773976	-41.810076
	10.870635	44.733684	36.102636	30.028895	-74.750980	-7.850557	-57.626292	54.213434	-34.785825
	-6.108166	44.138847	36.817824	-21.967912	-101.588162	15.220271	-51.581285	43.162208	15.134954
	11.360925	45.686290	67.699343	-51.946911	-89.208897	7.801806	-92.714960	17.540590	27.835013
	-22.719541	56.217614	31.520080	-82.589477	-98.813399	1.747028	-57.494496	34.078006	-26.160766
	6.642748	49.861356	29.514682	-19.356532	-55.906918	29.879287	-38.481457	53.384499	62.911591
	-20.025177	76.173916	-4.412526	7.452708	-55.648610	-5.117178	-30.966423	92.103142	10.449423
	-23.446937	100.247447	-4.271371	-15.646751	35.944664	-17.353107	-24.391747	62.685948	-24.628614
	12.541735	57.557886	-44.021890	3.049698	13.617712	-20.915299	-49.552281	64.619444	-62.904901
	-27.757793	45.659989	-21.940413	-13.154679	-31.582092	-22.979413	-74.310446	78.369214	-77.553821
	16.258126	35.934773	14.386187	-22.574115	-74.396087	-6.422803	-58.977211	51.627061	-42.430705
	-40.081152	27.982285	29.204732	0.065149	-52.533230	20.798702	-30.316242	40.376278	-0.479383
	1.676937	66.060974	22.017061	20.641987	10.751389	-3.369665	30.197800	54.634229	-8.959321
	2.807490	23.713571	-17.389415	41.300666	41.633423	4.658724	44.486916	56.391982	9.202410
	-11.206763	9.584538	-34.321878	18.007035	87.783992	19.778602	51.266674	43.561506	34.450939
	-37.586288	6.733511	-85.202641	-10.804686	17.157966	-55.102712	4.655714	5.426532	-27.294636
	-60.629415	-16.700978	-34.277759	-38.279153	8.692447	-42.662944	-56.881802	9.669868	-15.417802
	-46.110920	-18.738723	-81.883976	-63.530872	-0.800043	-37.812059	-17.511525	0.178416	-37.655727
	-32.996127	-23.123448	-49.721213	-40.235448	13.594257	-20.880807	-15.952479	-13.274342	-11.872519
	-32.588449	-26.623160	-10.955373	-34.400020	13.307789	15.331449	-45.779557	26.763590	-69.001091
	-14.652403	-14.147137	-3.989768	-45.707610	-4.039670	8.397218	-54.160466	10.302821	-23.912081
	-41.628303	-7.853734	-34.380411	-53.048567	-12.177620	11.624165	-28.753020	7.023109	3.283380
	4.176656	-11.388144	-14.822702	-62.617679	-33.522968	31.948818	-41.712548	-9.494496	19.549020
	5.348716	-14.249359	-21.093809	-55.448613	20.490616	17.732025	-51.829410	30.696821	-19.924822
	18.385603	3.676194	-26.108285	-5.322863	-2.811823	29.788356	-40.466651	23.139757	-5.064888
	22.005297	35.080263	-20.927578	22.369714	1.992542	23.530497	0.458602	57.145910	-5.699506
	14.869050	46.905401	-3.106597	35.328037	-19.510930	35.419014	7.027032	54.511153	32.774224
	-11.112001	26.279292	-14.226145	-13.762505	-30.936989	33.533949	-20.456916	48.949808	19.077842
	-11.340808	33.566592	-20.155383	-13.061856	-55.087673	41.165311	-24.719492	33.897480	-5.990535
	-50.155497	25.433995	-11.493036	-32.759176	-44.314062	14.644099	-48.644760	35.440527	-26.120837
	-59.326048	4.135305	27.511814	-64.809669	-86.920092	52.995557	-25.524537	49.478058	16.263539
	-57.731312	-5.485001	12.546686	-77.185725	-43.160661	33.152818	-58.405011	47.701551	3.572235
	-57.856435	5.788756	-4.182425	-63.284027	-56.789175	8.267719	-48.889960	56.181514	-13.427624
	-23.609813	14.025801	-21.534989	-34.622538	-43.537332	-14.620340	-60.718740	68.804984	-63.444477
	-21.614526	70.555383	-30.563435	4.452451	-34.134805	-1.990454	-42.496695	84.253147	-74.036875
	-27.093203	39.134565	1.479926	-1.679624	-52.183382	-14.289252	-14.678540	48.623946	-71.618169
	18.736488	27.220198	2.797419	5.131171	-35.823176	18.900267	24.622697	12.812703	-24.376277
	0.029907	28.526706	-39.903828	6.108823	-37.985309	28.110641	15.968082	23.772603	-32.723337
	23.976581	44.990249	-25.549903	53.713799	-16.172531	26.355126	24.040992	52.120665	20.389079
	12.689483	43.886086	20.796278	50.902005	-44.369327	23.501671	29.733409	39.809247	17.648570
	-6.067970	51.585138	-6.329289	49.407009	-32.008913	14.244907	53.904376	55.051315	0.893852
	-25.628012	23.929798	36.282512	38.181767	-35.667671	14.430418	34.252769	61.837438	18.397008
	-5.308171	21.669030	38.845954	64.688601	7.295903	8.163268	69.801182	-1.734663	-6.924142
	4.012550	11.165991	-10.248070	62.492761	-3.858300	12.946582	75.089636	-2.539448	25.479293
	23.753550	1.884819	-55.139621	57.900631	-26.787310	32.001186	30.468255	14.786616	-20.743624
	-2.257565	13.537801	-5.023189	29.935384	-5.084761	-26.085665	25.512159	32.833721	-8.536099
	-23.168893	41.481399	12.381892	23.964837	9.347851	-15.410899	30.295118	-3.026133	-42.357736
	-22.300795	45.004744	36.847476	-10.321763	-17.236453	4.261962	-36.451719	5.730869	14.135508
	-27.738425	56.548172	23.450354	10.954061	11.175094	17.341777	39.131572	27.357178	9.830313
	4.525334	47.973762	41.186240	50.554065	18.190491	-5.381685	31.883844	8.281105	-39.774802
	-12.747371	15.948455	-35.937247	62.399371	22.392980	-9.132831	26.614363	-4.339103	-13.495424
	-6.311815	3.138189	-60.342182	43.146943	-26.682059	-41.891666	39.655358	-30.562086	-43.572794
	-56.857423	-5.928611	4.936174	-41.239248	-29.742762	4.452538	-35.838651	-47.532086	-19.290417
	-2.175484	1.562148	-5.130893	-13.166023	-47.517432	1.486409	-44.820870	-35.473228	-14.529263
	7.881915	15.619761	-19.985898	0.949129	-8.654481	-24.131981	-12.734531	-12.112067	-1.560313
	10.049462	32.583774	4.155325	1.375980	-31.396873	-24.545578	12.528093	6.420070	6.577356
	25.286143	32.535477	-11.588955	-30.602602	-13.727873	-33.001175	-59.295961	-28.920987	-38.861331
	-0.014775	-17.734754	9.269962	-18.465408	-33.925587	-26.731569	2.438857	-26.210910	9.458248
	32.375096	-56.925128	2.314156	17.626749	-28.878586	-7.984820	31.273404	-26.600170	50.059830
	41.602793	-66.385230	21.200078	62.306966	-22.359022	10.273418	41.392249	-43.755440	76.360734
	26.997546	-64.370243	-25.185568	54.847707	-24.548643	-1.560865	16.615486	-69.125951	28.001823
	6.939646	-18.659251	10.949405	39.289394	3.567690	3.440707	24.157971	-33.773622	-10.641802
	-14.092486	-10.252147	-2.591174	17.288166	-5.220211	9.974694	14.453951	-41.935845	-17.458193
	26.213149	-35.339670	0.477906	-6.313715	24.576161	-3.581932	-9.289682	-33.679236	20.990347
	46.430230	-45.199074	50.470321	16.907329	55.773856	3.653829	8.064026	-54.818452	39.025135
	48.586331	-11.671287	38.818302	38.336660	107.835474	-25.910735	60.182275	-58.920294	30.346260
	38.190062	-34.658159	109.011661	29.312702	95.671790	6.129718	82.039406	-85.297179	105.334070
	22.238977	-31.134455	96.625059	23.665135	94.724013	-5.489680	72.377604	-96.835494	128.658454
	6.605276	-61.186732	76.544475	-31.035331	99.387558	3.208232	34.555897	-105.776965	122.235954
	12.990088	-41.562210	40.499907	-53.494233	79.162458	-38.285575	11.129867	-113.123720	38.558309
	-9.945926	-22.553628	-6.917306	-48.583286	31.875493	-48.474724	-15.803090	-40.283787	15.767922
	15.599992	-18.938838	18.916511	-49.147604	67.166374	-33.285709	-44.480797	-64.181369	8.077971
	-12.326536	-32.911586	31.730625	-37.315137	59.864644	-42.072182	-0.042871	-75.686168	-3.127461
	-25.593816	-46.493982	70.771794	-21.868399	55.371078	-8.230851	-20.013687	-59.272657	-0.342294
	11.430118	-70.392560	51.069244	-16.995903	68.615614	-23.620559	1.748642	-88.260199	47.336586
	1.223673	-58.632456	88.472773	-22.255719	79.772737	-25.858695	28.206931	-111.900157	85.708554
	2.244594	-58.520876	83.539741	-14.093032	60.333272	-2.731235	24.965865	-93.994988	88.755612
	28.463670	-32.451091	78.466854	-2.942060	47.936967	-18.464609	28.311190	-46.229186	33.085977
	-3.188272	-27.344301	68.737348	2.062386	69.027281	7.955259	10.339103	-46.019447	48.004948
	10.098225	-74.499170	75.436263	-41.973611	85.389761	23.613174	-4.917296	-59.465052	83.812218
	-17.818551	-84.991222	103.938776	-42.641552	48.200292	17.521352	-22.050774	-73.904782	84.214854
	-8.274922	-85.152525	69.141865	-48.708892	-13.388939	31.009630	-33.741389	-79.432477	75.204512
	20.700964	-73.987355	9.336640	-53.687016	-63.361711	37.288464	-32.039108	-77.059697	30.434391
	34.943244	-56.165480	-6.564454	-23.795933	-13.701462	18.772426	-13.839125	-26.002619	53.255437
	35.634678	-32.769936	56.382313	2.235649	-9.119632	-1.628072	21.813027	-54.206985	34.875048
	-4.382390	-40.422491	2.735663	35.601278	19.302997	-35.359351	22.920555	-35.346269	3.678290
	-6.231678	-44.480194	20.671556	-7.266591	-17.848293	37.266656	-23.884655	-19.812904	84.811889
	35.072976	-18.163829	12.218767	58.261252	-75.853349	64.398985	6.081976	-1.613701	54.887321
	31.232972	15.547069	17.801282	89.500811	-45.446754	37.047006	39.244759	31.861341	32.919017
	37.086248	7.606197	41.751733	66.605123	-26.176845	44.683919	9.314872	-18.034690	34.810508
	-10.106111	29.974110	44.824551	44.625576	-12.808899	33.810156	43.670659	-49.479423	5.495098
	-16.103301	45.380894	-21.581581	22.368163	-14.389216	-23.837105	34.510655	-23.531202	81.690478
	24.753832	15.518331	-3.526709	29.828667	0.267298	-22.235330	19.560461	-2.093560	34.078511
	-10.191082	27.353131	-41.966895	35.019573	-31.468926	-3.896697	11.887829	11.692155	-42.967880
	-6.008689	50.273722	-28.441778	-1.494447	12.336167	-17.288944	37.329074	23.967062	-18.639136
	-20.158410	73.636723	-49.416900	-11.426844	18.758514	-28.512835	16.847650	5.996367	-15.775524
	-4.872091	51.649215	-74.691275	0.515798	12.817689	-4.580424	-13.987676	17.778162	-5.404999
	11.743534	55.368952	-49.188865	39.255034	24.530754	-12.480321	31.999111	16.140541	-54.099337
	29.172137	13.060308	-45.186700	53.090312	-7.644119	-4.243620	25.641437	31.502274	-34.308479
	13.336096	5.578730	-26.848932	23.295395	-12.745115	-38.476100	12.854942	36.769538	-37.282302
	14.516407	-6.544594	-27.794940	-65.724872	-3.347251	-23.203245	0.727894	-12.605666	-8.485143
	-34.231982	-25.281216	-53.367542	-77.238807	-3.818302	-30.477040	-54.063628	-20.909453	-46.341204
	6.935142	-12.333229	-13.252045	-54.668711	33.839636	-28.820537	-23.027286	-29.035508	-28.346470
	10.048617	-0.401399	6.103626	1.100184	30.195094	-43.430591	22.732295	11.265675	-25.075924
	18.630120	-44.315374	46.028322	3.797307	47.548986	21.183096	-11.830847	-25.191298	37.131974
	13.296739	-22.386484	28.082635	29.277822	21.198817	3.613416	20.211823	-38.099292	19.908691
	-19.843806	-66.205203	-30.634448	5.177396	-24.782753	33.789394	-6.932739	-72.467775	35.638485
	-4.838063	-86.158417	-30.714910	-20.002401	7.431656	2.530976	-0.344216	-48.442016	27.004310
	22.928470	-68.151532	-11.840247	-7.595675	19.222301	23.354224	-15.516238	-51.397055	51.688605
	23.368320	-61.936426	1.963252	27.821929	-10.912528	11.631133	-10.231039	-25.300516	9.337956
	48.338943	-47.324239	-1.095419	72.900708	13.343999	48.782454	15.302183	-0.538377	66.171066
	-1.221533	-34.084839	-7.200073	63.407097	6.756349	28.754950	-3.592853	10.782591	-1.477311
	17.471788	7.822332	-6.743106	34.515600	-20.605004	12.564944	40.257581	40.344017	-5.966673
	8.186380	10.972521	-31.946371	26.212420	-32.963398	0.606261	10.693456	31.206808	10.829585
	10.014065	-4.852399	-7.860848	7.891307	-42.789504	23.608590	5.553659	1.909757	21.043408
	7.152418	29.583261	15.357281	22.305875	-37.572321	23.956657	20.414082	9.343029	16.874820
	-11.202985	41.976789	-48.375153	11.989624	-56.541729	7.591103	-13.528531	23.198605	-1.864307
	-14.986840	26.245413	-45.090222	20.359324	-61.036658	23.532497	-7.309581	45.037595	-42.821778
	1.029284	9.257512	-43.113407	56.359530	-67.590646	10.988937	19.502778	38.641365	-41.844195
	14.138419	-21.288578	-3.640564	26.051129	-75.669471	34.963305	-9.791271	-13.801217	-41.656737
	-2.001366	32.196332	-8.359588	12.837657	-40.409214	-24.070478	-5.360481	-6.689702	-82.312689
	-19.982167	39.043997	-35.479017	9.020025	-44.809837	-32.485957	-15.383891	37.665646	-57.093570
	-61.310497	-17.765567	-78.054361	21.170581	-90.651534	13.140805	-36.200424	35.230955	-42.064168
	-11.153391	-33.575541	-43.600928	61.562581	-85.405843	36.866001	-28.581487	40.650908	-37.692230
	13.707923	-16.717233	-32.258940	66.963526	-44.985731	13.304771	-29.834999	48.925328	6.019653
	2.838040	-10.297647	-60.097537	106.277879	-4.952789	-6.153020	24.218081	40.410238	24.380655
	26.131988	-8.949787	-48.616531	82.547168	37.205036	-30.856406	104.542747	37.455889	29.754679
	-18.189005	-22.808820	-45.329105	55.096003	102.097725	-14.865195	54.996866	0.523218	24.022493
	33.409370	-22.523537	-12.158331	32.748825	53.891817	-17.702730	44.375853	1.513887	23.511579
	33.389430	-21.504165	-33.429360	48.773316	42.694974	-9.185159	53.393189	-8.821805	31.252420
	32.131700	-37.830141	-21.650457	31.165570	-5.170982	-21.466208	79.580285	-17.735699	37.371916
	14.016501	-47.453291	-46.954204	38.026328	38.416877	-11.772105	69.341710	-6.408098	-38.032946
	31.384298	-24.123689	-21.441406	71.316982	68.815278	11.629217	44.236435	-12.489237	38.670362
	38.777662	-15.151903	-39.668884	75.572743	82.286261	-26.804926	98.497959	-15.172665	28.893313
	25.301167	-44.546295	30.895228	34.819719	69.721860	23.630404	79.495127	-28.254710	35.096696
	6.298154	-23.783043	20.420196	52.784190	21.500683	-37.925347	40.406578	-13.348281	56.816706
	27.794985	2.955030	-8.221772	71.818322	-6.706885	-64.150355	53.338243	59.602137	24.038960
	44.692615	42.933707	-22.947065	64.481693	-1.023872	-46.355589	57.722540	26.573172	30.251825
	46.912763	48.704790	-16.708743	24.165208	-25.134132	-19.924060	42.930763	33.370407	19.079931
	11.261682	20.672138	-19.448157	-6.642742	-42.278116	5.238907	-36.658505	-13.656736	-3.365459
	1.842932	8.829447	-20.471900	-37.353994	-79.451227	8.867640	-49.501669	14.677826	-7.890780
	-2.921812	9.553157	-3.550351	-42.790081	-65.432598	11.411494	-27.994583	25.565866	0.748962
	6.200295	-15.575310	-20.358199	2.862667	-9.552818	24.439114	-19.573354	15.965233	-15.604725
	-3.854640	-43.112527	-3.316599	18.735042	-55.266452	21.272790	19.126562	-3.521489	-22.384282
	25.233667	-30.600284	-13.380107	50.269096	-31.512262	48.707628	-11.671257	1.786233	1.583321
	7.041157	-50.189904	-9.148050	4.394932	-59.937595	56.484198	-10.969661	-31.143239	-10.636282
	-14.085361	-12.255141	4.695802	-38.407217	-54.223871	49.202271	-29.424716	1.184302	9.530736
	32.424585	1.232344	67.870249	-31.333825	-24.394455	50.138057	-8.959797	-43.672300	10.754353
	35.711214	40.300924	62.497778	-7.187781	46.340261	25.517875	18.615912	-26.187029	40.044259
	-14.472004	21.192078	-14.660835	7.253240	116.940206	-66.727127	38.166825	-41.547629	-21.231876
	-41.255101	18.995443	-13.871424	-1.488876	60.047519	-74.298374	23.330961	-17.397905	-83.795362
	35.820358	48.188514	30.496206	53.746295	17.101026	-9.755805	99.297756	32.267565	11.498701
	53.972887	-18.373830	48.676282	0.233545	3.527546	19.295584	33.818425	-28.920317	53.723945
	43.130493	-7.908639	108.579289	-5.417794	16.198786	95.039927	45.661987	-74.710590	84.524589
	36.619600	8.677934	45.422704	18.287948	-7.754727	105.433607	21.076511	-38.589451	78.094834
	-21.053307	21.116620	12.686539	10.995419	-0.885275	34.567018	20.419499	-21.803617	41.046947
	33.193907	39.459233	28.580825	2.175375	-22.470338	22.758977	24.310363	-0.357129	45.865452
	43.829819	29.985487	-56.234325	16.584909	41.411548	-12.680929	28.233272	5.338476	-0.328516
	21.339803	3.296301	-50.552537	17.947696	31.699763	-33.083980	-2.079700	15.271096	-8.272162
	25.142820	5.016935	-77.948307	24.026347	49.291847	-62.007228	11.083323	48.755738	-54.037681
	-13.629276	28.793945	-101.709334	63.536166	2.744533	-50.069422	18.220944	54.236202	-60.142968
	-22.565315	24.676048	-81.256390	54.992067	-8.964004	-25.757979	34.699110	61.434757	-45.522675
	-44.793853	-12.009246	-44.039867	12.685931	7.026292	-24.592565	-9.479959	45.035807	-43.080513
	-26.385438	19.536309	-29.384674	49.656957	-23.212055	-48.643418	-36.846631	88.097991	-56.580866
	-0.450166	31.885377	-32.981656	67.595950	-20.945195	-41.421816	-38.180028	17.621481	-16.451774
	3.196460	55.205513	-37.814538	39.033147	-54.713709	-45.749163	-15.700740	69.300556	-66.729022
	-0.312043	31.383435	-20.546722	9.048976	-52.759943	-53.936133	-17.234387	62.914402	-75.519547
	3.829071	26.577624	-38.437764	38.885281	-76.131383	-68.352441	-13.521259	66.379637	-40.171100
	25.708242	8.365978	-48.714617	25.617383	-42.054918	-23.008976	-28.532281	62.650208	-39.689705
	-20.816132	35.401085	-1.933006	9.186264	-39.468793	-11.143300	-13.853086	57.161837	-57.510762
	-7.285799	-5.154317	10.711212	-16.050470	-36.067906	-9.622610	-14.080487	-0.929261	-46.334863
	-0.548605	-6.861694	39.082444	-27.512571	-1.124473	-20.803026	-40.850363	-4.917263	-6.485800
	-8.587392	11.461469	63.503990	-12.682226	0.240594	-6.970865	12.492328	3.410542	5.932712
	24.622406	66.874784	59.050867	-8.061764	18.595671	-4.212695	-39.794518	29.215570	-2.123321
	-15.847561	44.968684	34.950059	8.639760	-29.903910	-0.854388	-11.026209	44.771036	-26.550236
	-25.725420	19.475452	67.079977	9.338403	-51.033427	-11.238818	2.001116	18.980542	-28.991435
	-6.542296	44.014305	95.331076	-20.597442	-38.225826	-46.743581	1.501933	-4.543340	-2.492323
	-8.602991	59.963222	167.494995	-43.894438	37.823424	-50.319032	9.400614	11.472392	27.956210
	-48.201058	72.607485	137.714602	-49.459333	4.530421	-76.173956	-18.689650	24.023700	-39.605479
	-75.108963	79.946155	158.324776	-50.098457	18.582342	-77.129896	-44.959655	24.472313	-22.460123
	-3.686729	92.190214	143.269807	-20.850667	52.437232	-96.790268	-14.740778	26.830922	6.423276
	-32.553949	75.118616	123.803343	-40.862144	54.216782	-84.716379	25.544969	-11.819003	-10.686821
	23.694922	87.515477	90.063688	-6.696147	56.368107	-47.906210	34.271678	21.428801	-60.424573
	-9.788163	114.116886	20.113946	-0.117391	34.194467	-28.645155	27.087228	52.128843	-85.552240
	-29.399213	120.860631	-31.420078	19.211808	12.387745	-35.866951	39.885130	70.007895	-75.546444
	-29.180325	104.723248	-13.471187	24.382326	16.530019	-21.792832	18.297973	82.952310	-61.388401
	-29.168563	90.190513	-23.679125	1.981220	5.750511	-58.797546	2.114793	75.494137	-72.244304
	-27.469240	65.034043	-0.469668	-20.512105	18.261674	-44.546613	41.842364	85.107157	-119.730464
	-9.642585	68.827912	58.750369	-9.845356	18.436866	-23.271603	26.707010	89.432456	-66.984472
	-25.129293	55.564459	36.265938	-42.099751	12.829725	-4.923215	5.335965	80.685739	-102.840095
	7.239170	75.911153	0.012961	4.668128	16.572631	-46.173746	47.296737	72.758435	-101.102517
	-14.709747	29.237373	1.745981	-47.626523	31.951963	-12.870917	-28.852524	39.201665	-63.977570
	-36.588562	18.222579	-64.069083	-30.208128	19.182421	-38.549373	-14.884840	52.362482	-59.392570
	-58.768343	25.230844	-80.858377	-29.900714	0.588427	-38.230012	-25.985274	81.053686	-105.378306
	-56.641475	38.633267	-15.736309	-29.710143	22.036830	-35.474401	-39.999554	66.648786	-77.844239
	-32.008403	59.275562	24.207091	-25.558935	3.616385	-23.430723	-13.536980	80.208050	-46.690165
	-60.681402	34.332963	24.489394	-83.536140	39.155595	-29.113249	-33.252072	52.163090	-35.479007
	-32.394156	21.912717	33.442297	-81.837941	-24.087689	-17.540407	-65.965462	41.630308	-22.167869
	-66.261706	27.000435	41.530238	-76.527347	-10.731500	15.018364	-92.761934	14.610146	-41.541273
	-2.788012	18.107312	24.744656	-49.897370	6.628351	43.609564	-62.500772	25.453425	-4.887348
	-27.723907	33.133081	-56.511514	-50.071199	13.865995	-17.148257	-41.347373	52.428987	-1.411587
	7.977623	14.734466	-10.842433	-42.231197	-29.769781	-44.280188	-74.974614	48.053177	-54.053814
	-6.777841	-13.825907	-60.732148	-4.674421	-60.758253	3.216056	-61.846891	78.782275	-67.572941
	-7.051954	-68.868485	49.249248	3.746615	19.826602	7.386691	6.174095	-29.491840	75.154989
	-6.002118	-84.312835	148.254864	7.350179	24.075262	49.506180	28.816781	-109.833855	112.941375
	15.373704	-34.436156	136.859168	-5.939803	-16.005780	58.050642	43.315810	-83.238679	151.627543
	36.087854	-13.234183	-4.689266	-8.436836	-38.728754	2.661114	-2.894053	17.250970	15.860323
	5.392411	37.098542	-88.191555	-9.946781	-29.077110	-31.186035	-20.381398	61.449853	5.214367
	-25.507519	-11.563647	-104.851362	-19.410812	-27.202157	-28.754722	-44.237948	53.544182	-89.139757
	-25.539398	-16.646678	-52.779374	-49.248673	-29.291902	-10.835349	-37.190126	-14.960098	-16.701565
	-8.444332	21.985190	-17.599499	-11.986760	10.418644	-6.967754	-6.796369	25.451821	-2.562221
	-34.064071	32.105385	-49.912358	90.994501	-51.272251	-0.432178	18.955120	54.697014	-10.246135
	-13.148416	27.719228	-100.016404	85.589546	-38.208256	-11.854682	31.367190	87.637860	-24.361284
	-28.621537	44.357198	-55.105239	62.179999	-34.979802	-4.674385	38.373886	52.849289	-63.625571
	-22.090815	44.420741	-53.634146	13.388986	-24.026493	7.533999	-18.691997	43.022228	-33.876304
	-23.984664	-39.290369	-51.997301	-63.211434	-29.617309	5.622945	-41.139592	-4.290544	6.425108
	-33.835809	-51.119043	-32.666517	-76.303565	7.173632	-4.427103	-84.829683	-37.201173	-1.880822
	-67.738330	-24.710372	-47.138506	-54.758687	-14.144704	-20.342903	-71.795105	-56.634332	-30.162491
	-9.154032	9.054285	-50.265406	13.785627	-4.481791	-13.370987	-56.598797	-33.200702	-29.158044
	-22.041135	2.529626	3.696832	-11.395538	15.192199	-19.029470	-10.660883	-10.277840	-33.467498
	-2.566948	-23.555468	-34.341822	4.812037	-22.044937	1.794462	-60.537667	-16.224079	-37.815409
	-17.722431	-41.625635	-58.661347	-25.387508	-70.530092	31.860558	-45.788883	18.604891	-43.547311
	27.049018	-9.342336	-10.184404	27.397266	-44.179078	24.477191	-18.274513	26.178711	-13.241213
	11.206913	-11.104247	-9.663176	20.125888	-44.744273	43.114859	-8.499046	-2.355524	-38.669248
	-13.466801	-24.720435	-36.185261	-22.330634	-38.411267	35.085658	-68.284070	-17.444662	-45.877893
	-17.467458	-41.852629	-64.705330	-57.379117	25.690311	-13.238270	-108.217774	9.738100	-54.524088
	4.140896	-58.200500	-87.466146	-23.148669	57.075433	-33.859087	-27.754732	-17.180837	2.068782
	-19.285042	-33.774569	-37.490872	-19.018559	24.579793	-35.805051	-21.224338	-23.985959	-15.317102
	-1.391082	-13.467315	-54.341541	-46.273202	-2.660168	-8.800752	-25.694649	4.358809	-40.911717
	-46.234687	21.627918	-22.926765	-37.183714	-16.656944	0.009109	-55.810065	6.536604	-48.693067
	-20.200264	15.897998	4.299320	16.138238	-4.401389	21.265257	-2.245205	34.134997	11.790484
	-26.292663	-3.319547	10.187539	6.876805	11.222014	-6.736853	33.502653	-30.533579	-12.600829
	29.971144	-43.357873	29.594798	-45.030564	30.904377	-3.297830	-14.290239	-85.099944	-26.150647
	-4.122020	-8.513262	-22.308779	-2.494180	48.400075	-40.269401	6.008310	-24.855391	-39.411474
	-13.459686	-25.989114	-10.835203	-48.813456	19.271373	23.872778	-18.024282	-32.059887	2.103781
	-25.870690	-14.552929	26.114350	-57.555966	-23.984056	27.805009	-54.433462	-48.163664	32.819704
	12.573072	-43.933941	9.530190	-26.738066	-59.076435	53.499328	-37.537128	11.009136	67.985029
	32.691863	-51.995614	77.919000	-11.107576	11.012171	79.020716	23.228954	-45.797204	110.486458
	62.699918	-41.395925	52.674470	49.655095	42.505767	74.732335	96.709731	-73.203419	116.525608
	97.343546	-58.536232	7.491367	44.606418	66.683142	48.851185	115.086161	-66.692210	104.241837
	42.194611	-93.154910	7.521559	19.011378	18.599744	24.976759	34.957588	-65.847395	44.877296
	72.484169	-93.352331	39.955905	29.778241	-0.386136	33.200645	18.113602	-89.302072	91.339495
	32.463826	-92.304372	115.876277	10.934196	40.635360	86.500888	41.312975	-121.020118	128.024961
	21.222567	-63.421936	138.635953	5.612650	41.643204	40.037707	36.615411	-118.162980	113.283809
	16.270585	-50.103670	94.920211	-23.965961	1.921832	65.305492	18.521405	-91.644708	111.156928
	17.278494	5.362977	86.563388	-17.892059	49.122978	22.911843	55.344682	-76.021109	67.379396
	8.396159	20.441740	78.844856	-0.374431	62.900516	17.173661	34.417583	-78.628562	38.278988
	3.164197	2.003997	57.815583	-38.133498	30.183639	33.976805	35.415621	-100.412031	56.610237
	9.841032	-14.957555	32.072036	-13.223348	-6.351338	50.699758	17.025213	-89.847290	31.931124
	28.030185	10.964215	21.079768	12.837351	-50.541485	9.676972	-18.344355	-39.052438	10.210511
	2.816540	20.920090	-11.331130	-14.497178	-36.194407	0.079767	-29.076154	0.676481	-51.001796
	72.928662	31.829775	12.354204	-9.036537	-34.747546	8.662643	-8.676841	-1.697017	-40.814117
	29.890784	3.767472	0.270143	31.430976	17.793209	41.189747	34.293537	3.420573	50.818767
	25.429136	-35.771977	-10.542175	54.361739	13.335877	55.352087	81.494691	-23.483858	11.104435
	42.544615	-28.825879	-20.850623	51.898090	0.245629	23.634520	20.118025	-10.465106	-13.616379
	31.152725	-8.609904	-26.932947	-27.072332	21.301389	-0.149867	1.969095	-46.565072	-9.877030
	9.935541	-11.833502	-44.260137	-46.215730	24.441621	-23.508627	-17.201031	-53.859913	4.075322
	23.201117	-54.439129	-30.489478	-29.117833	28.864389	-5.081793	-19.904951	-55.548896	30.690892
	60.926906	-77.395463	-1.915789	33.492834	28.179460	-12.487630	13.762171	-60.015705	44.947113
	28.590702	-46.813295	4.922874	54.764397	44.391260	-27.227504	41.832714	-30.081296	33.122500
	4.082135	-28.321604	24.837522	30.086203	51.436304	-12.511957	48.649052	-53.723653	20.823950
	-4.425143	-77.699604	-22.789857	13.660507	43.107544	13.441308	39.015204	-47.097932	-15.581063
	60.754322	-70.298913	17.282299	29.827207	29.640852	13.795493	31.070073	-44.581685	4.585521
	8.379114	-34.967297	-12.217809	43.782276	56.430631	-2.632577	62.712606	-30.381710	-0.558705
	-17.022095	-37.248763	-12.849249	2.790897	34.276654	18.157664	29.718698	-60.105186	-21.471774
	-7.082013	-62.510110	0.772607	-20.379234	29.459846	22.346874	14.695064	-49.682876	-8.752212
	-1.249176	-65.719310	-7.947348	-6.486965	39.499230	34.077581	38.595065	-33.502951	15.269010
	4.520801	-73.168489	-16.389894	-1.389803	10.796866	10.363519	22.732220	-47.187374	36.964283
	0.849273	-38.866670	-40.261368	-12.601704	-16.071927	20.854701	-13.483365	-37.565666	42.552150
	-42.003426	-64.757065	8.287456	-67.837146	-34.217572	34.720254	-47.883520	-84.354730	30.254445
	3.832155	-1.880786	69.999107	-50.913847	-12.504134	60.744457	-11.471277	-23.221190	52.818595
	-31.295785	83.537375	-16.412646	18.564822	-35.027896	32.457567	2.608367	62.207154	0.414605
	-34.905289	11.816216	-42.647138	29.155227	31.483461	73.711834	6.551023	40.201175	12.463655
	-5.598012	-18.580896	-24.146993	-44.920085	27.509537	69.475738	6.923793	-11.378097	7.626215
	-11.826821	-47.643311	7.308101	-65.597731	62.170105	35.728356	-17.036840	-62.277320	-0.580937
	-29.689430	-26.300390	41.590876	-88.688530	59.477892	9.268012	-13.361239	-35.346494	28.397060
	-19.619040	0.173243	21.873211	-18.332298	73.368172	-57.794308	88.888647	-57.293067	-1.686584
	0.879941	-31.052555	63.672778	-66.673323	30.690449	-1.746600	14.478370	-45.643298	30.012330
	-26.508497	-7.202883	85.955962	-56.918019	-2.743078	39.107756	-13.712511	-43.080635	19.538447
	26.944856	-18.041533	35.967089	-45.348082	0.489973	28.751246	-20.339591	-31.530320	36.663718
	0.206456	-34.361121	-10.251228	-46.949382	66.859681	19.018160	24.124020	-53.078944	60.710899
	3.597152	-100.509178	-8.433716	-31.816201	71.295761	3.558663	20.606342	-65.066480	58.120059
	30.427348	-72.436280	-5.801790	1.586006	63.299011	17.378081	12.123717	-50.889915	53.529694
	7.786812	-50.646474	-1.044630	8.942399	73.235030	-20.980016	28.394100	-2.356716	22.756903
	43.723247	-41.886427	40.102427	29.657372	38.076263	-2.889554	21.751823	-8.363052	61.889129
	35.198245	-40.422466	111.996409	-3.474942	6.972006	13.333110	9.472987	-34.723851	102.026450
	44.645407	-67.594587	120.421801	-40.636763	-31.991077	71.774801	24.083928	-89.126459	155.177989
	46.424584	-61.801591	128.988082	-5.731016	2.655472	55.405119	29.783290	-71.061335	130.966447
	61.206118	-60.550101	115.030801	-59.038785	-16.483069	71.423616	-4.424222	-97.241203	135.111653
	20.947047	-34.546428	96.602927	-34.809643	-42.533321	50.414658	13.797291	-58.926682	126.506380
	-0.567317	-80.546019	22.589387	-18.479832	-87.894919	74.254366	-37.716171	-79.394902	137.644611
	6.962712	-46.683766	-3.906010	20.730388	-21.382582	57.066476	7.244563	-50.130557	62.597050
	24.353600	6.889811	-9.885030	27.462538	15.127563	-19.656690	44.357575	-24.798354	-11.839872
	27.516426	40.874073	8.895893	12.097073	24.345186	-6.188092	34.927602	12.833573	16.923595
	-27.633426	31.979800	2.041716	-2.810494	16.441736	5.279281	33.009853	12.363503	-19.562786
	-7.920545	34.887702	9.252732	-26.757670	-3.618884	-11.726895	-18.563897	40.324884	22.386312
	-6.762439	45.140583	-26.871372	20.721722	48.377837	7.930955	14.184869	47.224603	27.859816
	-19.744370	67.231100	6.073948	-37.086698	51.011800	-11.545884	-1.782294	42.066458	-3.507699
	-69.471730	43.844529	-14.726269	-74.232294	71.497456	-26.206695	-26.136071	20.430207	-35.988488
	-73.630348	13.700254	-6.263614	-52.726223	61.060853	-35.185946	-33.135508	29.646003	-44.922992
	-16.622743	20.680361	-37.431145	-26.579455	-2.219408	-20.079006	-62.559155	34.889072	-45.873576
	-24.390961	-6.686256	-54.916739	27.342551	-46.221853	-21.435757	-25.988858	39.668562	-74.170942
	-49.050504	40.750953	-15.597037	-4.358475	10.225726	-28.166932	-4.701623	67.259949	-47.503775
	-25.483091	50.069329	-34.395514	45.432962	-1.486088	-19.489773	11.108291	78.485796	-28.122750
	-34.413073	8.558974	-53.494980	13.566435	-7.719164	-25.137472	-20.558253	73.221495	-54.748012
	-58.576099	24.925860	-60.918113	-34.972603	15.697772	-45.700512	-3.845395	82.351637	-95.293369
	-68.703152	29.200086	-73.224714	-22.204709	-2.047558	-99.305751	-24.328618	61.132588	-97.701033
	-29.173718	31.011124	-52.705037	18.179163	-56.841410	-9.966568	-59.863514	36.915838	-57.256459
	30.510945	41.595948	-35.176183	22.777455	-67.414025	37.367970	-20.272908	89.950830	-52.034139
	-27.614179	53.304276	-16.658368	39.389068	-47.000186	-4.917657	11.715984	44.082288	-65.261068
	-39.597642	62.800120	12.005497	-3.484385	-4.617551	11.055407	16.959453	41.379072	-85.343823
	-23.262658	70.840704	35.817086	-2.140099	32.860988	-5.459980	-18.214317	37.903713	-54.413758
	16.602595	48.694517	73.233612	-25.572008	7.273222	-16.453314	20.086547	22.523185	1.370044
	20.619109	14.590487	30.985759	62.792138	-8.063069	-2.830910	42.559621	36.403563	37.415261
	43.323396	-35.353931	43.738912	27.357760	-22.609311	2.310718	34.758618	-34.433658	49.238776
	3.561983	-73.296180	74.940927	-31.555964	-23.047828	0.141560	0.639765	-49.449434	79.789600
	9.181182	-55.772673	67.008017	-67.817338	11.323480	21.107780	-52.372153	-67.552139	59.277347
	-13.410921	-55.048290	64.942490	-66.238485	17.261941	28.500961	-36.924961	-70.181637	61.404565
	-39.534686	-56.147614	66.018802	-49.027547	-16.885170	17.871697	-74.090272	-50.149501	10.086540
	-41.996752	-87.289359	65.653617	-66.917650	-8.806386	30.431326	-61.264668	-65.063600	59.041499
	6.293107	-82.893553	58.274219	-45.124385	-26.013172	31.387372	-6.146078	-96.406571	59.919702
	-19.360685	-42.423195	5.807940	-14.865965	-14.622585	19.598197	-39.384733	-49.182800	42.469519
	-13.145981	-18.019998	-35.295491	-20.177193	-35.879481	5.433465	-10.886695	-55.358674	-42.472403
	-7.939407	-20.285942	-35.943730	-22.200040	14.298519	-29.317463	-53.508727	-10.139381	-5.548794
	-1.811757	-76.605159	-63.235691	-45.609175	-35.648495	8.541095	-68.756425	-52.876948	-7.046487
	-1.348106	-100.802787	-31.193370	-55.003111	-25.331655	47.249745	-4.560156	-84.110797	-25.722073
	17.388834	-52.190279	6.553513	-44.323591	-34.707205	53.521756	-21.408299	-89.760221	-36.032037
	-0.173310	-3.109388	30.216245	-10.704312	-12.649737	29.040795	2.963316	-55.864971	-9.883798
	-28.286967	-7.978127	-27.076599	0.426284	-28.432427	-11.286600	-16.392115	-25.568949	-24.382867
	24.713044	-12.749353	-95.456104	64.908948	-62.457278	-19.840821	-13.466809	-32.850696	-32.853999
	-2.157440	-23.948734	-18.834768	35.367733	-54.484932	-7.104826	-30.799737	-10.668956	-40.991847
	-34.068247	-2.886948	35.793965	28.736583	-41.893789	-17.321989	2.436495	-29.706100	-27.786872
	-22.138799	-12.774663	-15.219378	-28.804066	-21.843323	-38.194329	-45.964293	-46.254439	-15.741993
	10.704871	-21.253700	6.430161	-12.177406	-52.664601	-19.845495	-35.938799	-24.469122	42.403566
	33.699345	-72.330844	26.689492	33.741477	-67.457584	46.398299	25.634295	-43.683210	57.955542
	49.920040	-78.617294	26.294327	56.218401	-4.704275	61.156717	70.518118	-48.194330	110.094334
	44.306282	-55.873414	76.486682	14.549202	-23.141018	93.231704	34.395312	-52.598470	155.113782
	25.234855	-60.689310	86.664015	2.155019	1.974793	92.794157	-0.522166	-55.607158	139.132222
	9.379153	-78.592674	61.922787	10.015681	-0.381427	64.042321	11.390346	-76.895080	132.048353
	21.903245	-64.152755	44.274510	1.294007	-13.129107	106.268791	-1.519621	-43.064035	161.372787
	32.248900	-85.752267	82.042266	7.234845	-25.084267	64.557506	-14.526279	-59.163175	144.220399
	10.774374	-66.502431	40.386979	-7.637845	-16.459835	55.497351	-22.053125	-64.056189	130.587638
	-0.838203	-35.613815	11.920803	30.196546	-15.673492	1.144621	-5.859687	18.057222	74.167173
	23.896512	2.328632	-18.767685	38.913152	28.339551	-32.781961	31.215372	60.951593	69.463146
	2.118500	5.977152	18.382855	26.911757	9.118736	-2.595117	6.316112	62.010151	8.328249
	-2.157997	0.182864	41.898998	-2.632911	18.051861	-14.192200	3.093696	74.463604	14.894500
	1.041683	25.643904	27.526430	-2.483660	33.719202	-2.068584	-4.892322	9.051852	11.373813
	11.613044	60.638942	41.929401	40.169049	91.516056	-30.755536	21.210489	42.899538	9.204640
	-34.523148	75.917833	55.651076	10.487436	50.163203	-53.412280	30.801833	37.902049	-11.927244
	-38.162884	98.064496	58.486058	50.408483	67.063023	-65.228391	57.544950	64.638930	-1.945157
	-4.586938	111.153612	61.346706	40.095097	26.419112	-81.073839	23.466019	75.097415	-11.594156
	-15.772408	129.963282	43.879956	49.383526	-7.502252	-45.260035	41.394021	78.224625	1.123572
	4.904204	136.469027	34.105196	62.488182	1.175531	-54.714706	29.752382	86.884656	-46.506480
	-10.273323	128.354669	32.135425	20.405649	-28.022434	-24.557089	31.045403	66.526976	-64.228704
	-44.573122	89.576446	7.310961	-12.702912	1.522178	-51.518544	-9.629864	40.055083	-78.271906
	-12.459370	88.557190	-32.662603	-3.430989	-10.795869	-44.111601	-17.882696	91.597906	-67.979262
	-44.218097	117.381084	-54.878636	10.411805	-28.311696	-38.307826	-9.135529	104.138798	-114.340063
	-46.261909	103.000138	-68.864265	3.521863	-33.879544	-40.234857	-36.973790	109.509831	-107.347185
	-33.738740	72.180143	-57.928777	23.231165	-25.641083	-15.983973	-68.224803	63.311032	-88.460604
	-31.830742	81.368270	-13.125846	11.327514	-28.411133	-28.181973	-46.323641	81.523837	-46.850284
	-28.816298	52.216836	20.995409	-4.682738	-26.262236	-12.588071	-41.484128	53.747861	-18.815232
	3.521906	39.201550	33.117044	-44.542785	-38.936239	-4.598469	-73.894735	73.235142	-19.887806
	-11.774897	18.728248	15.742520	-24.416833	-61.268010	0.095271	-56.434661	46.246361	0.695176
	-10.635915	-5.167694	14.331790	-24.473541	-126.942326	-2.458295	-43.015994	33.675424	-31.669119
	-13.539958	9.299654	-1.507061	-27.631942	-80.710286	-25.872256	-41.369209	66.177990	-51.583979
	10.022023	2.504393	-8.945836	-26.425412	-69.088748	4.519557	-75.940225	43.748765	-21.538737
	-0.814475	9.383351	8.243829	2.154580	-64.232628	-16.091919	-84.221661	42.244564	13.489786
	-20.654962	42.981347	60.260679	12.207632	4.942856	-12.350851	-49.306822	48.353127	25.026475
	-32.534148	37.639644	78.588182	-17.387391	8.283512	10.753175	-24.341015	3.748439	49.666751
	8.255780	29.563232	75.009567	-29.322378	-54.495155	0.605266	-45.079336	37.999500	-22.422034
	-4.645929	23.162009	46.450610	20.625535	-54.320839	-24.208240	-22.028558	87.101979	-11.725226
	39.781701	-2.080789	62.092702	26.373047	-99.202381	17.000886	-33.051596	27.664177	22.286935
	27.094782	8.267406	77.477537	-38.525034	-58.160126	16.854464	-30.395277	-8.054737	50.107792
	32.647622	35.494715	92.378183	-6.851106	-35.674462	14.822503	-12.473937	13.954017	40.541698
	11.406356	57.524395	53.077936	31.442453	-32.903707	-7.597637	-7.891471	35.386747	-19.593734
	25.142584	93.209554	58.625980	49.475016	-2.963575	-35.643217	17.672572	77.024645	-35.646878
	18.238990	90.263098	35.542053	69.762565	-19.801936	-35.609457	36.997320	101.595758	-34.286975
	3.060697	65.904555	64.106405	35.083173	-21.295255	-19.802811	27.056216	65.740621	-28.711222
	9.024191	59.744316	-27.308198	34.773533	-4.925709	-12.630190	16.823977	47.450943	-29.512314
	17.987414	31.412229	-70.513081	60.452433	22.864352	-10.826464	3.463043	24.764377	-23.801773
	4.609898	26.930924	-66.062784	48.146972	-6.051284	-13.205922	25.217314	15.538381	-58.203141
	-18.084302	27.265180	-0.138136	-14.366627	-44.377935	10.251093	-47.192324	19.628884	-40.635467
	-4.977102	39.152077	-50.591980	-0.921396	-35.675614	26.835784	-36.705603	40.930371	-18.542782
	35.442404	25.259045	-51.175556	36.649484	-42.140775	47.670015	-25.023270	32.982515	-25.108255
	47.612143	9.528240	-22.945347	84.350975	-24.295683	68.776502	36.387394	46.568332	15.989957
	36.181739	2.541189	-28.673475	77.058649	-31.215446	-24.575006	60.277979	-2.253884	5.418421
	23.340781	15.567884	-37.155272	44.940318	-37.019595	-68.280040	-6.502874	-3.927090	-20.978363
	34.372724	17.585889	-26.773613	34.082632	-31.492498	-35.368760	-23.762413	12.181279	-39.667590
	31.874596	16.877865	-55.414226	46.050457	-25.907012	-36.727216	-6.144613	31.037843	4.948052
	-7.068984	19.154659	-86.652418	32.005218	19.586886	-61.142083	4.904050	28.565931	17.640554
	-28.629480	16.386422	-91.857848	31.944328	15.190911	-44.183128	5.188965	20.804714	26.516958
	-27.425408	12.028464	-44.524402	30.669706	3.751162	-2.651197	-13.688139	35.653006	-25.892049
	21.445109	48.561672	3.227555	-36.338410	-24.940461	-14.887757	-13.144728	20.955085	-75.712321
	13.759059	39.000700	13.279411	-42.748105	-23.570742	18.651710	-28.948295	26.459199	2.778601
	11.000630	21.209201	4.795680	-27.518541	-21.706412	20.326246	11.145322	-3.041708	56.004667
	27.091969	-18.727246	-28.933377	-5.081423	-67.531493	35.130539	-29.851448	9.342822	23.554116
	29.639718	-22.753242	17.675254	32.790940	-54.888137	69.113086	-30.044716	22.210578	32.544616
	24.709002	7.910703	-30.564197	61.855720	-49.658955	40.164272	-0.552726	89.200796	20.103862
	-9.808566	-31.933790	-61.292482	71.194885	12.728413	14.784427	44.339157	61.153991	44.685954
	11.723173	-9.757892	-61.349114	54.023673	51.958900	-32.495618	-6.264035	82.397820	34.719652
	-30.647215	-1.282383	-67.179265	34.329713	63.678204	-42.845563	8.664649	62.594008	-4.679706
	-13.442578	-11.904439	-42.204819	-5.030847	52.941952	-7.434524	6.105030	80.138628	-30.502543
	-31.578151	-32.071972	-49.861653	32.593058	57.801099	-23.439389	35.384685	42.594853	12.641041
	-35.030188	-17.872639	-55.406060	-2.786637	39.627070	-28.037442	22.609663	45.440785	7.620879
	-22.186363	-26.247418	-43.769329	-1.473366	13.249711	3.901777	-8.074481	39.921011	25.711508
	10.695872	13.140883	-55.780748	21.620559	58.018246	-23.405391	3.086003	54.281240	26.699161
	2.705118	24.273221	-47.271665	-8.956187	86.550588	-50.849789	11.284864	35.645839	20.037701
	-9.345281	46.631538	-57.128667	19.202117	49.861864	-54.431677	3.612452	48.247603	-23.689649
	-5.133254	24.011082	-30.237882	-16.059475	27.926831	0.971782	44.262431	-15.875141	-8.331316
	19.571046	-25.859113	-51.520662	4.773322	-17.624671	5.760658	0.974873	-3.193471	-11.482045
	-17.800248	-45.046196	-79.585608	-5.525746	-17.544338	21.085630	18.156488	-23.195147	-65.138639
	-27.902659	-41.966955	-34.571409	1.018225	-50.903184	7.965058	-38.254386	-5.946417	-51.243667
	-37.572183	-43.617608	35.767364	-30.020247	-37.574839	47.261566	-26.563003	-9.890641	-8.183614
	-32.293264	16.111543	-32.695995	-5.270555	-41.380088	-23.691087	-33.358919	62.423014	-42.348574
	-31.441739	-4.404363	-3.009925	-61.781550	-56.438643	-0.077473	-27.321008	45.839732	-27.473267
	9.265314	-30.003947	6.633519	-47.763585	-93.255661	40.006457	-53.609972	8.706412	-2.777195
	20.348083	-6.210530	8.601900	-12.665992	-79.384292	27.639752	-11.820174	67.014255	21.509604
	4.226960	3.753370	-20.536873	33.609025	-30.289788	11.379915	16.376718	70.208862	21.566829
	-1.511444	-2.027033	-24.729145	29.138992	6.688467	-7.537711	29.499905	47.932569	-20.691044
	-20.272402	24.118293	-24.282041	40.089140	15.874317	6.098287	-26.445223	45.066781	-13.016861
	-50.662675	37.817951	-56.161940	9.166209	14.810989	1.263558	8.518875	32.932476	-22.131417
	-34.511198	9.765594	-33.632451	12.374819	16.573450	7.317478	-14.027469	30.878040	-57.798358
	-28.258086	-37.297245	-16.520983	10.118897	-2.028224	24.496472	-25.607827	9.603807	-61.672293
	34.732820	-40.077319	-5.774084	103.325247	1.319158	9.425982	58.840837	-16.324137	4.784911
	39.023450	-2.406151	19.225040	85.830201	78.907998	0.821032	71.462104	-3.747639	24.694998
	30.515980	0.946613	-25.290515	78.508202	102.808105	-45.686278	81.600987	-29.236079	-16.528061
	5.291329	17.281169	-46.354162	38.880971	124.086613	-95.298759	81.837105	-21.362223	-51.772568
	36.009051	8.456869	23.550171	28.695979	110.395221	-89.907577	44.044499	-46.232814	-69.554191
	31.772521	14.302924	56.061975	51.404192	170.020066	-71.666545	79.420463	-49.887863	-39.127417
	43.016795	18.113227	128.270082	46.185283	141.387936	-5.504345	123.383513	-79.963377	54.527971
	76.038217	3.226506	138.076204	28.297486	141.993896	-14.331950	117.691384	-80.489029	62.877110
	19.685043	-67.378006	114.107155	-4.177355	82.658071	8.307386	59.798713	-97.937487	21.224212
	-20.801356	-47.839711	75.404777	-29.952665	91.584917	-15.472610	60.694928	-83.834129	68.677528
	-6.415167	-25.155517	25.294064	-32.340774	111.644150	-8.449418	64.894556	-52.203920	45.926326
	-8.171481	-47.382851	3.474389	-2.521943	33.313254	-20.302191	57.137808	-77.268628	-19.794479
	34.058153	-66.914444	-14.154401	-24.636588	-6.545633	-19.685581	3.872215	-100.447690	-8.245898
	23.506302	-41.598692	4.998805	-6.856383	-23.187711	-29.744223	-8.579694	-43.428815	-3.843222
	5.012727	-10.516109	-54.499924	-16.500875	13.820466	-2.937717	-18.573281	-42.931857	16.322968
	8.871940	-11.748233	-43.322400	-5.237560	-15.057100	-20.441655	-43.502542	-7.230558	-49.874184
	-22.021398	1.223070	-62.148644	-50.841037	-11.963092	-14.133110	-53.512492	8.071045	-67.734904
	-16.953547	-51.118630	-80.750306	-16.988243	-3.821409	14.839771	-69.879760	-17.916249	-51.242563
	-12.852537	-43.623301	-45.224291	-2.625890	-9.532150	8.044348	12.675089	-6.538657	-45.499455
	31.619771	-13.565401	-0.482047	4.454200	5.027215	-2.050420	16.929421	-16.487892	1.686886
	-30.079963	12.648451	-6.264410	-1.773571	23.904638	-9.943613	-39.387974	-2.177935	-0.663751
	-7.240385	1.313645	-65.188174	-36.373236	13.712666	-0.820915	12.732481	-10.477560	-68.193945
	-30.905128	10.288750	-69.165445	-20.715838	20.327700	7.124571	5.046798	-12.493605	-39.738273
	6.172325	-2.789427	-53.521726	-8.094571	2.525376	31.409629	-7.372854	-15.789191	-19.442701
	55.333215	-19.826186	-49.222441	8.653972	-7.641540	22.848830	6.932742	-9.043281	-6.631805
	87.439528	-39.481032	-35.198408	19.781304	-6.719479	5.002638	19.534886	4.712147	50.975785
	64.752070	-30.644458	-70.873627	-5.575693	1.780964	-7.008743	36.445575	-18.028051	40.648950
	28.036778	-26.810995	-62.463973	-27.188644	-28.203549	-24.526426	-17.854077	10.081743	52.792617
	45.193624	-74.437967	-53.777986	-15.200340	-76.994823	9.368874	-14.682033	-22.768175	70.735861
	19.962213	-63.569949	-18.929335	-25.295689	-67.553759	45.694570	-21.703876	-51.595273	64.694662
	8.694446	-72.030794	20.878923	-42.431289	-76.899817	41.290008	-49.892630	-44.264522	55.957616
	-20.726594	5.909510	32.746724	-64.508248	3.364987	49.102635	-56.720090	-54.448487	42.770934
	-10.776430	33.618277	-22.927331	-45.434499	-7.890713	-0.499077	-32.525088	-1.108648	14.148307
	-3.188431	-41.732288	-35.873457	-15.837833	-29.075747	47.238385	-6.398107	-4.097027	3.660693
	37.412225	-76.768418	-44.501276	19.947395	22.680157	42.790545	24.843042	-29.656717	4.625244
	-22.267013	-22.633220	-69.638766	47.541100	37.449844	-10.170157	54.600157	3.572934	36.226071
	-25.097860	33.250985	-70.961557	42.536573	23.047324	-12.301328	52.438334	18.186321	-22.378653
	-20.217584	22.688093	-9.415801	12.047079	86.174574	-31.681710	23.032165	3.466682	-18.473244
	-33.844612	1.162251	-3.794197	4.246706	91.368678	-35.942019	43.400687	-19.994931	10.242925
	-22.885573	-10.778366	47.744166	-3.233308	93.689073	-21.585224	58.396501	-46.432352	16.940069
	8.087477	38.926416	81.630543	21.420915	44.793818	-46.721890	64.220419	-23.319831	58.391116
	-25.936091	70.329890	113.567221	26.014644	64.293409	-41.094151	61.785933	-33.280261	38.882323
	-32.265639	93.713176	107.007367	37.694015	41.280694	-64.150300	67.450923	20.228981	18.910538
	-28.403836	91.067998	92.068850	-4.741996	46.171980	-34.065036	76.576150	-10.937661	-12.617337
	-4.119610	102.490328	52.743584	13.695106	40.640139	-38.069061	77.109429	8.843566	-26.081344
	-44.447799	79.141732	2.878746	39.920695	76.927858	-40.999572	73.067685	-12.375601	-25.169081
	-19.169454	41.185291	-59.045045	23.055719	88.519436	-20.358104	52.475723	-31.652515	-9.028487
	-17.681202	21.319957	-33.539076	-23.380793	52.759054	-7.386265	13.080767	-33.102318	-14.581926
	-37.523150	10.675228	-23.652824	-48.873422	38.032422	0.267904	-14.674107	-16.892264	-20.627210
	-43.677724	19.041709	42.367373	-50.585660	32.491277	11.911864	5.015310	-19.982823	-47.658220
	-34.136381	-14.176766	61.025856	-72.393919	10.917947	17.505811	-35.447751	-47.195951	-56.191792
	-30.103331	-38.259353	42.881052	-90.931696	-8.671425	27.948089	-77.400834	-75.436223	-34.959017
	-72.759936	-55.521561	17.146095	-72.107535	-10.234317	25.145396	-38.746255	-64.823838	-33.642247
	-25.817189	-18.478756	10.141548	-76.939949	-10.592102	-1.008467	-12.773386	-53.425709	-37.229444
	-74.550657	-33.369774	-5.273818	-124.842328	-35.245692	-11.438005	-67.134687	-63.701170	-63.500478
	-61.512921	-49.300114	-2.072864	-126.387735	-58.273049	18.544119	-108.307141	-87.936162	-50.967719
	-57.322900	-9.061979	-11.259120	-133.592443	-41.201252	-9.947662	-119.377394	-40.934347	-87.339306
	-52.028879	-17.209242	-21.968106	-75.455195	-45.310178	-16.856899	-91.204270	-24.908016	-70.164339
	40.451984	4.129719	23.974906	-19.356055	-23.488392	35.449984	-0.601848	-16.069713	-44.940015
	55.976436	9.796250	87.945358	-11.254501	26.145232	56.412059	24.482061	-43.288378	95.741583
	37.727063	20.758626	77.291909	-73.418154	15.809760	45.539983	-23.609622	-57.721873	84.691840
	38.475160	-64.698753	62.818427	-71.747647	2.485310	53.804258	-43.158799	-83.480588	72.263631
	14.949782	-95.386050	10.237305	-57.304599	-8.330152	40.074546	-7.722986	-81.389704	44.762479
	51.377862	-111.684331	-4.077376	1.515684	-46.344004	107.602711	23.692268	-78.281088	97.932400
	79.964459	-74.490805	76.515513	7.741636	-75.306018	95.437472	36.889863	-62.587957	131.561177
	28.756839	-18.412640	60.425284	20.533598	6.424034	56.101674	64.668629	-61.137300	169.741070
	52.313566	-68.036728	18.059714	1.034106	-20.906502	30.308196	48.583391	-78.202010	79.761070
	5.337955	-80.662897	-47.504843	-10.563257	-43.164812	4.802676	10.097990	-50.254418	40.275077
	45.685825	-60.923625	-63.527324	-1.456498	-72.589306	-2.468497	-9.516289	-24.153709	1.831328
	36.242480	-59.904228	-32.903010	0.569697	-25.477401	-10.098807	31.206193	-50.245218	28.524131
	58.717118	16.650049	24.779921	30.603289	37.903213	9.304148	89.135885	-20.954829	36.804050
	34.883950	46.259440	-34.543241	-3.530051	81.654439	-25.273061	28.387678	-31.579488	19.289205
	-10.488136	40.061912	-91.451508	-60.114354	68.497583	-43.156785	1.156163	-36.039008	2.534710
	-15.416876	11.703999	-95.534850	-38.640057	42.899193	-44.293497	2.621939	-46.230099	-39.958589
	-19.339182	12.297332	-40.757783	-17.481976	56.692894	-29.600102	14.801721	-6.886649	-45.386661
	-6.816494	34.350523	-38.071711	-7.031890	59.240641	6.951272	-24.582242	22.390771	-34.974599
	-33.815298	53.110355	1.900198	5.499949	34.506108	8.121894	0.493215	13.467515	-21.986050
	-39.097163	48.859929	-47.312164	-25.596173	19.987112	-22.309582	-57.741339	24.152427	-35.281707
	-6.180347	46.668804	20.199285	-22.605506	36.263337	3.750787	-11.452209	6.297826	-5.430762
	12.282080	26.557584	76.099666	-7.531018	45.581710	23.685337	14.025925	2.932137	-6.943513
	10.571442	17.182524	53.876573	4.820776	8.555385	2.884364	8.642482	-10.754445	-5.656637
	34.097252	7.013219	59.214073	-42.791503	-2.582571	-6.250631	10.762979	-26.709363	18.473145
	-1.585459	24.245529	42.959475	-21.717205	-35.881732	35.681048	-48.563249	-5.672614	36.118817
	-36.778070	27.443922	-7.342379	-16.105814	-42.507416	17.414036	-46.050976	53.943330	-32.632892
	11.441243	36.699372	-72.927659	2.300590	-52.320758	35.684812	-68.899591	44.962520	-69.065486
	-9.103074	-6.094042	-37.981713	39.112096	-52.632471	32.975497	-43.829830	56.505217	-98.576819
	-3.425812	-39.380486	6.279270	37.476905	-48.690197	31.675167	-56.777067	41.092717	-84.210381
	-5.969153	-28.302377	23.002331	-2.415880	-29.537685	12.597222	-91.704470	-14.117605	-47.339343
	-28.145401	-10.607323	52.137969	-72.769994	-15.954190	1.072416	-111.670647	-26.576621	-72.065326
	-26.642643	-4.833642	-4.835413	-59.600242	-16.475183	-14.873446	-109.521239	-4.497975	6.707402
	-5.918773	-20.879683	-92.862908	-51.968949	-37.588220	-19.932160	-56.099619	0.119274	-73.900886
	26.007744	-64.302832	-51.401797	-33.985731	-76.103408	-23.045006	-69.318648	12.157640	-70.514515
	-10.722145	-37.574936	1.579696	-28.846194	-18.147208	10.639876	-94.640036	-19.907708	2.854706
	-63.572455	-3.459179	12.870061	-63.566287	-13.547093	14.609157	-94.784711	-1.524936	-74.068821
	-47.996826	-11.637220	5.711853	-21.781538	-49.109156	-32.964018	-112.634566	-4.589563	-66.555843
	-54.609202	-14.467563	10.369681	-9.893666	-44.170564	-5.101124	-101.187860	-24.197950	-53.057302
	-37.470427	51.537793	-0.300032	-64.931872	-42.633076	-11.094941	-72.397062	44.107739	-40.014782
	42.089090	18.715959	53.111586	6.315482	-22.518573	60.135175	30.284477	-28.208037	71.718622
	51.039013	32.785111	-22.878363	64.048791	19.667595	34.972812	111.954495	-5.221611	14.905313
	62.758711	-51.126707	37.256255	-5.790288	11.778181	102.645898	73.778136	-41.869695	113.475876
	25.380905	-74.440353	51.173301	-16.506223	6.653224	28.541117	88.727508	-68.905420	89.548369
	26.161075	-68.322249	68.851151	10.325055	-8.393877	-11.151252	52.683396	-49.680874	96.706706
	6.002245	-28.539705	27.551020	11.883720	20.685141	-34.100107	17.562335	-27.580256	13.543500
	-5.821168	30.520398	97.619684	-30.047965	48.155777	-75.674098	-0.792598	-36.176437	10.006281
	13.239436	-41.836910	10.489922	-39.025104	-31.307586	-34.325368	-6.359654	-63.029827	-10.813569
	33.335888	-35.641148	55.833684	-39.194855	-29.845985	22.766989	12.892544	-50.653775	69.120899
	25.692002	8.433943	11.167058	20.869918	-34.989065	-11.019910	27.403421	14.675113	31.170710
	50.565061	24.961593	-21.505273	74.094361	-53.654922	13.255634	39.036017	54.965776	21.920746
	30.921875	27.588383	-49.590022	95.121525	-50.415287	-0.385669	40.127120	29.388514	34.222429
	37.010059	19.587001	20.325101	118.395091	-9.882105	19.557532	32.917474	69.252751	21.432726
	12.804416	13.980230	77.474041	98.629824	-24.591421	4.812715	30.156251	70.842710	29.725880
	22.560199	27.373916	48.589890	83.031717	-7.055287	5.974409	38.394764	76.300047	-7.815274
	3.539520	24.154256	17.589121	60.459139	-13.838506	-27.384290	29.282119	51.942818	23.408218
	20.945304	13.408638	17.974474	62.850229	-17.909555	24.616286	10.069491	51.494341	-13.410093
	11.438155	22.540849	-14.977534	24.158943	-43.217480	37.399152	12.180832	55.992641	3.941763
	-3.225333	26.197802	-53.982693	32.717250	14.072433	-5.816825	41.677688	59.951987	16.090747
	-14.746194	0.190776	-35.187789	27.856670	-6.801822	-2.053930	39.564390	53.388730	-12.778612
	25.625274	8.964421	6.931843	-6.735699	-55.311493	12.542155	-5.481825	32.254277	-20.882876
	-26.414647	45.594745	32.931089	10.888184	-42.858885	60.904559	-27.570080	75.655573	-29.453564
	-13.009834	50.471829	35.902946	-13.960209	-77.172552	62.691387	-49.748288	86.219231	-7.852665
	31.174177	33.207753	31.704267	-23.165272	-20.374138	64.083945	-11.308115	91.745862	-15.762604
	47.276903	9.020127	22.417943	-24.175828	11.892275	43.931212	-5.041690	34.471946	46.756352
	46.985577	-8.667386	-12.606239	-2.012038	1.028930	57.744425	10.001817	-16.264291	33.773124
	-5.670640	0.270236	26.637448	-33.886755	12.295697	0.695920	28.038822	-30.140085	6.226110
	-36.872940	14.489957	-15.837391	-19.460959	9.009469	-33.476841	26.984503	-34.534048	11.545085
	-14.035147	20.366580	-39.396845	-54.130846	-21.064424	-25.230460	-18.759989	-30.284725	19.605793
	-33.747771	-7.066499	-38.789701	-38.326769	-22.185669	-26.357173	-0.104207	-15.444815	-21.504773
	3.048619	-44.389200	-44.371123	42.736447	-62.705281	-4.086397	-38.402739	9.672960	-1.187876
	-6.476370	-21.508162	-56.550433	55.342240	-19.134094	-11.435032	20.797635	-0.724172	-17.376505
	7.588602	-22.760754	-56.201850	48.600699	16.546822	-35.659655	39.027891	-5.803190	-34.662646
	-11.629770	-7.896396	-101.364741	24.908563	50.902522	-54.270252	54.206188	7.716012	-20.701697
	6.112145	-14.975141	-89.208939	29.451579	89.137086	-55.217461	26.871988	6.804281	-26.144665
	-34.690583	15.666390	-94.960636	11.566848	66.209543	-47.670207	15.358350	11.492116	-74.755863
	5.561006	25.778498	-116.379888	17.107249	63.188486	-57.093029	15.525561	14.188077	-65.056340
	-31.763767	4.427438	-67.904689	19.233529	9.576253	-65.117834	4.292182	8.760190	-55.332272
	45.293278	-0.225343	-45.378779	34.685768	-0.841775	-31.860499	26.867744	18.668293	-41.495370
	21.933527	-5.050718	-49.360623	43.305614	45.108992	-31.842252	23.701966	14.084186	-27.608511
