	-45.159391	4.942276	-31.373204	-33.647742	-15.880982	-1.964983	-30.297762	-19.876722	-80.301545
	-17.355760	2.289749	-17.956961	-21.685688	0.434471	-7.447169	-21.567280	5.253948	-57.065831
	-11.729301	15.198813	0.258899	32.110333	3.406164	-20.935638	54.236344	23.723742	-51.084132
	6.204069	1.953071	-3.682555	33.906342	-10.692534	-24.988458	38.652824	-30.191944	4.167948
	-4.129404	-12.821276	1.884025	11.659734	-9.418252	-15.896897	10.704684	-3.268482	-24.367605
	-9.436822	19.988979	14.355274	21.484579	10.093690	-40.834759	22.324824	14.203811	-23.576803
	-6.671530	28.101936	12.514678	18.135904	28.137209	-70.613667	21.582198	21.303055	-7.357022
	-28.858708	15.930776	21.187594	3.481538	23.189500	-58.351112	30.929395	8.443654	-24.926672
	-41.010188	9.629943	37.506712	-25.927003	16.183940	-45.713612	-11.292637	-29.592587	-37.532855
	-15.849040	38.384437	31.719645	-15.951062	64.415424	-42.409319	32.985319	-20.331220	-20.205248
	18.892465	29.992553	36.426514	13.347103	39.838517	-29.334395	23.124691	-8.433585	12.044485
	-13.002378	9.219569	45.823776	-9.134232	41.036862	-9.533820	16.792065	-34.830387	-0.156950
	-4.564753	25.379712	42.598050	-3.752964	40.899863	-4.219554	23.131058	-2.490846	-14.069842
	-8.415515	-8.140009	43.954596	20.566357	44.918867	5.220065	22.347685	-0.989705	-4.002579
	7.038839	-15.940226	11.480578	-10.052323	2.320541	5.906890	17.023043	-20.842324	14.492368
	-35.277209	-18.366932	-12.816545	-15.382759	-31.308530	-11.618131	-2.081862	-13.815098	-15.823211
	-29.406041	-6.627006	-41.090569	6.432544	14.162887	-23.818480	19.310065	-8.735016	17.986256
	0.272410	-0.471869	-36.289851	6.682507	28.701877	-16.022701	29.914394	-31.349242	-5.853244
	-8.210091	-7.013931	-32.660952	-0.955685	8.116165	-15.924854	8.088072	-24.887770	-18.697886
	-8.807377	2.708731	-35.383382	16.083969	31.889149	-2.608785	8.795953	2.016603	-7.385252
	1.921159	-7.134358	4.213330	15.552896	49.389605	-8.408935	29.182193	-4.501162	22.208733
	0.860820	-19.936832	-14.612165	17.631102	54.209684	-1.480577	-1.073722	-10.491504	39.548265
	-3.710150	-10.594160	-18.879565	-12.484066	47.472611	-1.576289	5.629309	-16.792731	1.859010
	-20.249506	-15.040563	-12.961943	2.051958	49.932564	2.214957	29.453433	2.841416	4.589512
	-3.709285	-26.596569	-35.796923	4.526583	11.244518	-10.992643	2.639297	5.806252	-12.397165
	-24.585465	-16.629818	-59.453681	-15.916790	37.640856	2.284487	4.290367	23.741472	-48.460837
	-25.589016	-6.852974	-60.710962	-15.022156	53.010893	-5.001553	0.950639	20.603836	-13.792314
	29.734420	14.659856	-52.147114	50.538341	78.281953	-33.022762	48.893371	46.607851	49.482624
	-22.859153	20.257130	-6.633113	-6.268421	89.466753	17.137420	-31.840325	37.787924	16.794576
	26.306148	-12.526335	12.540261	-5.296946	46.230941	35.528469	11.574907	39.023464	27.513312
	33.461322	-15.210412	60.943329	21.629188	-2.220036	78.506914	9.048854	15.719443	52.906141
	18.341021	-42.704659	7.527630	-26.767749	-35.822157	96.138455	-23.134306	-11.373686	52.095171
	63.916641	-32.493933	-1.684566	-39.244074	-30.658782	71.895598	-36.368249	-29.466117	47.094803
	37.303211	-21.393505	38.886314	-21.877171	-92.299302	108.094736	-51.705552	9.076524	69.308734
	53.867616	-40.540620	56.953059	-24.506726	-108.483073	126.737613	-56.611068	-4.779563	52.302919
	42.873919	-21.689241	39.347488	-15.383066	-72.434842	108.386321	-36.443624	-36.621740	48.334446
	39.062065	-8.057995	20.247498	-41.468270	-46.933982	77.291340	-42.478120	-10.788979	51.760999
	24.277644	-0.511255	-2.482207	0.964076	-45.095966	21.053913	-24.812097	13.246923	16.205999
	2.497516	24.361078	-31.612559	-11.477054	-61.631000	-10.822726	-36.771467	-14.167140	-43.046388
	-36.580252	17.792973	-16.561232	-34.597765	-42.030331	-23.334197	-67.609436	21.444974	-41.930392
	-31.749644	42.704469	-25.812449	-1.396062	-41.734591	-30.626631	-50.009114	33.496851	-57.316441
	-40.361986	43.886765	-50.980223	-16.380196	-43.962638	-43.860491	-40.365155	34.835794	-28.013303
	-51.199614	26.462457	-82.831684	-51.336533	-33.304540	-45.567808	-66.805239	22.505383	-40.583692
	-29.010254	22.645209	-73.287530	-32.860501	-17.828147	-46.152541	-58.742710	26.682909	-58.341050
	-38.902859	44.202780	-68.903876	-16.508762	-11.414790	-36.720631	-62.357651	48.713189	-85.354325
	-60.979856	30.827571	-77.512048	-38.214621	-16.634700	-34.703431	-62.085597	18.067160	-64.016622
	-78.873681	2.257338	-78.598447	-41.418612	-8.942988	-28.951349	-81.335971	31.852648	-45.282619
	-64.293586	27.948961	-89.390293	-20.554419	-30.091551	-40.836653	-55.030292	71.436506	-68.383657
	-62.710531	31.853277	-88.561948	-15.572210	-13.350482	-30.308317	-62.377616	71.207162	-78.367968
	-48.240030	20.696801	-100.244431	-35.655065	-36.736458	-44.756694	-49.168193	63.223569	-76.562665
	-23.632253	21.950477	-79.285780	1.434179	-30.570772	-29.896002	-46.230468	38.348920	-65.937053
	12.869035	34.277847	-29.928245	22.349056	-2.602321	-25.736662	-6.327848	43.588365	-22.740807
	29.372671	32.155733	-11.278622	28.020898	-45.001497	-7.899397	-5.361014	36.426265	4.959511
	56.481799	35.738893	41.631427	32.245860	-50.149803	1.629482	25.066120	19.948303	15.521826
	57.318762	37.684462	56.516240	37.446936	-38.995078	11.391364	40.747192	30.626828	42.997728
	66.513892	-20.714553	59.045284	2.674443	-44.441135	39.375892	18.986497	-15.896777	58.641891
	67.449010	-48.632043	16.718456	-1.261225	-60.889331	69.885879	14.119719	-36.507460	62.649871
	81.141761	-41.402241	19.472293	-12.193876	-18.199831	76.497651	38.630415	-47.539315	63.959300
	39.025645	-16.551596	60.770416	0.736668	16.683019	78.443554	34.912325	-43.000847	51.794676
	43.035052	-26.342429	3.932646	-8.477342	7.568823	86.680522	4.591839	-21.973178	39.162964
	16.782360	-37.449186	-2.930156	21.155909	-22.913152	20.806998	0.894904	-38.674080	17.538229
	32.885111	-54.974464	4.186516	-10.669084	-29.731215	25.670124	-5.481646	-37.834264	62.226047
	50.937717	-94.094171	12.597377	18.484544	-69.979989	12.169703	14.069970	-62.645681	60.488987
	40.070123	-83.211096	-17.623973	1.125553	-77.707977	-4.907701	10.477000	-48.029628	59.849715
	36.417310	-67.501361	49.346438	38.595443	-66.187472	-39.800569	13.042484	-67.610191	34.592287
	26.376241	-83.240387	44.996412	19.477955	-90.351000	-5.444438	11.852999	-84.452376	32.867903
	38.188129	-73.530832	37.670785	23.574573	-96.871077	-12.374982	9.011069	-39.675897	44.593835
	25.237897	-32.353476	-1.933958	33.744256	-77.801143	-44.570909	11.877369	-0.681844	21.846874
	7.455945	-15.038611	38.405353	74.089550	-52.540478	-23.062065	11.752315	-3.974273	20.317598
	23.475541	-6.537219	45.935399	26.926479	-39.661699	18.006049	-9.572793	4.875659	38.133135
	1.995857	9.205302	27.997352	9.904121	-19.818558	18.974555	-6.863805	31.520897	3.773960
	11.160252	17.907447	39.617255	47.789311	8.900943	5.247208	-4.116173	35.997160	10.910125
	-5.385102	14.383472	36.589849	33.247881	-26.300821	27.843774	-12.144387	49.118752	-3.471525
	4.002215	18.438111	26.828060	-4.981126	-56.819446	39.548747	-40.749940	48.365317	20.594424
	0.694696	27.263872	68.408477	7.863357	-8.804673	32.129131	-9.417683	48.030832	27.316430
	6.104792	46.675210	19.495276	34.294391	5.629141	29.936719	11.291221	56.927635	16.100281
	-9.114429	40.738398	-16.984571	14.463506	-15.902782	31.686895	-37.612018	16.634399	-26.767819
	-21.244603	43.089789	-22.091862	-8.296376	11.281525	8.222626	9.446160	12.567213	-21.455126
	-5.725602	54.453077	-14.562498	-7.473190	7.655089	3.652698	-7.606463	29.749034	-50.459594
	-9.153398	68.512778	12.501409	-0.944142	-4.028758	-0.710426	-13.779884	-0.098761	-40.544925
	21.388303	49.063211	38.187935	-19.652746	-8.407712	-8.319080	-12.552639	-18.596785	-11.494511
	3.769147	56.520418	85.780006	8.904911	19.055558	7.611706	2.203707	15.037418	12.959749
	41.520544	43.311842	85.622430	11.259352	5.831384	-2.250481	6.542224	31.418117	37.320171
	20.791543	35.488945	58.599328	20.971046	-17.050536	11.383624	4.458131	11.102226	7.748134
	49.105679	29.670471	29.616840	20.015169	-17.886122	3.370113	11.098475	-7.141805	21.161316
	35.731242	1.784202	-26.477376	10.661080	-6.215684	-16.023784	9.314597	-19.615959	-0.643727
	18.175624	-31.434862	-91.259355	-21.837423	-10.013296	-4.976435	2.864795	-38.783591	33.742374
	14.797509	-23.221624	-86.470920	-27.606372	31.058482	-35.163133	10.456520	-44.995306	20.866742
	5.498745	-31.602750	-102.713365	-19.469767	43.321317	-62.220022	9.323417	-26.963586	12.590255
	-3.387589	-49.273260	-58.998376	-33.673705	8.218314	-17.449849	-9.848209	-20.408649	22.774831
	17.177229	-53.828182	-5.281440	-15.974186	0.436440	-29.843134	-0.943395	-21.532492	48.487910
	19.700982	-35.293288	22.782243	7.362261	-1.454370	-15.225590	10.711326	-13.146382	24.364224
	-9.073208	-35.894340	84.895138	-6.198696	-25.331033	-1.659042	-27.296595	-17.937623	17.597950
	31.743695	-42.861331	103.577634	-21.587620	-29.597958	-9.061367	-5.529606	-37.794519	48.312920
	4.262718	-22.945193	137.104203	-20.473970	11.681135	-20.782254	-9.528829	-48.401420	47.578421
	-9.514067	-5.960585	111.749466	-15.171041	15.907076	-21.384405	-10.738338	-5.271147	50.814585
	-7.557306	-30.175414	97.390049	-60.135275	4.855391	10.059965	-44.764585	-30.911190	24.781713
	-0.068229	-7.041200	99.099634	-40.635330	14.669225	-12.150762	-15.704743	-26.382694	47.517115
	-18.198927	25.029491	71.604975	-11.851598	38.355762	5.281404	-6.987958	-14.735418	26.296594
	-10.033663	9.679338	65.190612	-12.768791	29.982301	8.378455	-9.914495	-6.881790	18.491351
	-23.258657	10.498859	-3.334080	-28.006666	15.587012	15.356869	-13.441994	-11.769597	21.236040
	-25.816209	8.523289	-45.341068	-7.003973	2.033229	10.454204	-28.028154	9.484916	-6.051225
	12.628527	-6.512501	-74.284600	2.040532	-11.004316	9.685819	0.683923	34.244519	0.365499
	23.091733	-34.401730	-10.353741	-16.932179	-60.144779	63.873150	-42.399438	29.413910	26.735783
	-16.073913	-24.387996	3.590586	-18.936066	-27.864036	28.849212	-19.632276	-10.550329	-3.555425
	-4.458971	12.573977	-14.656031	3.637503	17.741153	-5.684080	8.888405	-21.350822	-38.161713
	-5.112481	2.756811	-40.681763	-16.192650	2.094500	-9.252036	-15.083815	-9.887783	-36.666066
	-46.923667	2.805955	-29.690894	-14.324742	-1.993244	-22.187690	-20.860768	-6.262682	-31.542065
	-39.687214	31.201718	2.412410	-4.555383	24.466242	-54.305760	-3.422727	-25.817209	-13.845632
	-5.176670	30.012050	4.731461	-13.146851	26.143245	-58.400354	14.826921	-33.859945	-17.891874
	2.384553	26.542575	42.812295	15.271852	8.269026	-21.688527	7.686802	-20.185016	-23.809872
	15.221374	31.612782	29.084113	15.940641	27.683562	-25.690911	26.434679	-44.332245	-8.592433
	-11.029537	35.905738	3.653402	8.734170	0.036716	-31.551889	25.870801	-11.356365	-47.219075
	-25.095871	33.495709	-0.514569	12.084242	0.368041	-25.925440	25.801482	-22.336670	-54.237955
	-7.272210	30.737544	-10.591039	-21.003326	16.459244	-13.762223	-3.534952	-32.541694	-46.758801
	-23.349903	41.145112	-16.582732	-2.165592	36.522625	-23.066802	10.646776	-11.413495	-51.820191
	-24.390191	44.081224	10.584748	-0.646944	33.792254	-28.247053	4.606247	-1.056531	-35.353583
	1.135514	39.308530	29.546641	38.305220	25.786809	-12.746821	6.604988	13.030211	-30.962289
	-20.480375	0.146273	9.979962	27.677638	-4.396591	9.229540	41.805751	17.454587	-34.505368
	-5.094339	-22.057945	-17.648855	45.026916	-6.012364	7.588243	44.057983	46.503603	-27.905497
	-14.671991	-31.820647	-34.133952	68.842055	-42.994536	4.556347	29.937094	49.457957	-41.563210
	-4.157052	-24.360321	-22.928498	78.999372	-19.868297	2.203468	51.269737	34.160808	-2.148553
	-16.617643	-23.259878	-52.143564	19.563362	33.444451	-11.196759	27.647887	16.586186	-14.559871
	-34.265330	-29.810425	-46.866607	8.283834	44.400021	-15.585186	29.059794	6.630694	-19.650621
	-21.393924	-43.113984	-36.070056	10.801202	41.564537	-20.749625	40.694144	9.816614	1.007993
	1.170446	-54.992985	-63.232332	-14.125001	16.598564	-6.633557	6.764661	-14.621654	21.919511
	-25.865278	-41.822193	-59.569307	-33.845662	45.681530	-19.416713	9.990764	-7.287913	-4.218854
	-35.122136	-37.753503	-61.829279	-9.024024	73.359312	-18.490340	30.167512	2.603277	13.865951
	-28.902997	-24.829779	-51.482988	-40.283455	75.469228	-20.009468	26.474307	27.699051	6.843924
	-21.941254	-23.251365	-80.626516	-30.830613	48.508068	-10.049834	6.644843	9.316939	6.582175
	-11.406739	-18.324406	-43.722392	-11.267332	67.810225	-24.287485	40.883605	-8.024182	-23.961302
	-28.278095	4.185810	-24.005095	-20.541746	57.965964	-9.330578	35.330739	2.036579	-18.928865
	2.018430	7.440209	-4.900431	-9.099094	36.665102	-14.999140	16.588314	-8.887768	-16.813175
	6.855014	15.744563	19.642490	8.072320	24.285220	23.444418	7.237376	-2.956364	-38.222334
	-30.847479	7.385998	12.313230	-4.493116	35.685952	20.356372	9.159619	-13.872084	-30.796166
	6.696883	18.032725	6.472138	2.466520	54.321362	13.074298	17.452930	-17.529036	-13.490869
	0.275290	16.782148	17.027814	7.477184	44.964549	6.986954	16.425854	-6.646609	-12.897376
	-1.912661	-11.172288	43.700967	3.047902	25.385208	-4.204007	37.624928	-10.433240	6.917285
	4.571201	-27.393115	22.434248	3.943369	18.626042	-9.416618	25.080849	24.651640	-0.235184
	-5.655120	-27.398639	26.574148	-2.704049	27.091274	3.724282	0.979572	18.594231	-24.636133
	-25.517527	-14.153620	7.484742	1.803520	43.500854	-7.432682	3.469915	2.516759	-3.669620
	-35.674397	-31.165099	19.376718	-11.621495	38.213252	5.049862	-4.220453	-2.330053	-3.261726
	-16.637012	-24.881819	58.987753	-34.331891	56.478014	9.674618	-8.540383	18.449770	24.856928
	2.571622	-27.662846	62.746306	-28.753371	28.241647	-2.524712	-9.896540	-49.797986	39.360568
	-38.784580	-35.006379	28.844303	-31.086464	30.186360	2.463888	-22.720923	-26.310000	4.294951
	-23.201092	-20.230105	6.682572	-20.959116	14.164291	9.401044	18.738612	-9.799110	-17.229427
	10.568910	-1.245377	-18.271631	12.759419	1.430459	18.103770	19.134720	19.584041	13.575873
	11.786943	-21.052962	-36.509149	12.900980	2.523976	5.691564	21.835597	12.716161	15.573796
	-10.117539	-35.654213	-7.362509	-5.733702	-3.141344	-3.037490	20.493247	16.870178	7.257731
	3.540674	-22.945513	-11.136134	-2.732600	5.655346	-2.773043	5.583145	11.577634	3.553756
	12.918073	-40.918449	24.716597	-35.850142	18.179873	7.614943	1.209094	33.205448	35.270083
	-7.786867	-44.776067	-14.287023	-36.904215	69.583601	0.750045	-15.309228	6.209275	43.212913
	-26.713446	-10.885967	-5.059360	-37.060344	100.420021	3.106186	-14.062753	-4.480351	49.130690
	-27.142167	10.629581	20.006713	-45.530430	88.654828	20.345631	-17.029886	10.754424	31.615553
	-15.207893	-11.215867	-15.107268	-43.416125	89.814956	21.213304	-27.855133	4.389863	62.263454
	-25.533163	-13.966634	-8.635965	-57.202603	85.073400	36.931158	-27.812352	18.461837	57.243748
	-21.291337	-24.304712	24.072744	-52.677129	44.751312	13.929625	-18.451306	1.116856	46.185072
	7.130855	-13.958490	17.043178	-12.521191	21.313395	19.116373	11.155101	-0.964365	38.560778
	-6.114411	-11.344618	16.500596	-0.820159	-9.400758	12.499292	-6.667074	-11.349027	50.146729
	12.438846	-13.247611	19.189127	18.524697	-52.782275	29.904194	7.070707	-17.853060	15.971942
	35.620689	-5.755373	1.404971	44.245473	-38.448522	27.165549	31.031833	-3.668513	42.414090
	56.696166	-18.678638	6.841947	38.645178	-33.970109	13.327739	25.025222	-35.365694	43.810413
	64.414369	-1.133714	13.722363	24.440107	-24.497916	11.423802	41.202086	-34.694566	41.642631
	57.993273	-2.715682	16.618967	25.855970	-33.649985	39.537192	12.746837	-36.499762	9.650294
	68.074086	-2.570233	29.835337	45.056703	-60.796881	59.602851	3.648787	-48.547213	21.129483
	54.036279	-21.380987	36.954943	25.606555	-75.091832	55.216251	27.731156	-64.900630	37.960038
	37.762598	-36.348499	58.842138	14.876746	-35.765555	42.478611	38.897197	-75.112594	35.516753
	41.335553	-42.442319	46.868384	12.459346	-69.634708	31.154558	31.772188	-60.523756	60.034823
	48.291221	-48.586813	-10.617201	33.556926	-59.482538	4.756703	37.881281	-46.784101	36.509371
	47.768080	-37.458134	-47.930962	30.708556	-32.822816	-28.467969	55.612123	-62.208604	12.369384
	30.034102	-4.135805	-53.167817	23.414154	-39.761158	-37.442166	33.292310	-37.262683	5.241183
	15.399519	-17.736574	-23.445873	35.050358	-64.124765	-1.911102	5.672063	-46.262797	-27.123972
	33.836172	21.278097	21.791656	23.447081	-27.985882	10.213149	28.213195	-0.736955	0.228527
	38.715669	33.742265	44.387872	43.485501	-11.897318	15.213830	17.838095	-21.437219	-7.241529
	30.176180	51.009508	12.989725	32.996163	-40.307610	31.886294	-4.035636	-23.122862	-13.769642
	33.213146	54.402454	1.655697	23.090505	-58.563897	62.335405	4.522132	7.266695	1.977547
	-2.216007	74.896915	36.826100	34.791211	-41.591687	36.481722	-10.942472	32.690977	17.777752
	-14.794577	79.533833	29.220183	41.594939	-35.766764	29.862464	-4.238741	9.308357	-38.982809
	-1.980141	74.862934	-17.989189	34.002623	-15.306676	-11.128958	20.652698	13.287027	-42.025511
	17.275036	48.541522	-27.115964	26.981472	-33.492250	13.947863	-2.174748	7.063685	-16.908340
	25.997346	51.706756	-60.225212	29.696903	-28.649625	-7.084659	-4.280765	23.152065	-67.222411
	-13.020732	53.993258	-78.764004	26.572130	-23.236917	0.961959	-13.058685	49.898101	-73.373873
	-17.765069	69.149448	-100.808813	55.286395	-1.458892	-8.631595	-16.120569	55.648751	-54.574729
	-31.419624	59.307996	-102.148662	30.426137	-0.840903	-35.302545	-13.735016	61.369225	-56.823589
	-39.904359	58.212050	-108.541887	20.414641	22.408619	-35.647646	-22.228309	75.160950	-66.138537
	-49.798129	53.364166	-84.330564	21.142179	22.395654	-33.642246	-22.416290	77.672939	-74.398443
	-21.671674	29.587813	-90.602168	24.084278	17.881460	-45.992287	3.240622	40.368136	-57.240749
	-40.213018	31.935002	-91.428387	0.369600	35.915172	-19.477171	-43.160998	76.478701	-58.114516
	-38.045443	41.080276	-52.909815	11.934440	29.121747	-43.875487	-20.309962	60.924934	-67.161100
	-26.591384	46.851308	-12.381611	9.954426	2.062578	-28.446162	-16.855574	43.824376	-71.115338
	-29.967002	37.662579	16.356792	15.566272	24.454330	-3.404786	-11.228396	63.127890	-63.024184
	-57.477332	48.351959	0.928295	10.861533	0.106003	-1.245697	-20.858411	77.468546	-86.460403
	-35.626927	75.441541	-1.148680	40.812324	9.525465	7.824721	-12.746268	90.171851	-83.792778
	-12.053574	48.402476	-17.916523	50.999981	6.989601	3.110308	17.049201	62.588400	-57.909341
	-22.407840	38.527464	-61.127985	52.622057	15.052007	10.654146	3.325615	90.897854	-73.753391
	-5.458904	36.192486	-59.408585	52.506721	7.145291	9.671717	21.420626	42.464663	-55.951746
	-24.179126	46.500900	-69.603152	38.892418	36.222958	16.034995	12.515864	37.245153	-45.332244
	-2.894728	44.701703	-73.535665	34.916991	8.655996	6.937576	28.624003	43.585500	-46.485062
	-7.704981	58.829554	-65.231003	24.807651	-21.762778	3.794060	1.789739	56.424278	-67.828027
	-35.011794	63.225062	-51.743526	7.786012	-1.165030	-7.042674	-37.394448	69.082114	-76.727272
	-5.075878	43.793600	-1.516264	27.593784	-1.619540	-14.327446	9.528005	18.440183	-33.596808
	-15.511502	48.238042	6.434055	21.141704	4.485152	-6.480296	9.423185	20.020915	-53.752142
	-4.203795	55.477476	14.759551	9.962802	10.111979	-31.937958	-0.227953	36.623356	-26.975785
	-29.031053	36.384248	18.274210	-45.883748	20.433070	-30.556043	-29.522096	33.816333	-28.113928
	6.243400	12.674912	41.841044	-27.402653	20.153390	-1.822275	-4.675512	-11.903414	-14.729278
	-5.454971	24.388172	65.318786	-34.735020	31.662368	-17.438703	15.575159	-5.653050	-15.147676
	10.826388	27.436098	98.149939	-65.867964	63.784521	-7.941342	-10.947577	-29.355381	12.632462
	-17.099621	2.899561	116.623881	-57.546804	67.004462	10.916982	-8.308408	-62.194451	19.905975
	-9.510962	-9.253772	123.528912	-98.051035	48.237711	35.087059	-7.769688	-51.452535	33.669954
	-2.965356	-7.819833	149.740102	-82.824115	52.330196	19.683499	-2.743529	-38.859826	37.722985
	-32.728032	7.962305	140.738171	-87.791219	49.286420	17.027674	-17.564968	-54.926474	11.606780
	-16.131111	-9.177759	139.284549	-65.906070	38.548919	17.867785	-35.970674	-26.179242	19.863766
	-25.122977	11.641709	111.348479	-42.943710	31.083727	21.147787	3.748097	-33.264573	28.436335
	-29.197372	32.573127	111.231642	-39.392869	26.824467	14.164564	-17.172729	-7.963752	5.791447
	-35.204060	34.960343	96.381820	-68.378346	22.325171	9.621029	-18.800288	-24.286038	17.137925
	-24.907058	20.735593	63.949374	-36.877203	12.162107	52.746118	-4.377280	-34.456523	-7.860794
	-34.660846	19.466471	40.542728	-32.596706	-16.927194	48.692036	-24.374687	-14.259020	21.283139
	12.896763	2.936369	9.829774	-35.410507	-11.462081	50.099436	-29.033462	-6.483810	9.382954
	-1.658678	-6.687056	-11.980143	-4.578278	-41.107727	-7.247161	-21.957416	6.690574	41.359195
	32.778083	-32.740689	-33.773497	12.318905	-27.099887	11.755462	22.737794	4.157902	34.232522
	32.111328	-41.445531	-38.047117	9.258986	4.829407	-19.424127	8.878492	-16.081328	53.022634
	29.172218	-24.514264	-20.746679	-4.048773	12.053156	-11.184161	-6.654330	-6.774548	45.734598
	20.392570	-62.463343	2.186263	11.721893	-37.053414	-1.633575	0.415321	-7.835789	56.862054
	39.097022	-61.258296	8.299312	8.042104	-33.321271	27.987012	-23.351087	-9.176706	64.768588
	24.078065	-58.859319	13.537012	26.645481	-41.643763	0.901311	17.845524	-26.831528	44.082811
	29.408968	-53.812315	77.988667	33.257020	-19.524796	0.453076	37.713794	-29.515251	46.211928
	16.531977	-64.841460	57.459045	7.268145	-0.035855	6.433675	19.633942	-32.045342	108.478952
	28.827794	-55.856406	29.039681	16.373662	-12.283536	-38.210725	21.809599	-51.848571	57.702400
	14.234682	-38.284533	13.492144	-24.656079	23.258615	-42.959452	1.835633	-36.521366	44.553746
	-3.042998	-50.965841	-35.070263	-16.556133	40.030865	-88.000710	-16.501251	-45.678756	1.677547
	-27.751349	-54.928426	-49.229712	-19.849427	-4.104229	-81.499206	-27.483407	-23.858342	-10.469877
	-19.817744	-67.374250	-76.562290	-3.771459	-36.582462	-62.479176	-31.135066	-37.961760	-7.879716
	1.790153	-56.288208	-45.022948	-8.697871	-27.419947	-96.929649	-8.648852	-29.222875	-13.979783
	-8.707026	-37.243994	-38.334869	-35.795441	-1.485432	-72.553159	-4.895744	-14.851749	-8.268470
	6.075424	-22.612849	-35.052166	12.450640	-14.636350	-57.683711	2.328064	-36.745520	-3.781647
	-26.049423	-17.804932	-12.787272	-17.339355	-18.760404	-18.249103	-6.458143	-18.431119	11.150198
	16.664690	-27.709244	29.046480	3.466412	-12.495038	-30.114082	-28.398414	-20.131385	18.321104
	18.245077	-29.361653	34.340981	-16.693196	-29.279555	-21.778788	-9.095556	-37.004982	25.027680
	17.042136	-13.049711	23.891459	-6.604924	-44.533134	-29.403461	-22.304189	-24.647144	53.126877
	8.628424	-4.043312	9.273466	-4.214484	-41.599923	-29.395874	-18.273907	-31.435314	53.552539
	15.595207	-12.244935	-13.892110	20.209081	-65.075904	-7.696450	-5.060335	-4.130582	33.911405
	13.517815	-25.337604	-9.285024	4.803900	-53.195082	-20.055205	-10.430029	12.640848	40.068710
	5.557947	9.289178	-26.491783	-9.108407	-48.562283	-25.735812	-31.162134	28.363322	17.203958
	3.426691	6.090326	3.860627	7.038332	-22.080906	1.494628	7.156680	30.419359	28.680039
	2.839718	5.220219	4.108977	-8.857474	-37.273802	-20.444850	-23.983063	15.688080	22.315597
	12.962340	-18.441847	6.598080	-3.600410	-53.390796	-7.443854	-13.704462	24.048270	35.607155
	48.667900	-2.797170	-9.240079	14.010323	-36.727895	22.540321	27.640158	-21.116151	4.325311
	16.559816	8.857712	16.695183	20.967484	-37.019647	13.955287	17.144388	0.091588	-11.615231
	13.543173	11.399432	-6.929814	22.090679	-25.178639	4.993905	7.418558	11.914196	13.523106
	21.322539	11.658047	2.427968	40.338548	-40.132168	11.614250	21.718850	7.431914	8.751872
	8.739847	49.044757	-2.933148	59.280387	-14.604487	13.902145	23.239477	21.980675	-0.170451
	3.459899	44.785139	-25.081734	64.270313	-15.940287	5.124085	16.686898	28.802852	-17.179157
	8.103237	35.335957	-41.807555	55.478169	25.501429	-20.928214	31.394381	21.636133	-27.210189
	-14.801246	17.236003	-73.400632	36.249922	38.003495	-19.756973	12.976949	39.358116	6.232210
	13.766166	26.009483	-68.298025	47.640771	62.210622	-35.622820	30.609198	7.455834	-1.746035
	-0.058958	31.354487	-38.345720	25.812587	48.532100	-41.410989	22.824641	5.248200	2.088553
	16.334846	25.577316	-17.350745	6.079408	56.890085	-62.578137	32.033302	-3.576077	-5.075865
	12.908831	25.801382	6.898140	27.282658	49.588948	-26.971833	11.313005	-7.324471	0.196389
	-2.773560	59.817879	24.573211	18.911682	88.809919	-5.596194	32.754721	15.958568	2.563493
	-4.248404	25.632070	29.273060	-2.813081	62.799324	7.785245	7.597640	46.265684	3.390672
	14.517999	-10.541243	14.341801	11.354220	3.179961	12.280729	7.752686	22.445619	32.735969
	14.865781	-28.893179	-3.014117	-5.670940	29.297551	10.911708	30.197830	-24.689908	44.530666
	25.723292	-37.335534	-27.796324	24.017430	17.561010	18.044372	21.828279	-34.755725	3.881042
	11.861023	-50.460109	-23.338744	1.372526	9.480458	-4.553957	1.605521	-31.076670	35.854745
	17.439070	-77.199357	-41.877138	9.898390	11.509682	-15.349587	44.880699	-23.832168	39.671441
	26.506466	-53.139015	-34.529567	34.617956	-2.061689	6.111129	14.425238	1.320209	36.581400
	16.263526	-39.116059	-67.081087	40.185997	4.297674	-4.983437	12.664487	3.119538	-6.822356
	14.010353	-21.559145	-81.788837	38.384820	21.557398	-43.423092	37.038916	-4.312803	8.674419
	5.671920	-34.145582	-106.897286	29.806523	17.582435	-38.248791	3.614381	-3.877387	-12.658164
	-13.060566	-15.878481	-120.541294	28.650043	-17.973774	-16.964188	-17.144637	-16.041396	-31.270447
	-8.109851	9.314431	-98.270940	12.496668	-8.467464	-31.477185	-10.850454	35.175027	-50.826743
	-12.862102	-16.078480	-103.814993	0.338847	11.457107	-30.100589	1.472198	-8.415176	-49.076761
	2.963963	8.237363	-104.509493	-10.998727	-38.081428	-18.924826	-27.336104	17.258333	-50.631152
	-20.336649	1.792021	-85.006203	3.454078	-20.345343	-21.886782	-4.864198	25.046525	-52.079608
	-5.654803	-7.317972	-62.096183	5.821808	-16.347624	3.565231	15.450907	3.354305	-72.456204
	-42.914347	-40.498939	-58.770996	-18.111606	-22.275431	-1.576790	-18.313692	0.252675	-31.792110
	-10.606581	-40.615471	-70.022431	-4.473202	-2.947019	17.521951	-1.127006	1.593802	-30.625032
	25.303559	-28.715475	-59.307425	36.114905	-13.165306	8.880333	15.381802	10.998260	-58.129045
	-5.643396	-26.437798	-42.552164	24.475754	16.728682	-15.692164	47.641986	1.471801	-0.925651
	7.691468	-14.514352	-59.783820	32.922094	8.810923	-24.270950	29.620601	35.440533	-2.891061
	12.099336	20.160564	-25.702506	54.513569	32.318161	-31.619330	63.988697	11.910816	-32.754914
	-24.056499	9.068845	-7.868266	32.551734	29.163790	-23.635528	55.515081	18.815342	-36.546556
	-23.022863	0.498466	-8.140521	21.973516	29.208842	-7.596340	38.903887	-31.632588	-27.139398
	-10.552225	0.815624	-33.417417	-8.620334	45.331819	-7.883659	21.775404	-9.003020	-28.123562
	-28.042606	29.169929	-7.045132	-0.938006	30.961377	-13.235353	0.525846	31.204019	-46.452256
	-22.541089	23.086827	32.729525	-20.317429	40.927353	24.919418	8.271819	2.374192	-15.766573
	-19.894535	18.247367	33.847232	-26.602303	2.317345	27.404666	-12.002641	5.700049	-38.630941
	-20.539489	-5.000179	34.064054	-52.938585	-32.172466	41.990830	-25.824954	1.770597	-44.904690
	-9.701644	11.081520	20.218471	-27.354401	-32.180237	60.644850	-18.696526	8.721715	-21.095073
	12.303621	-16.921593	18.559726	-17.185023	-44.846329	36.447353	-6.572317	-19.458653	-9.516183
	21.454557	-41.495105	4.953418	-10.080716	-77.028815	62.550970	16.841445	-19.286113	19.496821
	29.262848	-32.999295	18.323856	-2.358682	-104.743933	56.238617	14.907169	-20.452603	5.872159
	64.141369	-43.237597	44.866041	7.888729	-74.942143	68.694912	30.013297	-54.118371	54.395979
	38.262365	-49.500625	49.545575	16.939431	-78.396461	64.788508	16.312686	-31.121676	56.183202
	42.621820	-43.069337	44.705814	2.853896	-22.494205	47.385698	14.697204	-70.926838	68.506330
	46.642992	-37.489583	60.787506	1.371762	-36.729052	47.298616	28.127681	-42.455700	72.331507
	37.273394	-21.607247	55.805005	4.302738	-16.025181	28.383685	13.883085	-14.388653	71.430587
	7.848917	-13.265764	24.932355	9.781078	-9.044862	5.162664	-6.802198	-27.090901	36.190116
	18.076110	-24.524795	-21.341832	-2.437336	-5.937352	-19.197835	0.145585	-31.698322	45.569510
	23.204650	-28.983427	-11.727775	-5.937950	-11.577898	11.230799	-34.976878	-14.720575	14.841317
	2.238037	13.505414	24.544851	18.812229	-50.269923	2.212692	-14.253865	-21.661148	-15.720650
	-15.751365	12.196643	40.318148	-23.498949	-28.581474	30.279839	-12.427933	-34.875753	-32.977294
	-18.536355	-6.181792	18.377569	-57.552335	-4.650367	9.819482	-29.695261	16.128020	-27.794759
	-7.577274	-7.962948	-0.587865	-44.229826	-35.657711	-0.768191	-17.858812	-16.355679	-60.308294
	-12.362414	-7.207773	21.688474	-23.529761	-61.075914	9.848371	-23.304824	-30.023333	-8.510400
	24.350762	-11.274920	27.130233	-52.161112	-35.687569	14.079266	-19.076704	1.587328	-0.873824
	6.061748	-4.459263	27.674933	-34.012179	-9.630064	12.769613	-20.402752	-12.801805	10.327547
	-3.822429	18.837328	53.042830	-64.323751	29.595421	24.503617	-30.526825	-11.222829	1.603305
	6.060957	24.735866	59.768366	-43.627397	31.362616	28.057486	-15.709304	-34.312100	16.348291
	-11.817320	31.083106	32.253347	-36.888582	-24.910767	28.934680	-41.035362	-3.310805	-10.155455
	-36.644701	43.549919	27.731589	-31.816177	0.071534	25.835687	-15.813335	6.631572	-77.593350
	-22.925843	18.138914	1.987370	-49.843426	-41.760559	58.427960	-58.620697	-20.522190	-80.552885
	-13.856365	-0.665972	31.461600	-49.204397	-44.478866	40.373009	-30.555263	-35.454597	-55.168986
	0.711352	-21.966244	14.615174	-31.332823	-45.701329	30.789272	-35.526260	-27.621961	-54.020823
	3.593479	0.521550	1.991878	-27.932950	-13.331477	-1.350518	0.618643	-23.753386	-11.150718
	1.933210	-31.122293	59.186012	-10.426726	-16.600575	20.566161	-18.393485	-23.088158	29.780300
	18.555689	-35.196016	73.355307	4.352259	1.288933	-12.256567	-3.400026	-12.916871	30.065231
	43.579398	-12.437895	92.255542	20.913768	-17.267885	-4.729492	-28.717571	-0.066439	15.407293
	34.346958	15.045031	88.272025	36.222769	-13.060878	-3.991091	32.768874	-5.328235	34.659030
	20.643201	24.029966	53.967393	38.972500	2.329316	1.818584	0.269670	2.374817	20.206258
	36.985120	41.318883	21.564638	29.325169	24.104405	-14.996852	18.694497	5.188442	3.240032
	13.763730	53.979144	13.507064	13.328666	22.964338	-19.138811	26.254922	-2.091326	4.245726
	33.407975	40.272191	-24.588012	28.320158	25.604128	-18.506098	27.534734	-13.224529	2.493010
	18.323787	59.111546	-14.872228	-9.040401	37.732012	-33.491435	22.294698	-22.353902	6.873519
	12.136106	49.628278	-19.671181	1.397433	26.729430	-23.455919	-5.241435	-25.851492	11.607065
	20.456907	23.276874	41.219955	26.407339	16.219123	23.893773	19.462993	-14.720423	-14.537423
	4.131067	11.477479	19.067506	42.154608	20.584362	11.031484	20.974470	-20.250269	-40.894969
	3.168011	1.121587	15.586600	32.206675	-6.708796	37.486649	18.942107	-16.303214	10.964393
	10.042610	13.578442	23.023470	26.241072	11.000035	41.612577	26.089110	-14.652614	-27.488401
	-8.625807	15.496268	62.087424	22.698903	20.927904	31.580832	0.187350	26.829417	-8.246365
	-23.775488	35.438145	58.109291	28.660757	17.183003	4.601982	21.726830	12.163076	-10.128892
	-14.296749	19.940659	86.215674	38.785600	35.830251	12.166347	15.881135	40.511967	-18.157948
	-23.673734	31.706918	78.396321	10.932206	1.958952	17.714618	0.563312	22.706612	-19.096288
	-41.630851	25.338138	27.902639	20.337177	-2.124129	-11.611529	-8.034320	39.861542	-22.410961
	-39.112643	26.301407	5.944131	12.171879	17.297357	-13.251235	-3.620125	50.247664	-4.774605
	-44.155340	14.120617	-57.919827	20.478680	0.688388	-19.475404	6.694036	79.651045	-10.303515
	-34.342871	15.166930	-82.983491	-14.142402	18.377834	-8.481949	-38.021125	84.915219	-51.342384
	-31.261933	25.023131	-81.149212	-0.375636	32.515862	-18.405346	-15.202941	61.274205	-27.444825
	-16.616131	28.617531	-56.841424	26.063371	26.501979	1.256099	1.563981	60.620036	-22.262162
	-7.281966	29.079436	-16.271685	16.109280	-18.702464	-22.173458	-42.818100	34.632601	-6.647062
	-22.826053	-10.177303	-13.888591	-8.081263	-19.330214	18.093743	-65.010218	50.361712	3.585065
	-17.408754	-3.402041	-8.567158	-5.426642	24.541652	8.846059	-7.261748	42.930045	23.878034
	-29.784751	10.798902	-18.711900	-1.395601	-24.335353	50.961239	-25.535436	42.058673	-8.089426
	-19.235106	36.942775	9.642705	-11.984802	-45.357650	29.972282	-41.743411	49.408182	-18.726298
	-9.046515	25.715185	18.473320	-28.803739	-26.280617	28.127685	-13.393356	25.174736	-44.218232
	-20.860266	8.750875	15.807471	-53.677735	-14.640744	32.080582	-30.494206	2.709334	-39.069941
	4.262419	12.815270	10.846081	-23.924731	-13.846397	40.054828	-10.150145	-1.429429	-29.085541
	28.783966	13.494957	-3.200997	-42.517306	-14.716241	28.829150	-30.320534	5.054566	-8.072913
	34.593126	5.656972	28.432581	-28.479572	20.837050	5.668680	-18.091741	-16.926738	11.659684
	27.454721	30.257381	25.594920	-7.752272	18.327728	-7.048712	-4.122854	-2.605947	35.131788
	0.248989	24.195204	0.725161	-33.973817	34.391585	-8.210871	-34.755551	6.429476	16.191619
	-0.798987	36.333420	18.035184	-34.282817	21.764388	8.651738	-21.289777	3.127485	11.364583
	-8.650534	26.375104	26.644435	-23.719728	22.890336	2.049120	-20.743000	7.922750	11.024092
	-39.144623	23.179211	40.017616	-46.609406	-31.743215	38.819111	-16.491181	-2.136450	0.030190
	-6.492409	10.046400	4.897864	-13.154866	-17.240874	23.097442	14.541735	-12.007233	-18.997316
	-30.230412	-10.024864	8.937951	-26.213244	-28.882694	49.319767	-29.545074	-12.147480	-17.359436
	-16.783617	-5.298676	-17.375935	-22.224220	-35.399143	39.271140	-16.166965	8.366900	-6.233655
	-22.072372	15.288120	-32.269930	4.324887	-17.241443	12.116281	-12.418975	0.417859	-17.484559
	-14.184245	-1.431628	-12.627194	1.248130	-32.797924	2.920226	-9.892678	48.000936	-14.782359
	-1.514999	25.401084	14.701663	0.823169	-12.240810	4.880264	-39.773921	61.789972	32.211215
	2.460148	25.311242	11.589441	17.134093	-5.327437	-13.643459	3.582912	53.789947	21.950043
	-26.340895	6.777015	10.244215	30.724788	-42.804706	12.358463	12.518496	61.566656	13.261204
	-22.733411	-1.856469	11.739690	29.096706	-17.605100	-13.141274	10.548374	20.929114	2.561140
	22.112112	-5.104733	-9.973398	31.910578	-5.956601	-14.893656	30.687086	21.326266	42.382587
	9.940359	-18.332368	-48.445519	19.634254	49.475928	-56.012164	20.437432	-3.216589	36.888537
	1.801279	-33.877937	-42.438511	14.716406	31.859304	-27.906634	33.331173	-4.876951	36.153133
	14.709358	-31.489768	-51.953097	5.171104	86.282902	-40.030490	32.260209	8.498345	37.866695
	11.202376	-20.132656	-57.122110	11.850227	94.533013	-69.558990	41.513011	-0.267190	37.229380
	14.216323	-33.865327	-46.762710	10.093953	69.940894	-69.957303	28.979830	-22.952374	23.147395
	9.633901	-29.751198	-36.206179	21.523024	90.877921	-70.574295	66.803997	12.818674	31.216554
	-16.831758	-43.074799	-1.489646	3.201149	52.364887	-70.601949	27.798467	-30.131430	42.336962
	-40.122129	-58.932808	48.662462	-31.370153	50.146317	-41.990034	18.861051	-70.471161	59.295544
	-33.212836	-50.215937	71.283358	-42.115201	30.239627	-18.474037	20.185883	-71.598893	36.431396
	-40.457689	-48.796262	92.218376	-57.518895	15.820303	17.823281	-35.057743	-46.896331	47.626743
	-37.150203	-52.778693	84.577304	-90.905816	21.858349	47.672425	-34.169037	-75.047622	27.404433
	-30.887125	-57.881258	46.439586	-94.753268	-6.155098	63.834103	-32.364571	-30.446595	18.636154
	-2.888886	-54.826018	74.306592	-68.266297	-8.011336	77.726159	-25.613141	-37.547003	51.069414
	7.320968	-45.166224	23.611930	-73.078421	30.098613	42.891819	-20.964685	-46.543731	34.693989
	-4.647580	-29.370170	1.246678	-41.523234	42.981168	15.410623	-11.703391	-25.701260	1.604949
	-3.848926	-35.125308	-12.613872	-26.076576	59.249495	-21.499837	16.481515	-26.295421	38.392314
	3.109519	-37.433378	-45.127561	-11.020933	34.434528	-24.970684	19.790607	-18.838009	20.230903
	20.173849	-43.862385	-28.210262	-22.107726	24.676837	-36.397334	-1.754400	-8.897575	22.232094
	12.539917	-36.018498	-39.393514	6.380137	17.796463	-30.749287	35.321824	-55.841865	31.100325
	16.738897	-29.386488	-1.864782	23.385650	-4.326453	-20.298224	21.084243	-26.779423	22.969126
	24.074384	-34.963271	-4.307104	26.009203	-44.331785	1.857628	-5.666612	-24.446204	27.466737
	2.902297	-33.154321	20.789294	9.008541	-81.830208	-9.540129	-24.895395	9.619795	37.858459
	-17.711956	-15.904217	39.701175	-3.984868	-56.997829	-0.056910	-39.755359	-3.083545	4.406381
	-35.271813	8.225468	33.251361	22.091383	-48.190333	-0.982593	-33.075434	16.087371	-22.124773
	-20.174139	29.105465	-14.583470	25.596907	-7.533934	-14.233761	-21.662241	29.467300	-52.662406
	-29.982400	-23.228576	-25.810144	16.238717	-21.778760	-0.677438	-8.178396	15.229948	1.035357
	15.448661	-40.216310	-5.562036	3.917222	-40.903922	49.267431	22.533136	-26.302010	5.636515
	25.252872	-38.966543	16.783133	19.695801	-9.015345	68.113872	18.366326	5.774222	29.357602
	21.420174	-27.723291	5.520499	-6.392063	-17.401053	93.565148	2.246521	-3.638278	33.146263
	46.130590	-43.157791	-5.077478	5.926480	-0.945280	73.303665	12.343765	-45.229987	33.231340
	33.918899	-37.947861	-22.749485	16.668313	-2.194628	63.173150	19.520096	-57.085588	42.314400
	40.740761	-34.120291	20.833812	2.916868	-20.201088	25.050142	29.767044	-68.835749	71.991698
	47.060979	-26.947917	24.593548	-19.683032	-13.605974	5.160198	2.913992	-37.766512	39.560152
	39.714450	-5.143902	47.360788	1.587768	6.067331	-25.774732	8.399021	-32.630007	47.332583
	43.375068	22.797820	66.013125	30.064234	10.132917	-20.285774	9.512317	-25.762059	22.426895
	7.023558	38.304444	44.077841	24.199758	-8.939775	-20.727191	11.060247	1.513531	-37.805954
	-15.941875	46.303056	8.130421	6.337177	-4.377462	-13.102745	-5.634291	19.326295	-45.425936
	-25.218538	67.897801	20.920831	41.524005	11.917523	-31.388677	-11.311825	47.510353	-46.946682
	-39.354815	45.950613	30.627352	47.487159	-1.518938	-23.423128	9.668952	45.734511	-55.803913
	-55.017298	49.934136	7.362920	11.390974	1.994733	-25.117881	-24.231446	41.877570	-74.925228
	-54.639765	68.851027	-19.439712	8.271188	-4.874101	-22.932136	-35.832587	66.591480	-83.946421
	-27.016599	55.321037	-18.585627	12.975964	25.059269	-23.004697	-6.172437	58.366755	-46.670975
	-17.434742	46.485005	-0.249364	16.052544	-4.781642	0.863762	-9.737704	14.321498	-21.703127
	-1.041331	27.773655	0.309129	12.472112	-13.309004	28.786242	16.957459	-0.052555	-17.262006
	2.847513	-9.044528	19.154839	-11.128902	-9.039941	24.944298	23.768501	-24.637692	12.651087
	45.982446	-26.898858	-9.538903	13.603170	26.962881	5.431099	71.221163	-57.885061	79.964033
	60.162399	-62.197398	0.789871	12.880392	38.513854	-8.506369	43.768486	-39.807071	89.788889
	55.484518	-20.112255	17.801745	35.311345	61.851214	-8.607802	51.686526	-53.028337	89.507695
	52.297963	-21.443364	11.772441	-8.011379	34.069177	16.829806	51.900677	-59.075273	56.322687
	54.192214	-28.158940	10.417079	18.439689	53.298103	-12.538976	37.467464	-65.891875	62.032665
	45.843407	-16.208584	-10.057128	10.126412	88.411121	-14.051883	21.701627	-52.986566	36.860261
	16.270072	15.677221	-28.895956	-21.512220	73.420152	-65.758285	17.667429	-39.566316	-1.726091
	-1.173934	34.673308	-24.232317	-28.509369	81.169216	-78.456914	13.669087	-21.429958	14.729471
	-4.579726	52.629259	-51.274892	6.513006	84.495105	-103.182232	8.531385	0.251986	-23.528183
	-9.200426	46.452016	-50.571119	10.222620	70.308461	-80.644380	26.780229	-5.779222	-29.497372
	0.940097	52.569689	-41.399678	14.793284	34.667160	-65.978773	29.602850	-10.549777	-20.476585
	-5.951981	10.773476	-58.956956	-11.471154	12.912910	-65.077419	-6.942144	-20.613492	-4.147202
	9.331642	3.646370	-75.493921	-6.022597	4.775476	-54.498982	29.185975	-45.100963	-10.976624
	-0.793981	2.688607	-79.439781	-4.830023	44.829356	-70.004341	26.728856	-37.984611	-22.444390
	18.799769	1.602279	-52.851750	-12.748268	13.228730	-55.506399	39.471914	-21.143138	-27.311635
	18.103864	-17.470902	-34.591740	10.063267	36.846181	-47.132362	36.824732	2.609170	24.248078
	11.257852	-40.498178	-0.269887	9.914807	19.963053	-21.214260	28.700908	-46.519340	56.282753
	34.394622	-39.217371	-27.303381	16.196521	40.290892	-11.390362	35.096337	-5.494473	59.435462
	33.096277	-39.210267	-40.975211	3.167774	24.458572	-20.161710	34.979372	-23.919833	42.745080
	27.831670	-29.950868	-57.490672	22.856954	14.883831	-0.313449	29.058106	-11.474427	4.931779
	8.014590	0.812253	-33.333161	12.702354	26.783181	-26.387945	22.392427	-25.568210	-21.368505
	11.177201	12.917738	-25.700741	14.835886	18.883909	7.968568	17.582701	1.069706	-50.827240
	3.720008	20.412846	-15.762180	3.870940	7.009265	29.232729	26.481590	8.730064	-22.069219
	2.005886	7.417864	-14.724578	8.019146	8.491572	-9.027418	16.174741	8.373782	-34.222525
	-16.208722	36.976095	-38.740593	35.931394	1.890502	-3.440593	12.633065	6.465725	-41.876394
	-46.618519	49.565709	9.443452	-1.515471	8.152206	45.706495	-32.329923	36.817483	-54.091421
	-32.225136	48.255515	-6.788315	-12.092760	-34.200729	46.461526	-25.423892	44.463299	-17.445199
	-28.075046	25.692187	-6.003155	-13.725404	-3.204916	30.154135	-25.268870	30.632232	-25.955719
	-18.700383	41.050724	22.857884	-10.676207	-5.757429	27.290681	-36.693268	49.037017	-8.875614
	-40.452996	48.452248	28.336168	-26.065907	-17.543143	39.685529	-15.268706	57.240514	-30.185634
	-18.626369	40.922803	40.577818	-22.187912	-1.646308	51.171843	-37.873312	41.962208	-4.390102
	-15.966504	27.848230	57.685825	-12.202054	-19.138430	34.394917	-0.675569	55.826301	9.368295
	-33.127683	32.973884	83.114070	-31.562567	-18.787493	56.999638	-44.705274	33.357204	-13.705114
	-30.542534	24.218273	54.727276	-46.061876	-20.822478	69.947019	-53.142642	29.219419	-17.426797
	-34.171337	16.061536	49.339175	-25.114908	-3.974047	59.252914	-43.455463	22.306589	-6.654891
	-19.816206	42.357371	49.516944	-27.388875	-29.524958	46.076191	-46.227766	28.657360	-6.666068
	-29.844680	32.588267	29.248596	-19.702658	-40.768059	26.621410	-48.543039	51.931860	-13.288416
	-38.774352	9.381539	44.570462	-6.570582	-39.844696	61.187774	-57.956574	70.445670	-35.313695
	-46.840221	8.153772	26.204101	-1.303645	-59.393201	70.767442	-65.064333	60.058179	-37.055765
	-28.509142	35.212373	30.009975	23.240160	-17.522039	51.504571	-37.084133	84.830596	-53.321634
	-28.075480	51.916214	11.661626	13.340637	27.524848	18.390334	-17.235669	86.124740	-41.926164
	-34.132089	79.526803	-14.505877	23.134191	17.971423	-4.558167	-25.367337	96.945839	-66.916800
	-32.211087	84.033337	-10.073923	42.413085	30.937544	-12.289245	-10.945789	85.202196	-61.757074
	-56.457233	90.660209	-30.249377	16.966684	19.054309	-50.586148	-11.067723	103.199749	-102.563939
	-38.935642	81.469395	-49.064402	44.569237	31.284810	-47.716315	-8.482637	106.716466	-73.184658
	-41.616737	84.872731	-16.942544	22.457021	37.888641	-21.270145	16.233626	103.109787	-66.814417
	-50.087119	48.613675	11.576842	-21.278750	36.413144	-11.412769	-19.920619	63.400885	-29.669856
	-28.651148	24.786208	-6.561356	-12.438871	49.665665	19.725533	-0.741674	28.942898	-8.579763
	-32.714059	21.902979	11.686766	-31.055456	47.491602	0.842170	-22.950676	7.586937	-2.904094
	-45.999974	7.043907	0.174450	-20.422090	48.705321	6.297878	-5.940999	5.321867	-1.634355
	-42.679888	36.002248	-8.702583	-10.629438	63.926758	11.969139	-22.588307	21.986827	-45.487730
	-52.316614	10.958400	-32.353848	-21.744702	4.671613	14.910053	-15.378282	22.560824	-27.365754
	-25.330887	12.107521	-19.511961	-13.504117	11.041317	-15.788214	-28.213689	31.573805	-24.901966
	7.274517	-6.309590	-45.762646	-1.157660	-9.011942	-35.499888	-16.914315	35.728106	-15.411618
	-17.481165	-2.807618	-56.246359	-12.433772	-24.964364	-23.389555	-30.748126	13.987257	-15.320169
	-24.312786	-8.957465	-29.690896	-7.219338	-13.122201	-8.192741	-26.189584	36.073821	-13.844270
	1.624600	11.407523	1.232346	12.806608	-31.776661	-36.487930	5.765252	15.734778	10.991014
	4.299649	27.191736	-1.592459	45.102209	7.883423	-9.097895	31.356617	4.936206	-16.823121
	5.790936	-30.597680	-28.839030	-34.789689	-25.716458	7.781694	-13.241777	-11.347622	-8.623616
	42.678221	-50.349025	-5.418715	-3.540406	-28.962362	9.636855	16.040674	-26.898024	75.573813
	7.362358	-59.732577	16.873750	-14.967106	11.501586	24.351333	-20.119406	-32.276117	58.093801
	21.051686	-42.588093	-0.448538	0.168139	-17.812932	52.035184	12.070128	-21.016312	43.951742
	22.729764	-38.833804	27.380665	39.015261	-8.406159	18.126071	51.716732	-19.627367	6.323549
	38.647684	-39.385690	49.685181	59.342898	-35.071986	22.469528	30.651708	2.981028	41.929503
	59.699556	-74.045426	59.304980	14.731210	-59.734869	28.901674	60.922636	-33.668024	40.540170
	50.607667	-66.945815	-2.054703	-9.780395	-12.660008	-17.604314	1.308307	-39.753332	25.241692
	57.037448	-37.742210	22.719382	-37.173153	-15.334526	0.097101	4.958869	-23.746265	44.772035
	26.693742	-17.166130	0.223496	16.263839	31.507930	-10.381407	7.498981	22.870582	25.184719
	35.891672	-11.723433	14.820856	23.773010	21.010885	-37.549717	7.036966	36.127610	0.099333
	48.509370	9.805830	61.436948	27.256423	4.826350	-24.409881	-2.564921	38.347131	10.501324
	1.490435	-2.110588	22.177102	10.914430	4.206096	-26.896645	-18.882945	38.488837	-15.678612
	1.199053	5.042226	-30.533866	7.783469	-1.448578	-68.998830	-12.833331	42.764167	-41.785006
	8.484785	32.727982	-78.818333	53.251035	2.282459	-85.140163	35.919025	55.750662	-75.036290
	0.502653	32.433089	-51.431855	8.355400	-4.362878	-46.173678	-12.084991	44.093540	-65.164125
	-26.990262	6.351338	-29.910708	-0.243669	-24.336616	-66.919956	-16.697272	39.929887	-50.950666
	-24.949438	-2.420290	-49.541729	-2.987613	-15.310738	-62.011507	-7.070402	35.717153	-59.617507
	-29.613814	20.937364	-78.954023	6.962602	-2.777024	-43.324446	-36.301301	18.569697	-52.665628
	-2.204898	22.071415	-80.479838	17.472023	24.013886	-38.772993	-0.574235	38.526604	-50.995117
	-3.247892	12.711766	-37.185005	12.730065	24.499212	-58.128608	8.803312	11.398958	-18.851716
	21.164733	-0.855911	-21.067477	10.669645	-0.138756	-37.093573	-0.413087	-0.081257	5.206367
	1.887830	-38.536529	-15.140879	-5.359382	-12.994290	-10.799600	-12.734787	-34.660421	34.360650
	27.103430	-55.748109	-45.992510	-23.440986	-21.177200	-16.218770	-8.213961	-36.869525	60.024410
	43.960822	-67.348230	-55.675430	-10.622741	-14.568420	-33.895680	22.833312	-80.093573	83.808385
	24.245578	-79.731480	-64.353356	-20.195374	-8.443304	-39.987304	-13.335968	-90.771534	73.679778
	24.980158	-55.283287	-46.975337	-29.552417	-2.800468	-31.550371	27.452800	-79.185838	56.305107
	29.275776	-68.040176	-37.442942	-7.560829	3.415317	-46.112416	39.621046	-56.545071	46.538741
	56.064016	-51.404042	-14.666356	-11.600082	-2.488333	-20.896785	37.274352	-87.359168	60.276517
	38.468111	-43.490273	-1.029106	-1.730744	3.376252	-3.895902	57.074333	-84.116433	79.967132
	39.455081	-62.865790	-13.071718	-18.726217	-3.904208	8.976171	21.816953	-61.042504	85.011465
	43.548492	-61.499919	-21.605133	-31.717895	-5.377500	3.252253	18.565712	-39.843267	70.156266
	40.459235	-30.988787	-14.816547	-22.543325	-8.170173	7.151254	17.316910	-64.984245	34.038097
	38.103738	-22.817800	1.227669	-12.000475	-20.111731	3.513012	16.189465	-29.538178	39.846052
	24.866789	-29.454126	5.687598	-23.820530	-22.757070	4.057773	-0.360885	-71.743771	52.781944
	46.050542	-41.218524	-7.503800	-16.141866	15.065252	-5.389687	26.818821	-58.725789	48.775909
	30.060301	-49.313838	-43.900143	-3.170765	5.336106	-8.459595	19.416323	-66.202158	76.989947
	36.229381	-35.983814	-81.757204	3.286349	3.520112	-18.518444	36.656367	-53.731699	51.473056
	34.872758	-43.513929	-101.315506	-17.349744	13.214414	-50.108420	9.050427	-36.171304	43.571042
	35.250614	-23.012579	-61.817572	11.740075	33.676104	-54.049966	8.125321	-39.942962	25.794000
	6.886617	-6.616411	-14.557264	-24.843366	-11.242135	-34.398148	-18.371034	-47.275363	12.151146
	-23.713048	-13.941162	-7.018020	-48.637137	-14.214576	5.604728	-45.780502	-22.002406	-43.768506
	-29.509309	-18.830167	-9.540014	-59.253808	14.652545	28.473080	-57.731591	-49.566898	-36.904898
	-10.601058	-9.151554	24.951435	-67.675859	-12.221216	36.096590	-55.739023	-26.667955	-15.342374
	16.661055	-31.741653	16.628239	-58.831993	-29.195987	79.885975	-73.704697	-29.332291	-20.175738
	7.787816	-42.565860	-5.383211	-40.559821	-20.476065	71.402959	-57.660804	-29.790506	-33.145521
	4.688949	-31.615754	-12.133414	-23.828468	-55.776497	80.990990	-42.599991	-28.435700	-30.785896
	15.215128	-27.464628	50.525868	-12.236386	-44.277949	94.770496	-12.376454	-42.623936	-4.783807
	-23.270012	2.789263	20.193041	-9.394629	-43.108804	66.408968	-31.056645	2.450194	-37.002182
	-39.546788	-9.409843	22.810189	-31.710255	-48.615755	47.019501	-43.152941	11.714695	-46.536286
	-41.987194	-14.295587	49.448923	-24.843951	-40.020539	51.330724	-33.730828	10.844428	-33.809806
	-69.595034	21.845868	30.021412	-6.775874	-24.690140	31.900037	-32.653649	14.258476	-45.185018
	-41.392297	1.613558	41.933343	-11.939486	-66.086860	59.733297	-52.041550	4.419722	-37.876620
	-6.856802	19.484020	43.541578	11.275664	-23.091712	19.911392	5.260284	2.982590	-6.806650
	23.650235	47.675967	25.346150	42.908278	-2.824212	21.822907	8.839424	45.438765	12.553572
	-26.886625	52.911729	35.155346	36.299940	-9.379625	29.338320	-10.616198	34.839426	-11.105693
	-3.612549	29.388118	27.674939	27.137570	-8.579782	18.413610	-3.812247	37.806667	-10.071387
	16.278822	16.603548	13.771731	13.912436	5.182837	30.336570	-4.568974	28.809290	26.754515
	-6.194178	34.054982	26.419942	18.575576	-4.291138	32.551512	3.724312	30.568601	1.532247
	24.114485	18.647271	29.826451	13.950804	-3.060459	15.326275	-0.538254	31.473717	20.116316
	-1.021149	36.169995	45.717880	7.896664	20.306458	-0.881712	-12.768573	18.330459	23.834864
	15.045720	51.837551	70.510867	37.694277	11.811743	1.482843	9.593676	70.230874	23.282294
	-8.561342	57.057478	57.255705	17.860953	-4.443625	2.040726	8.125931	53.626886	24.420781
	6.909468	38.652355	45.932593	15.336463	6.050692	-9.150573	21.033427	33.766096	-5.443277
	-2.526805	41.270809	43.623358	13.309760	17.616880	9.954512	17.984920	38.713064	13.729210
	14.612252	57.929389	-3.854573	33.801838	58.592181	-31.597374	14.884731	59.570510	42.486204
	27.802428	34.729095	-26.194120	9.128266	50.515142	-39.846981	5.847467	34.559658	45.630719
	8.119719	26.286091	-47.129136	13.389157	53.257711	-38.610296	29.496585	49.832202	26.448291
	9.562265	6.601099	-38.753970	18.519990	49.756647	-22.653136	28.591679	45.378023	39.045756
	8.768699	2.783838	-49.928710	-0.226899	41.006849	-41.944936	28.684731	22.384351	33.533926
	12.355414	14.320835	-41.136717	8.481806	41.019124	-46.564183	16.091884	47.759833	50.136293
	23.852642	41.501787	-39.912027	2.443480	71.372221	-46.830434	51.243450	22.393864	43.593245
	-3.771375	17.887776	-74.365705	11.623137	38.387200	-48.158427	41.090793	38.571760	28.237656
	18.496932	-5.102206	-45.621466	7.407425	47.217382	-2.188703	20.372714	22.214577	46.252799
	21.374209	0.897729	-12.323756	23.409132	49.001678	14.652178	19.022545	29.953212	54.989151
	22.030017	-2.085730	-15.550419	-3.847346	42.198372	-28.165514	24.565753	19.104387	49.263303
	-1.472678	-9.435401	-42.977902	6.402146	20.031363	-42.395381	21.405459	-9.578403	52.317477
	-1.691083	28.879327	-94.015853	15.354799	63.396244	-80.142558	24.853914	42.206280	23.984306
	-22.049319	17.799101	-122.749529	6.471846	59.658983	-68.429271	7.547260	22.266752	11.664050
	-20.924437	13.513276	-134.445332	-32.620859	61.763195	-63.695396	17.870507	-7.563722	-5.024032
	-47.369811	15.720575	-104.270935	-4.004172	45.728434	-65.293703	16.658809	22.378769	-14.786106
	-39.994028	22.884624	-75.743649	-32.477256	-1.155658	-25.859088	-20.538224	-2.024087	-45.965401
	-27.475396	-13.944235	-51.224081	-42.816918	0.515764	24.479980	-21.806845	-24.936093	-26.035999
	-8.250491	-11.407833	-47.168782	-48.778560	16.388723	-6.720785	-5.495864	-17.349144	-9.953063
	-44.904971	1.056826	-25.073055	-28.629329	13.971213	-1.161728	-8.237430	7.269906	-73.868004
	-42.763357	-14.379982	-9.753953	-42.494096	-5.621689	20.278048	-16.738109	-12.950081	-83.090695
	-11.339400	-29.265305	-10.871306	-42.331059	-37.339918	17.328253	19.571637	-7.608579	-53.437316
	-8.748286	-41.889307	-7.038890	-25.199519	-42.504673	16.607412	18.601929	4.185355	-13.899344
	-12.799441	-44.288874	23.204179	1.670294	-66.661375	8.596542	-24.122934	-15.280690	-28.237331
	-11.601402	-41.850258	24.613643	17.339317	-90.385194	16.421555	9.120930	-11.885305	10.365432
	26.443504	-55.894765	37.874106	25.296060	-57.776104	55.509812	9.915204	-33.916482	37.876930
	21.867683	-57.179042	47.149588	6.138995	-47.548192	31.703212	8.140027	-30.972561	36.615034
	18.119908	-35.897576	31.931985	25.412590	-14.858869	-14.945239	35.878201	-24.814002	36.059958
	13.743609	-23.911299	42.349582	55.284702	-37.415929	-32.507983	57.775738	-24.990297	2.752459
	37.511051	-17.727922	69.684339	47.412251	-14.398010	-30.128331	45.680157	-44.549517	-8.815083
	6.051584	4.155298	59.013302	33.275672	3.845943	-32.041802	13.760697	-37.750257	-40.120548
	30.766519	30.460549	85.071340	53.250960	16.954803	-9.317744	28.570592	-17.980108	-5.141880
	12.280462	30.818075	79.455812	31.309225	10.406317	-27.885358	44.854891	-32.408990	1.630416
	16.274303	58.171211	26.635280	18.504196	11.996756	-44.266777	38.655172	9.755003	-11.365484
	-25.559111	64.254189	-5.468626	19.872618	27.537240	-72.016986	36.253591	10.461221	-49.544239
	-12.465659	57.562641	-3.016595	10.679005	48.400712	-65.037249	10.681745	14.108090	-59.993572
	-21.674963	44.782690	-2.922810	9.481645	30.915808	-52.641042	10.910554	21.914326	-75.786835
	-28.379765	14.543933	-55.021050	7.683539	24.583611	-49.035123	-1.685891	-7.388922	-57.925532
	-8.102520	-2.457541	-52.243578	29.004441	48.831200	-43.159833	28.955618	-9.056221	-49.973217
	4.807086	-1.918259	-7.833212	60.199856	30.197443	-33.930445	61.067669	-11.257346	-36.083523
	7.875626	-17.482381	-26.534224	28.302099	25.112538	-28.420768	32.298054	-38.099448	-35.569374
	-1.579489	-24.371206	-18.365485	21.454667	-7.906217	4.334373	9.704250	-46.157949	-50.074661
	-7.272090	8.450200	1.239669	18.940789	-35.335804	-2.361087	24.534233	-36.330753	-39.092711
	-17.817736	32.214050	14.658895	26.372987	-59.434864	7.399782	8.158733	4.713228	-50.195111
	-31.786950	4.876533	15.250958	-7.133485	-81.725614	41.275840	-31.993052	-1.997592	-68.494339
	-54.955684	-9.219517	-5.424056	-29.611641	-68.357211	52.376413	-61.769610	-9.921759	-82.436262
	-51.111577	6.780216	-1.706837	-31.835633	-68.236279	19.759236	-54.991100	0.615832	-40.891124
	-67.486068	-4.275737	17.395032	-39.908968	-48.329048	24.826542	-37.272922	1.288487	-73.435752
	-29.697141	1.236592	5.879926	-3.623253	-25.968442	19.618976	-28.105338	27.351678	-71.276834
	-34.263308	-15.620236	-4.142820	-23.842111	-14.263995	13.031416	-16.588943	-13.507648	-47.171525
	-25.684251	-28.049837	-8.258750	-5.883054	-22.209101	1.374822	-21.545191	17.392514	-4.925316
	-48.933417	-6.262896	-30.513061	17.796667	-28.648411	-0.635170	-3.428226	25.664777	-22.014994
	-35.409271	-6.895534	-19.027140	24.623903	-59.198004	-15.195597	-13.794318	7.514820	-73.139541
	-25.773886	-41.318543	24.170000	-11.474255	-76.397275	19.909559	-4.964705	-10.199247	-38.982377
	28.359579	-54.595301	-5.672952	-1.034612	-35.468551	-13.347854	-1.870380	-14.831610	15.426259
	11.863480	-27.178030	19.588932	-4.438949	-40.407631	2.196385	17.764025	-17.841964	8.042703
	35.958882	-36.112506	50.145425	7.564284	4.708014	56.869301	4.484163	-24.725820	22.677206
	48.327299	-55.178181	48.455202	-35.229387	-14.964685	55.315925	-9.534162	-37.441544	86.465958
	52.387321	-69.662310	68.528875	-0.866780	1.421706	58.727088	24.503246	-98.749333	132.375161
	86.934738	-39.214324	70.426382	-17.570713	33.480485	41.375610	39.238409	-42.582937	124.916002
	47.469587	-19.677776	76.274187	7.829888	38.625789	12.859861	36.511226	-54.913507	118.204374
	37.288843	-16.150382	35.034443	-9.756550	46.215973	2.440705	28.950638	-50.913241	97.525231
	55.367369	-10.231422	43.474655	12.987991	38.172991	-7.039195	47.913566	-62.754689	86.138210
	29.522754	9.783134	60.334297	29.670764	65.014602	-9.018578	49.577106	-29.486522	95.038163
	22.302894	20.973106	83.803245	21.863124	45.000740	-10.664891	14.871698	8.091873	62.392213
	-4.662789	5.012295	74.039034	19.839694	48.076691	0.321323	11.432337	-5.562349	30.780229
	31.652994	11.354584	39.037785	18.571137	40.650287	-36.276078	28.226010	4.272773	35.157826
	-0.517363	23.247849	25.439533	28.256452	21.655781	-43.259962	20.166339	20.245237	10.078766
	0.811744	27.576163	43.355189	41.054678	30.726462	-16.527976	28.982231	48.315369	1.782274
	-2.630144	6.551888	53.362278	25.463223	31.409002	-1.202836	12.440827	65.365439	58.626944
	9.842770	-2.571230	57.572229	-27.260901	27.239658	57.756888	5.249506	21.478277	50.800189
	-31.476968	12.737603	70.867199	13.562499	-3.081964	48.790830	-10.490952	26.870437	33.166303
	-2.996220	5.608711	41.550884	39.394177	2.150818	46.855992	10.718484	29.371458	30.452411
	17.636621	-20.666557	23.894868	16.493873	-39.363042	70.607859	-13.933808	-5.118781	58.303358
	27.997626	-34.303087	13.710089	12.266298	-45.134006	43.807423	6.498889	-21.197932	25.669118
	47.894570	-20.118804	-29.928089	11.636613	-57.658600	17.004629	-11.274557	-19.848171	46.628378
	3.204631	-17.057258	14.510857	5.647921	-40.944049	2.738125	19.652522	-34.993803	6.496660
	9.834672	-1.058415	69.960295	26.074838	-20.449464	9.266644	5.115342	5.599763	8.856922
	23.196351	-23.674587	81.024562	1.202457	25.602960	-0.432654	22.190347	-4.678013	13.504683
	10.107103	-6.122768	122.593942	-2.159638	35.188931	-2.511932	12.253593	-55.048324	18.792429
	3.152523	44.594782	120.661832	-21.126379	28.878603	-2.495218	2.503043	-46.488066	13.043933
	-17.330734	57.072797	141.076959	-25.745048	24.458650	8.699733	3.117901	-1.037436	-15.921622
	-25.021137	30.868579	163.290653	-56.517149	6.227687	34.581536	-32.581953	-40.801438	1.984730
	-34.988901	30.543722	145.817073	-56.654355	-4.422401	24.869512	-30.042791	-47.810571	-20.817563
	-7.447079	36.239816	151.836645	-58.080676	-26.340224	20.067548	-22.700636	-15.188527	-7.088369
	-34.042687	45.664855	161.861213	-69.032027	-34.848984	23.257424	-26.936642	-38.432686	-30.038275
	-36.847987	10.569578	146.030565	-73.280183	-32.718572	-1.617080	-41.266109	-48.209352	-39.708350
	-34.794618	12.058558	103.346631	-89.187628	-18.959354	35.049716	-62.400391	-49.675342	-10.671965
	-43.271520	-2.851038	54.184449	-79.732832	3.353023	40.154265	-61.709878	-34.583164	-11.459761
	-16.036174	-4.858991	28.599894	-97.871212	9.661400	20.068628	-62.806449	-37.478908	-19.667988
	-18.564479	13.971343	-40.437235	-45.907387	45.608996	-12.825653	-39.363683	-24.224473	-18.822445
	0.992205	11.545965	-27.793817	-24.655650	57.105467	-14.617894	-10.749844	-14.257520	-27.074660
	21.685325	-15.996087	-35.558267	4.765767	34.939293	-31.172994	16.343435	6.577963	-34.395224
	20.777696	-35.606819	-59.568212	11.720803	18.960347	-35.157805	17.858799	-14.056525	-10.177416
	27.814062	-30.281244	-37.830524	19.881744	-6.873134	-0.283214	49.650206	-28.710733	-11.489813
	44.869536	-14.056424	-45.109720	40.175414	-0.596803	-50.517890	30.747776	-0.806857	-2.370134
	28.963750	22.945811	-16.025519	88.599733	32.068090	-68.905043	68.461049	-6.035557	21.001275
	3.488110	21.382859	-15.317796	65.808948	-8.712603	-46.320035	55.910534	-24.217204	-8.762805
	1.152369	13.491938	-8.126308	33.520595	-17.165506	-45.836339	26.772766	-0.831662	0.397650
	9.034496	17.392650	-30.714911	19.905311	-29.110753	-43.100495	3.494851	-28.044229	-21.012480
	-6.285938	22.631833	-14.434324	-23.624990	15.819717	4.945341	-7.681192	-40.520989	-6.465260
	-19.840780	22.425251	-12.975810	-11.727964	20.279250	1.124871	-7.061981	4.688042	-6.420737
	-24.982224	6.789749	-18.852356	-37.636605	-28.307082	-10.117665	-27.447637	-17.997558	-13.191940
	-16.166446	-8.446145	-28.214210	-35.104765	-24.224760	-16.336600	-27.010752	-35.202455	-17.511617
	-3.606667	16.287198	-60.362723	-11.038961	-1.615371	-18.662282	-20.397890	-13.481459	-8.316882
	-12.278718	11.259848	-50.072095	-6.176241	-3.975505	-11.646170	-13.786144	15.926169	13.478019
	-28.535320	3.651135	-49.010690	-6.638375	-5.976385	12.967555	-10.022669	-16.606132	-23.679598
	-37.189009	23.848059	-37.084822	-19.181658	35.243645	50.314571	-14.767264	1.038750	-38.911489
	-41.971422	0.576167	-49.041322	-17.732455	34.294556	41.742279	-19.094236	2.691983	-45.864908
	-53.042954	11.636914	-72.946500	-27.385208	15.902729	29.169278	-8.295564	-4.537657	-64.710358
	-53.226803	8.194364	-65.876242	-25.731711	5.376754	10.420210	-13.290999	41.334894	-76.555874
	-39.087452	2.468616	-51.570239	-40.835600	18.080901	12.969258	-23.020341	18.778891	-47.305664
	-24.354404	-1.101516	-16.722487	-15.041798	16.416625	2.562424	-32.242323	28.906449	-16.269107
	-16.616419	10.597986	-12.573173	-10.650989	-11.334556	-0.454530	-23.948200	39.731470	-2.743710
	5.015089	13.330786	-16.368008	-0.557919	17.578128	1.395459	-8.812882	53.518075	-33.086868
	11.115775	28.358878	-18.082778	22.170302	4.011132	-11.411972	1.357347	46.370086	-34.529833
	20.374415	21.925665	-13.237740	1.532864	-15.711674	-0.084833	-31.599775	49.314393	-33.823137
	8.571104	2.888835	-37.423099	0.132120	-18.291840	8.368690	-34.313284	24.610374	-10.843048
	13.437961	-1.395530	-45.599685	-13.840788	20.600082	65.052141	-13.983514	50.911692	-21.462160
	-32.120629	15.778648	-54.117340	-39.094825	23.587392	30.488270	-19.625461	22.551355	-47.155117
	-63.230660	8.735924	-9.350782	-55.537616	15.812047	24.231786	-76.444758	0.266217	-63.785630
	-48.006347	-8.999230	-10.119550	-56.053225	-14.836062	10.263221	-64.693072	-3.574739	-45.525322
	-64.445408	-36.534396	-66.757373	-28.883138	-36.408004	-13.911779	-41.949867	-11.582801	-51.282733
	-57.417070	-46.420527	-144.236420	-56.004922	-40.001653	-13.252844	-56.904049	3.247561	-88.337723
	-23.375499	-35.019141	-153.149742	-22.816841	-91.390743	-38.099754	-48.085768	20.859857	-64.215966
	-34.419562	-25.557237	-102.717078	-27.635139	-85.897863	11.246713	-60.255558	21.989760	-55.709428
	-41.728405	-31.265676	-103.563136	-37.248047	-71.162200	-25.557457	-57.204139	21.120248	-41.471802
	-44.004071	-24.318469	-99.769739	-22.952758	-52.820986	-18.337587	-62.131241	29.154205	-46.688737
	-27.599941	-19.300284	-66.796916	-3.777073	-54.770581	1.600334	-48.831472	51.164074	-20.544150
	-6.043431	-26.887943	-80.227603	18.421033	-45.947383	-14.599061	-35.455419	14.161919	2.379401
	-1.711121	-7.847702	-52.556836	27.578130	-23.396589	-24.544278	-25.766346	63.120864	-37.652346
	-1.485370	40.778289	-46.679585	59.917546	-6.470871	-41.880760	-19.053674	55.217318	-29.671299
	-71.470648	33.474982	-21.915804	16.066728	-11.256260	-27.592928	-12.328208	30.383176	-20.107787
	-38.480675	-2.751597	-18.794936	-7.718376	-25.456556	-9.962396	-58.073417	20.662652	-57.134415
	-48.754856	-3.152489	-36.165806	-41.525449	-44.891302	-22.765502	-73.233735	11.950043	-77.422778
	-42.687327	5.515024	-83.820641	-14.076967	-42.350545	-31.950341	-69.547752	15.057986	-85.873707
	-21.054950	9.970938	-98.798694	2.182444	-18.681441	-12.843551	-41.299818	17.960499	-67.000192
	-39.720803	32.566097	-105.356640	-4.262696	-17.120100	-38.540550	-0.619791	51.163809	-94.217995
	-20.790849	22.178569	-113.215472	6.479824	-13.891563	-35.518290	-38.031784	44.941756	-71.969077
	-6.117122	11.390104	-82.851886	-1.241562	-13.747115	7.772882	-21.003640	41.357826	-62.083902
	-21.888732	-26.611369	-93.301562	21.142058	-50.414494	4.747389	-30.156000	58.489186	-35.651230
	3.038393	-12.086105	-79.872015	23.923623	-28.906275	16.553768	-28.024416	35.989428	-20.637679
	21.685249	7.082531	-14.524121	52.158594	-38.423434	13.009840	9.494072	64.560159	0.049186
	-28.102931	12.845190	19.822996	34.081729	-38.861949	22.427376	-34.009763	70.582824	-19.364699
	-51.702936	-13.904566	65.921655	-29.256237	-47.509242	19.842189	-49.082478	31.395471	-7.063379
	-55.777232	-4.704195	40.686288	-52.960493	-41.993401	3.428841	-53.589211	-2.935347	-7.263311
	-37.505563	-7.861990	10.747333	-50.757451	-53.122169	-24.347583	-44.919014	0.060083	-50.591714
	-59.474570	-50.097075	46.872751	-100.184861	-80.970240	34.613263	-94.652646	-25.441288	-23.377460
	-35.749294	-63.988332	32.261489	-66.763141	-89.572768	66.489775	-69.854798	-51.167024	0.447704
	-20.838894	-48.095422	8.275087	-47.867974	-5.952734	-27.821541	-36.137352	-2.312643	11.688643
	36.336028	-38.578680	-23.950404	-17.190902	-0.585086	-8.909553	-8.168123	-26.040851	60.106653
	-17.218413	-31.417940	-39.006244	-33.958342	-28.450665	2.670844	-45.274306	16.457361	-15.912277
	-23.162935	-41.363158	-80.117116	-25.523333	-74.439461	25.952506	-20.190969	-13.806942	-24.475510
	13.755978	-52.755729	-80.194712	6.224593	-60.442560	35.517026	-4.114347	-39.196577	7.368985
	57.104131	-9.148212	-62.967927	76.273803	-7.594998	-5.466451	60.322560	-14.398678	42.329559
	56.828603	-22.740177	-39.332570	64.589668	18.150876	-35.872591	91.590730	-5.796082	42.976902
	40.070425	-45.848907	6.948842	64.027883	-34.116474	-21.747241	40.317036	-38.619082	47.972244
	32.171244	-34.641261	52.176589	10.751545	-65.068917	-22.376627	14.091013	-59.951714	23.601404
	70.636892	3.019582	80.966700	47.316579	-41.205996	-56.598934	43.078306	-32.558020	3.949642
	48.607225	12.596397	110.028388	62.115275	-66.429265	-13.357517	59.265082	-10.628419	0.001638
	61.316846	34.905576	111.542846	49.959078	-10.934777	-41.139746	41.644033	2.234667	9.784654
	63.656985	20.767915	128.215785	38.669865	-11.797818	9.713022	50.327866	-11.082151	35.430224
	78.406135	14.444118	76.053635	55.155232	0.027216	15.812570	2.366005	-7.284776	37.610864
	26.717475	14.876150	75.982688	22.660802	-7.989995	-8.354824	25.345154	-24.165806	3.586956
	23.493608	8.495756	73.902988	18.107077	-12.530816	4.834385	7.959031	4.373763	28.502110
	44.004430	-0.193351	56.990857	21.121499	-6.568933	19.894717	-8.664332	-24.772718	35.248395
	29.621521	3.238505	44.710049	-13.175355	31.638205	40.507151	7.126230	-37.182010	34.693775
	45.152597	0.090854	30.161222	18.275364	59.848327	50.119388	37.769695	-60.795543	63.637019
	48.685120	-3.962102	7.912190	51.999061	58.601024	37.602391	30.302676	-12.130185	63.101216
	47.347838	4.214671	18.171285	38.272575	50.195255	9.541676	27.774257	-4.047123	54.564704
	14.693389	-15.756537	-12.700530	29.750530	19.264496	3.153035	13.287734	-26.373877	41.073620
	27.549707	-30.337133	-56.914518	-7.559205	7.881308	30.286950	38.897887	-38.405561	18.834886
	9.333313	-28.844657	-27.251046	-27.357510	20.752716	36.809621	-7.181413	-72.344289	30.059573
	24.676842	-35.318272	-20.227009	8.972533	-16.796056	70.133987	-9.401044	-26.482349	21.738864
	25.950162	-20.380011	8.172630	-4.314851	-24.487799	76.774737	14.866080	-40.701822	32.982065
	14.908030	-18.889958	-12.344469	24.526498	-39.271905	46.930362	18.079616	11.434602	49.005177
	14.533597	-20.361368	12.815062	50.991992	-58.111331	46.182534	16.750113	11.967833	21.894645
	-23.054226	-7.567627	22.170724	58.883632	-33.494325	40.483433	27.487795	15.415295	-5.549067
	-17.069466	-5.121414	-5.817357	40.409885	-23.735043	28.552302	0.160616	57.283481	-4.012708
	0.111030	4.678383	-12.605458	31.773813	-11.199494	-1.996236	-17.179374	43.196838	-13.421936
	-16.266016	11.029570	-24.225104	40.566245	-9.353517	-22.847575	-5.006605	65.016390	-30.451506
	-17.466127	-2.796258	15.646666	30.578329	-32.509347	-5.423079	-2.459620	70.833417	-16.269635
	-11.683419	-18.913758	11.397734	34.224587	-49.159644	24.375403	-9.894226	50.623628	8.080811
	-0.327299	-46.131774	-21.631277	32.335774	-23.367501	-0.794353	-6.179681	17.893373	37.292802
	17.028916	-42.313245	15.203610	11.424714	-44.904027	4.043727	45.668880	-0.452582	73.608679
	18.405586	-57.233405	27.209290	-34.405940	-39.282462	23.669243	-7.719307	-42.297555	68.653402
	30.603322	-40.251269	34.748143	-9.885328	-42.768445	11.443081	6.418302	-19.835147	42.697316
	23.741522	-17.956199	39.874366	-17.959014	-22.521773	19.824494	5.428558	-21.294185	90.667731
	57.066349	-2.492237	59.424962	15.601536	-14.003047	36.160092	20.050273	-7.585890	99.674439
	61.319401	-2.098040	49.497570	22.390902	-18.345709	33.990421	26.489007	-9.374073	75.512995
	53.927849	-21.929910	70.137119	4.299084	-13.964540	68.244711	22.516207	-17.569782	81.553135
	47.525827	-18.920725	64.629858	13.945382	-38.322949	75.263915	29.193921	-30.440596	97.909042
	48.838090	-12.025323	76.328324	10.471061	11.494865	73.901164	44.981741	1.807011	92.088204
	67.646518	-22.883319	89.833199	9.889577	17.769756	57.217029	36.587312	-67.696900	95.904120
	61.109109	-10.386102	69.130054	51.144921	56.495443	43.889183	55.803665	-20.703748	100.446522
	16.510819	4.855804	-5.584328	25.310160	13.016077	-13.191159	48.764344	-5.816998	40.787431
	2.814767	-21.514290	-61.887229	21.846845	0.177864	-63.381333	1.062547	-12.467388	-16.402705
	11.954955	-54.330424	-102.625447	4.142657	9.916041	-65.973498	14.890162	-25.718169	2.238185
	14.555793	-51.446096	-71.650123	27.108848	8.682182	-90.847078	14.918627	-0.531719	-10.070900
	36.436848	-30.304599	-31.797297	38.951682	-36.036374	-45.136044	36.807996	-7.825835	15.948473
	20.463365	-29.583550	-44.010382	26.773568	-42.402989	-50.677382	34.596223	-7.758205	7.621883
	37.642054	-14.441256	-31.005006	61.010450	-18.377569	-37.420394	62.063251	16.948895	-7.225967
	13.736491	9.612771	-0.871180	56.145621	16.736079	-12.185963	62.068592	28.847498	-17.766148
	21.619552	3.754898	6.095311	90.790974	-1.717931	5.900625	64.974534	34.526502	-30.896003
	20.136107	-5.310712	-33.627698	44.327361	-1.777604	5.316205	33.874466	21.259654	-9.464873
	-6.382679	-14.416176	-44.740370	30.245159	-13.132813	-3.649218	19.078080	20.360676	-26.491636
	15.389092	13.364858	-28.128054	57.666286	21.132127	-12.596811	34.767867	41.383615	-24.695186
	2.980575	25.674528	12.900235	54.795808	17.070058	-0.275325	39.389936	39.410167	3.755347
	-2.895640	23.989070	13.873558	41.531603	19.295750	6.604958	14.718529	49.983767	-34.845397
	-2.025750	20.931160	6.686933	-4.757896	12.221631	-24.004995	-14.495801	-20.360768	-31.305311
	-20.355626	24.714586	5.363771	-14.278538	12.981627	7.897445	-16.559981	-3.936674	-80.293223
	-31.339386	43.836899	-34.516306	-20.868576	7.801911	41.212151	-16.758525	2.575058	-57.913960
	-25.414236	49.387447	-12.253700	-23.851841	46.383013	56.055676	-16.294054	11.634967	-58.897119
	-31.012154	96.646615	10.117223	-20.205104	85.077170	37.655614	1.521995	30.471281	-27.756708
	-11.692900	73.489970	38.759539	-17.808893	66.347330	62.407551	-2.174084	10.251831	-21.283307
	-16.887067	45.980894	61.752918	-41.248048	76.707049	49.497722	-23.065745	2.649872	-19.345870
	-12.395825	62.463719	52.968210	-46.325040	66.257392	79.032686	-32.843089	32.279793	-39.607503
	-45.663063	46.162508	82.787193	-51.394816	32.549969	102.785319	-46.240436	-0.707938	6.729986
	-66.736341	23.430603	92.473675	-47.833214	6.613197	92.918669	-36.324227	9.381807	7.320550
	5.468411	15.696988	71.985020	-31.919592	-1.105784	81.290413	-8.770883	12.534728	-19.937921
	1.956825	15.784668	43.913231	1.687985	31.969158	61.394830	-5.964182	26.945398	21.077344
	8.424852	0.129498	11.152728	-6.948152	8.918146	24.828789	19.464299	21.005833	17.733704
	-1.136016	-9.355813	-5.826243	-8.831433	24.971714	-23.236175	-3.984198	10.600874	-36.597747
	-23.663364	9.155776	-6.058270	-20.919840	37.011549	-19.489036	23.117786	-0.327398	-14.698885
	-27.251909	47.916579	-36.314178	-19.648860	71.573103	-33.113845	13.637501	19.509416	-66.610162
	-21.330591	63.405706	-22.116764	3.065688	39.521652	-12.534510	-2.081132	9.732630	-45.226345
	-44.463272	54.550470	-4.298950	-13.348144	21.091059	-18.467953	-15.593512	36.388906	-40.702677
	-44.197103	53.470342	-9.880417	-21.864562	39.909481	-4.594870	-19.514381	16.129491	-38.510229
	-32.465635	59.076235	3.234395	-19.214810	20.099246	-7.756067	-21.314846	33.785635	-30.717912
	-34.264415	55.990256	7.021592	-13.291482	15.867638	8.763825	-28.623109	35.240577	-38.122566
	-18.623017	39.084098	-3.275080	-17.523644	40.056614	36.240484	4.795485	2.119763	-41.096086
	-12.711646	18.332510	-7.151821	-51.396995	25.742796	38.704076	-25.455418	30.189028	-17.294113
	6.260118	4.179524	23.420317	-37.703805	14.631500	37.351148	-8.012640	-28.564754	20.942479
	2.159295	5.899584	79.674549	-0.761983	-0.263206	34.318387	-5.854135	-9.448959	41.829876
	-4.850257	5.483885	110.697399	-29.965568	12.106869	21.181486	-1.440039	-3.589265	48.701310
	-35.915845	21.456226	53.332980	-48.336498	0.279831	3.636410	-46.089806	12.167353	32.466452
	-30.915908	-6.872036	42.996729	-58.685349	-12.772784	-8.241263	-40.268874	-4.792424	14.369307
	-36.602212	-45.859708	-12.643141	-30.361026	-54.705010	-13.327286	-52.904115	0.676280	-30.405298
	-12.897738	-29.030561	-51.322846	-15.376566	-73.618895	-34.557415	-37.673119	7.753424	-14.531307
	-24.140253	-23.950539	-32.888068	-29.881188	-64.008747	-20.359632	-71.728563	-10.608395	0.080255
	6.011001	1.640069	-17.713119	-35.650778	-54.565688	-38.846183	-57.214426	-0.688899	-18.807625
	-38.263363	-22.381262	19.402958	-27.912475	-41.538520	-5.424149	-66.673450	-3.462480	-44.559387
	-24.890939	-44.993450	19.848210	-38.574865	-11.874246	30.159877	-38.785703	-13.860973	11.445449
	16.710180	-25.019436	44.124095	-45.616179	-61.116330	49.720415	-33.473106	-28.787676	12.005664
	17.247578	-16.766872	32.659062	-7.670896	-16.825443	48.886189	-30.638332	2.397962	1.596243
	-5.007675	15.270307	31.698909	-49.952339	37.203449	8.450403	-15.434548	-12.096241	-1.923404
	-27.341496	-14.196525	35.263060	-59.750876	8.493652	60.376343	-25.896148	-10.339083	-13.720757
	-5.740056	-16.454826	44.689356	-41.415014	28.896525	55.564513	-20.053656	-5.001289	-9.148813
	-23.193638	-22.079047	5.536151	-55.093759	-29.403160	-12.122549	-52.587569	-0.763478	-13.740472
	-9.977265	-47.172070	-61.666182	-25.979342	-72.265196	-43.585892	-45.373439	20.161891	-39.258674
	-27.664179	-66.202502	-94.680462	-40.153590	-50.836142	-73.332558	-47.781200	-14.923456	7.359077
	-6.462880	-48.978680	-57.261802	-10.941786	-42.066464	-71.398260	-38.120199	-8.961730	3.982636
	-2.751893	-25.319124	-40.256025	-26.458203	-62.860834	-46.208633	-66.235964	4.144201	4.299439
	-5.925191	-0.230221	-16.742251	-13.993497	-33.088583	-23.126852	-52.684865	11.929504	-29.792864
	-22.055494	-0.374740	14.989571	-30.321125	-29.302782	-1.007018	-46.187891	6.229334	-41.587493
	8.451921	25.571801	39.971743	-17.976986	-4.503521	7.847032	-30.545678	-12.119853	4.727256
	-9.463997	14.192634	11.445692	-6.130740	-34.148552	7.061485	-32.266879	19.961277	-42.360274
	-16.621138	22.237835	-7.419332	-6.905912	-33.019364	-9.730052	-9.876718	14.848095	-12.584495
	-14.545906	-13.957077	20.055719	-2.466199	-36.254869	38.098479	-26.880087	0.775726	-43.859967
	14.414070	-0.630891	31.590454	-0.331982	-24.513430	33.529930	-4.255341	-5.335447	-31.704983
	28.438946	8.449152	25.757739	44.407723	-3.635849	30.189394	18.300162	6.623159	7.007832
	51.732873	30.507955	38.118945	58.968590	21.372984	30.612730	59.789258	-1.391752	36.880849
	50.781458	0.492494	16.599872	46.442795	8.238953	55.859059	60.897171	-15.872955	80.961330
	57.906133	-6.387884	-6.102199	28.412976	-0.629317	35.266376	34.955099	-47.231548	75.010741
	18.719582	-21.504465	-31.303253	13.125618	7.395588	25.599658	30.100198	-6.947233	86.912397
	18.826217	-20.421615	-23.998931	-7.640562	-11.142982	57.319763	32.216469	-58.447292	68.554789
	-4.943401	-65.588253	-31.856530	-15.915134	-20.525943	85.486143	-15.298293	-25.083195	55.876573
	-9.388701	-67.068291	-48.679923	-48.136969	-30.953367	136.422614	-42.312177	-3.125373	19.424413
	6.912605	-42.699210	-26.606492	2.115479	-26.950238	86.035279	-8.642392	-0.202292	16.353176
	-2.782247	-17.638926	-8.941091	8.568731	-7.964836	66.487841	17.524678	15.442386	23.697631
	31.883528	-10.305795	18.990061	20.087693	6.522277	19.808300	33.524448	-2.964718	48.402560
	20.816014	-16.829948	-30.445404	11.817861	42.857778	-18.608748	33.863376	-31.233929	46.145906
	10.859029	-15.933739	1.566625	18.467702	27.904340	-52.436824	25.415310	-50.561622	18.859506
	32.557694	-32.184394	-24.477727	24.930364	9.121229	-55.538408	15.245474	-19.460544	20.277999
	12.525801	-22.763611	-16.073498	-3.751794	17.872138	-86.445479	17.324595	-47.790917	5.012096
	-2.045566	0.547039	-27.674788	14.842973	-3.218105	-80.539278	20.455196	-29.568677	-18.525717
	9.833754	-7.020446	5.379579	34.779543	-11.883181	-74.046173	26.287430	-16.894962	4.453099
	6.265755	-19.588156	18.005596	-23.988038	-44.416015	-74.263301	-5.111441	-51.937258	7.771657
	-12.308276	-33.249713	-28.846006	-8.895921	-28.736159	-61.901114	-8.218358	-23.759645	-4.237940
	-13.243342	-17.123549	-19.443004	-20.786974	-34.285430	-48.373240	-33.488263	-14.688224	-26.373333
	-7.506550	-28.915925	-14.175862	-1.821942	-56.316497	-24.372372	-27.312343	0.593485	23.460484
	-35.246578	-36.729680	6.446549	-45.850739	-31.167131	-7.884401	-53.954686	-10.989992	-8.937501
	-22.783689	-14.378257	12.686605	-27.648676	-35.999101	26.597751	-20.130128	14.268805	21.443076
	-8.648815	-12.295150	37.139886	-45.182758	-56.995437	58.586876	-37.957629	34.600824	43.891750
	-11.996696	-9.087947	40.173286	-47.336868	-21.217876	37.243694	-44.345447	15.068095	26.612786
	-28.548271	22.297645	38.907672	-15.633404	-2.627170	19.958434	-13.155540	52.801567	-21.124519
	-35.586092	4.027825	35.341219	-11.743553	-18.070289	28.679696	-11.296219	16.073854	-46.349878
	-35.167614	16.112880	39.562063	-6.313734	-18.332102	47.870746	-11.914045	46.465123	-41.942582
	-35.081841	-0.315473	45.348448	21.925914	-23.960448	43.641576	-19.348137	46.356017	-43.860495
	-31.458618	-8.433536	-5.221800	3.941082	-39.546176	5.108533	-53.093385	78.829613	-34.182367
	-4.529971	2.007696	-11.113381	14.481243	-47.950021	4.337070	-23.026872	71.951114	-37.391464
	-21.101688	6.420403	-1.003094	-12.745983	-47.908327	15.051317	-21.712370	61.484183	-24.614317
	-53.493947	19.067503	43.845085	-13.331103	-18.661872	8.294318	-26.832482	35.549461	-9.664387
	-57.799041	19.506280	23.847577	-13.815062	15.815052	24.310869	-25.583276	72.943477	-18.696393
	-55.944726	8.388367	17.989284	-39.798712	-10.613225	20.598498	-46.577376	55.724911	-32.062912
	-17.538732	19.976921	21.906225	-12.606501	7.525110	29.942889	-47.333115	35.066600	-17.763272
	-24.625479	46.658131	33.730863	-15.299618	-5.136655	33.801011	-50.030794	50.232469	-46.331665
	2.000482	47.187401	47.324321	5.797179	16.478348	21.614480	-20.515682	50.667987	-11.871757
	42.817876	63.791039	51.146492	77.762414	18.628133	-4.312443	54.909023	36.994045	16.064032
	22.449540	34.029911	66.333164	43.514750	36.273944	49.967129	46.972565	18.168521	43.097908
	9.571330	8.507704	45.719392	20.315294	4.817892	53.104555	29.040192	-1.401636	22.874911
	-6.413728	9.755031	-10.225683	27.679880	12.110458	73.000944	7.531250	1.161906	-36.429151
	11.377738	-13.686916	29.636754	-18.380057	-13.088922	107.642715	-2.711756	-5.554775	22.261716
	25.217446	18.463067	-2.659321	25.068606	-7.432648	99.731500	24.603857	10.959148	20.770477
	-8.114521	-0.253472	-27.219242	1.880057	6.786589	40.179453	7.130110	-21.824245	-27.466044
	17.448622	-22.873708	-6.265636	24.439715	6.320617	48.579708	24.986215	-28.554753	19.050811
	8.032894	-26.016042	-10.048352	24.884874	40.305995	36.306692	37.196834	-55.639924	53.690198
	53.672302	-53.806526	12.110733	14.152969	-15.798131	10.968881	19.923784	-76.023375	75.406831
	68.231595	-37.338171	34.266231	28.232178	6.780075	12.975609	53.315723	-81.676542	74.315172
	60.172708	-42.011519	74.660189	14.289174	30.615586	6.905802	45.511465	-48.045678	95.208250
	56.548735	-23.653213	87.994410	1.475893	13.119018	9.663217	30.838114	-79.238716	99.957991
	79.755348	-13.152825	75.789700	-5.742046	42.221317	3.258275	47.783991	-61.151688	120.444224
	45.749573	0.001865	61.998804	-9.214981	64.260725	-17.323330	36.259711	-65.672129	54.058792
	15.204709	13.022240	37.715146	-9.313506	60.449635	-37.195978	25.086438	-6.705778	15.915138
	22.148862	35.211659	38.722012	0.898101	79.305568	-41.748296	4.406624	-30.002766	8.378025
	7.129045	14.081216	17.350604	-36.595572	69.224763	-44.560747	-7.756364	-29.583718	20.018196
	-9.493723	35.735497	-5.257014	-25.998892	84.175021	-58.218512	14.543582	-22.882403	8.333631
	-14.721448	17.281813	-60.975360	-32.235992	78.059216	-51.794231	10.866795	4.484915	7.032041
	2.226737	2.005639	-97.916067	-44.279463	83.291438	-70.241973	-16.860692	-40.446320	-5.995521
	1.217000	-4.586188	-57.293952	-55.236292	106.936612	-64.965118	-4.609109	-44.377826	3.701027
	1.612365	4.954414	-43.680908	-51.588679	105.017052	-82.253316	2.899433	-72.405235	-10.148659
	-27.258221	-2.393201	-42.418733	-42.114472	95.958154	-89.356963	-16.249092	-54.400137	7.251263
	-0.826369	27.890142	-27.326262	-2.081854	117.591739	-105.344562	15.552031	-36.253122	27.798464
	18.729376	13.090571	-4.728329	-28.452169	124.787905	-72.017595	33.045918	-72.122610	48.888375
	-6.561470	18.627156	17.904128	-58.793630	108.185282	-27.924606	5.779940	-76.772065	28.578180
	0.550899	14.351963	41.277607	-42.860244	72.543233	-3.265468	9.304187	-75.837463	27.564240
	4.402288	8.013724	42.238802	-59.756353	48.020378	27.823467	-19.857660	-65.703236	25.808816
	0.567498	-18.498003	34.123289	-54.836502	42.805680	49.351565	10.693118	-68.789038	21.988234
	15.188165	-32.532682	30.032242	-37.324169	25.121308	46.098435	-7.574468	-63.828218	9.456497
	59.832399	-27.166855	19.831770	-13.624452	27.188177	66.265810	26.899331	-49.989867	58.405965
	63.020559	-8.858691	26.922594	22.720278	28.594852	50.129718	17.384690	-38.491757	98.795725
	79.800803	-1.975193	22.768341	18.375152	22.766536	31.800531	19.434457	-38.386877	62.208177
	59.398815	7.076951	-24.276821	37.078038	5.861067	12.589481	19.573216	-17.286657	34.315793
	11.585220	2.381969	-47.744407	25.052355	-8.826662	-29.450230	44.952615	-4.983358	-30.969259
	9.116572	-21.327527	-33.361288	30.258959	-14.700435	-41.083330	19.344938	-3.880499	-52.539857
	11.229821	-21.508271	-25.345072	35.709582	1.676000	-26.985074	21.355067	5.456248	-1.717503
	4.434891	23.062850	-11.057425	49.328891	-9.787289	-13.101820	24.173294	-3.274054	11.349703
	25.318716	25.337322	20.697609	16.870375	38.971509	-21.199659	31.158314	-11.496459	13.106371
	-1.320998	14.198799	-11.456739	21.008676	55.813772	-38.439682	12.113727	-15.703940	50.774319
	-41.425205	-2.476752	0.492592	-3.110344	-12.757006	2.694397	-23.341179	-24.937562	-14.981213
	-9.480750	-2.025535	11.375084	-30.698829	-29.619090	40.784177	-37.528301	11.090819	-26.365357
	-15.254021	-3.951765	25.601272	-6.470133	-39.696564	27.680172	-36.696126	-4.335524	-1.416868
	-36.311409	23.086546	28.204892	29.501562	-23.376713	-22.107310	-7.229947	9.950662	-11.520393
	9.143312	38.040570	0.110923	49.605995	-1.103937	-64.609002	48.428155	39.966500	-33.919478
	-14.535522	51.717473	-28.758862	40.569940	7.378020	-91.436218	-6.572755	36.115799	-76.887743
	-24.977383	17.465943	-37.661296	-18.281287	-51.832698	-76.529760	-16.959191	31.115396	-63.521702
	-14.836650	9.731302	-72.693466	-30.958535	-87.732915	-81.832521	-19.424555	-0.424994	-46.591022
	-49.910680	-8.812477	-71.459162	-1.506725	-103.207185	-37.485269	-25.752350	15.538108	-72.598567
	3.952968	-11.391717	-42.165985	20.939309	-91.193322	-32.452151	-15.870075	11.886368	-12.975134
	23.884914	8.899819	-35.997807	64.338154	-51.446795	-40.279890	37.051253	18.598969	4.753048
	29.245189	-16.736014	-11.443756	49.940224	-33.836160	-23.258826	12.373807	42.656211	12.066851
	5.913263	8.640065	-0.161530	31.232038	-37.231094	-17.824924	9.370851	36.205555	-6.991279
	26.910964	10.412681	-27.928621	85.501020	-15.344548	-27.973638	30.547713	47.060042	14.346028
	37.542989	42.920115	-28.222612	105.428853	37.532911	-49.301413	71.635581	67.600917	-15.603146
	4.796028	65.484323	-63.997413	113.184316	79.721701	-71.317182	84.733147	87.509794	-19.149265
	17.736505	55.626761	-73.213141	76.568912	88.040055	-67.697995	100.112425	61.004574	-37.482242
	-25.563173	41.445159	-112.054182	52.684513	56.539112	-107.737115	47.774910	68.836446	-72.525027
	-27.505377	22.700991	-92.297343	6.456490	-2.723168	-76.361647	0.563661	62.755741	-63.195418
	-77.882431	23.456278	-87.861661	4.561999	-38.999684	-68.718098	9.236752	58.030290	-98.182505
	-22.811364	27.149359	-98.012515	5.421940	-3.228726	-72.039185	-1.121618	13.689245	-87.912843
	-29.376415	9.189090	-46.740852	-1.407876	38.994273	-40.355617	27.642543	34.873527	-27.024864
	2.053412	20.246718	-31.437743	23.082302	26.503250	-28.757372	22.315768	27.399880	-9.148470
	7.350480	-1.113380	14.803896	4.649940	3.872470	-21.585024	28.886657	-2.253084	18.569747
	-2.827562	8.619197	-7.553675	-17.024391	-27.243898	9.745711	27.673044	23.444505	-5.741668
	-4.919178	19.164156	6.948105	-12.539528	6.849180	16.832418	19.392787	-8.036342	-12.900912
	-36.605396	-22.448679	-1.916857	-30.613684	-10.528432	18.760252	8.491459	-8.331301	-43.056670
	-4.340455	-10.088629	-6.159009	7.756159	-13.364895	13.363317	2.932701	29.615422	-31.034835
	6.190112	16.446244	7.564458	29.166488	48.267001	-23.072363	21.747287	30.976407	-15.877766
