	-51.124282	-47.739650	-5.157522	-79.782491	30.846065	-45.662002	-44.865194	-39.744837	18.074287
	-26.477403	-52.726553	1.791108	-93.390181	48.198956	-44.956205	-89.894474	-29.466907	18.413963
	-14.736122	-59.074299	26.678550	-91.434433	32.881396	-32.947445	-32.333239	-63.404133	47.237095
	-13.073022	-56.270745	-15.183142	-59.720314	-5.247760	-33.443347	-8.354421	-52.526834	67.000831
	-34.227234	-103.566354	11.918326	-61.075435	-22.672618	-25.793166	-50.190401	-63.751860	38.902569
	-17.309944	-65.830055	8.854683	-40.455597	-12.541235	-20.332223	11.004116	-98.984889	44.259836
	16.062623	-76.274497	0.291284	-53.869560	-42.893697	-31.958768	10.749880	-59.342169	61.377912
	5.255029	-64.910144	17.619787	-41.909925	-37.028183	-43.683667	6.852857	-76.607359	50.604225
	5.208164	-52.828257	-10.134323	-29.388731	-57.789001	-37.769025	2.789591	-59.818571	23.432723
	1.363247	-31.866344	-64.575233	-21.113637	-34.740799	-23.188615	-14.482454	-67.982656	-6.645748
	-4.878539	-19.407356	-46.617041	-28.198338	-50.918558	0.377668	6.671813	-67.727301	19.283262
	51.282796	-10.939450	-30.416191	-13.488159	-45.196170	26.534758	27.713826	-32.179588	-23.506445
	18.059107	13.545789	-42.207417	-1.942853	-65.304145	-6.083607	-16.861955	-30.987103	-34.646572
	35.832495	5.091023	-21.152918	-22.404801	-70.188647	16.579296	-21.495388	17.743274	-35.209592
	14.450502	22.175852	23.285207	-7.847323	-57.120370	26.651190	-16.547077	27.214374	-11.967583
	6.644229	8.339179	-40.358342	-14.103660	-26.128026	12.052949	-11.022924	-0.046892	-20.790255
	-32.844614	-24.379739	-52.963142	-3.854739	-38.093925	-2.354072	-24.124989	2.675823	-42.825096
	-4.496595	-5.768827	-47.437667	-15.011792	-23.821071	-15.775630	-18.576311	14.917302	-56.470414
	1.678865	-3.970446	-39.078204	-32.231897	-2.644652	9.681913	17.751469	-7.450162	-25.802655
	19.544690	12.613293	-21.760116	-40.240522	-11.751873	-12.066463	6.904472	-4.644686	-18.493956
	28.808592	35.041360	-30.850171	-28.971634	3.863927	8.067078	6.934572	4.729369	0.913451
	18.831248	19.662122	-21.280346	4.629499	-9.080196	18.128699	36.812808	-14.095546	22.512762
	8.185574	30.282786	-0.073956	4.550797	-8.924535	18.335081	44.818267	7.022497	55.837564
	-8.198886	-11.899016	22.184980	-0.505897	-19.442899	33.617786	26.068464	-24.720915	-11.744164
	-9.033611	-27.170529	12.789729	9.789743	-42.303861	35.538361	21.703047	-29.380408	-5.286663
	16.855937	-17.960597	11.611750	-1.867189	-2.296649	55.907337	19.229914	-40.730616	16.363197
	-13.840380	-55.779851	6.484274	-0.627313	-38.226141	57.462328	8.434783	-25.706778	-27.773819
	7.757546	-32.918691	19.372010	28.376079	-84.470811	21.477094	-20.946112	23.397016	-56.765810
	-32.799418	-6.872945	5.586097	22.495652	-86.075564	9.385976	-19.453179	40.032520	-54.498556
	-31.485628	22.740457	32.526558	24.095945	-68.816764	15.129451	-31.858746	26.070722	-41.369853
	1.630574	20.042609	15.578715	9.039348	-45.337525	-5.517619	10.994529	19.077413	-40.943050
	9.392644	-3.187642	27.567584	-2.748064	-29.750716	26.201794	-12.661132	1.131926	13.537096
	11.330122	-39.787996	11.530880	-22.594680	8.593290	15.918463	27.098458	-33.754096	29.938091
	8.374485	-48.228372	13.635466	-21.009246	39.556811	25.183164	27.797088	-22.145221	74.690630
	-6.305442	-84.056861	8.920659	-13.261348	67.777799	-3.868022	8.439144	-58.820000	82.517654
	30.599737	-90.370763	-17.042580	-30.701096	44.721549	-8.334253	11.614643	-56.115844	62.405850
	13.348012	-75.292265	-3.611838	-14.789427	59.679881	-13.712580	-3.082778	-23.382620	47.301031
	27.137462	-60.246879	-17.536476	-12.418605	59.328846	-0.067800	22.066719	-51.476165	44.977610
	18.898340	-40.736873	-24.010450	4.057734	58.579063	-32.533869	5.427374	-47.116074	12.328813
	6.599026	-59.587169	-20.241021	1.091940	49.090241	-54.937867	21.413744	-34.206357	-9.568360
	16.335315	-58.119811	-0.388539	1.001463	31.451358	-32.799330	17.413369	-7.221227	-16.468783
	27.660523	-50.859231	10.208514	7.271082	35.816167	-30.006082	46.222887	-3.547101	17.613979
	-27.453150	-98.974213	0.077250	19.255497	28.642026	-30.854644	25.397147	-22.174357	-56.322597
	-43.932188	-91.112456	-21.569315	10.268781	23.851796	-50.587227	25.293479	-1.311411	-37.340981
	-25.735854	-105.782406	-26.021588	-6.613366	18.975751	-49.047666	-3.296334	-55.263511	-7.406969
	-21.952260	-119.447330	-49.764044	-31.519879	28.381888	-52.774310	18.323105	-56.171779	-5.510924
	-12.068543	-124.941586	-55.276126	-52.232733	17.965871	-62.360769	-17.485223	-55.838136	-25.036421
	-24.905521	-109.775434	-24.977744	-56.405416	21.124141	-32.768293	-25.330291	-44.096680	31.177915
	22.128867	-102.081423	-22.312544	-46.570460	28.046932	-30.111848	0.778508	-62.078914	-31.771943
	-30.647673	-58.441642	-23.426484	-8.194830	9.631873	-39.069925	-4.931213	-24.201853	-32.795934
	10.766398	-50.017936	-4.485172	6.945746	26.271233	-0.841215	2.290996	-14.040409	17.329775
	8.641220	-35.700699	-37.501861	6.860975	-5.152082	-12.666998	2.644935	-5.690108	-1.437565
	24.229157	-23.287091	-33.627219	-1.266886	-8.370257	-19.035262	-4.493439	-0.976398	-9.235575
	13.093051	-5.538889	-19.892434	15.662388	-4.775716	12.810260	-15.280933	10.683699	1.287599
	18.559431	24.608559	-18.502028	34.941566	-47.423153	-6.171206	-33.984754	31.367646	0.424410
	7.699662	40.596602	-17.471627	39.744080	-77.440510	-18.319270	-58.204332	67.847058	-32.387347
	-1.097497	55.016461	-5.304982	30.638998	-77.739648	21.634363	-9.746525	65.450291	-81.030219
	-14.738024	77.728782	-3.930937	16.106105	-79.987473	56.438040	-14.933934	27.032115	-28.619204
	-0.794595	62.046804	-3.368958	37.142636	-78.286407	56.456521	2.965489	43.089465	-20.454317
	0.706496	52.418837	-0.174529	37.598196	-42.888957	39.388202	14.144106	41.913536	-31.514236
	-1.043437	47.770962	-23.567632	29.262576	-13.861671	14.232156	0.330633	33.933808	-24.596105
	24.816459	54.742592	15.696234	45.603745	3.736869	41.381566	12.195312	27.216522	-30.914005
	14.091474	34.460411	-3.986269	46.269594	0.558766	-1.721036	53.446680	21.396167	-27.290199
	24.773221	45.533010	-33.217041	41.895907	-0.348751	0.436998	56.354142	18.054437	-20.825743
	23.350265	40.559002	13.992215	42.577401	-30.484314	53.302463	38.791978	43.081375	-12.417335
	38.672681	4.655648	-9.770390	40.061999	-10.547268	22.488218	28.585598	17.142606	-4.281036
	33.470305	1.523527	17.869832	22.371831	-46.829864	25.255383	10.306667	20.931134	7.071046
	38.223105	-0.214164	16.151604	24.963370	-51.528446	50.970774	10.313332	-0.798755	26.337295
	10.523010	26.900518	4.020398	38.148002	-35.760488	36.012264	5.203464	24.679023	-4.350602
	-9.107608	42.495306	4.580378	41.578013	-23.461328	41.383604	-33.108525	19.917131	-15.123239
	-11.076170	75.567665	11.290181	38.131093	-17.339060	37.648420	-21.450711	78.541959	-25.020591
	-6.228002	44.284905	-4.227408	32.010964	16.445162	10.662534	8.375074	51.610992	-30.601206
	-1.822976	51.602847	1.498954	43.094865	-13.459650	-0.512128	-4.361628	62.249163	-48.395064
	13.893868	72.453385	21.474514	73.660838	19.694755	3.847909	14.759498	57.718960	7.414645
	12.658487	79.464395	52.094789	68.173471	13.137870	-3.310292	22.164240	68.472145	11.807656
	-17.235782	56.753653	29.124661	53.492323	-24.532587	27.918051	1.851513	50.613779	-5.072792
	10.536575	65.150312	33.392468	36.636970	-24.760490	19.254777	-1.595392	21.028626	-18.921231
	-27.856151	62.152674	38.060583	33.550778	-22.163768	17.236224	-17.042438	62.863935	-55.267706
	2.069093	77.879635	74.358341	54.743501	13.835194	2.332548	4.067319	48.549159	-16.520685
	-0.787514	88.260852	13.301542	53.926781	11.721005	15.062920	-4.060118	55.040402	-42.149945
	-12.241473	89.111415	15.613114	70.179190	6.833896	15.698715	10.110292	43.969898	-29.427228
	16.458479	75.989131	22.893246	23.098848	21.053097	-8.742411	9.490926	48.288393	-18.862005
	-15.234672	88.370860	8.838677	-12.531612	9.649372	-14.723003	-11.984509	16.042581	-40.714741
	-16.390797	69.667181	14.501493	-34.427280	16.546270	-8.862932	-58.027460	14.720086	-36.938478
	-36.540082	76.916502	12.311720	-30.312516	-7.794468	-10.669120	-34.474349	47.884221	-52.468453
	-38.447912	95.812177	44.200842	-3.457091	28.412373	-2.804704	-33.734596	40.538699	-27.386298
	-2.302791	99.342942	19.613942	12.404372	52.154684	-18.327156	7.637243	36.695346	-76.406409
	-11.542452	97.298197	48.543239	14.617190	80.861839	-3.724386	-8.306220	43.216471	-28.929889
	-22.868077	82.258377	-4.734690	31.687143	63.260025	-21.180841	-12.488710	49.637031	-19.328731
	-35.582990	80.275657	-17.717022	20.906978	68.427694	-24.603765	-12.604239	34.557481	-26.061893
	4.652668	65.337214	-9.058224	-7.121468	83.807395	2.208968	14.130539	6.508640	24.467666
	-32.900509	61.007615	12.465328	17.200440	78.775724	0.465936	-20.938403	59.357257	-40.362744
	-36.794630	45.450475	-27.406403	-18.852450	53.048580	-11.283764	-31.990477	28.582951	-28.933790
	-25.274433	70.512725	-40.376197	-8.218144	56.145388	6.641936	-12.987428	15.293245	-18.934638
	-14.597672	77.525875	10.166132	-22.704572	32.577295	-1.585947	-9.814883	14.382488	13.141047
	-10.809957	36.220784	-19.196824	18.016038	34.188857	-2.933588	-27.988328	6.657883	3.171456
	-9.455336	77.180169	2.224016	-19.792283	46.400064	-20.819699	6.548911	-2.947091	20.467513
	-24.919682	87.586069	28.183008	14.784398	44.400506	-11.032843	1.897239	-16.454190	17.294249
	18.721631	52.563430	26.753718	20.259630	15.629028	32.427387	3.179768	-18.711919	21.524309
	19.116761	47.120904	71.150702	7.966468	20.710750	41.296347	21.784120	-37.635477	60.388346
	-10.567557	28.437928	58.562737	-5.569076	-15.610805	65.535090	-1.380723	-21.793906	28.261523
	-15.659133	30.722210	89.582855	-0.003005	37.230623	9.541588	-3.915326	2.219679	15.409581
	-18.614474	20.780108	80.466429	-27.717325	7.711423	-31.835479	-36.805441	11.571582	-30.838800
	-81.318243	14.434435	20.568623	-34.124481	-14.271707	-60.458922	-38.181612	31.365603	-57.282312
	-51.101114	35.393326	2.550051	-34.951354	36.026931	-29.956217	-61.095299	17.073607	-25.843709
	-36.495275	29.665221	5.996642	-6.019745	15.239872	-20.683820	-12.564355	16.421585	-20.824376
	4.921623	33.833645	6.120125	-23.975411	37.394671	-6.569368	-11.681505	32.282708	36.479581
	-1.036079	34.790277	7.486829	24.098373	54.105268	-6.217328	30.741604	57.687939	30.249729
	18.304676	42.493977	4.903396	27.331962	52.194315	6.004593	19.532754	56.197276	34.781707
	-4.611801	56.739252	3.770404	42.184425	46.826916	-11.156659	-6.622790	77.266706	41.383306
	-15.476745	63.338559	12.889012	69.618959	77.312163	-12.131292	13.339465	57.209781	7.715198
	0.355068	60.827917	4.947695	11.232153	48.871984	5.859595	-19.789597	67.575879	-13.466271
	12.540934	66.381048	23.480607	26.250579	44.948544	28.135051	-13.916128	45.547739	23.797283
	26.682130	46.581113	15.958283	1.657886	42.897319	17.517234	-15.630300	38.142526	73.939787
	12.527107	32.076097	4.217381	8.292404	40.040010	10.937786	-3.018526	21.255303	33.002278
	22.223066	53.123817	20.058793	21.890894	48.509796	-6.800496	-16.358464	21.870717	32.468941
	7.528621	41.978310	-9.775789	21.795998	25.810121	-3.503299	-19.291537	19.060045	37.334490
	12.544010	41.099646	-45.623528	17.340906	35.267586	-30.401504	-12.908326	43.147627	18.151592
	-12.479360	64.541208	-10.103214	59.564231	46.917425	-14.232764	-18.640688	102.703271	19.811127
	-19.712569	82.703586	-19.893760	48.526380	48.272408	-29.458376	-25.179376	81.699435	-30.782482
	-10.785995	72.408650	-20.313273	35.943053	38.743417	-23.868290	11.510362	61.638105	3.074443
	33.523506	94.712901	-0.414732	56.055228	35.050778	-8.287458	18.648581	74.950670	-8.032473
	19.806283	80.248574	28.119723	74.580019	45.589059	8.271095	29.912335	64.349642	33.088384
	33.783629	82.367308	13.332796	46.306910	46.598528	2.604052	30.059692	43.598538	18.551508
	17.153368	94.263632	36.939162	53.993239	29.640871	17.594929	38.642067	41.672749	55.731444
	47.475415	50.255269	29.026759	38.360381	8.725448	34.761935	21.935899	3.069753	77.955234
	52.945387	79.848272	49.937545	41.003824	11.904719	36.220376	29.974699	21.158993	86.332250
	12.011703	71.499269	70.584961	38.019051	26.540931	16.932347	17.948803	7.881730	75.814635
	15.662058	-19.712034	-0.937740	-10.239579	-20.526578	50.621999	0.287636	-40.447508	50.769764
	26.736327	-26.976051	16.010317	-22.810333	-6.284662	28.907185	-18.376992	-35.574797	50.261213
	22.783870	-21.237870	24.715497	-19.408824	-2.681522	33.694729	21.779343	-33.931275	95.749275
	52.043196	-38.985128	35.978445	7.718073	-9.618882	54.584941	17.809224	-6.778485	81.777296
	21.241026	-58.174967	11.832013	14.761417	-16.140897	55.537650	13.033215	-5.138454	76.175492
	53.974083	-22.238871	19.529871	2.433258	-8.631215	29.927806	59.729790	-3.452932	58.817518
	-40.277429	-44.649132	12.800295	3.505570	-0.318532	20.085756	36.412965	15.148992	58.816359
	-21.931314	-15.142723	22.512531	19.829605	-3.598241	7.830395	30.738295	5.696372	8.597177
	-3.320495	-50.489825	4.173972	8.069033	-10.501123	3.233295	14.518057	-10.250133	-9.407787
	-12.880292	-59.411698	7.623796	21.869162	-20.913032	11.728408	12.617500	16.915240	-13.811854
	-9.580255	-55.959790	54.368638	11.308109	1.388655	23.563428	40.625009	-24.813049	-19.039277
	-10.081114	-88.643128	35.088271	-4.240780	-22.252377	22.526257	37.564283	-28.420333	-13.640451
	11.455682	-55.292574	27.146564	13.985578	-32.045536	28.301409	40.631057	-13.401075	-2.296607
	30.613235	-100.538439	10.038442	16.888641	-50.158165	24.544892	40.322571	-45.867493	2.632347
	-8.685022	-97.695391	-36.045952	9.538818	-54.923475	8.148482	53.311516	-51.883243	6.548305
	0.822769	-121.076035	-27.096737	-0.589326	-47.837887	14.554937	17.560809	-51.861184	-12.109609
	4.432532	-153.742745	-47.618207	-34.050222	-74.262038	6.557508	-16.414478	-69.299740	13.155942
	-16.541526	-143.287420	-65.128413	-18.518816	-25.097644	-14.562825	2.802709	-28.090097	2.763391
	0.102220	-111.593427	-70.071674	-26.231537	-41.238812	-24.621319	5.473910	-56.569995	-21.893563
	7.196919	-99.573945	-42.586989	-28.296517	-28.483825	-3.046609	10.838658	-24.272215	-1.156406
	36.034512	-35.124986	-0.006455	10.132478	-11.932937	0.652831	9.692699	2.425853	5.835061
	15.524493	-49.674286	8.917430	-6.640544	-24.553702	4.431683	15.930497	-34.111717	17.355416
	-16.850436	-20.345224	47.742607	9.130434	-25.312111	18.866240	-2.182962	-21.629929	-19.829496
	-9.563759	31.708697	52.186476	1.093697	27.169889	5.209847	-0.130553	5.126510	35.131695
	3.164558	-8.103240	42.504175	11.274070	11.909454	19.525977	46.357650	-10.773148	-22.436701
	26.851992	5.902631	8.465542	38.146844	-7.679102	15.236969	38.529733	5.352823	-34.817081
	13.093481	37.562420	17.201861	34.522712	32.557924	26.408715	23.505822	25.007533	-17.265145
	14.914500	34.461135	0.208259	20.944385	16.240146	31.608893	35.475044	1.032623	7.144620
	-6.187866	7.814233	9.156325	-2.115846	18.106556	21.787898	34.494524	-14.480480	-3.171781
	5.955520	50.814623	26.445438	-10.943872	34.115845	31.245379	49.546413	-22.299097	6.665132
	20.994451	17.482029	24.120396	-28.511934	13.576641	20.130478	14.364139	-35.168328	-29.645263
	-19.542675	24.829224	40.611837	-4.842061	30.760625	2.982544	1.138933	-1.509710	-22.274942
	3.494479	50.162766	65.456943	-5.415034	28.920803	15.036275	10.639309	-11.279460	-0.644467
	-8.757565	16.799724	62.031134	-23.621143	6.604970	50.529884	-26.039278	-16.733607	7.553646
	-6.283226	17.639391	44.134643	-10.289993	31.036212	10.205765	-23.054887	-27.771908	-14.969786
	-35.906378	39.542897	68.500523	-7.856196	46.527669	-6.675025	-31.788630	-9.987397	-40.905462
	-40.304835	46.002806	47.418063	-11.611359	41.795713	35.270606	-0.773078	-9.844546	-31.905151
	2.890850	38.725423	-3.110489	17.344085	33.569202	-11.214091	-3.096775	28.823853	-15.610498
	23.670396	40.815464	-22.349640	10.184054	34.649845	13.204250	-21.678211	19.102105	-31.870782
	-2.453789	12.417260	-72.144928	44.632879	-5.258795	15.978880	11.615589	38.741434	-77.093008
	5.746188	8.207427	-59.783894	38.207887	-19.207669	-7.157563	-3.963689	46.240602	-42.752171
	15.757708	21.817593	-64.134841	32.673584	-39.396683	-17.315211	0.364933	78.404913	-81.626884
	0.036720	36.488425	-37.801611	52.870455	-53.205147	-10.150907	-4.081562	92.799998	-83.826372
	-16.816052	39.201030	-45.095113	49.278552	-46.344265	-36.260471	0.604013	101.846901	-57.073026
	38.267800	4.912942	-59.672031	31.244633	-59.800261	-26.628121	41.601679	71.247602	-43.968168
	6.651523	21.157972	-1.736638	34.954583	-19.089241	4.840479	21.173787	56.393243	18.159475
	33.926892	1.537740	7.089922	25.228312	-0.691733	-2.296818	31.817752	50.347878	21.432801
	16.472926	-43.383332	-6.223568	-1.327798	8.806207	-0.667641	27.071245	-23.919629	69.335433
	52.817916	-69.995422	-4.783050	-17.459351	17.987789	5.773416	17.355725	-62.745515	50.762539
	0.240749	-46.081894	-22.248311	-41.860730	36.290695	-17.188836	-0.642230	-56.044218	63.732021
	-12.236893	-110.470528	-41.751471	-65.678635	-36.155089	-14.046293	-42.369290	-57.664649	-12.345510
	5.117315	-26.818131	-11.420649	-48.970793	6.407919	-26.741290	-33.861084	-31.485713	13.305241
	4.586412	-58.368022	-8.152869	-78.935543	53.839815	-59.081409	-21.427525	-80.602546	56.139290
	7.856467	-24.176769	-11.602174	-70.241334	22.684521	-29.014454	-11.258098	-48.691364	51.973520
	8.778075	-23.796090	9.737339	-60.528578	-35.534111	-24.419839	-16.090314	-82.470174	72.868752
	17.173491	-28.595712	22.077157	-65.729291	-32.528171	9.021544	-31.168622	-63.878120	64.890011
	16.670010	-40.756436	-4.443358	-45.949653	-28.229992	-15.297313	-15.804426	-51.165198	66.190388
	-19.976014	-57.288223	2.544379	-56.977246	-32.508054	-25.959572	-11.597593	-64.415558	93.507558
	-7.267180	-62.851740	13.412490	-78.123472	6.000525	-16.788415	7.433869	-90.605115	84.820403
	-15.802584	-57.185853	17.824823	-71.604179	39.385475	0.404356	-14.545537	-79.110834	69.502593
	-20.861120	-72.826663	36.944190	-72.310887	1.934566	-14.177625	-41.721237	-63.891382	47.485213
	-18.992346	-84.551607	15.893349	-75.809872	28.052794	-1.770937	-57.639898	-81.646656	45.700480
	-15.823854	-112.180115	-4.212221	-71.268463	1.723379	-18.594898	-55.761463	-92.358713	18.372685
	0.061923	-92.548979	-10.510661	-52.399127	-2.268942	-26.267998	-45.597311	-90.597572	52.618124
	10.363887	-71.202701	-17.243002	-27.079291	19.433315	-25.120964	-24.507312	-74.449957	57.207695
	18.914196	-64.546800	-10.936099	-50.919692	-6.875372	-17.828087	-8.344179	-69.685923	62.046781
	34.160112	-66.278048	-5.636277	-2.889734	5.332428	-4.770629	2.334045	-72.655083	70.120294
	25.909926	-33.149466	-34.968211	-29.585071	3.117961	-21.635448	31.694800	-36.082101	24.966822
	-3.314067	-2.438126	6.423677	-21.143955	11.055235	-26.308979	9.560813	-24.000193	-8.878850
	-3.405195	9.410509	25.035151	-1.667221	-28.980434	-24.084141	-17.693939	7.453355	-25.650784
	-29.035161	41.584664	29.230590	-18.224964	-43.671063	-38.841603	-29.562511	9.845319	-9.319148
	-14.341623	11.933943	57.949020	-34.593661	-63.128465	0.873190	-79.801844	-8.708146	-42.559673
	-9.846410	-15.276421	6.216392	-54.332911	-84.465161	7.719353	-55.813762	-31.364316	-62.536015
	-24.279751	-46.730172	19.649857	-81.429763	-42.414279	-6.766450	-56.806634	-81.065331	-19.895700
	-12.497740	-73.235001	7.525706	-76.532166	-15.840746	26.389238	-28.531411	-88.135187	-6.175157
	-20.226364	-98.587454	-44.618405	-45.970984	-25.414721	1.223583	-45.646263	-88.669229	7.735993
	-33.284435	-75.261449	-27.837015	-63.593516	-15.461341	-5.575535	-17.924945	-64.085687	-8.002410
	-4.529559	-57.647505	-30.523840	-34.861537	-3.007779	-8.156389	-30.848379	-28.456454	2.434765
	-22.513530	-51.523752	-37.972283	-19.439515	-8.940222	13.262700	2.943913	-37.645969	-83.329477
	-27.962839	-45.630397	-23.338977	-28.182663	-27.333547	-0.990237	-1.710948	-44.021510	-41.846288
	1.401589	-38.956148	-50.296773	-6.779754	-29.686912	-7.093874	3.483767	-37.054265	-30.900137
	0.376256	4.108975	-53.855173	-7.514665	-16.346437	-34.995485	33.449952	-2.042887	-66.175726
	11.163341	-3.095710	-41.305976	-22.054327	-3.880898	-5.660640	16.944160	-2.338052	-33.809791
	-16.108741	14.495960	-34.250133	-0.699068	-4.586926	-11.821347	-0.118549	-5.327260	-11.602470
	34.553063	-0.754697	5.139548	-1.853549	28.372828	3.829038	40.111571	-12.093383	22.666336
	13.547968	-24.957668	4.007476	-1.947746	13.114661	-13.449483	15.682634	-46.844044	33.244243
	38.475052	-53.238400	-11.074203	-19.313171	25.638308	2.916302	1.339619	-35.133161	65.235223
	17.290534	-51.002495	-14.851270	-40.272101	-4.570413	4.652224	7.631820	-41.838765	33.161906
	34.694360	-76.974217	-9.323835	-57.178807	12.935970	-14.845530	6.071656	-56.745160	55.838544
	2.413631	-79.703361	4.011526	-53.119044	-27.150067	-21.100567	-61.337570	-71.638409	-27.620008
	-14.529952	-74.163402	29.700515	-85.058789	-4.378434	-17.186811	-38.122271	-67.628117	-8.673243
	-17.427925	-70.486547	14.680639	-92.503570	-8.839122	-12.154101	-19.015131	-30.803649	13.429150
	-21.849693	-88.504222	3.202253	-47.335312	-20.818454	3.248441	-16.807861	-8.511629	1.648482
	13.280496	-45.360727	11.324370	-43.237796	-9.288116	39.806345	3.177585	-6.898413	8.838207
	-14.972729	-28.237642	-31.538566	1.527437	15.339436	-0.350648	-2.483625	14.562941	20.818602
	15.747141	-34.332066	-18.530752	-2.970590	19.433825	8.668321	9.010881	17.057334	11.187706
	3.152316	-49.792651	-21.878137	15.580081	-0.606293	6.203131	-5.054276	8.367833	22.201723
	-35.282912	-29.389825	-26.349477	18.507252	30.301515	-56.826927	-10.402038	43.073625	2.185082
	-11.168827	-31.764212	-43.369057	9.429379	16.022187	-51.452650	-7.262182	29.016136	-31.589536
	-8.181288	-27.141441	-33.425956	23.928909	-13.365511	-18.430783	-4.954025	29.267025	-39.015269
	-28.335888	-19.511764	-2.422031	45.095376	-11.762649	-40.081257	8.216368	57.791986	-50.523547
	-9.319024	-62.150067	-25.296896	10.779149	-46.362178	-43.914572	-29.538433	32.132080	-51.522109
	-11.390305	-54.623637	-38.592174	-1.532839	-34.171447	-19.641983	-1.261650	-10.345622	-56.794795
	-11.407606	-13.749588	-43.132432	3.524051	-43.184859	-20.855901	-0.855200	-22.924258	-34.225740
	7.325664	-9.692585	-20.133742	-30.094103	-52.356801	-19.438042	20.147916	-45.764763	-40.700420
	26.027721	-18.186283	-12.887243	-6.217232	-43.533477	-41.232670	-10.397153	2.182237	-27.305913
	4.820575	-13.902357	-13.444709	4.909747	-53.464882	-33.468115	17.735046	-21.611513	-30.152607
	-15.836855	3.262781	20.096296	3.642958	-90.295131	-12.142643	-7.260861	0.694094	-62.519229
	1.107867	8.386520	-13.224385	39.214233	-91.371952	12.191614	-11.325663	40.426405	-40.722328
	21.565346	45.953097	-26.058409	46.468543	-64.382264	14.386203	23.211070	11.428009	-61.391325
	14.586288	56.815344	23.188848	43.469017	-18.309614	55.021023	1.428267	40.149078	-25.806258
	8.701951	77.251850	-22.471165	51.285718	-7.153421	19.209043	38.276288	51.777612	-22.792871
	19.972087	65.642733	-16.522373	42.469663	1.633672	6.439829	35.557422	51.250822	-8.375999
	19.883549	48.688315	-6.034234	12.640120	-10.295345	8.922755	3.496440	9.073994	-8.749385
	-11.867714	50.381166	-18.844261	32.269506	-16.959383	-1.319804	-0.643835	29.460456	-40.536311
	-28.501597	35.167111	-13.054045	41.884934	-12.923817	-4.723755	6.838644	0.939027	-39.664840
	-1.323973	45.795508	-10.166325	37.325399	-27.149857	5.572648	22.827535	35.552049	-73.070570
	-11.958069	45.995050	-13.306400	47.427880	-11.520354	-0.369602	46.568937	69.045211	-64.839990
	23.081346	-4.339762	-26.491647	36.032902	-20.799738	14.425412	18.230168	-6.345266	-4.723584
	19.546759	-30.582295	-19.761375	16.031846	8.872672	19.401337	-6.953172	15.463526	-46.622465
	20.420268	-44.474144	-17.831944	-3.607633	10.685481	-1.969291	-13.024544	13.200633	-5.549049
	-21.084109	-50.761915	-47.041319	12.482594	-15.934633	-4.751349	18.437694	14.586416	-47.112817
	1.794346	-50.737477	-81.692162	-0.021118	-7.229840	2.022347	-15.504613	9.976874	-2.247733
	9.486625	-20.494544	-38.464133	22.527085	-0.233211	6.914771	12.014266	10.191686	0.536474
	-15.205090	-13.770446	-30.837254	-7.249613	6.589028	21.878962	33.966492	-11.854350	-20.029016
	-3.461341	5.422543	4.950369	9.940214	12.161870	14.896326	49.644200	31.907622	5.619465
	1.032853	18.501791	-1.611813	12.988423	7.857321	19.968123	26.968251	4.122806	13.181338
	-24.117575	26.177900	-8.137814	21.662031	-39.668147	0.733555	12.204723	11.039261	-16.601801
	-23.747083	13.973476	-21.364646	29.005070	-31.521678	-5.802951	15.321412	25.752360	-38.930330
	-3.387248	26.270397	-19.283433	9.392800	-52.256253	8.336785	3.998489	47.673749	-45.838113
	-51.848683	26.719102	-49.466468	21.354779	-70.434928	12.288729	-38.833300	59.438196	-30.555320
	-12.293763	60.182472	-15.058975	29.708549	-31.870149	14.557476	-33.221841	48.604533	-41.780662
	9.834118	73.692501	-53.538734	5.845893	-24.119025	20.399389	-12.195957	41.120612	-31.580406
	-35.669155	60.280745	-68.722927	-23.717785	-21.347893	7.579313	-22.332877	45.662132	-68.495415
	-44.396722	32.609601	-57.071917	-17.681650	3.857328	-2.806991	9.465732	25.001261	-57.286704
	-36.688572	21.431640	-39.134030	-35.890901	12.489879	-13.817099	7.467419	-14.281981	-46.521525
	-17.231421	9.310593	-39.364831	-37.343854	31.038966	3.038832	2.079740	-13.139457	-20.593732
	-12.992015	3.531999	35.509003	-28.237270	59.610803	-10.521000	31.730382	-12.461341	48.724480
	12.021713	-7.491664	55.766441	-4.695818	53.161507	17.588142	24.480578	-16.765564	51.756579
	2.484287	27.820735	81.113525	-14.093033	33.597068	-9.127069	14.663087	-17.830339	72.456275
	14.269801	-19.794050	62.266966	-48.455565	27.022991	10.089753	-1.610190	-32.421730	106.272901
	21.766964	2.381224	91.509444	-16.030412	53.810311	23.434145	-21.062415	-10.104165	45.361301
	-9.153916	5.514753	87.255510	-60.457814	21.822386	2.303471	-17.665750	-0.200031	33.390368
	-17.164536	6.751234	49.373137	-20.611474	15.126003	-15.742598	-9.035927	19.861467	-3.019776
	-16.963178	33.934592	15.905379	31.385786	41.535620	1.257394	6.122670	18.456096	-23.681911
	0.543386	79.474463	-15.084662	29.371288	5.328012	-2.030570	-7.652993	91.764015	-3.978240
	-26.609143	36.379102	14.711185	8.888890	-7.173952	-23.854072	20.950470	37.421989	-4.730649
	30.181662	37.583409	22.089905	20.112924	3.704615	-12.760013	-2.705200	43.558160	27.120830
	-4.756281	54.786144	28.345890	-3.868836	27.380543	-12.533546	-36.828474	27.791945	48.201024
	-8.140436	2.517292	69.455544	-37.164499	39.750505	29.899042	-6.453076	-27.095054	72.595318
	-15.485458	-9.582428	43.070703	-78.477453	70.527258	0.872802	-0.377964	-50.729913	87.790386
	-37.336115	-3.602593	76.729513	-70.486754	83.224160	5.317344	20.495160	-34.115684	39.136410
	-18.485230	-54.820749	62.494923	-77.576499	103.479839	-9.281217	9.195556	-84.463568	74.050042
	-24.690994	3.894056	30.585664	-29.522858	84.601273	-17.930801	-4.558946	-21.516596	87.000855
	-46.739300	-13.621307	73.397281	-35.957161	94.375211	-3.538001	1.799539	-30.501484	77.688598
	-14.257369	-55.364234	72.631977	-37.732832	71.038159	-32.452771	22.324504	-28.320999	56.595975
	3.408816	-57.098887	24.971990	-39.131637	45.759177	-33.796561	-17.032236	-13.421824	15.613247
	20.093580	-30.946458	-5.593587	-0.403303	28.979904	-37.008981	-12.911501	10.702252	7.507062
	19.312257	-8.420728	2.742427	-8.964054	-38.771673	-23.023283	1.922297	-2.281324	-14.296324
	7.963297	-16.581646	-19.251705	-7.597096	14.133598	-41.606546	25.421323	3.241096	-16.484503
	23.234413	-9.839150	-15.436929	-9.604061	-21.287328	-21.336809	5.419515	32.240704	-8.346888
	24.955204	59.734609	-21.862420	24.510053	12.620013	-4.029944	-15.666204	-4.198691	-14.306482
	11.397328	59.078544	-15.379944	12.711858	28.351584	-13.291285	-1.915724	26.709937	-18.947109
	4.340773	45.335694	5.724005	30.755102	22.528882	-16.360821	13.555942	8.602649	31.649458
	7.738508	51.923081	-0.229792	26.983819	55.068293	-0.924898	42.112635	-26.086139	55.160559
	23.046462	16.376211	14.160588	28.659049	13.736935	0.630675	21.568864	0.173481	39.957300
	-1.903315	-2.220437	5.508366	9.327139	-4.587875	10.469747	-25.754029	-9.294348	28.444083
	6.960492	-53.719253	48.855564	-57.936874	-29.037308	21.632469	-38.553822	-34.414422	9.554265
	17.853528	-39.181652	27.692024	-59.272604	3.988118	34.031710	-62.774535	-31.210403	38.611645
	-37.000069	-21.514538	44.146607	-46.843379	-12.248603	-10.412498	-53.197499	-27.383687	-31.910639
	-56.280720	6.894747	39.458870	-49.155336	-17.415791	-1.192270	-87.196164	-20.496537	-17.195869
	-65.227408	45.478577	16.631383	0.015838	-41.438696	22.588178	-47.562454	40.648346	-71.449338
	-37.599977	18.335555	22.396239	4.300509	-59.320862	6.651415	-58.433078	28.786477	-58.432396
	-13.756010	-3.523490	39.843899	3.678250	-57.676166	13.830573	-50.100152	28.164906	-22.750930
	35.877916	29.938456	11.842246	10.866500	-68.762852	38.353336	7.475439	24.206383	41.922273
	-0.972622	11.208170	-11.415031	16.819141	-82.831734	47.083066	8.889033	24.281655	29.139540
	2.473059	18.914986	7.162796	17.233775	-74.600908	44.450940	-5.683801	18.482423	27.421885
	-5.821682	44.821282	28.799479	43.100608	-33.836196	40.119624	39.281308	25.385882	24.317589
	21.699611	24.800087	13.027555	29.995526	-37.902265	44.582742	2.688142	55.143847	51.320565
	21.049770	43.222013	-23.046775	47.758803	-2.626984	30.706157	30.728424	44.490304	44.779085
	-4.302573	17.950084	-26.852336	38.177213	-20.962484	19.945488	-7.751575	21.249595	35.290553
	49.360238	24.693644	-43.758944	27.567913	-31.742841	-6.547482	6.441936	49.984307	28.919252
	5.810126	21.830476	-11.231059	43.355804	-28.601266	-7.625898	19.409106	41.790361	-6.478654
	14.803601	17.830049	-31.219646	33.089936	-6.682709	-6.960650	24.428281	31.140194	33.665050
	7.631819	61.982502	-4.095191	35.977062	8.852880	-5.942945	25.317960	41.922573	53.515309
	6.213570	43.443990	-7.028446	34.061643	-45.271358	5.024114	13.647070	55.711349	-1.633955
	-18.156060	59.027510	-3.279623	50.870501	-14.368560	-19.111339	10.144648	41.277205	-34.453685
	-60.848170	59.003192	13.154529	20.748003	-44.115236	13.093463	-32.511726	38.985676	-24.388749
	-30.863637	56.199020	-0.270737	8.470412	-16.461379	11.741310	-27.759826	20.825295	-6.700660
	-3.934310	55.453614	-11.308385	16.461861	-3.165872	25.358763	-32.452995	32.558511	-39.957329
	4.285767	55.499503	7.987387	22.256986	8.395267	19.821615	-26.596323	40.905365	-16.048646
	4.729477	9.278837	-3.829589	-30.306667	-14.526312	41.118637	-29.541836	-14.354828	-30.583410
	-0.093491	36.747633	-21.322056	-20.991506	20.439838	2.137026	-21.013165	25.517456	-29.219299
	-2.594211	33.285778	-10.738988	-23.865005	35.409960	-11.791551	33.388407	-8.043201	-6.709614
	-14.595506	44.043325	5.169147	16.067773	11.639791	-6.077197	43.671690	-11.629562	7.507427
	2.753829	46.656072	-26.136349	-17.477788	35.216809	-18.948374	22.412610	-21.305395	20.124476
	9.729959	76.095438	-8.091780	16.238635	60.715401	-17.850509	46.208375	2.043127	-2.129869
	-14.612862	37.628934	-23.792011	-17.935394	37.376017	-18.611101	19.812066	-18.533254	-3.198772
	3.309919	28.880294	20.148862	-25.427642	32.866667	-18.678429	11.416591	-16.668425	-5.012084
	14.033897	16.205888	-15.029724	11.890672	35.807452	-8.629152	7.720796	-15.196639	-22.759365
	25.515258	-0.330864	-5.427277	27.917575	-5.189970	25.311253	-1.621327	-3.407078	6.546771
	13.076005	-48.575062	-2.454442	20.806021	-38.542366	16.137430	6.251018	-19.636024	0.888509
	50.132985	-81.510850	-18.429068	7.902084	-12.951335	-9.803731	8.678981	-41.140212	-8.962194
	40.537428	-118.195172	-37.464232	-8.020308	-28.490303	-10.527701	21.666360	-66.241895	19.787495
	52.508705	-115.925323	-35.411118	-15.367187	-28.032418	8.384835	24.156496	-62.262046	42.939785
	20.850857	-100.195337	-11.829826	-3.318138	-37.641222	15.666727	-10.747114	-65.827238	27.302401
	36.167293	-111.763530	-19.159095	-36.771575	-23.281601	-15.256456	0.110507	-72.474363	25.610459
	-4.494150	-105.601735	-40.592304	-35.613913	-21.641565	-32.981621	-16.471694	-61.102222	36.944226
	-8.594159	-82.401039	-28.307031	-19.409757	-15.010800	-15.500255	-26.981396	-94.581365	47.486193
	1.855793	-68.380601	-23.578271	-24.142048	2.152988	-32.102377	-6.943022	-51.593782	27.504358
	12.551518	-80.412551	0.466269	-29.458603	4.288823	-48.389300	17.080248	-53.095097	6.378949
	9.284758	-95.941371	-35.810764	-0.385923	-54.803831	-28.366016	14.704772	-45.354190	2.406682
	20.026023	-54.626455	-16.923794	14.987279	-42.697116	-22.525519	-5.281725	-31.774134	-65.779351
	42.271480	-27.900147	-7.534427	21.363975	-14.764637	-20.798484	17.238688	-52.485887	-38.462561
	16.468735	3.706088	-7.181680	30.076931	-62.682244	-29.762714	14.901711	2.276974	-34.572968
	0.832054	28.003921	-13.214840	1.481298	-38.980322	-23.953315	15.508819	-11.489390	-52.900861
	5.017192	62.670494	2.530000	18.229039	-30.439566	0.276141	17.964598	27.954311	-52.170225
	29.515269	62.235218	22.670168	-10.562651	-65.487351	1.768303	18.499076	-5.149529	-33.633913
	8.231977	49.638627	11.300720	-4.570927	-11.671834	19.842467	18.138426	-14.825130	-22.356099
	7.577345	60.467702	19.129365	16.605384	13.660727	12.317988	15.292151	-1.466987	-29.324437
	7.602381	19.108313	17.321633	22.838197	10.913868	20.839996	23.957334	-9.679395	-76.170546
	-0.146742	5.972435	23.527924	10.452346	7.551162	15.479235	-5.492668	-1.873140	-38.848017
	-7.355480	-21.341968	13.689802	24.616257	31.097424	30.724369	12.009546	6.043616	-12.026103
	10.705068	-34.239933	10.179799	17.710099	4.275700	15.649191	30.273262	-11.792671	-12.239874
	-17.233970	-55.973945	38.116332	14.498345	-22.630061	19.778952	-0.335734	8.513458	-20.931999
	-9.043108	-26.423956	-1.666903	37.902168	6.004544	16.465755	31.972585	37.384480	7.927888
	-10.044648	-47.535978	-21.976262	43.705578	-54.121614	1.614068	8.456094	42.646470	26.989348
	-7.066096	-29.896749	-46.321520	46.557359	-21.203419	-1.672580	-0.437067	37.626620	-22.693092
	-7.352542	-41.930683	-39.891539	46.918072	11.193250	-4.772936	27.257855	11.030863	16.244425
	2.128699	-98.687417	-40.014824	11.480620	13.369341	-27.601083	0.344476	-12.357185	-6.033563
	5.709428	-55.851892	-42.211814	-1.618371	44.097002	-45.845559	14.103256	-24.063265	-43.918656
	-2.391413	-54.634582	-3.563270	0.413461	42.144100	-14.103073	-14.521591	11.786152	-28.967994
	3.220828	-99.606037	-1.045066	10.160808	28.773530	-14.553383	7.545849	-21.050944	-22.923656
	-19.463020	-36.107696	-16.341923	7.917471	25.684251	-5.422784	17.781519	1.449364	-69.743172
	-34.952043	13.819277	-36.021244	39.577156	69.201681	-6.681703	31.164354	39.374424	-35.737229
	-1.892900	-14.944667	-46.139598	60.541180	21.034119	9.940026	27.336831	17.519796	-57.887393
	-21.601380	-9.965463	-54.344190	30.539406	23.208448	0.003763	7.010759	38.864034	-57.939885
	9.119802	-23.307435	-15.033962	21.571272	28.267882	5.954193	-22.564629	21.618384	-39.015556
	-21.204119	-37.353458	-20.299771	-0.123584	-4.367624	2.071647	-16.351173	21.788229	-32.596718
	-12.273137	-7.438082	-18.427030	-0.305069	-33.017498	-16.467688	-11.846523	3.030735	-60.009497
	20.919030	-23.611123	19.063973	11.061914	-24.873658	-5.356688	-26.719736	7.264605	-50.423189
	5.239179	-24.538815	-46.399673	-5.229320	-54.799378	-5.993093	-39.206717	10.218911	-33.121767
	-31.040444	-26.177985	-32.035903	-11.698699	-31.298121	4.064676	-13.771235	1.981159	-57.603504
	-16.168021	-20.511152	15.939195	20.242300	-23.722621	25.517693	-63.397202	12.273614	-0.273805
	2.943789	-30.422333	27.091584	-13.266442	-20.392148	25.005690	3.097764	-6.906651	-4.075017
	28.361091	-22.112822	-2.006161	-4.964800	46.765132	31.491325	-18.583894	-36.298279	25.174842
	28.508450	-42.583420	10.044698	7.863131	-27.223977	21.628950	2.803961	-5.992679	4.476027
	33.703506	24.254007	15.870707	-36.834416	51.542020	26.762202	13.778929	13.543302	83.066948
	56.298932	-2.484767	11.735311	-11.873272	66.840469	-5.664899	39.434107	-46.165449	94.608723
	24.051120	-4.854628	-27.948594	-58.322580	24.309202	12.165969	-3.523512	-43.550588	84.145818
	19.453873	0.035729	-18.486262	-53.312605	-11.850596	-23.449245	5.200472	-42.809702	41.671242
	-12.708234	48.390848	-13.684253	-5.459222	-4.731448	-11.747707	-21.074937	-15.951461	2.647049
	-30.105582	52.142261	8.559161	-12.193025	-9.266067	-47.886143	-20.122831	3.673747	4.014477
	15.608238	76.161071	16.939883	9.342726	28.816963	-32.243413	-7.701641	31.572653	27.978040
	-3.266046	48.377413	45.416590	-29.655815	25.087049	-33.309905	12.472463	-9.916131	46.189697
	-1.888088	65.814446	32.846075	-9.308550	20.942928	3.930171	-15.397299	36.458555	58.461522
	-10.597631	37.339246	63.938526	22.116018	31.807247	-3.899447	11.172024	-0.812585	95.021159
	-1.573080	-6.217587	23.347034	-23.600518	3.867515	-11.075132	21.073733	-2.578245	50.757922
	-10.206229	-40.432496	10.500887	-33.094294	2.836628	-24.596461	-13.339820	-19.846412	46.362709
	-25.322617	-70.033689	-51.085383	-16.296751	5.916622	-13.317796	-16.718607	-4.926451	4.264859
	-52.398759	-57.418277	-64.658140	-26.541725	24.262761	-50.043418	-36.141734	-5.459850	-53.470789
	-48.130748	-40.323440	-60.110609	-5.027422	28.725434	-55.864905	-31.084670	8.737391	-77.302464
	-32.385369	-9.358879	-44.388400	-0.610681	30.244619	-38.699289	-19.988818	13.169133	-79.346856
	-2.213485	-6.741589	-44.584034	-4.902779	23.397895	-20.822973	-16.796000	34.484340	-35.889552
	-20.171559	-3.471182	-2.450461	18.012662	5.826267	1.212616	-6.221241	44.306580	-18.833716
	7.299228	4.218394	7.240857	13.644705	17.502672	-1.295888	9.954602	30.373383	4.712021
	-31.643682	-26.523024	-14.338808	16.142971	13.729301	18.937485	27.134315	44.176315	33.386011
	-19.223912	-46.203269	37.150380	2.814096	4.708498	2.908171	48.201242	1.252367	-5.696843
	-13.888630	-53.351839	37.937359	3.287230	-10.189881	36.534779	17.780117	-6.576005	-26.028024
	-2.968908	-48.854710	34.008683	-11.200613	-4.857869	18.715955	-8.726357	26.354709	-19.017768
	-15.613026	-66.487313	8.660586	5.799076	11.059232	16.463741	-23.096984	26.235728	-13.829972
	-10.989964	-41.758268	7.876426	30.602008	17.721877	9.143829	-3.128712	-1.553541	-20.377139
	-23.696160	-20.497076	18.371278	26.696079	12.047546	-39.524847	13.229050	35.232533	8.535138
	-9.399695	17.324602	14.830775	43.586554	-22.449508	5.767474	32.537205	20.354308	1.324905
	-8.959143	68.918123	20.900181	72.434941	6.645504	1.421016	44.572321	59.879222	1.327689
	-3.329565	26.178544	35.715759	67.589935	20.398814	6.921308	33.753314	51.267998	-18.887969
	0.399586	28.774310	14.006303	67.772051	22.954621	10.569193	19.712168	57.432183	21.326044
	-0.091238	1.037534	5.429535	29.861611	23.369139	7.698604	18.389928	44.332649	4.481576
	7.665627	-26.223547	5.883581	42.962110	9.928224	-1.052913	8.873097	19.845348	-1.770367
	-20.875912	-41.981971	7.125682	47.528657	34.925764	5.092028	23.336591	3.840099	-34.885476
	-14.222771	-37.673931	21.692382	0.991219	7.023487	15.169657	-1.880572	-18.412084	13.610001
	-0.236158	-60.418768	41.231371	8.291385	2.432215	4.876976	8.775608	-25.713457	-2.590570
	-50.414742	-42.522412	9.338236	11.403610	-5.325641	1.921473	1.242703	-24.736391	0.109906
	-23.391363	-48.403907	22.036423	-4.537342	-21.330438	16.608404	-9.917678	-23.368772	-3.549791
	-6.387677	-48.094577	-1.216972	-13.030059	11.237057	26.793730	10.743081	-3.419297	-39.515209
	-4.947106	-51.601726	42.326642	38.319768	27.016379	35.351518	33.428048	2.212736	-6.349812
	-15.727262	-17.318516	25.661256	22.519380	40.207895	20.733544	12.655218	11.045674	-21.983292
	10.045712	-15.302343	-11.467883	24.353781	21.432620	17.935887	-3.632196	4.361772	-12.160510
	-9.288202	-39.498994	-11.775540	-3.100752	49.417142	21.291910	26.803879	-6.253481	-4.403005
	4.057366	-37.174756	8.102581	14.679142	23.696057	10.028552	-17.662844	5.917890	14.037676
	9.098802	-3.484921	36.488969	-21.560722	31.802876	3.155054	-1.950384	11.773818	61.027316
	14.865369	4.328557	75.880618	-1.794681	67.189240	-5.044846	40.393303	12.902423	61.567697
	31.117154	10.726909	36.714164	-13.666060	54.143470	-6.445530	35.073357	-8.930287	87.925674
	22.683227	35.367922	41.772975	18.425364	58.930395	-19.925922	48.778911	28.399566	47.232781
	-14.268484	45.477568	5.066740	26.441023	64.409596	-27.404686	56.268201	-10.775190	75.535471
	24.848462	41.529486	-13.471753	-10.526053	53.038338	-13.944549	39.256373	-30.139929	73.434144
	18.977415	108.586228	-12.845850	33.525500	70.721226	-21.697227	63.368845	-14.546886	54.221174
	-8.256776	124.569331	16.456678	18.806754	58.403781	-41.283347	28.108447	-2.121562	-29.910558
	2.483030	130.929069	24.293655	38.057618	27.830071	-11.818963	45.928184	10.573882	-45.833779
	-24.008303	141.010505	24.371949	25.553999	11.700141	-1.956569	-28.661622	49.655054	-57.962978
	10.117505	106.733431	-10.046882	33.161232	-11.325905	-3.212249	-14.852197	19.654608	-67.990367
	36.276900	58.455418	-31.790032	-4.588970	-56.238117	3.550424	3.701416	5.401868	-42.894429
	-0.358787	61.235563	-26.479191	14.101330	-38.397350	42.434837	-19.414250	25.844448	-9.154959
	-15.713968	15.823532	-11.655894	-1.923872	-18.922610	11.066446	-14.494007	22.410191	4.749127
	27.328953	-15.478422	-29.542651	-26.960625	-40.999307	12.849411	7.867905	-10.136342	44.234480
	0.385164	-21.755976	-4.808341	-50.413059	-25.948261	36.268761	-23.376507	-5.505064	60.340002
	-16.067031	2.444566	8.226073	-44.464749	-18.536924	18.804222	-29.669021	27.725721	28.016073
	7.094720	10.079675	24.723655	-41.345628	-20.661274	5.719429	-15.551160	-18.004345	59.639792
	-0.802086	60.483662	43.516583	-4.034335	-5.499023	5.184182	-3.897999	14.697678	23.498838
	-7.837961	38.102415	20.822783	-49.155728	18.319121	-14.407107	-2.466921	5.182770	11.503356
	-12.312450	40.696334	-4.956277	-12.167060	10.166104	10.403739	-10.481923	32.372462	19.049265
	-4.614848	37.069620	18.724151	-9.018264	2.916108	-0.398873	-2.297177	7.017573	42.448448
	-35.180779	63.995577	25.579653	-12.114726	8.341067	54.485140	-30.623065	37.501836	23.707020
	-28.239154	99.432875	40.834098	-13.688796	25.326044	49.195827	-8.876345	58.959559	-20.837208
	-35.277920	100.416893	26.476243	-3.418401	11.460591	35.431188	-45.927356	60.731747	-38.257468
	-17.518123	115.267107	25.868686	-21.888378	32.007043	23.528085	-38.810379	45.703519	-27.358106
	-13.804773	110.740994	23.232770	-13.597441	45.978719	10.632926	-27.834025	38.648765	-73.230267
	-11.433422	79.884678	12.633902	8.054856	39.011150	21.862495	-15.760195	30.230224	19.592242
	1.406747	56.911619	14.687783	-12.930265	38.912908	-0.879272	15.221368	23.694521	39.356272
	7.033180	19.735570	35.826612	-10.858912	21.340458	56.800724	18.478253	-27.433921	52.864210
	27.966252	23.627885	55.169315	-34.155746	41.540323	33.002785	25.969339	-48.641074	102.888022
	4.288462	-14.417841	21.623839	-35.583595	19.536659	37.083053	33.853482	-79.414863	61.066036
	52.717208	-7.463662	6.580520	-25.562415	-3.603096	1.844301	20.086336	-76.155418	71.261869
	21.284819	10.356385	-0.283366	-51.558519	13.009888	-8.934822	-8.619364	-57.499885	21.499196
	-1.664894	-7.960105	-51.744904	-60.112400	28.347213	-41.362718	-22.868959	-30.478111	-51.638963
	-9.637238	-11.740867	-29.782981	-37.272844	-4.374299	-91.692576	-28.774068	-26.623124	-49.011466
	-22.184400	18.850683	-55.122078	-35.489368	10.915372	-79.772394	-44.960438	-10.333066	-75.695549
	-18.140491	26.275746	-39.189362	-35.684786	9.605380	-62.308481	-40.340237	-8.900896	-48.913037
	-15.074230	24.763005	-44.099079	-21.559192	27.140643	-56.442375	-47.683727	-14.283957	-40.764636
	-22.585881	33.293124	4.937065	0.190004	4.402138	-58.961027	9.711932	-1.675103	-35.702470
	13.815063	-0.589402	-21.609043	-9.244661	0.336083	-28.414542	20.809122	-18.282537	9.002827
	-7.994657	49.508884	-11.305090	16.533845	-44.977176	-41.896306	-6.209035	15.686026	-31.559031
	-31.615722	59.145677	-33.725846	27.694649	-41.868129	-32.955863	-23.625539	6.082096	-44.901511
	-2.849925	77.519845	4.729085	26.368466	-3.918940	-7.258639	-30.379373	24.042541	-80.568129
	-23.172686	52.619036	35.373812	-6.968844	-20.646361	1.213325	-30.390465	8.839531	-27.429220
	-7.360356	35.407272	9.672516	-11.331834	-3.840761	8.672015	-31.877723	-1.183471	7.782632
	5.678371	9.963946	42.704490	-41.005655	13.088277	17.610310	16.702092	-28.000168	57.393176
	48.350892	-22.185830	33.453410	-16.616835	11.795444	34.855811	2.986712	-45.069074	115.102863
	39.469119	10.322789	16.505691	-33.809332	24.630569	40.837260	8.701218	-30.141164	116.066630
	48.121155	37.971700	26.608030	-10.287281	26.898833	47.208918	-0.110261	-16.010324	101.846496
	69.409713	43.019402	34.114915	13.696367	22.222896	40.146689	20.583423	-30.659220	64.272559
	28.127794	68.761801	67.695456	6.984783	-4.213155	38.863496	12.356784	-13.656801	77.287289
	18.404458	74.724459	59.984838	3.427250	-22.599689	40.124205	3.188189	-19.380499	30.536938
	2.602450	90.332861	97.560367	15.300438	6.349769	63.772860	28.935313	-13.554333	26.660309
	-21.194312	86.970300	100.573155	-13.903973	9.541735	43.634393	13.241794	-8.514104	55.729161
	17.209591	118.301971	68.686612	2.331954	50.619711	57.132536	25.762242	4.483749	17.156112
	-2.792393	119.972867	35.943177	21.060603	49.925067	49.759384	37.565020	19.263014	32.804708
	-12.573869	138.942927	22.210612	20.068743	43.926134	73.914608	35.578937	9.273894	55.916425
	-28.396097	156.600748	28.354640	47.252765	20.071958	32.842489	13.585337	60.931090	12.894431
	-31.654683	151.594187	58.995488	66.593156	25.120285	33.805778	12.116322	57.386923	11.341509
	-10.425634	160.588247	19.344567	53.604997	-6.326314	7.927720	16.854737	93.900760	-12.310502
	22.998685	158.234637	48.027636	78.151483	28.243075	-7.979714	71.006528	56.662842	60.736499
	30.553200	104.128281	49.930706	62.310121	-10.213413	0.477375	35.634703	29.500944	48.100175
	42.601588	86.197569	49.972360	76.002709	6.786647	-6.531595	41.931586	44.975749	13.992841
	11.273001	104.617639	29.019356	77.789279	24.346678	-9.043846	5.656335	58.741087	34.153113
	-6.281184	84.038645	11.706363	47.553463	16.095714	-5.084155	1.907830	42.639133	-13.414901
	2.917857	62.412706	-13.841314	58.443374	-6.527383	-6.133122	8.044564	40.750469	-27.289666
	0.599062	14.508475	-44.515359	7.878979	17.895883	-6.587565	-4.711533	22.379469	-54.251490
	26.788636	23.997061	-48.891242	48.648556	0.317004	-11.988292	-12.018864	41.927692	-47.184426
	34.768651	54.074199	-52.295221	74.142852	-13.369752	-4.119212	16.124960	12.771180	-88.907408
	13.671054	44.041028	-74.736895	49.732540	-35.961008	-34.424626	8.480779	12.665624	-96.913060
	17.503661	37.587572	-48.234138	46.573798	-62.209818	-24.566146	-10.410868	21.407825	-92.867417
	24.738697	32.694766	-46.985306	33.976990	-64.908486	-5.267182	7.745335	41.112565	-94.986770
	4.292756	14.628829	-34.771105	27.078168	-70.749223	-8.545745	-4.702732	14.591593	-49.197792
	9.057501	-24.265610	-33.580237	22.724809	-92.134036	-4.928307	1.324172	6.204260	-32.562414
	-1.169358	-47.569259	-23.603404	9.635204	-49.246867	-16.367651	-35.623094	11.582519	18.107043
	14.677166	-58.818197	-10.567364	3.457924	-53.441995	-5.543735	-64.830607	5.148827	31.858418
	-8.091753	-23.487465	-6.509070	-2.874438	-8.212718	-8.842237	-36.727621	1.329925	46.692072
	8.505852	-47.317314	-38.599843	-17.452447	11.728325	-20.235425	-60.136448	-24.059618	12.530865
	25.962240	-71.192159	-37.781178	-45.999683	-19.670697	-40.995115	-44.678125	-32.738118	-0.968657
	13.989686	-70.336374	-55.799778	-39.308675	1.063662	-44.024551	-70.574975	-23.374199	-34.260539
	-20.315528	-82.174387	-60.165629	-24.370361	-3.931583	-37.495060	-55.912134	-18.748712	-56.301983
	-14.463757	-69.339913	-90.988912	-23.979641	-8.107231	-34.095384	-49.790793	3.471198	-38.446931
	4.046180	-56.463550	-54.741365	-1.661017	4.635933	-7.288491	-31.902860	-15.486367	-89.084574
	-6.199934	-23.340703	-62.380597	-13.639277	18.996314	-33.090453	-31.481829	-1.218747	-76.442910
	-8.514117	-32.706873	-35.139269	-10.827248	4.070993	-33.864041	-29.023413	10.287121	-67.092152
	-1.030085	-44.084438	-69.064009	-13.204172	8.380343	-29.166247	-18.654562	-13.326899	-74.991479
	-5.235223	-52.136450	-62.970317	-22.030592	1.286331	-28.900998	-33.335364	-27.240803	-5.860380
	8.283926	-41.664599	-35.144818	-12.065579	8.657681	-28.891193	-38.258266	-32.048473	-23.914434
	21.143142	-52.336930	-38.695973	0.120015	18.574225	-12.541735	-19.038670	2.086835	-24.836918
	8.351917	-36.799731	-39.830982	1.498014	7.547261	-29.534485	-2.826750	8.692577	-4.032388
	-14.828046	-36.922319	-36.623997	17.826542	10.862490	-30.181780	-20.177035	-21.996043	-27.685167
	16.660990	-29.114586	-21.048939	33.291308	-6.912033	-5.698514	-4.966580	11.229597	-5.172049
	-15.214453	-22.028772	-21.621382	46.310097	0.965187	-19.954951	-27.826508	-6.323249	-25.770833
	39.156826	-47.572503	-12.026607	4.579692	-33.542618	16.705537	-61.360457	7.186444	-25.803021
	21.345399	-54.066484	9.474577	19.990492	-36.367372	31.901309	-38.188704	3.565590	-14.214024
	12.034319	-46.348256	-5.905667	-32.123301	-42.424886	-3.139366	-59.358931	20.414061	3.260473
	20.758722	-44.541678	1.093742	-25.079609	-18.048296	6.948683	-45.760076	21.577497	2.884447
	5.152794	-41.324433	-14.843022	-31.762067	-19.185785	10.611422	-42.089472	4.091908	1.401887
	19.487717	-49.133408	-6.875607	-25.744328	2.981074	10.030963	-32.600074	-43.147520	15.651341
	6.277321	-45.343588	-28.954859	-28.439921	-2.106967	-8.940125	-28.663320	-4.106194	2.606071
	-9.235562	-46.615224	-48.409625	-22.465342	-16.267014	0.819236	-41.674299	-41.454417	-49.848295
	-10.480597	-46.039253	-7.962110	-34.981370	-28.891010	15.322612	-53.137492	4.107308	-34.705994
	0.406226	-45.175016	-2.375747	-33.084819	-34.814111	28.410490	-7.952065	-28.438251	-16.871073
	9.653246	-23.275450	0.351912	-33.403161	-60.436513	34.393660	-22.698359	8.413981	4.260385
	10.989184	5.985934	28.463746	26.320808	-65.434281	35.856395	17.263475	5.106025	7.155739
	-4.060510	28.870016	21.632431	38.966148	-38.776556	61.619625	6.638736	43.061552	31.446487
	18.999955	63.724330	52.291206	40.297910	-39.351672	22.520646	33.312658	40.215861	9.515779
	2.753623	88.449566	27.080905	47.079486	-16.189974	32.893715	29.431854	42.002638	28.454479
	8.491009	98.907244	42.054509	52.742426	-2.990976	38.072742	4.958337	71.995652	46.059462
	-5.496538	98.184991	53.736819	54.297186	-30.013049	27.899115	30.822017	68.975200	18.183731
	-11.408346	102.667067	42.072312	41.855170	1.381475	16.087974	31.707956	80.788690	0.576637
	-6.189811	105.014267	42.382761	11.615306	-40.638656	45.541824	-32.579058	56.376435	31.725016
	2.110130	102.025373	61.241373	5.346941	-38.887378	38.267119	9.274381	40.190078	18.200515
	18.716672	89.854470	48.633148	35.610801	-14.001998	40.189646	3.988532	55.918143	45.664537
	50.687251	16.642097	22.364139	-5.221203	16.420332	20.718938	-22.623144	31.915795	60.303733
	46.440784	-17.731088	31.709298	-13.392455	-15.703513	45.778762	-8.341564	22.547338	99.470164
	18.019742	-50.904433	-12.731794	-13.336170	6.752408	18.560049	-20.954738	-10.000569	56.773733
	40.330303	-49.368226	-31.480855	-51.043462	1.643068	-7.876667	37.386496	-27.502530	107.456026
	45.227247	-73.523354	-56.747583	-19.622871	9.794021	5.422200	48.249548	-57.989894	79.739309
	47.064191	-39.566397	-43.338709	-18.723115	15.751639	-23.421032	48.133483	-62.724584	38.506667
	6.668487	-37.831091	-39.959453	-17.765665	12.920582	-39.714381	26.687474	-57.837479	36.324748
	-22.210868	-25.239408	-51.227586	-16.687405	4.441579	-47.329669	10.360213	-33.472969	-21.703530
	-7.791490	-7.266079	-15.258722	-23.538577	-8.163558	-40.589539	-5.119391	-34.566960	-7.026943
	-7.243510	33.211219	-2.670291	-26.821203	-23.223322	-19.019829	-8.853749	-37.198611	-49.641685
	16.272289	54.458276	-13.380696	3.459380	-22.475999	9.199713	-14.289279	-24.392484	-42.183506
	-18.305000	57.614277	-9.093580	-8.241074	-23.324112	15.297606	-5.370879	-7.998056	-40.185677
	-16.308158	21.487942	-58.510537	0.129691	-7.742832	-14.702976	7.113281	-4.808691	-35.541330
	-9.898039	-10.786232	-62.633811	-38.859295	-11.617499	7.249751	-18.569613	-34.941786	-15.304727
	-15.498385	-20.331467	0.834137	-21.494452	8.063875	23.979662	-26.799383	-13.264428	30.987702
	-13.610225	-55.817841	11.947886	-33.192981	35.183933	21.349816	-23.492334	-37.047505	13.134540
	-27.970801	-75.878962	7.279942	-63.108826	29.844595	8.472763	-32.905488	-48.585370	23.308864
	-44.430564	-48.407403	27.764375	-50.393678	28.218237	9.076063	-19.457480	-44.792766	39.527681
	-38.083063	-31.331865	-12.905888	-46.587836	39.502260	-34.455466	-6.085640	-54.264796	-24.128108
	-62.812947	-41.518332	-34.243742	-44.164215	-11.206980	-44.827416	-5.568352	-65.500066	-60.527023
	-35.290004	-39.372079	-52.323783	-48.784448	19.078109	-41.075404	-19.713317	-67.600759	-55.801441
	-28.025098	-32.953054	-34.440195	-31.756668	11.994216	-27.645434	-0.268537	-54.340163	-57.350208
	-3.565238	-42.748184	-5.128363	-41.301741	-13.077313	-9.294618	-10.445219	-69.196818	-68.951869
	-2.806235	-36.727688	28.885295	-16.719271	-50.010495	5.931373	23.114331	-64.398273	-35.720553
	-4.853158	-45.240140	9.606078	-11.978782	-20.535098	19.231332	-4.274554	-47.450931	3.965969
	1.580322	-57.907901	3.080802	-4.751475	-55.090981	21.036651	5.275123	-44.006720	-22.486501
	40.911863	-48.029377	1.085282	-5.901922	-49.923090	2.334667	-14.362092	-16.074653	6.497991
	17.698818	-82.946188	-44.293931	-8.807474	-36.098012	-27.943318	6.123233	-20.543507	-23.911477
	30.829114	-85.100419	-79.686198	-4.762991	-18.692167	-38.975744	-2.089868	-45.196764	-33.740003
	5.842598	-51.626487	-45.540637	-3.991977	13.487180	-29.615360	38.486506	-42.315037	-46.075469
	25.415804	-60.838862	-87.520210	-13.673450	1.828641	-45.328998	18.252819	0.521431	-39.407138
	28.224464	-56.021413	-45.604415	16.611253	7.779877	-42.440329	20.927001	-14.753129	-50.159200
	-1.667714	-38.520630	-43.909877	28.331338	32.226409	-60.063490	30.535501	-12.895229	-69.862652
	-11.059255	-45.872832	-55.678948	26.656258	-8.506402	-50.641420	42.200635	-2.937231	-79.656521
	13.501281	-32.771486	-73.480415	34.958902	-32.225069	-33.475033	8.800440	11.412818	-90.042213
	-19.339254	-9.931692	-47.728783	14.389955	-37.461244	-11.095322	17.558949	39.740355	-123.206341
	-20.687298	13.966575	-46.756342	39.173260	-40.501266	-17.798755	-13.032783	60.026598	-75.058379
	-5.102007	25.377699	-32.905761	24.064496	-64.632898	2.689471	35.222133	63.248956	-75.592650
	-20.546687	36.044189	-5.694698	38.571577	-74.898840	9.782294	8.785737	70.015751	-14.949021
	3.129314	15.564492	17.541703	28.668432	-41.537305	10.936121	1.633952	82.841179	-8.527896
	-7.160807	-11.437259	19.885789	39.469340	-58.794069	12.815379	28.166507	61.903414	-54.117204
	-12.620044	-25.696426	-5.143501	46.506493	-52.594214	7.007378	17.006943	53.632533	-37.613037
	-17.795723	-62.957926	6.939067	52.490310	-74.205112	3.513275	10.492292	45.400356	-90.117891
	-25.966935	-90.063359	1.705761	33.170644	-55.143658	-3.172988	-3.741979	15.520386	-82.737983
	-44.967969	-69.246800	28.858425	7.531592	-34.913006	50.463341	-2.600913	2.081973	-53.027870
	-4.068272	-42.706533	25.647668	12.258082	-10.422718	37.856376	15.337110	12.060862	-4.010849
	-2.999255	-32.540132	15.486273	15.900360	8.092217	27.531677	15.038505	41.187402	-9.361356
	-12.583764	-23.341802	-0.333237	20.817571	-1.384738	6.513023	10.332051	16.441480	-13.894565
	-4.944012	-7.811886	-15.377524	21.721278	20.487738	23.384209	23.179267	15.214962	-1.830105
	-28.999211	4.654534	-7.946163	15.544017	27.702416	-10.794906	-5.908107	32.573472	-16.922694
	-16.754793	-19.922090	-2.821441	-18.284890	24.523979	-12.756332	-17.622872	-1.813503	-12.443752
	16.616537	-21.079972	2.635076	-12.449969	35.519213	-0.900755	1.878017	25.712118	16.884728
	-2.618937	-35.140452	17.396070	-13.701658	37.950489	1.214995	1.550025	32.235648	43.602403
	-4.373826	-70.688802	29.329201	0.741233	20.369804	2.740012	5.750514	0.661609	29.100728
	-9.199019	-70.930747	51.734073	-1.090370	45.459680	0.996869	16.816088	-10.772504	35.606063
	-6.201392	-58.463149	34.717028	-20.196001	11.936684	24.262378	14.700930	-10.396793	42.020577
	-30.624347	-29.425825	37.792780	26.842355	-19.840285	7.992028	0.415797	-2.253581	-24.513405
	30.832453	-22.716367	57.362835	29.403424	-35.657628	32.981109	22.624347	15.610354	-10.163872
	5.321239	-34.137794	33.328816	12.491620	-41.576731	7.003037	-33.394690	5.861786	-65.538490
	4.338371	-8.508407	19.641769	12.764321	-55.811424	2.620471	-17.814189	-6.757662	-21.878954
	5.315460	49.758404	64.620625	16.256900	-27.590959	7.995852	-21.896805	25.215522	53.547711
	31.334637	31.387016	54.511631	4.631938	-19.429652	-11.935165	-4.261096	11.708564	24.983813
	35.844340	10.263514	19.801721	-24.920683	-19.727780	0.236193	0.556498	-20.435279	51.481585
	25.000936	-40.850145	29.394541	-58.536970	4.024430	-8.048966	-47.029507	-52.149964	136.706797
	17.209007	-85.193665	1.372360	-70.123951	14.031567	-9.279408	-9.378477	-48.038580	116.250083
	17.103165	-87.577688	26.112277	-73.878159	-18.384477	-23.094753	-27.699300	-77.608936	126.429836
	16.672677	-97.145302	43.523264	-62.506098	12.366610	-59.049226	-11.109871	-81.518200	144.688884
	22.279509	-73.223086	74.191486	-69.492086	-3.609044	-45.847021	-61.281693	-111.073792	162.959323
	-9.410953	-36.726228	60.221718	-55.896241	-5.954933	-38.537289	-27.746447	-88.688954	124.170783
	-27.312982	-16.254041	22.711750	-76.056516	28.784417	-55.263860	-11.303050	-76.817934	55.151643
	-27.863961	12.004047	1.752877	-54.217863	19.649489	-68.639017	-48.521075	-49.513449	18.465647
	-36.507088	15.664637	-52.311613	-30.164647	37.477476	-87.456268	-48.474262	-60.924570	-10.457067
	-67.946956	21.567281	-79.228788	-54.656129	15.041094	-64.539007	-32.956888	-52.309024	-48.966197
	-43.931368	37.692722	-51.215176	-26.466711	12.640908	-51.448894	-55.423326	-35.530340	-37.602543
	-15.722254	-0.784947	-47.100063	-42.696705	0.866047	-47.925557	-35.447359	-33.263213	-7.113754
	-25.244803	-39.023635	-37.116174	-22.160763	-18.361304	-19.486501	-7.905808	-11.742252	14.544468
	-1.338865	-52.121410	-19.801426	9.338674	-22.496314	-9.127263	29.962461	-12.147057	3.037525
	8.847186	-59.747532	-2.072474	8.258321	-4.332548	-0.128332	11.668775	12.884786	-36.161510
	-9.573003	-37.780812	-12.413810	18.633351	-7.839416	-9.952637	-4.688227	-6.960011	-38.907697
	20.959374	0.652438	23.161643	27.393678	30.960377	-7.572567	1.623656	-6.831954	-50.759230
	11.301343	45.483620	39.509885	4.961150	35.762898	-11.765691	28.251254	-0.981978	-36.900338
	43.510100	52.316004	40.085212	20.684262	36.629272	21.540495	41.036664	-6.740964	-9.428135
	25.966644	36.681144	53.709237	20.904626	36.818300	-5.635959	48.258037	-17.309366	38.860471
	-15.692762	54.210940	68.203767	-8.771030	54.825970	33.418319	45.194375	-13.004474	102.021452
	-13.344130	55.012112	25.122407	-17.970065	54.909677	30.470943	4.706098	7.160612	62.227795
	-2.991474	25.119884	-34.578665	-15.903396	35.192843	26.093040	6.784681	-2.971875	40.723484
	5.105752	14.032235	-13.720573	-13.250866	28.493724	19.410141	9.218629	19.994171	-4.222550
	5.899620	10.458367	-17.857693	12.880354	32.459238	12.581668	14.513733	17.125388	-2.357771
	10.184187	-32.027620	-15.384658	6.467458	-12.016681	7.084983	16.959696	11.307934	26.002100
	17.419419	-17.287987	24.972044	15.756565	8.075531	12.943240	24.503942	-15.162664	55.084110
	-16.224275	11.567409	17.472016	7.863021	14.903933	6.754605	46.463550	-16.753494	12.415014
	18.107072	-3.893014	-2.259359	32.318592	-8.246866	22.832804	31.007177	-9.540771	7.493522
	0.507283	8.228527	23.322107	0.608985	9.437723	15.826740	34.453142	-3.431524	5.941464
	26.734900	43.739091	42.797244	22.509489	14.835682	24.682714	39.163472	14.503453	-13.324827
	-1.310520	56.217009	31.431887	20.960096	9.482320	26.445793	26.747805	42.519303	-58.035566
	-23.748304	47.608176	31.721183	7.759546	6.656701	11.701409	21.996338	44.113546	51.198349
	14.621304	40.819807	21.447695	27.094599	20.972800	33.952668	-5.699937	37.423876	10.831126
	-18.967248	31.531859	24.724898	12.898314	50.880384	33.931829	2.991230	40.430111	55.023155
	5.042518	35.722335	30.840843	-15.984496	85.075496	57.053252	-26.875250	30.937507	107.398289
	5.880104	51.616332	19.589125	8.553085	68.735281	27.061382	-16.497982	40.073261	57.924466
	5.364932	60.609439	-8.212189	7.684582	57.805313	2.970965	27.568991	42.658335	7.044467
	-42.732154	21.289867	0.203975	-4.691181	7.137675	0.278039	-5.507942	49.252191	4.908605
	-9.456276	100.876950	36.171142	28.121182	45.214042	25.639664	9.131187	29.574211	32.266281
	3.935939	128.665717	3.817066	88.610307	-1.854257	58.023523	24.539431	117.030632	-59.637921
	-8.057413	-17.060946	2.267658	2.015488	18.041783	-13.106334	4.925401	5.398562	-2.351772
	-0.497612	-27.642659	-25.190519	15.874912	-24.697806	10.578947	1.352648	10.806971	-30.605884
	15.184225	-39.361404	-24.703006	-8.934473	-39.907759	11.852478	-1.471021	-24.472533	-7.789424
	-15.130488	-12.680289	-3.367373	-17.200400	-19.249457	4.123637	-24.493323	10.531784	-22.829308
	7.419294	-56.966607	-31.905671	-25.890319	5.897084	7.300821	-38.312138	-37.480607	-3.366769
	-7.875774	-33.010572	48.288825	-99.486848	7.694146	48.831021	-49.054480	-106.219967	46.133161
	9.518606	0.785750	18.762914	-15.110347	-25.688021	12.140067	-2.402818	-8.379809	9.762980
	-10.795227	-38.201152	-5.453148	-4.679981	-37.898708	13.556118	8.652827	-17.404926	-46.590023
	35.042478	-8.131268	16.005131	-8.510393	-5.863539	45.549771	47.591314	-8.866108	37.792534
	29.753945	-44.907638	-6.703667	3.335882	2.865430	18.285387	57.132450	-45.327702	76.802734
	44.734715	3.134151	-8.376476	13.868297	3.956825	3.970778	32.754710	-1.708627	51.270391
	77.656821	-21.997694	-14.966121	8.918117	-1.703835	-20.615038	32.587327	-47.646050	64.881253
	31.758012	4.476572	-24.829461	-5.408150	10.331313	-38.790677	14.093086	-12.997892	22.126273
	20.596265	30.670342	-43.245199	10.481650	-19.530583	-71.734519	13.951372	9.651551	1.971780
	18.173361	21.311926	-15.367430	10.039952	39.949697	-32.289594	-18.924250	8.526850	4.114961
	-10.519764	25.579208	-32.049540	20.166577	18.159371	-46.823826	18.101350	18.377987	-3.415203
	12.539789	42.256191	-43.849443	20.586188	6.359069	-46.037415	-1.015564	7.235103	-24.960904
	-28.952285	15.179411	-44.602366	-28.260807	4.176966	-42.219195	-53.645798	16.485160	-66.884039
	-39.394659	21.462914	-39.551861	-14.906903	22.762110	-29.732775	-49.885097	26.331133	-48.595746
	-45.946458	32.321571	-29.442397	-24.362602	40.596093	-48.599490	-47.506342	11.046191	-69.419252
	-23.849170	5.614125	-12.091531	-0.517494	-0.676113	-2.304666	-20.830649	33.551104	-45.807610
	-31.818303	-26.507126	-1.749196	6.831796	11.369582	21.838139	-29.264393	33.445122	17.483073
	21.929935	-21.516358	1.297701	31.972111	-24.783539	29.589304	5.363690	45.970576	-26.033490
	17.251132	-57.793438	46.607634	-8.930946	-51.981250	13.351883	-4.940604	1.300806	-14.326463
	-1.549997	-80.487097	19.932634	-21.288083	-49.753780	20.106339	-4.539840	4.513646	2.540193
	6.059407	-67.919919	11.003631	-24.594597	-62.884428	9.938591	-30.791386	19.791684	-27.268417
	-17.108999	-46.192002	-8.128522	-18.496786	-77.353051	14.275453	-26.649529	1.480448	-59.922102
	-2.595066	-67.202545	10.293526	-10.684216	-66.980997	17.123047	-29.858488	15.089698	-23.884633
	-32.080229	-71.432375	31.528561	-33.524067	-51.329984	34.744554	-47.312582	-13.075027	-3.420748
	-3.255561	-36.889009	39.342235	-25.871206	0.937996	33.124959	-7.227293	1.597802	7.312506
	-13.090824	-31.033628	35.143736	-22.526477	4.833972	7.259436	20.214703	-14.855560	14.921959
	7.066790	-38.547313	-0.669784	-27.942691	42.354846	-5.106553	27.106370	-3.075011	-4.915574
	-1.614822	-39.597385	-29.054978	-23.519800	22.295667	6.530914	-1.955995	-17.799500	-10.524302
	-12.442998	-22.679225	-14.089371	-36.340821	3.626959	17.171548	-8.342389	-4.348484	-21.585848
	-22.182549	-15.575011	8.865135	-22.430600	-3.809057	52.392011	-11.230657	4.338206	-48.636078
	-22.600786	1.550139	2.020719	-23.361294	-23.118294	19.266095	-15.135885	11.302384	-20.358785
	-15.774708	-20.758243	-6.737787	-18.364210	-22.392414	8.481064	11.078325	2.824454	-8.951399
	8.729057	10.187976	12.021111	6.414050	-3.570645	32.535494	25.522300	-7.100933	-13.336207
	24.923666	53.912948	39.771265	19.328019	5.176405	46.211081	16.288814	42.846352	9.584613
	22.811429	72.697945	29.568300	57.070341	10.387074	21.729731	34.017838	29.779089	33.443318
	-7.058641	56.207530	22.897814	35.158131	14.768261	5.311757	42.261895	61.197858	42.945079
	33.100664	64.912114	48.621386	40.808427	53.330510	14.803611	51.507191	16.534326	65.230308
	47.157855	68.671444	35.627449	19.102876	73.187566	4.675479	59.016644	-0.668616	46.790366
	9.233982	53.886065	20.790862	33.105705	45.619497	15.959048	43.677004	24.498310	47.303946
	14.328752	60.571322	28.730980	37.753603	77.819778	6.041579	65.485348	-12.696086	42.489838
	25.267540	43.167580	11.290253	33.716763	34.223133	-14.677553	14.391528	7.592460	5.889148
	-8.041347	28.202795	-27.461800	9.670652	26.772751	-53.565910	28.564184	-13.038307	-13.063132
	-44.969054	4.916094	-42.219848	14.961587	11.762445	-49.269891	-2.153108	-16.439184	-37.004920
	-47.805562	-4.960273	-59.931965	-8.634818	-11.958647	-57.078206	-14.575250	-7.308335	-83.189222
	-67.781705	15.589857	-82.743440	12.511538	-6.107283	-74.497470	-42.083995	32.956618	-77.213832
	-39.011988	6.108695	-67.993472	-25.172341	-20.341340	-78.798346	-11.530132	40.600779	-55.938562
	-47.717321	-9.136293	-58.555496	7.465024	-14.038879	-62.286468	-25.573566	16.908637	-21.688274
	-9.511327	40.323887	-22.421349	26.252094	-18.817003	-29.661514	23.453329	27.323072	-7.021759
	2.173314	-4.535298	-36.604505	14.312181	-13.668600	-22.184205	-11.887395	11.891832	-35.437324
	16.087630	1.437393	9.860022	13.618042	-17.331159	-12.609662	-8.790336	-16.240585	-14.709184
	4.890701	31.349361	32.692989	2.629621	-8.115697	-0.311435	22.938952	-35.067485	19.720244
	-17.550763	-16.900680	16.888735	16.502788	-7.459654	23.405893	4.740831	-31.675857	-3.407971
	-0.484441	-32.161968	-18.338285	1.203972	3.424192	12.231431	0.749561	7.637871	26.236019
	-23.006684	7.674618	-21.963745	35.229008	-32.466960	24.256775	-0.217978	48.377740	-37.415206
	-7.818455	-22.904200	-63.424266	28.523317	-12.477967	-0.994300	-14.409546	11.978085	-64.629900
	4.612635	-46.772985	-55.966870	6.437931	5.296473	9.415189	-14.020971	29.798377	-82.106077
	-3.355283	-34.083749	-20.942543	1.336614	-9.394304	-12.782614	17.653575	-0.073783	-18.987747
	-2.384064	-44.344825	-23.386311	0.583684	15.746310	4.218946	3.662761	-3.405840	-35.169922
	6.004204	-62.647890	4.348942	-7.559681	13.953479	10.388201	4.328164	-24.927801	-8.703303
	37.685442	-63.386056	17.149807	-20.563633	4.193623	20.639862	-0.573787	-17.690728	23.938907
	33.012352	-48.739094	39.576894	-17.735463	18.484084	31.881403	9.744328	-50.903100	16.970064
	61.086192	-53.040150	7.087306	-13.644493	-7.091741	13.318795	-11.282021	-25.028481	26.376821
	18.542969	-19.298478	0.710539	-14.278344	-2.396670	7.383440	19.499445	-1.486203	-34.485913
	30.072294	-25.980066	-2.497692	5.345744	-5.430391	5.213893	8.439469	-24.583103	16.051740
	31.284341	-40.656513	1.373941	20.931604	-30.193187	11.976621	17.572416	-14.993122	-3.610852
	48.891960	-60.177191	18.438770	3.427109	4.558190	25.675269	28.696546	-42.071490	30.023549
	33.588491	-67.303005	15.302400	7.005424	0.007134	15.705021	12.512184	-31.150333	53.430143
	29.773645	-51.256099	16.599590	-8.019982	-0.363896	24.326194	22.480420	-24.219972	74.619400
	-35.541961	-43.594502	21.693203	-16.202559	-34.782610	17.876814	-21.856829	-19.157979	10.807431
	-35.048759	-4.419996	-26.155898	-24.210539	-22.444767	16.338640	-35.799570	13.055053	-52.897906
	-77.248103	-3.830656	-13.562562	-27.504402	-26.505806	17.188045	-16.648532	1.595451	-47.111847
	-36.888289	27.956731	-15.204409	-34.746145	-18.115862	30.613792	-34.792648	0.987229	-35.940275
	-38.610711	62.873518	-6.060740	-12.444377	-25.208684	38.259134	-6.867057	48.242825	-59.231380
	-20.636779	79.430777	42.898393	35.276237	-1.909758	44.202639	-9.942879	52.373963	-35.086015
	-10.298379	84.137680	50.021945	28.614809	8.481327	49.191636	-4.066652	53.051922	-22.494882
	-24.830656	77.057147	36.320083	16.652949	9.454197	29.600971	15.358953	49.598293	-21.445934
	5.327356	73.341476	16.941885	10.317803	1.332609	46.972567	22.605399	18.474556	-36.635746
	-20.347410	65.510311	12.070843	3.535002	4.499745	54.032496	-0.787425	11.948216	-29.481956
	-9.232751	46.831741	28.464316	7.235797	22.751499	60.033983	23.012589	-28.748438	22.904545
	-20.683365	68.972292	17.591244	2.550579	-3.438318	36.583081	12.740002	-5.962417	46.701641
	-10.922356	52.849102	16.588564	-1.213497	13.530429	17.864885	-16.280969	-8.273049	19.613623
	-21.703105	47.375262	-13.542799	5.920862	16.486142	25.225525	-38.598680	28.089525	-38.800175
	-30.924063	50.406333	-24.876904	14.894515	-15.578828	-15.268810	-13.124290	33.777381	-37.172959
	-31.223214	29.734379	3.172876	-3.243198	26.258898	-16.898675	-27.631916	26.273072	-67.677510
	-33.685307	32.980716	-2.152960	26.456597	-4.608006	-38.824996	-32.052833	53.187501	-43.421994
	-58.540973	64.325315	-46.829505	34.893287	12.760576	-54.713641	-30.496016	56.360772	-81.192590
	-33.228442	47.851613	-0.803311	12.252145	23.359343	-38.360872	0.954118	61.034104	-42.292047
	-18.199532	32.160155	2.215577	11.961288	10.839673	-47.667856	-6.067291	26.602623	-28.347510
	-24.987299	57.310293	-17.299647	17.523715	11.674019	-67.697908	-9.129383	26.015233	-67.953126
	-23.107517	30.100044	-26.052499	2.689560	10.650801	-40.995679	-8.463835	6.839457	-79.471154
	2.680555	20.475345	-42.219770	2.126429	-25.484891	-26.496621	-1.421791	9.100635	-67.633775
	-0.209749	14.308431	-44.725940	3.988721	2.105736	-28.452162	12.608281	3.231722	-52.162421
	22.551000	14.064714	-33.958384	34.547090	-12.219458	-1.274424	31.919224	-6.214157	-30.387863
	18.218365	52.038725	-30.665947	47.396483	-21.861661	-0.243893	11.265449	-2.966812	-56.896076
	13.944593	34.452382	-15.441594	26.322408	-48.288503	-5.063098	-12.715482	-23.394101	-31.330511
	-1.076869	61.693399	9.281978	40.487961	-61.277361	7.026406	-19.538264	21.849556	-61.946758
	-9.419423	38.489783	36.111645	26.519829	-52.675297	26.718760	7.299828	4.507915	-37.489066
	3.925246	34.999831	47.100827	19.742564	-33.849383	17.252038	-0.594374	2.829540	-29.633587
	-29.416638	32.172695	15.986351	7.040155	-18.033192	15.036699	-4.207277	34.723937	10.863413
	-26.214902	18.969572	21.748377	6.086455	2.639263	22.282971	-39.816795	13.718541	2.007351
	-13.352326	22.960824	15.937838	0.496594	5.812830	-5.641942	-7.244312	-7.255843	25.871991
	8.300194	9.995692	5.570319	8.579953	-6.946161	-11.349923	4.791457	9.966193	15.471996
	-14.336180	17.479671	13.370460	8.662428	-3.231649	-13.495620	6.904378	28.348677	1.032851
	5.244603	40.951938	-2.007443	-16.980312	-23.849529	-28.190220	-13.794565	35.490029	-10.324283
	5.843555	36.384745	23.474999	-10.458135	2.069709	11.212345	0.276170	29.302861	-23.981543
	-1.821017	49.243880	13.927970	20.104334	25.877008	40.666960	35.575888	-10.563336	-7.899938
	30.739301	58.073038	20.253541	32.334428	12.067465	31.379453	28.352660	-19.911243	3.228371
	57.142230	69.516942	22.426785	17.643352	19.488876	29.019100	55.942606	-3.423206	23.268864
	30.611003	43.949891	27.628667	35.744391	18.668760	42.670851	34.377579	-3.270197	37.314276
	45.627212	52.644209	-9.249165	59.505090	27.124239	29.284307	26.985522	8.622293	-1.561520
	24.082064	29.704192	-11.922559	29.117718	-21.956210	20.028512	17.264299	4.316199	7.423870
	46.553090	34.772743	1.870542	44.503856	-34.274482	18.531144	22.572608	13.641013	2.294131
	0.829099	27.576532	-3.256803	29.049139	-35.146536	37.233563	0.882023	25.184103	13.982944
	18.034708	14.513500	25.153127	22.710325	-20.249895	12.986654	7.425553	7.959690	0.606915
	16.241841	9.160239	13.150066	18.151767	26.557209	55.193810	8.401256	12.483487	4.513239
	-37.762935	1.646707	17.341004	7.769991	41.836020	11.595807	16.117503	25.761854	-51.496185
	-41.320711	-40.883937	2.710143	-9.403055	28.731997	-18.884333	-16.695052	-11.810960	-2.032723
	-15.204243	-76.859772	4.369251	-30.350844	35.646047	-24.180851	-3.908464	-7.095840	2.842563
	-16.491716	-53.157578	40.912696	-47.175527	35.062275	-13.869346	-18.194928	6.980970	5.690432
	3.213355	-45.254624	16.535407	-13.227867	45.789708	3.272455	-10.051904	6.523455	25.782508
	10.825750	-75.874463	29.965266	-34.011028	25.669675	9.188673	-29.811752	5.433179	35.233063
	-19.209583	-62.870382	7.369665	-63.215705	28.256708	9.398487	-0.257764	-4.260912	20.919563
	-28.038771	-10.148292	-7.846710	-29.054571	16.833118	28.671088	-20.030843	51.813933	2.207490
	-23.204762	-11.771027	5.249276	-32.905472	4.966925	-15.410864	-15.806123	22.338638	-13.255579
	-41.712081	-15.717733	-0.666157	-14.874208	5.336960	21.677340	-18.106443	41.763658	-7.703228
	-4.697296	-14.678646	-3.024991	13.391406	19.595821	22.111415	-19.354673	35.546594	7.718198
	31.254053	-35.099611	-12.284836	13.772345	-21.870663	-4.544089	-0.622381	26.430093	-27.383185
	-5.406825	-43.812835	-44.167002	12.173729	-37.032193	-2.535586	9.416854	16.118794	-35.106774
	7.984592	-75.772208	-70.136518	-8.812322	-55.163744	-0.955665	-0.165137	-9.964082	-47.780029
	38.873545	-107.086124	-73.509024	-4.292180	-59.517094	-36.081386	2.154093	-65.594173	-38.033339
	39.085152	-135.199464	-88.511424	24.578921	-55.061978	-34.880159	37.782210	-73.616573	-46.586589
	33.342917	-81.563301	-41.268489	9.204778	-52.785658	-57.172887	63.578352	-62.074569	-18.255712
	13.989922	-38.482840	-47.229327	-8.658111	-36.633334	-58.908499	62.003012	-36.018131	8.986392
	16.189687	-39.774961	-28.140382	-15.575972	-13.794217	-71.067474	20.515437	-21.996535	0.492537
	5.988898	-53.101843	-38.182009	-15.222358	-23.740768	-40.703346	-58.837917	-51.494593	-0.249405
	10.427704	-71.501810	-15.557352	-3.810946	-10.560735	-28.366135	27.737217	-67.054697	12.518626
	17.014220	-42.413815	14.162655	-24.584468	-4.923394	-40.279074	42.284216	-64.922833	50.976521
	15.856048	-52.808895	40.555082	-42.826829	6.953255	-24.024868	30.907942	-69.704806	87.857410
	33.904404	-61.048885	36.193779	-48.762487	4.184908	-18.563972	17.923746	-94.813056	104.517107
	31.598519	-57.386535	44.819337	-44.156183	-18.689262	-50.380185	9.527400	-60.497062	56.845663
	14.484739	-58.439989	6.278603	-56.531696	-26.470822	-65.478484	21.006203	-64.087380	17.221132
	8.642350	-34.247128	-12.697548	-64.005078	-46.534083	-71.289738	-3.932472	-56.050796	9.043381
	0.177705	-23.441846	-20.662498	-69.547206	-21.669415	-53.938828	-16.019500	-4.195551	-25.251777
	2.944116	-31.156783	-48.343280	-39.739130	4.839410	-41.242956	-23.096999	-20.152282	-8.546846
	9.441075	-11.610027	-42.326194	-40.600199	-15.139501	-15.734626	5.582545	-29.646174	-43.724845
	25.478183	-17.649654	-1.190646	-20.429395	-8.022950	-18.816128	-42.017981	-5.427627	9.605798
	1.488419	0.038943	6.097356	-13.350627	-2.757399	13.619127	-37.928775	-15.169788	9.909450
	-15.084930	-20.427398	-1.568526	-28.501444	-2.685321	10.822747	-36.710555	-7.499042	-17.873664
	-11.468168	-10.292131	-2.175223	-40.847560	11.510521	27.385287	-25.019090	-16.384586	-10.734286
	-35.658269	-0.503692	-27.845049	-38.267268	9.763191	33.877463	-20.828306	-7.410602	-18.756104
	-47.329299	-12.372566	-16.086921	-49.913634	-3.400980	14.909638	-23.535663	-23.583048	0.421855
	-21.660996	-30.680824	-21.137726	-61.226955	2.925128	39.883157	-24.230908	-27.131718	-15.238562
	-11.174175	-6.568162	-6.116459	-44.460391	33.700733	24.427444	-4.691106	-21.014237	-13.784180
	11.844586	-15.259686	17.247307	-22.930878	4.774937	11.969783	-22.793033	-10.457724	-8.414450
	21.804776	-12.313480	-7.682870	-14.947917	34.850340	6.245909	34.111561	-31.624954	-8.086268
	25.960833	21.124888	2.376172	43.412381	-1.752126	9.518773	71.254458	9.421033	7.721617
	41.714804	-3.290149	-17.345881	30.292433	13.797282	-49.207748	34.948674	-12.385226	-15.807913
	-0.626652	37.247463	-74.359427	45.731075	20.661155	-65.034937	49.767653	7.004443	-44.823744
	1.178088	30.657341	-64.916872	31.871868	-17.494685	-73.091271	30.573602	37.303871	-90.667201
	-10.848216	33.282450	-8.681606	35.027726	-42.156410	-66.020899	-15.181564	44.157136	-68.665426
	13.067466	67.570302	-0.524629	29.652439	22.387740	-56.834399	-6.972828	52.620491	-57.250361
	15.412118	-2.493664	-20.612725	10.363083	8.549881	-28.587512	-27.304911	10.538584	-14.947739
	15.191192	8.948233	50.564891	1.418003	9.480678	22.646954	-16.329985	-14.657466	34.472105
	9.493366	-42.625079	21.609174	-29.094714	-22.085503	52.128514	-2.709160	-45.287332	51.956588
	0.693269	-39.918836	34.238762	-62.221888	-21.121195	34.046186	-19.260203	-44.938003	47.004643
	2.271622	-36.952004	-2.833447	-32.490496	-10.280372	26.597295	-3.750876	-31.646602	40.690179
	-4.419893	-37.935919	5.977876	-30.362044	7.379380	41.658960	-15.191615	-38.290087	38.197763
	11.807808	-31.060230	29.812128	-7.858509	7.845286	22.724729	26.013735	-28.081109	46.764486
	5.522749	-13.369138	39.830660	1.454745	13.793484	41.500785	25.557537	-32.292237	82.949337
	11.808749	-42.896045	-10.024768	-13.505617	-19.602740	26.006853	-5.392294	-16.814901	61.849094
	-3.261102	2.932720	0.971682	32.016971	-0.585416	29.039714	7.619372	6.127404	51.976495
	-34.499022	16.469928	12.848466	39.791913	14.516029	6.186332	13.957929	-11.502549	16.327218
	-1.311560	29.933604	0.818928	-9.450767	17.869748	31.827759	0.257534	-15.317054	8.694997
	-1.277220	5.711704	33.585680	9.190366	9.483019	15.161817	21.230607	-15.047346	32.008271
	5.171769	30.952494	-5.440450	37.189054	34.141351	18.476990	0.332862	1.624733	0.091670
	3.008419	2.807692	4.460827	27.067263	6.471372	21.405835	6.991846	9.042794	-17.661291
	-29.561325	3.416470	-13.961663	40.134619	-20.991295	4.966390	-33.578969	25.100344	-84.524514
	-26.295703	19.570623	19.100551	25.771992	-24.085921	2.289672	-14.766425	14.385273	-59.770847
	-32.742080	18.182524	25.037390	2.139065	-1.129138	45.679684	-10.986325	27.578968	-15.423948
	-28.218328	19.953648	36.287137	15.314617	-20.153299	39.637154	3.529554	32.010280	-8.933553
	-21.115296	10.199395	20.209561	34.189177	6.996237	47.688026	11.839775	13.981930	13.012314
	-32.989441	-0.509882	8.790060	0.110710	-40.485996	63.301761	4.398145	18.118669	6.633949
	14.008538	14.850826	5.249020	35.856617	-37.891592	38.360442	-1.821163	39.955838	-17.744469
	23.003319	2.066319	-22.234898	20.387069	-23.196659	35.947784	20.372781	83.638000	-32.916374
	23.116442	34.593596	-27.277691	47.668128	-47.759892	43.674055	4.747203	87.288900	-26.626407
	10.203983	8.168367	-3.830159	54.708247	-60.631597	42.383728	-6.576115	92.304912	-30.335977
	31.785491	6.970103	-33.846052	52.021954	-78.199340	43.042155	14.352570	85.886212	-61.613225
	31.390687	61.217676	9.570447	49.195047	-50.800112	41.078702	4.474779	72.406098	-50.271483
	18.271046	61.936963	13.427647	30.053752	-68.074683	38.183170	3.844384	61.084873	-26.300548
	36.876120	68.315883	15.179846	37.169324	-32.425173	44.235814	8.043306	28.145716	-12.220786
	19.559205	74.642244	23.620998	18.839469	-17.471837	27.969488	-16.364213	41.884190	-11.246945
	14.005748	90.820055	17.289699	41.448016	8.388101	-1.586324	30.687436	30.980218	19.422594
	28.479045	103.778986	14.550760	49.262495	22.161527	-4.933352	8.544127	29.631567	7.424434
	-1.640945	95.752429	11.640934	48.979069	25.201208	-26.604369	40.891819	15.471984	-15.181040
	28.310871	108.629362	0.507530	58.355885	54.519908	-21.450667	51.502415	14.038946	-3.697224
	32.397966	75.175774	-2.309446	77.268414	25.313391	-14.397036	11.605995	54.504346	4.619177
	20.624276	82.183887	21.576280	54.464666	-6.629435	-6.140339	10.174115	29.967343	21.802645
	-10.908096	56.818491	-19.383869	59.278512	-18.753769	-19.361378	17.880686	42.154634	-6.300015
	10.803077	37.343394	-7.306795	29.299494	-39.067803	-20.013269	-35.101328	35.365145	11.914842
	6.223152	53.039689	11.442025	58.461679	-45.905570	3.815116	-25.641416	22.275359	8.477158
	16.587043	46.821789	37.683500	45.058424	-26.796274	-6.661642	22.517188	16.294013	-20.903899
	-12.466293	39.249481	43.602288	50.040792	-29.448015	-7.373998	1.636454	34.387050	3.546161
	-15.097424	35.914317	27.538580	45.240196	-3.278464	10.363159	32.523361	31.571139	-2.823000
	-33.604871	28.415925	19.068498	35.010206	-19.237022	-7.909310	0.763694	44.370383	-11.666675
	-0.479356	-11.471607	39.070437	22.806882	-7.339588	8.459039	4.717788	29.854020	4.586882
	-38.633614	-20.896696	18.008269	10.894373	-17.739470	10.685635	-15.806046	57.509910	-15.310472
	-35.632900	-22.172264	-29.107483	24.097876	-12.769347	-29.406002	-50.733017	49.927041	-36.182719
	-55.381925	-26.517502	-13.616047	-10.917872	12.072022	-1.062293	-22.194919	16.915364	-35.441966
	-34.817243	-53.690045	-4.597855	-22.188440	-18.609900	-13.700590	-7.292361	-20.168032	-29.223637
	-27.708976	-41.545507	-5.556420	-11.955926	-15.399917	14.202214	8.263721	-6.497316	-17.844140
	21.126830	-56.890572	9.810678	-32.382468	14.595795	28.089831	-19.350512	-50.418524	-1.342055
	7.877373	-49.300117	22.957735	-37.493262	9.875712	27.960539	-5.717808	-22.673677	31.958331
	-14.320613	-29.424487	13.226998	-39.834999	29.049504	16.878586	-26.291053	-27.418787	39.946246
	-17.402341	-15.453530	48.968125	-24.556899	18.139899	-8.156276	-15.804973	-30.999639	53.296445
	-26.028328	0.054467	40.404151	-50.850399	33.919857	-34.646604	-40.012665	4.944389	59.439594
	-1.261897	3.644098	68.919996	10.115598	64.127903	-19.941781	3.971173	-24.667869	30.952444
	-7.466763	11.208887	23.351131	-9.168132	61.156696	-55.338067	-1.276265	-14.488826	27.173461
	-14.779173	12.724601	41.190631	-4.392259	73.822955	-45.591663	-21.897247	13.965282	48.117675
	-14.632721	-0.069120	22.370122	17.310897	84.078144	-54.122476	-11.555755	4.933236	13.956875
	-11.739447	-16.913131	38.115195	-27.319668	81.934938	-30.284611	-28.063102	-3.260805	26.515859
	-6.655981	21.606011	20.561374	-31.559804	92.227704	-42.142610	8.750173	-20.320636	39.393806
	-47.615325	7.695980	15.038164	-43.025196	95.163362	-51.898027	3.853327	-59.991848	53.351251
	-38.699545	-3.503811	23.485404	-61.798526	75.417345	-52.483748	-32.087358	-47.912294	56.999777
	-44.306583	-2.995186	-0.704782	-69.018031	84.996692	-45.692811	-13.469833	-48.756258	19.142381
	-42.826317	6.769888	-10.971290	-69.998425	54.615967	-36.321645	-56.162851	-37.873011	39.033878
	-55.701599	-23.085613	-5.242090	-73.165869	77.000012	-28.319041	-19.752674	-51.469308	17.084607
	19.704172	-16.226608	-16.011603	-38.093307	71.125850	-34.746696	-8.558997	-51.232479	57.665222
	-4.133852	-20.729698	-57.509574	-50.069493	27.547623	-7.270256	-29.742143	-53.405528	18.946322
	19.813975	-9.132909	-17.368102	-25.386693	17.004023	-8.633354	27.894193	-44.740457	-15.558522
	38.411563	11.761554	-27.619946	-35.803268	6.091222	-1.077774	-2.122932	-36.209644	-6.089963
	25.364690	8.169222	-21.621592	4.467309	-28.854992	1.349088	31.640907	-31.299850	3.923388
	52.927857	8.400012	-2.053373	-10.522449	-1.486301	27.805991	22.867783	-15.701728	25.953338
	55.762515	-8.199611	-24.706440	-9.000218	-22.539238	43.725681	46.484578	-42.195742	9.240173
	43.395614	-18.723583	-30.184265	-15.389574	-28.960084	45.322353	15.219053	-35.222032	45.217862
	7.200016	-24.565196	-19.545387	20.584905	-48.665441	23.179556	16.240565	2.968522	69.987716
	22.198752	-28.264589	-23.980978	5.025759	-7.088659	12.291231	15.380549	-12.978677	42.364275
	43.115194	-55.558466	-52.139003	-16.307493	6.245264	-25.005710	-8.942836	-7.865977	32.527940
	48.576182	-36.548185	-54.598023	30.108306	-15.010470	-44.642790	-16.945811	20.924652	17.686658
	5.910340	-26.385735	-29.889855	19.150177	0.728528	-38.509049	-37.410340	32.313590	-13.417728
	11.882345	-37.413845	-12.834868	-18.324603	-19.802210	-39.198007	-26.484646	47.326551	-8.571766
	13.750603	-31.194677	-6.177936	-7.801100	1.176707	6.703571	-9.744529	43.934798	29.910421
	26.049723	-5.345030	26.333359	22.818319	3.531659	4.418923	2.730764	21.396672	67.398201
	8.372383	-8.110347	11.734394	-11.951435	-16.820120	15.825588	-11.193434	25.468708	61.917479
	56.945741	-16.005407	42.724292	-16.673401	10.950535	25.745800	-2.912322	13.720717	106.462716
	22.900858	-52.811560	40.122256	-42.500733	-2.704742	39.084255	-25.771344	-30.868485	53.961870
	6.077234	-64.102878	41.397925	-35.676749	-17.409021	46.551234	-8.643707	-73.197682	111.061945
	-15.703785	-88.668752	31.851295	-47.922496	-29.170234	38.457356	-21.582868	-67.695883	83.835297
	-10.378313	-64.136968	20.075827	-39.202876	-5.363882	48.822416	-11.080869	-59.686212	85.070101
	-14.335594	-38.660245	15.474849	-26.532643	10.421683	25.398001	3.864780	-31.899628	36.857446
	4.382018	-20.828868	-11.729870	-26.396241	5.318809	17.490803	-19.868381	-28.892232	27.641492
	-11.168423	-0.087732	-3.364994	-51.653838	-5.795609	13.822063	1.339553	-24.867040	-33.968164
	3.331498	-45.984703	-43.073029	-52.177736	-47.555853	-17.016880	-11.377863	-40.207590	-80.406509
	0.939779	-0.431978	-31.201954	-5.941763	-28.672094	-4.224241	15.663429	-20.728996	-32.505095
	-15.267378	4.690214	-32.413904	11.811233	-22.440159	4.337153	-4.478092	-10.979447	-34.681237
	-33.843173	0.667906	-2.996864	13.419107	-9.075087	-10.097424	14.238305	-17.474761	-50.724211
	-12.334404	-3.841848	4.819375	20.089888	32.101240	-25.838823	21.371613	-12.811698	-28.721239
	-26.370511	-6.019333	-9.984146	24.280949	-0.086985	-52.665221	50.234633	-25.129783	-45.141661
	-15.612235	4.426295	13.413877	1.448847	59.167494	-44.855879	36.113505	-28.201758	-7.692530
