	7.518161	-72.297466	-16.790088	-76.591558	-3.690979	24.378058	-57.463782	-24.507439	35.200372
	32.793358	-62.867807	4.842803	-57.431028	20.141421	-5.414183	-29.835721	-32.883196	38.060923
	20.989337	-68.728436	-16.881452	-53.549990	60.174759	-19.527586	-27.631015	-39.275227	32.172014
	11.763721	-65.470436	-12.253354	-73.980256	25.602960	6.104987	-50.171035	-35.028363	20.048959
	26.896219	-50.913419	-19.771505	-65.082523	7.705037	-3.169533	-65.424378	-18.869923	9.202907
	18.660758	-52.243541	13.833273	-69.184452	18.826986	2.188401	-90.092231	-11.867241	32.133051
	6.574872	-47.842470	33.941739	-73.199151	-25.083511	-12.856966	-63.472539	5.384032	56.921758
	34.903065	-60.312527	51.101244	-70.281458	-69.178658	16.466421	-84.361785	3.257448	53.548887
	43.050198	-61.043496	40.920232	-45.649742	-30.043573	-0.703546	-107.265893	-5.051916	74.869201
	39.121109	-52.792051	34.311621	-56.453709	-72.789415	-4.549698	-90.060931	-11.097212	69.107076
	19.668708	-52.722791	50.117198	-58.266270	-41.598441	15.587084	-57.043147	-30.430817	64.796210
	22.350553	-38.740843	54.360052	-44.195756	-41.986433	32.227875	-47.713766	28.062637	73.763209
	24.637389	-34.983919	42.998411	-23.207350	-65.960612	20.104574	0.062462	13.536277	64.871475
	20.202198	-39.486850	19.067945	6.961737	-78.381298	20.647820	-14.441718	64.642149	13.756586
	24.211417	-8.325352	-43.480044	-3.882162	-43.526844	8.320810	-7.922228	52.578134	-16.246853
	7.016760	2.235555	-73.601446	42.034804	-43.925862	14.164101	-17.419272	67.535076	-32.219416
	-18.344141	23.757121	-83.250748	19.010481	-40.924851	6.783538	-5.922442	90.272212	-71.586216
	-1.153490	9.676364	-97.132409	-2.248114	-6.786606	-1.173441	-38.426069	49.123721	-78.166509
	-14.533955	0.932941	-107.442395	-11.061695	-12.784638	-16.077569	-45.046118	36.056323	-107.206522
	-31.532316	-3.867712	-62.554489	-11.432132	-29.130620	-15.867168	-54.023169	18.429259	-54.499444
	-3.151886	-12.582705	-39.232329	-27.943471	7.055784	-3.128131	-48.300102	20.734708	-11.943735
	5.575001	-33.011667	-21.797736	-30.318811	22.480223	22.312750	-39.140711	8.620949	8.916918
	-10.907764	-7.002565	-19.506639	-12.668152	-42.794586	10.587664	-10.214678	14.627590	-30.989928
	-11.464807	-19.545965	-22.516935	-25.188302	-1.420638	19.165248	8.570943	0.202219	-28.311547
	-26.029746	-21.162285	-46.003202	13.067062	-11.147825	14.948019	5.565184	2.700953	-6.479897
	-19.699841	10.190290	-17.032193	14.655919	-62.287179	23.275304	4.609917	27.612540	-19.201875
	-12.430284	7.690507	22.237615	23.446176	-38.240741	35.392101	10.247663	2.070810	7.986606
	-26.015385	38.043390	-22.099008	43.868462	6.420194	18.525206	13.559644	37.508359	-14.018070
	-11.088580	24.399972	13.040482	40.803721	8.372868	20.356631	25.354378	-10.751116	25.451074
	-0.833639	29.767046	15.975293	38.736303	18.338663	0.849317	29.144720	20.874340	-27.485230
	-1.952921	27.186423	2.808333	33.459392	26.690942	-5.861964	38.050836	1.367855	-9.471968
	-7.401863	24.895154	3.444077	21.153117	26.436161	6.615108	53.419379	7.562869	-22.098883
	-14.705735	20.302970	-16.900052	10.570255	6.887732	-7.690773	18.241821	-14.506629	-9.068718
	-1.922877	31.615931	-17.444422	31.862991	4.749519	-10.818980	34.918147	-21.414211	-8.141038
	-10.389641	17.821475	35.376970	-10.112838	13.831659	6.579486	14.150962	-38.710429	7.508854
	-17.396009	37.411470	15.308794	-3.957508	13.191261	3.596785	28.261247	-22.985830	1.194992
	-31.892259	25.642716	24.291105	-13.994702	18.944444	4.582248	20.471320	-43.229027	24.074590
	-18.574012	8.102067	40.779463	-17.846497	25.877258	13.489166	8.710876	-70.661716	41.839477
	-0.973838	-1.993891	52.381990	-8.210721	-5.803763	7.334145	5.095053	-27.861832	33.374392
	0.740384	-4.128646	63.436253	-36.259798	17.673008	-17.648843	-4.072911	-47.096165	16.101157
	-21.751827	-2.879080	23.447669	-40.723272	45.978929	-10.954800	5.846467	-59.972280	13.022824
	-28.854480	-9.462333	28.340590	-38.809988	9.887898	-11.196666	-16.897051	-16.451112	0.177474
	-30.292105	-7.802096	-41.982298	-35.208155	31.819632	-29.392626	-10.790188	-36.591100	-25.616521
	-24.119379	9.836020	-25.398415	-3.895541	58.054029	-21.534181	-1.390731	-37.005172	-33.587642
	-19.742859	-3.593788	6.995720	-3.510684	50.793168	-6.761798	21.433627	-41.909380	-35.956913
	1.230838	16.393662	-2.838025	17.821749	42.176470	-21.474431	10.740294	-20.785269	-12.530366
	3.132006	1.709198	-23.860492	15.445868	64.813619	-2.020657	50.259606	-30.641517	6.820275
	8.558637	6.434330	15.194920	31.764088	61.392399	3.179917	39.654579	-17.035406	20.756770
	6.507693	13.706157	-1.077881	18.588413	17.304732	-8.698788	21.685852	24.300208	-9.021600
	-5.310729	20.781941	4.862508	27.836584	33.518740	-18.417775	43.763093	-5.789173	-18.223166
	-1.719143	31.370785	29.783173	34.082780	-25.709996	-16.231536	26.446033	17.046683	-5.348348
	-30.356091	38.598463	6.455640	52.018467	16.307132	-16.818168	15.497761	43.535534	-7.161787
	-26.680811	49.295629	15.048935	28.527890	-2.695212	-2.262807	28.828490	3.217681	-16.351928
	-35.278438	54.073332	42.228303	10.317954	-27.509762	9.519871	21.526070	36.088223	-17.105991
	-10.245576	37.381161	26.559560	30.118776	-17.630148	0.369362	44.240123	7.912674	-0.185071
	-16.089973	14.011678	31.724347	0.314637	-16.728305	-2.555970	50.993806	-16.963237	0.211874
	1.394859	14.321530	25.229002	27.245620	-16.586054	-11.893951	40.902541	-14.548888	7.580691
	-6.735920	33.416315	21.849493	23.101416	0.318861	-30.813253	53.871107	-28.664736	-32.675162
	-7.032858	25.331602	22.457188	28.273672	-18.290957	-11.135020	19.810562	-19.664953	-11.302109
	-37.057716	45.274898	-4.371170	41.878291	-27.028001	-4.306736	-5.021881	4.547060	-40.413707
	-24.766515	31.340354	-5.206636	28.625398	-49.107723	-5.981964	-17.888324	-2.872699	-45.929301
	-49.389654	36.093670	0.399792	23.389983	-55.403819	1.638667	0.190840	-4.387095	-13.506269
	-22.872309	29.543044	-20.400214	31.203239	-51.011738	-3.374238	19.051117	12.054006	0.592684
	-5.297032	20.899865	-16.676757	22.456389	-17.173937	-2.057059	-0.117752	2.297724	-0.032660
	13.166321	20.019582	-38.358466	33.821991	-23.214897	-8.854728	6.340317	48.419915	1.295715
	-3.385901	30.814508	-33.419927	35.621040	8.873491	-26.144604	38.775713	48.137446	16.613460
	38.718660	8.697662	-14.611990	21.938839	33.195767	7.719320	30.330922	50.083664	0.631315
	25.890134	-18.662273	-6.765797	-3.084805	23.606333	11.978659	-27.621232	21.705603	31.638347
	22.047051	13.361418	-27.863660	1.363547	32.989502	-0.941640	5.321237	51.188640	25.715369
	26.543786	-10.411623	-30.871110	-5.922124	54.605548	1.488091	-13.754301	22.208437	17.444815
	40.897082	-12.210481	-45.049724	-0.124187	54.686796	2.421717	-7.527065	16.058693	4.390432
	39.153009	-4.913657	-5.799281	20.414872	68.784435	-2.674762	36.507064	27.226769	16.953778
	38.870218	-15.061593	-26.959515	1.658950	56.982834	-8.043234	49.510831	26.765665	-3.372540
	27.426345	-13.280630	-14.222833	10.504909	33.819269	-10.903229	40.328997	25.778792	-3.533917
	16.267187	-1.434508	-14.421435	37.223493	65.746887	-17.042937	35.118618	28.771653	-11.151682
	0.555851	-11.438501	-21.382357	23.644612	33.799367	7.792704	1.655386	26.540576	-19.989796
	-5.675750	-2.301837	-26.318705	8.625128	39.112156	-0.675502	9.134354	13.141543	-15.173491
	11.366746	11.697094	-41.882057	30.199061	53.568087	13.347093	32.574954	21.620084	-44.193529
	-11.712719	15.064378	-73.105904	31.790808	27.544740	6.775633	24.811302	36.453109	-19.946924
	1.372427	7.097540	-74.587047	51.519270	9.313872	2.026078	27.206052	27.458301	-7.045866
	-1.503121	4.012209	-16.426611	54.212327	4.108348	13.864873	45.878385	13.125882	40.226889
	11.118961	-3.154769	-31.121159	21.271888	-32.826593	-2.651376	20.970167	29.264782	29.258612
	15.225100	-8.934002	-21.464784	-13.360218	7.839305	-3.152170	17.075992	51.032613	21.463930
	4.308878	8.321522	5.144287	16.443391	-16.690838	-19.654014	31.506252	10.908235	-2.830538
	-18.615594	-7.587054	52.623092	1.532669	-58.873371	-4.737277	-9.103321	5.189915	16.183268
	15.346876	2.493349	48.450783	-10.469416	4.342867	7.631725	1.605171	9.914222	34.022046
	30.284930	-4.141542	41.599611	10.097867	2.154503	-2.555025	5.031708	-6.733451	38.599484
	9.259173	-16.976201	47.914573	-7.149293	-18.419354	6.656397	2.851592	-15.488311	31.746781
	19.471662	-13.915432	58.433814	-12.217864	-31.964715	21.214315	-6.541556	-5.203620	11.916366
	0.287907	-1.873767	16.030230	-12.635417	-29.931134	10.075381	22.442268	-9.285769	4.728985
	-0.730702	-17.378201	-26.801750	-6.014303	-27.759184	12.530868	-21.706209	-6.974497	13.538522
	-18.258651	13.152923	-6.683970	-6.518591	-25.741027	12.592117	-35.684301	4.225330	-4.232903
	-1.668542	-9.583699	0.927288	3.493451	-46.586286	-7.925063	-32.803753	-6.154868	-15.058937
	10.421551	2.466853	29.896088	-0.274472	-39.080591	0.430943	-39.826280	-15.297302	-18.297368
	20.109936	-9.648720	13.301411	-12.893053	-50.612582	30.372484	-20.067847	-0.793982	-20.905932
	3.173991	-7.715141	6.603999	-16.112199	-50.819103	-1.293065	-32.041279	-31.671950	-30.326287
	-4.309229	-2.421510	-51.648584	-31.362660	-43.001085	-22.520779	-31.040327	-20.424774	-67.764409
	5.135724	-11.574186	-58.865520	-7.094243	-50.888997	-25.711666	-8.831599	-15.174951	-48.564538
	-30.171248	-13.022989	-51.843271	0.904294	-55.280186	10.462656	-45.854050	3.014058	-26.207973
	-27.071943	-8.459397	-30.654745	-12.667266	-36.666490	0.644809	-57.772635	22.743888	-12.803981
	-6.512820	-8.813509	-36.888450	3.353194	-16.713689	-2.842071	-12.955782	37.937083	-38.121057
	-1.915946	-11.463476	-29.202682	-15.786901	-32.973340	12.363075	-57.569239	53.932054	-23.690979
	9.062915	-0.558142	9.330556	0.728791	-0.934151	24.993393	-6.608381	27.169752	21.452543
	11.530340	2.471104	21.203744	43.752680	17.154963	16.034529	19.838228	25.057794	-0.819831
	26.597719	2.192717	22.185981	9.389044	-8.242648	21.434143	-6.842682	12.058225	33.456726
	12.060207	12.934798	24.594060	6.024788	42.155783	26.170184	7.014429	2.645353	8.976506
	-19.235807	13.028365	-6.920361	-14.535596	4.341390	-3.529332	9.234963	1.375440	-45.941649
	-3.847665	32.027383	-24.215679	0.262619	44.156891	-8.437910	10.686163	-8.869301	-13.832985
	12.523394	12.981312	-0.460113	9.308704	52.227928	-6.881047	33.255416	-35.209414	-6.703409
	-16.609566	6.196971	19.468578	3.527007	42.197863	-21.859686	40.077706	-78.598127	12.287629
	-15.473924	0.369893	14.530528	-21.496721	19.428702	-25.171912	1.695887	-55.621123	12.677982
	4.977228	-2.754361	38.045220	-27.430517	41.980590	-3.924483	19.883856	-78.458036	23.317664
	2.492737	1.590740	-9.517293	-9.666132	33.550617	-25.001558	7.376157	-72.679314	-8.753131
	-16.926473	4.618714	49.798152	-3.837117	7.076710	-21.632745	-12.277185	-44.129098	1.274107
	-17.438821	30.259676	54.971501	-1.306260	34.101616	-9.817489	8.235583	-25.551562	16.217077
	-12.926256	3.790200	53.726064	-5.039851	14.322918	-2.870237	1.098243	-60.321644	-4.248234
	-8.676724	20.647652	109.322397	-17.138981	36.878568	-1.923675	5.437546	-60.794164	-10.458827
	21.613449	13.227480	122.340821	-14.148432	30.783981	8.500787	46.214979	-43.311216	54.840550
	11.084279	-6.457188	123.394501	-12.815098	-9.707154	20.694905	-6.866648	-31.271411	34.453062
	5.783068	4.453709	78.969580	-17.281684	18.165177	-13.079970	7.361061	-43.209219	7.706946
	10.942644	4.157273	32.198401	25.337861	17.105975	0.392699	23.861325	-22.252286	21.837020
	-29.967290	10.767410	-34.485090	-2.625515	-2.050797	-6.789843	3.575586	-15.735734	-0.482326
	-37.198073	13.568642	-25.796722	-4.610180	12.847990	-30.440155	2.053281	-11.376715	14.374713
	-16.540093	10.234888	15.084970	11.131564	7.180799	-18.124852	5.788850	-49.520519	1.782291
	-4.526720	-8.401413	-17.171130	-9.244125	-21.879215	-31.108662	-11.852826	3.134686	18.010533
	3.737320	6.028784	-3.831976	-1.868747	2.248188	-14.169909	-5.065760	-12.821968	15.373632
	4.721753	-0.415048	-6.043074	-1.910214	-8.295500	-15.462788	22.733167	-48.708434	-13.800838
	-15.787357	7.524297	9.970512	-15.762633	-11.591353	-13.318122	-4.936675	-48.082584	-9.136302
	-29.572950	15.081499	1.171992	-18.499013	2.182690	-28.615229	5.465018	-59.984282	-51.748030
	0.514379	15.061965	-6.504538	1.375465	20.226832	-17.594007	25.231465	-55.922503	-5.932705
	-13.931433	-7.368093	-28.684627	4.266474	6.991177	-18.338680	19.642848	-54.427867	3.412965
	-20.640862	-21.928933	-3.658029	4.947407	16.769222	-12.637639	32.863781	-38.887157	9.183277
	3.396236	-4.751709	0.939574	-1.643085	26.899730	-36.856536	39.576961	-45.648136	-38.680407
	0.005491	-4.578545	-54.011626	15.701442	20.590935	-9.060484	-1.457191	-9.011607	-39.953345
	-2.372938	1.673117	-21.100588	46.203345	14.646684	-23.459310	43.849405	-0.153094	-47.691353
	-25.420818	-14.052107	-15.868111	-7.642333	17.452362	-20.307104	17.505469	15.106481	-35.655888
	-29.366982	-9.149014	-54.386146	-9.154213	10.842446	-17.212822	10.303837	-27.756295	-36.626768
	-8.546413	4.329878	-87.379779	15.909023	-3.677486	-11.240325	47.392514	4.456293	-39.239821
	-13.189393	2.031570	-64.590809	28.856957	7.867407	-17.475424	31.630560	1.349358	-56.352284
	-22.257312	20.602270	-73.391946	45.292573	-16.332429	-10.545878	48.899129	8.978178	-44.887113
	4.391528	38.771647	-54.318295	61.167210	-21.483338	-15.307998	30.143466	28.967725	-95.147416
	-9.650002	19.585747	-26.879762	39.303242	-23.220083	-14.207049	15.029547	-27.469031	-39.805257
	-17.605133	25.807642	16.177880	18.546474	-19.436307	-12.850517	-9.417542	-0.079399	-36.998286
	-15.431869	11.727446	36.325434	-15.084947	56.413399	-6.959457	8.628744	-8.750943	-12.222832
	-14.302996	-6.278460	36.880054	0.731559	13.560865	15.749073	-18.379371	-1.591596	25.268257
	-12.393177	-16.940412	10.753727	0.978405	2.952946	19.485852	-16.294589	28.722537	11.222714
	-14.841103	-19.018945	49.153567	12.901976	-2.595895	36.824227	-15.968961	20.911685	32.890386
	-22.386843	-21.945873	-11.097162	20.070758	-32.892805	10.739014	-13.507621	36.836580	15.272142
	19.401705	-0.846526	9.221864	16.767327	-30.546448	10.440721	-30.080243	33.036710	19.107829
	-7.104812	10.007029	-16.451788	20.728099	-28.507852	19.720797	-9.996550	26.512658	-27.597244
	-1.417740	8.091866	-14.853233	39.734083	-26.102687	17.077733	-18.712356	54.900163	2.318174
	12.778023	18.356347	-10.648353	58.223842	-56.176444	35.086336	31.368476	41.898005	21.574306
	28.485561	12.612668	15.164095	70.711164	-30.766961	8.745802	44.667293	51.945916	28.888255
	25.036917	11.977772	47.422531	67.001859	-21.645384	40.801552	67.732050	-3.082690	9.217648
	41.034793	25.015404	56.975037	38.120898	4.871487	52.648538	31.187416	-27.566469	2.212672
	18.324354	23.887410	91.404617	29.867942	-16.608116	24.877611	25.877403	-11.403200	11.914110
	-5.909841	44.310258	56.045977	13.991066	56.964693	8.681622	50.356751	-15.461946	-26.137240
	15.775285	23.705437	100.737262	28.569406	3.541932	3.107046	4.615301	-35.554723	6.403059
	-9.812624	50.665189	89.086850	17.544075	5.300237	26.494613	-3.645779	-14.101384	-11.879484
	0.819357	55.124806	37.903588	61.727442	11.069340	6.614858	48.053373	-12.174371	-9.074661
	9.157496	34.928792	41.682895	26.862299	-1.165723	24.570673	19.719338	3.060902	32.830323
	-13.285178	40.522330	22.650214	37.739135	-18.757949	1.243265	21.525220	23.950634	6.647119
	24.739064	32.605449	11.572255	55.777664	4.421691	8.535648	80.433369	20.407573	13.987048
	33.285964	24.262154	22.664096	62.662754	18.883232	12.254786	59.658836	46.130667	17.669313
	25.588662	20.567700	46.445887	68.805047	19.414320	29.100676	68.943636	38.630625	1.152730
	39.246081	43.064939	22.977577	86.234118	22.314891	7.506947	99.658296	37.685652	22.703315
	18.049595	29.885872	-18.788132	64.361343	12.611580	9.324662	78.692791	50.273520	16.657191
	12.399953	15.929252	-38.451256	52.979318	-1.551805	-11.093257	45.045073	78.482203	-6.029866
	-6.084682	35.083382	-69.863662	14.245100	-8.800999	-33.933297	17.731370	60.585973	-50.169904
	-7.938032	21.989778	-84.353411	6.822973	-13.332748	-16.280187	7.448172	37.197335	-57.921276
	-8.305103	22.892821	-96.692192	16.260655	-4.700470	-37.239969	-33.870281	23.033039	-65.052280
	-32.326399	20.002995	-104.618775	-17.021703	-17.940426	-43.534908	-16.589012	11.328697	-92.970725
	-24.648057	13.307193	-72.635486	-46.756756	10.554328	-40.765152	-34.512362	-15.117389	-101.384024
	-27.871837	3.265454	-75.690686	-28.060235	9.176669	-37.518860	-47.459525	-24.310238	-30.159922
	-11.829895	9.031015	-36.959684	-26.493628	-11.832770	-30.133168	-46.516200	-13.246978	-75.450294
	-18.616871	17.174513	-35.866136	8.626309	11.836326	-2.243260	-24.047067	0.308331	-39.643799
	-7.575792	0.910235	-13.390105	14.999785	-18.940844	15.562153	9.674294	-10.470955	-52.673994
	-13.671163	24.829195	-18.569324	20.810713	-23.479919	-5.665030	9.032826	24.954152	-31.982891
	-3.525585	43.873244	-33.220907	56.700966	-36.504565	-9.634359	39.655673	28.492960	-28.074249
	6.987050	22.423375	-11.161137	17.948080	-37.706763	9.809464	11.282536	30.196173	-27.244222
	4.880654	34.855187	-31.456728	4.876761	-33.254224	-18.676419	-8.387633	18.995576	-16.631741
	2.155239	13.242277	-35.657227	30.123323	-8.333696	-5.715228	29.681680	48.950348	-42.906665
	8.833556	12.223971	-29.584842	41.460607	-4.812457	14.922326	6.730419	44.725614	-18.189719
	23.538506	22.332236	-26.737191	42.611431	-7.794259	16.285831	31.120817	62.538991	-25.469407
	29.095687	21.676604	-35.845055	57.643207	14.822552	-1.884528	55.863679	41.391776	36.835498
	14.096051	25.354074	-32.264255	64.511863	15.148458	-25.433024	47.605372	41.449998	-7.149381
	20.701444	15.516461	4.998281	39.766469	-0.156911	-5.125966	38.371224	42.947027	20.208430
	32.051003	-3.801355	-20.398739	20.197917	8.296930	12.608833	51.161116	-4.398421	33.553356
	33.031446	-33.225760	-0.219040	17.279541	10.627749	17.567445	41.841369	0.474119	54.063386
	38.490915	-33.117216	14.609769	15.962653	41.040111	21.661512	28.871997	-33.578786	11.106702
	33.091328	-39.916701	-5.824300	2.175604	57.117903	9.535399	34.084259	-16.676775	17.751420
	30.949430	-50.709910	3.439556	-0.110861	74.895593	-4.636780	22.410648	-7.835394	37.881615
	28.450737	-33.006589	17.155480	6.671659	89.151686	1.292611	4.273776	-36.361388	-8.663192
	27.768981	-38.966410	21.430177	9.914362	118.938818	-10.821054	30.558633	-42.272164	40.475598
	16.411431	-56.588701	55.455436	-20.604926	119.662143	14.815500	22.283828	-62.179791	65.422913
	21.294573	-62.031574	57.333059	-27.367183	95.199143	5.052023	27.997011	-51.685720	82.153090
	12.845514	-48.633468	10.381585	-6.138848	86.892093	0.295982	5.464826	-21.485013	38.815376
	-8.398954	-34.742708	34.468616	-32.707961	66.487811	5.798023	9.975123	-27.984845	41.297463
	15.826932	-29.740005	-1.015002	-24.827483	52.723550	18.345835	-22.010996	-10.936303	17.451203
	9.509142	-33.376029	19.954938	-12.101768	93.093552	11.955454	7.005504	-18.831637	54.504421
	5.127472	-38.115391	12.771123	-31.281572	87.019970	-3.372923	-12.329515	-16.652767	26.632112
	26.797132	-34.678798	-30.717987	-56.703803	78.820369	0.078288	-59.552631	-17.639063	39.374225
	-24.885771	-26.298316	-25.897911	-46.671980	63.457730	-7.150074	-44.740861	-38.251418	20.756865
	-7.724134	-19.443854	-39.478041	-66.036976	64.856861	6.422788	-51.850664	-36.794210	0.218847
	-31.092897	-21.153485	-80.722224	-46.700275	16.760875	-14.038317	-77.784507	-14.175045	-44.799991
	-2.475148	-10.883521	-65.823777	-28.128375	11.194279	-4.993123	-42.265586	-11.383796	-51.911992
	-0.232798	-3.827918	-69.169086	-44.114493	7.548083	-10.198350	-54.436059	-7.474563	-37.713449
	-7.284743	11.009506	-30.793621	-37.824241	-26.128891	-12.466481	-52.124836	5.142878	-23.944572
	-27.365640	8.073903	-23.105953	-24.871975	-52.228989	-2.474275	-55.970863	-0.880402	-30.016750
	-19.741556	0.701088	9.297606	-25.810139	-43.435295	10.252969	-49.611067	-33.865842	-37.636420
	-40.737104	-5.681053	-15.186429	-18.298265	-51.063423	-7.360051	-42.916677	34.940767	-9.653707
	-18.507187	1.251133	-9.822844	-22.706019	-41.853049	2.072890	-35.532627	17.412798	26.695485
	3.395774	-6.790200	-16.487528	-7.835918	-35.807689	-0.114100	-60.938110	43.625533	-4.922026
	-21.691863	9.230046	10.850943	-22.158267	-46.863334	11.835792	-71.350964	47.779134	36.213586
	20.699384	-4.316599	34.608432	-35.224163	-40.080372	15.752901	-69.925673	30.802431	31.631800
	9.643520	-24.322317	52.583856	-82.977991	-81.401177	17.615363	-84.456867	49.085938	28.780474
	-18.330552	-19.847109	28.883059	-54.823550	-59.908450	21.892507	-74.339805	69.982292	5.305731
	22.718654	-19.132945	13.116613	-67.220194	-37.838053	45.926836	-69.589793	48.285333	31.205292
	12.574801	-33.574990	12.759035	-59.200517	-38.746008	42.235953	-69.241711	37.327828	47.174968
	5.972202	-1.694964	10.903968	-36.448149	-43.670902	26.294326	-70.598032	62.848734	30.326413
	2.965216	-7.571237	23.473182	-50.128569	-44.385789	19.855059	-77.391651	9.657194	48.274719
	-8.844748	-21.595310	17.519780	-43.834361	-71.824572	3.068777	-75.566753	60.136658	20.370876
	-0.294208	-5.247874	11.656288	-36.278242	-56.700377	22.241110	-66.118101	64.635599	-12.020661
	-29.385980	-0.282014	26.131509	-48.937796	-67.540841	7.076944	-90.791880	7.320914	-1.888743
	1.313154	7.541825	27.364723	-39.216601	-64.287530	23.178454	-69.228080	22.135661	6.029646
	-35.445692	26.511857	48.639372	-20.639190	-71.886693	31.737469	-52.404284	51.461324	-26.729832
	-9.368254	0.443527	78.268779	-44.116716	-74.003563	23.085980	-75.816218	27.461199	39.717727
	-11.650221	14.219593	56.980298	-38.789866	-94.792496	13.982006	-57.822515	33.663588	18.614351
	-34.867332	17.320557	16.687191	-39.886635	-79.776444	-0.804495	-84.740444	56.040113	50.085474
	-40.260952	25.719917	25.830967	-37.270591	-88.230990	3.022089	-82.799888	33.764414	37.577188
	-12.356363	10.546766	34.509353	-37.274819	-89.089594	30.346583	-85.049021	53.279141	38.938053
	-16.432851	12.052874	51.673367	-26.197283	-64.817811	36.457946	-38.810043	36.458753	42.951623
	-17.282714	-8.845909	52.102978	-43.887883	-47.100328	10.551945	-26.123171	-9.250317	50.893630
	1.227053	-27.865115	104.810874	-33.435392	-29.870640	20.654100	9.401572	-40.106933	95.946098
	35.852821	-53.645849	135.490141	-27.252864	-22.546774	45.475964	26.469607	-50.297892	105.739586
	37.928931	-60.438828	156.485551	-27.439109	-12.220072	38.073579	25.165988	-90.879916	100.134462
	53.191766	-67.110421	123.892389	-21.088746	30.490640	56.153642	45.775863	-53.727334	128.041531
	34.911315	-56.050211	103.351703	-18.691272	24.886468	45.829068	19.980039	-71.392630	91.885720
	31.338531	-40.895525	33.338390	8.315695	25.522154	-9.153398	27.206273	-59.945327	54.016430
	62.820427	-39.408617	29.328758	15.988357	52.689435	11.839080	28.436257	-22.296255	71.680619
	29.886186	-35.795255	34.954000	-6.198862	12.299568	17.425180	24.460128	-26.913830	86.588759
	4.681051	-23.072660	22.838724	-2.169358	17.714137	-9.641968	20.119906	-12.773473	32.407967
	35.167017	-15.222130	7.154053	-5.468114	47.194468	-2.114670	20.719716	-11.500455	34.199989
	38.242877	-23.207774	4.994669	6.941322	49.039773	-9.724921	21.685939	-10.899864	12.891159
	9.344808	7.147690	-4.821655	10.215479	24.771084	-40.544108	23.753406	-4.751946	10.359731
	0.623246	-5.654368	2.817722	-3.607037	17.264141	-31.519373	6.837392	21.161211	9.686562
	-8.595424	7.208693	-47.518078	22.667363	-1.129907	-57.400673	14.444770	29.431787	-20.001906
	-17.207916	32.775310	-35.937720	22.617107	20.666812	-26.508355	17.012302	46.156957	-57.311994
	0.374386	16.010059	-65.030039	-8.443223	-4.946911	-33.983894	31.007482	27.496919	-6.544745
	-23.567765	7.066558	-56.905373	0.313682	12.776371	-32.615988	26.131539	30.582077	-17.160278
	-18.769100	32.090231	-88.005411	19.562435	29.195019	-61.684920	22.222624	28.739592	-65.540483
	-29.109745	26.898658	-65.804368	21.974805	-1.450096	-53.704008	-5.849018	27.690065	-68.280579
	-12.977825	4.111495	-88.916069	-9.155845	2.869401	-60.313417	-11.903630	-1.143768	-65.742535
	-17.481892	0.652822	-65.181768	-3.396059	18.667494	-34.105227	-1.477659	-1.877733	-41.527074
	20.206230	13.710180	-30.026555	12.903117	43.645938	-24.987090	2.255274	23.261575	-50.254448
	26.598323	1.703420	-80.198501	37.957990	30.769572	-23.986561	20.719374	13.796518	-48.259125
	25.438351	2.615520	-53.534297	10.187857	30.299288	-12.242529	28.733951	22.426723	-40.113323
	18.173911	-9.561753	-32.801979	14.828536	-2.557320	16.359767	2.219677	16.850151	-23.356762
	-5.020312	-31.231719	36.202601	-20.869974	-6.562380	52.327354	-3.417036	4.767984	-1.215023
	21.178746	-22.587634	61.484956	-37.478392	-29.269724	36.916828	-23.180121	-6.466396	33.435252
	46.713531	-25.786110	20.491311	-28.732309	-37.523064	41.850042	-21.416492	-5.996136	2.452615
	16.022080	-34.497572	10.827620	-57.480384	-31.050924	16.487071	-39.517425	-11.540175	-57.817410
	-34.242886	-22.858150	-55.351529	-49.540665	-42.290479	-21.441575	-41.330090	-21.635768	-69.481366
	-54.665170	-10.432784	-57.403526	-40.273437	-55.479650	-39.120321	-68.521396	-41.026454	-110.918503
	-12.661237	8.527118	-41.718514	-39.962383	-33.215316	-39.994652	-39.373113	-26.182205	-74.053370
	-11.383287	23.667920	-10.062173	-16.413400	-31.289623	-33.543212	-15.230357	-16.428754	-69.853431
	-47.515120	34.569453	-10.436283	-4.222775	-24.575540	-27.150551	-3.435080	29.217403	-52.418215
	5.634898	27.518187	38.655393	-2.577947	-0.384776	2.548216	0.823821	-10.018273	-12.885531
	-34.131178	34.156440	58.067486	7.290222	-1.717489	17.691813	11.039016	-1.504804	7.017496
	-3.383842	21.605702	39.947635	-2.836503	-4.995751	13.446244	-8.143900	-9.441702	28.947509
	-14.979852	11.524461	32.134000	3.929780	-7.803702	20.231169	-11.401571	-8.806803	39.411016
	-2.551335	19.150583	3.396465	25.098879	-46.620624	3.692982	36.877576	31.332778	31.755799
	-22.759982	47.053078	16.963174	61.151220	-64.541977	2.720307	42.939433	20.674565	-23.584312
	-11.684752	42.968574	-15.152364	61.627683	-58.004046	-34.599620	43.052798	40.461420	4.938001
	1.386316	22.197311	29.645935	30.494507	-25.715293	-11.081878	28.688760	19.900217	-0.576438
	-25.382526	16.140711	15.299852	12.264802	-23.704889	3.179993	25.277113	24.153447	-5.492338
	-3.007009	27.801109	-17.001026	8.361859	-13.040857	1.302056	-28.758620	19.856692	-31.880464
	0.271561	23.842979	-1.814614	5.265087	-26.747749	10.978920	5.149244	31.867786	-9.566681
	-2.188462	41.516669	-14.359686	41.525741	-1.791325	-1.969101	3.740314	18.127761	-44.047475
	-31.595477	42.832170	-1.774009	22.917677	-9.811885	-34.819801	17.489758	32.752690	-29.324382
	-13.599004	31.474621	-5.501179	27.226194	-42.316006	14.040114	-3.066597	8.069699	-6.237944
	-12.516420	-11.987753	16.839166	-35.444494	-43.553515	4.028430	-28.575810	-37.229550	24.996759
	-24.146653	-17.087752	38.695413	-46.580673	-32.708819	6.525963	-24.483893	-23.312757	14.193878
	-33.493528	-33.225900	24.888721	-47.514849	-24.804572	25.043518	-41.670039	-12.710255	-10.156287
	-6.489915	-13.450828	-10.100359	-16.824289	25.821299	-5.390559	33.953211	-26.542760	-9.507587
	26.063366	-12.424940	-38.888231	0.887984	34.313301	-1.951406	20.315218	-49.460249	-35.880705
	24.014624	-16.507646	-11.209344	-4.547489	52.332166	0.909003	19.058924	-16.263705	24.795700
	16.654462	6.407738	-31.659070	11.497644	44.750676	-2.412960	21.908748	-16.641952	8.434917
	-0.472232	6.741263	-2.604353	10.812355	20.114037	-21.848031	20.303414	-1.806352	-3.999963
	-13.844848	17.033978	-21.871012	-11.961046	-13.666046	-11.390839	-14.482755	21.379405	-1.340987
	-25.280012	23.897630	-1.709601	11.510603	-25.608100	-9.195476	21.713983	22.241638	4.682145
	-1.456306	13.344014	8.835810	23.375149	4.789978	-25.188342	23.468704	-1.473266	0.732095
	-24.946928	29.781524	0.161859	35.166287	30.440979	-6.838774	38.216235	30.572926	-17.768346
	-9.505206	20.242855	-5.149334	50.447879	53.466021	-4.985835	50.280186	14.723498	-48.667107
	-27.375691	-1.110490	-6.976349	9.210246	49.173742	-7.613970	25.209720	5.895593	-1.552446
	6.372477	-7.511686	-17.839102	9.523536	67.040717	-15.046986	50.414907	-22.536600	24.745720
	-10.340557	-17.027775	15.099745	4.317279	55.263552	2.077440	22.007761	-22.950687	15.016706
	1.466142	-15.582639	-6.646791	10.690461	40.986761	-6.853533	18.741899	-44.632846	1.405628
	-10.829287	-9.873382	-16.851519	7.946495	27.767984	-21.359310	30.784808	-19.927463	-24.226177
	-25.319449	-0.591730	-2.960227	5.416228	26.838168	-37.593672	34.869572	-41.862375	-37.668282
	-16.806826	12.804164	-14.249114	6.100072	-9.204140	-32.156597	14.587546	-25.017442	-29.065532
	-17.207856	5.317122	6.127629	-3.741346	44.163947	-15.656447	2.569913	-53.741996	17.935310
	-43.860612	15.147879	-15.923243	-10.022011	9.301585	-20.708150	6.073974	-16.939502	-13.692162
	-3.360316	26.975886	-23.694156	-22.746282	31.139744	3.457750	5.758641	-22.734962	-11.335202
	-28.873516	48.761200	-21.982500	4.819285	42.019471	-11.417601	12.547729	-8.212192	-19.907220
	-23.428994	37.595919	-28.365469	-3.150540	3.891766	11.234561	9.817218	-0.125637	-36.961334
	-42.790592	49.107142	-11.211405	9.395543	38.027711	-3.857685	23.858110	-18.075141	-46.031777
	-12.165380	47.233051	-29.443510	13.345757	25.824601	6.815710	33.255983	-20.887929	-20.544977
	14.004750	45.676904	-24.758980	3.072865	11.118327	-4.616517	25.190422	-8.095866	-2.299295
	19.561866	22.076697	21.768413	30.434777	-25.590505	12.148861	54.960937	-14.282761	-15.711849
	-12.681210	17.647134	65.916180	30.705511	-25.954454	37.177658	45.400477	2.994109	38.337637
	28.724804	16.141365	89.341544	38.335819	-43.452237	58.803231	39.800363	-8.099207	52.617283
	-13.738719	29.187831	103.960547	49.223194	-61.576747	24.101326	25.378882	17.710877	-3.949913
	-26.835994	36.218274	77.324695	46.426679	-38.526043	31.885545	18.925020	1.599236	2.403905
	-14.946511	38.668377	49.542772	48.600552	-41.059458	19.377620	17.074139	14.001665	0.893541
	-16.788564	53.468983	9.793997	53.907530	-45.096753	12.871762	46.692219	36.124064	3.826835
	9.611124	24.079879	36.843650	41.527423	-10.004289	26.845673	10.179944	10.255092	-2.780645
	35.914861	13.178937	51.380976	7.652123	-36.325135	8.019673	12.194478	10.055683	52.928167
	36.818336	-9.161806	43.782486	-20.724818	8.912318	10.516394	11.883414	-38.050257	53.999878
	31.692991	-27.326005	77.217340	-50.420802	5.645674	13.952397	18.374385	-53.533399	76.132970
	47.617836	-53.082678	107.126633	-52.628802	16.195813	20.664301	-2.012264	-91.107733	85.140772
	54.187291	-56.065514	107.517203	-31.919213	31.302181	26.206027	19.332570	-73.456493	128.020562
	34.076793	-55.364611	78.860894	-31.632534	13.416087	27.777874	8.620002	-69.178573	109.033121
	41.588723	-60.906910	77.181792	-6.545911	9.384505	34.005914	15.132172	-50.014705	100.857408
	27.761634	-40.896708	38.359906	-17.635258	-18.153742	7.373806	9.431761	-43.773295	57.890612
	37.898994	-60.799889	-10.265787	-13.842337	-25.363545	12.086789	-5.989289	-14.839286	22.938649
	21.083929	-41.088979	-20.296335	-13.512785	-23.899176	4.847382	11.156640	-14.832944	12.812521
	31.088969	-3.836205	-23.240244	14.428506	-8.674104	32.449387	19.658030	8.816767	13.783679
	-7.523921	-7.034811	12.028998	26.513586	-50.578376	30.801651	-20.456094	-5.153727	-28.041281
	6.374823	-21.607983	-12.315087	12.645036	-23.545015	29.625418	-17.674840	-23.293247	18.246739
	24.654774	-19.225700	-21.709426	5.933773	-54.606400	-20.808862	-13.996551	-1.706540	-12.842580
	-1.410856	-33.548564	-4.478982	-15.453315	-50.105422	17.843072	-36.789866	7.668258	20.047920
	-9.795534	-27.434613	1.367324	-20.143687	-39.939065	-9.046202	-23.710627	8.935550	4.508792
	-9.002227	-7.180729	2.641674	-12.014253	-0.638970	-8.929495	15.332317	-16.227934	22.149155
	-2.652280	-8.327382	11.546219	-14.443078	-1.675373	-26.566408	3.602902	7.961382	19.316954
	33.808590	-0.668809	-35.053807	-26.680715	28.173523	-12.623768	-5.978086	20.844077	0.578159
	22.487318	3.849689	-52.059225	11.539582	42.097871	-30.453717	36.614742	11.739056	-31.370246
	18.033257	-9.019996	-26.888709	-0.479739	48.353405	-32.219160	20.520798	1.144669	-27.818542
	30.486271	-28.844315	-13.622478	10.425584	30.810536	-6.747377	-3.978924	-19.621183	-18.123906
	19.095168	-14.754903	-34.684281	23.960833	60.416647	-16.954443	34.172927	-27.670159	-29.227605
	23.327660	-11.688185	-14.568765	2.709273	79.572659	-15.286035	20.714494	-32.974104	24.804885
	17.264787	-26.265268	-54.419909	-37.574834	85.622867	-1.653357	26.473679	-55.697756	11.108600
	6.479873	-21.951290	-43.830193	2.015547	97.668557	-1.962362	4.142073	-71.593795	30.976038
	15.855201	-24.801006	-33.230152	-2.541493	71.542597	-1.552819	12.067428	-41.192703	43.812915
	16.783305	-26.966958	-14.540847	-0.342510	37.452632	10.981955	-5.453784	-24.776719	-4.806083
	-7.620971	-35.573767	4.295591	16.504566	30.317982	14.435772	7.709893	-11.034977	9.400386
	-23.791887	-11.347486	-30.297915	8.163788	6.668001	4.693879	1.691578	5.639938	-47.673890
	25.357941	3.561515	-25.976587	0.748655	-15.756267	-7.732680	22.424438	-0.228775	-31.514066
	-2.752159	20.185605	-13.999674	37.479182	-27.438374	14.297401	5.409333	11.638887	-18.892039
	1.530866	7.626042	-17.311402	17.594002	-17.264636	5.179931	5.736595	24.967218	-16.672212
	-15.519479	10.662004	-25.687125	37.352787	3.627544	10.651801	-3.054211	34.463665	-31.188548
	-12.148851	5.347641	-24.012992	27.391080	-5.539397	12.301782	26.289548	22.837842	-9.206140
	-18.898150	11.832346	-10.686181	22.870776	11.120258	-20.807309	13.288734	2.016467	-23.037790
	-10.735064	-7.031574	-26.093720	15.777222	-10.238054	-14.557400	7.972175	6.006104	-26.198239
	18.346527	-0.942209	-18.963365	-2.368873	0.495692	7.690590	-12.049193	19.335156	3.894426
	15.010876	-20.346459	-35.605461	-14.360381	10.662233	-13.016654	29.448341	4.642275	-1.446175
	18.162813	-20.841512	-42.628305	16.583334	21.532038	-19.130140	37.675659	-9.370675	-10.000663
	10.950518	-33.633919	-32.496113	-9.989527	26.008289	8.838216	43.160512	-16.677637	-0.129017
	46.195427	-35.508865	-10.095323	-24.125779	68.196402	-5.412682	31.031735	-49.588799	26.355007
	3.307966	-36.193649	-13.631032	-18.856662	85.407518	-10.346257	15.132277	-57.333100	-2.228183
	22.044257	-33.113394	6.040418	-17.039411	79.084062	16.395654	4.180666	-45.900479	29.695388
	0.037952	11.323126	0.518283	46.686847	34.288221	-15.819246	63.647864	-32.016675	-39.392499
	21.457785	-63.829482	-19.358524	-40.942559	76.162396	-10.724519	-36.335023	-58.968861	7.436480
	15.501860	-22.825961	-57.937842	14.206945	58.659206	-23.774194	48.289083	-37.590853	-37.633973
	25.619099	-15.890437	-61.561154	-6.872622	48.015690	-21.201701	32.938977	-28.538582	-31.034473
	40.138329	-18.896374	-62.835096	-13.196894	27.357296	-16.353451	23.951172	-43.908123	-63.887028
	22.419011	-26.916747	-48.824427	-17.728590	44.150196	1.589925	33.148325	-29.154345	2.790143
	-5.356445	10.299922	-42.086627	26.036795	1.194716	-5.977136	68.676588	-38.228976	-43.446620
	23.223506	-38.067955	-32.792030	-9.397584	38.313585	-1.799307	11.016991	-37.567800	-6.335593
	-16.282023	-5.711259	-40.488808	9.034111	22.222706	-8.938616	49.177869	-22.364200	-16.236690
	14.882153	3.664725	-45.638851	34.381168	65.563642	-29.215855	34.402581	-28.797084	-52.912938
	15.911606	16.513814	-29.847304	29.267953	45.482835	-52.039598	54.032439	12.307833	-38.533112
	1.154412	-0.290676	-6.711688	3.015511	33.453195	-17.645299	8.332883	-10.706536	-38.612481
	-8.971035	-10.007047	-19.630787	-1.747839	14.320204	-23.831767	10.339234	-12.132025	-41.342570
	-15.614312	-4.407136	-33.957718	-23.468692	-21.266259	-3.187351	-23.251709	26.916385	-1.427092
	9.440929	-9.744623	-21.958973	-0.886497	-7.579211	-2.094340	-8.767037	34.664942	-19.781576
	-2.251857	2.746575	-20.518705	6.021352	-16.192434	-2.667168	-12.504857	15.586818	-9.528155
	-19.971521	2.156271	-30.066314	11.206675	-1.217237	-14.292116	-2.324996	37.145093	-21.027794
	2.287378	18.392422	17.845346	10.564633	-14.345862	-11.551734	11.740323	15.320733	-13.785005
	-4.470949	8.897655	-8.559780	16.572913	-15.595808	-31.695631	3.724195	39.817141	-15.013758
	0.234831	4.796736	-13.946924	17.818178	-16.752987	-28.701196	19.973121	17.794850	16.402924
	-5.927471	6.832620	-9.997402	0.149584	-5.894198	-2.014991	-10.790514	19.427364	17.297598
	0.718982	-0.738284	-15.142434	-18.684394	1.388794	-18.758032	-37.026066	37.867417	-5.847788
	-21.517064	12.490268	-4.452322	-4.173728	12.662251	-7.762417	-16.480545	0.853393	-49.112402
	-36.905078	1.825638	6.172182	0.834484	3.545727	5.512384	-13.932987	24.306693	-30.491020
	8.724915	9.363819	-34.701799	-10.505588	2.398925	5.350215	-24.863662	26.475457	-21.909868
	-3.934159	10.170585	-40.627959	-11.476168	5.944225	4.950917	-28.897005	31.561698	-1.137672
	-8.762086	-9.417903	-29.717306	-20.309964	6.814086	-19.790934	-42.795608	13.045859	-17.263736
	-18.279453	-8.097145	-25.360799	-23.816185	-1.066946	5.973825	-52.923923	36.430664	-16.593757
	-14.860944	-3.447367	-23.570306	-28.266578	5.091201	-10.660429	-31.210172	17.801779	-25.835282
	-5.532205	-14.282514	-14.085264	-14.586953	-12.107322	1.279189	-56.233902	31.721966	-7.092463
	-44.884717	-1.979444	-9.510527	-20.164263	-17.312157	-9.948312	-83.803722	30.635067	-2.787124
	-21.889021	19.160763	8.524073	-14.506365	-29.249072	6.046414	-53.928937	31.560284	-3.681242
	-41.733094	15.853081	24.330876	-31.895190	-44.763855	9.449153	-87.229887	53.774526	-20.884003
	-34.264224	18.277935	12.756119	-34.034392	-30.395984	12.319087	-58.813525	29.197358	13.668986
	-39.285328	28.973842	0.142473	1.271308	-26.244978	-4.119463	-42.753210	36.085861	18.238410
	-21.891977	14.844899	2.398419	-8.260340	-45.047543	11.899894	-26.879023	55.438829	22.695247
	8.746830	7.443994	30.112056	11.146209	-15.982482	23.539081	-28.531649	41.366376	40.704823
	5.663588	-10.326967	53.449829	-4.361789	-16.794937	38.726117	-4.367793	27.434278	57.886143
	15.117478	-12.167802	43.610034	-36.387527	-7.474172	24.839727	-6.280603	48.186741	41.140015
	1.293228	-21.171800	31.783114	-33.177652	-4.028590	32.880734	-13.492403	-17.244117	58.559108
	-8.461510	-10.895546	5.267017	-45.565646	38.130199	2.555705	-25.999153	-7.965120	31.850124
	-27.543492	-5.378364	11.368684	-46.970443	5.897938	5.363044	-61.909574	14.718116	29.690137
	-7.977397	4.027888	23.132893	-56.380003	16.056115	14.740778	-46.015689	25.486792	27.188280
	-14.730693	1.849838	13.585582	-31.523026	2.987580	7.784929	-52.651296	25.950968	27.496636
	-20.502261	26.678742	-1.233632	-33.658234	-18.174180	3.129602	-35.617791	29.669052	6.825785
	-53.148672	34.399470	11.218491	-17.830248	-38.819884	-4.456619	-28.499794	23.664344	-8.805295
	-25.323620	-2.136755	-12.799022	-59.251825	-26.890041	7.690473	-50.539766	46.510447	15.223758
	-15.132865	18.747002	-24.632335	-51.993560	-11.028643	2.220859	-60.239502	33.457611	-23.496629
	2.794679	-0.317249	-41.359228	-38.058565	34.526859	3.170630	-53.728958	2.118205	11.437905
	-5.433213	9.128307	-45.093129	-45.092726	-11.904793	-22.598473	-53.935414	27.245103	-21.299730
	-9.284163	-3.914929	1.597318	-30.805924	-65.577470	7.024152	-106.200258	27.554636	19.952856
	-43.175466	3.028965	10.716876	-8.697297	-80.781045	-27.207470	-30.382516	32.388604	5.381425
	-17.555110	-30.576803	22.151605	-62.033414	-112.932317	-11.798460	-106.074744	43.234508	10.620625
	-22.513076	-0.871597	36.728826	-5.787602	-107.804071	-5.219323	-65.489568	70.521484	-15.812520
	0.132294	3.365322	41.554224	17.045353	-92.356357	-6.997318	-27.906828	59.307687	-16.731227
	-20.161726	5.189106	93.672329	-40.772641	-70.894172	8.419270	-63.574633	28.384840	11.383641
	26.701645	-10.052273	72.498856	-10.966104	-46.994317	31.910755	-31.097213	45.553124	27.354390
	10.818360	-13.199368	62.690440	-7.468938	-5.824289	36.945571	8.538630	30.223090	22.673579
	21.854874	-10.613577	19.440431	-5.929477	-26.994521	43.646539	-13.026637	17.260519	47.087242
	24.908774	-7.326203	-27.678964	10.247128	2.223611	36.840868	5.472603	56.123692	27.595124
	32.370979	3.194120	3.098592	14.808434	18.855084	35.978421	3.442571	16.224982	42.034228
	22.118768	12.147415	5.569389	-0.033102	-8.828244	25.178541	-14.332927	43.555187	41.200747
	43.557958	4.458797	-4.099147	16.138353	24.386267	18.587200	28.630201	17.111805	67.423665
	65.397129	18.109338	-10.761376	46.657680	39.513295	25.589065	53.230444	40.155587	40.881461
	49.213745	20.755227	-14.133211	33.370731	30.258395	18.021429	29.562579	52.348774	26.318144
	17.104349	12.232643	14.168527	36.528383	27.180128	6.314846	23.154183	21.851280	38.343305
	23.207589	-1.025754	10.265429	9.265832	47.457645	-9.179319	25.760736	-15.918734	10.380325
	22.353599	-0.711018	-32.858831	6.026887	47.676999	-23.902616	-12.752642	-27.198850	-2.476501
	4.955444	-7.058104	-72.796137	-18.970466	43.974756	-29.779621	2.316860	-36.654150	-55.404184
	-5.270965	-26.960209	-61.335393	-23.224546	27.965216	-30.224332	-6.532565	-17.431940	-25.592665
	-6.272042	-10.026429	-52.533686	0.980535	10.640412	-23.924174	-7.817390	-2.869437	-25.941250
	6.359606	-30.354126	13.642161	-18.416917	-8.568354	-0.163838	-17.316811	-21.705729	6.962155
	4.490705	-5.834937	-13.497357	28.075556	-26.952419	9.039567	6.980909	34.491292	-22.496607
	14.507751	-20.842839	-20.665435	3.590582	-19.310960	-20.474321	-19.996582	27.732816	2.706968
	-22.251479	-34.002650	-15.619533	-17.819540	7.728250	8.508454	-45.414687	-33.721519	20.332906
	0.895012	-13.099845	-74.585198	-30.087349	34.758305	-28.489394	-36.905660	-17.367700	-12.119986
	25.295833	-33.246233	-53.586941	-36.448495	30.113239	-10.106231	-24.690941	-14.597253	-3.410702
	19.818394	-33.308276	-37.169639	-34.298270	58.303669	-22.518629	-10.721725	-42.221203	8.052443
	23.932146	-34.174909	-21.485822	-49.907726	53.409962	-27.154533	-0.891458	-34.396213	21.373356
	3.383068	-39.324692	-13.234579	-45.173092	22.998681	-17.775545	-25.343674	-48.974345	0.229532
	1.609497	-35.085576	-48.052146	-36.789537	47.131810	2.226154	-22.656608	-73.283153	-52.336691
	30.583258	-24.354243	-54.477422	-44.551306	66.678353	-7.712863	-22.979866	-37.168077	-24.566853
	18.575576	-36.771613	-76.943108	-47.175456	55.722499	-23.250932	-13.580281	-51.458016	-27.784192
	2.572589	-12.536013	-41.711448	-45.247762	34.086230	-18.441309	-18.958843	-43.753086	-0.132046
	25.339754	-4.631809	-64.654878	-32.175316	73.397674	6.112767	12.741418	-4.792134	2.219293
	44.140463	-21.681562	-32.603586	3.103779	21.964380	1.852944	25.254681	7.136751	-13.196087
	70.107888	-7.039106	-36.618386	6.290159	9.099866	27.304568	23.256972	18.985798	18.291415
	28.196427	2.076694	-36.441013	18.902154	15.326023	23.176020	32.512667	22.361845	-13.714560
	36.181232	12.665111	-31.507248	18.906160	7.285371	31.878330	-1.107387	3.498029	-25.179067
	13.084803	21.736844	-24.788774	-4.287716	0.586950	9.496427	-8.185423	22.068055	-37.783922
	12.586960	38.036593	-60.119714	12.513973	27.060969	6.655684	-0.206468	0.310035	-28.839926
	-5.127780	15.328840	-40.461003	-18.861709	5.204824	12.383436	-22.478713	3.569214	-51.983336
	24.515732	-6.099331	-15.287398	-36.247479	-2.823306	2.337125	-31.299480	5.077062	-19.636968
	18.906803	-25.792944	-16.892805	-7.843340	-12.792288	18.320365	-29.401301	19.476606	41.320342
	29.862316	-43.291644	3.379032	-25.379159	-4.029926	35.292808	12.855487	-34.651213	24.348686
	13.182966	-59.468233	42.015147	-27.904127	33.076025	12.274876	18.274798	-18.905097	50.227356
	5.712227	-82.722963	36.589713	-30.340874	20.777526	10.274031	-12.485346	-51.567139	40.157343
	25.747159	-56.030811	55.576220	-41.362845	11.982812	1.856022	-35.189974	-66.173918	26.176885
	11.018707	-65.627516	31.794566	-25.311559	15.441739	3.153471	-26.006992	-61.705394	-16.962290
	6.629575	-47.206201	-4.769134	-22.217842	-16.316558	-1.955093	-28.141962	-22.468318	1.517218
	7.375924	-45.481326	-30.757348	-33.002099	-40.642530	10.120425	-35.136017	-36.444972	-32.024560
	-24.341336	-55.448831	-21.024484	-27.201328	-54.142736	34.252532	-31.723321	4.194202	28.406286
	15.125059	-39.711085	-54.606467	-35.840429	-62.282849	29.814946	-46.100402	-5.840128	12.140172
	-16.530223	-52.194042	-33.250728	-9.285354	-67.721228	11.089080	-62.113745	4.129227	-5.888737
	-18.080022	-55.366108	-16.424716	-35.646543	-61.513231	-3.985544	-65.345030	8.472601	8.737675
	-3.445900	-48.290075	12.758943	-26.766441	-43.738153	-3.907537	-20.184157	-8.017888	36.529827
	12.636479	-29.880350	9.297178	-10.656892	-41.127918	12.736918	-16.878228	-36.609694	27.565360
	10.685645	-50.796103	41.560961	-47.051590	-34.728601	1.076044	-25.432721	-15.538441	51.364090
	19.266510	-62.713709	47.480885	-36.748189	-27.738561	9.742416	-29.948596	-32.021381	57.725643
	46.537984	-60.844931	75.987006	-16.601657	-52.944803	22.313213	5.564752	-29.442392	68.801161
	7.911118	-51.678849	108.986925	18.558284	-63.428918	20.994712	15.219687	-7.208655	57.521988
	9.819036	-41.827773	106.601522	12.633992	-62.571993	30.242613	24.711664	0.679555	43.833983
	-5.486959	-13.481162	97.900853	45.738356	-55.940366	21.371914	4.268111	-6.298914	24.460253
	-1.364461	-17.175366	78.902054	18.808462	-29.264450	28.990500	16.108488	5.173642	36.598100
	-10.974688	5.420947	85.895220	38.484688	-15.618230	8.453615	26.799602	17.405127	-3.716421
	-3.641885	21.986878	74.957558	40.335967	-4.013305	28.441556	20.712790	5.086654	20.256481
	-26.352504	21.646588	96.358424	18.302680	-7.870711	29.720526	3.603494	-14.912575	3.352302
	-55.339557	39.715064	87.219258	19.024891	-7.979209	6.156143	-9.016012	-6.888327	37.731818
	-38.465484	32.653355	45.643665	21.563407	-26.028643	-4.546385	-7.336149	17.411642	9.787494
	-51.274459	18.938328	45.922467	29.692560	9.583275	-0.539128	10.514339	1.611961	28.739933
	-49.884753	40.438020	-12.798295	47.675361	-13.461499	-6.772391	23.568137	20.664122	1.731034
	-42.951498	33.545158	5.214555	29.996823	-23.731426	-10.762896	19.436363	-13.553324	5.104612
	-13.863317	46.638794	0.678746	27.725976	-30.988832	13.620770	-0.704704	27.252979	-7.722664
	-7.961397	39.194406	44.347245	26.176481	-12.655639	26.404863	9.023254	47.736115	-16.077876
	-4.985720	40.461165	29.654106	47.674244	-3.875122	-9.487870	24.141089	11.999808	-1.834786
	-20.596308	35.918500	37.897558	31.188526	6.385023	-19.606060	18.951878	-0.881930	-11.214796
	3.268060	37.048176	73.974450	27.913586	8.587434	-16.100772	37.772343	-21.054142	9.832493
	-2.531543	19.060346	56.818676	41.861915	-10.445578	-23.464677	54.835923	-35.384289	36.444477
	6.822993	26.342656	75.461329	5.391983	9.560219	-1.352920	3.530778	-22.240102	42.365350
	-11.169329	18.550972	97.326281	-5.395906	-13.364213	-8.763933	-12.216990	-24.054545	-2.033043
	-20.450695	30.572295	62.195131	-7.829981	-32.562552	-19.951113	9.242332	-11.801542	4.226439
	-9.446968	32.296887	41.659710	-0.165045	11.379187	-14.691686	14.489262	-16.201913	1.012501
	-32.754194	29.864559	32.791273	-17.339705	-21.700785	-25.905605	-13.665811	6.319714	-31.118008
	-47.934055	49.170744	-0.968040	8.508611	0.141093	-39.929980	-8.311367	7.982659	-32.642758
	-28.998347	48.380755	-3.664015	29.145457	18.657492	-39.248854	15.385360	-9.405704	-22.910350
	-44.379236	37.926430	19.938797	15.297093	21.633632	-31.538491	20.925870	-36.035614	20.064598
	5.933529	33.760595	-10.384292	-5.832238	25.733888	0.201397	14.673548	-37.331256	-10.747305
	-25.334096	31.038151	-42.968223	37.428901	13.132491	-9.783179	16.831910	-11.658466	-38.110192
	-5.375239	53.478383	-35.954065	34.306628	7.127873	-5.457231	22.596530	-18.814683	-51.850000
	-16.819340	47.603291	-40.825086	41.855783	-1.695768	-11.714886	27.369944	-15.733776	-70.160447
	-21.360310	50.208383	-38.519830	48.480851	-25.939410	-10.724920	18.879773	17.813353	-57.367491
	-27.727136	62.316946	-25.610688	31.369228	-37.533364	-11.760357	15.828837	13.201212	-60.076833
	-10.850532	58.849249	19.264451	55.346465	-5.180212	6.580516	56.440686	19.039230	-37.337396
	0.655608	57.825647	26.652622	66.337154	-28.470844	4.923698	69.601284	45.273195	-29.491450
	-14.009364	67.153017	69.174035	91.090419	-27.879852	-6.932590	75.152106	28.757346	-18.908222
	-1.907256	52.035347	48.917230	69.682443	-13.951576	9.566406	116.009034	-2.079370	-21.523965
	1.377870	51.494250	0.582818	91.146621	-6.848247	2.907725	94.873109	34.780596	-36.757696
	-14.314338	57.265070	-3.707666	68.622886	-1.881761	-12.458676	56.411257	39.026550	-32.232033
	-2.169384	37.494889	1.997083	63.690269	-34.771326	-1.779997	71.249297	8.757911	-4.364266
	0.626356	40.481449	-42.792786	41.681747	-20.707905	-6.187119	36.321877	25.737995	-21.075126
	13.678461	15.940128	-0.141735	38.216924	-14.621815	1.501722	55.621611	31.612331	15.895963
	3.021684	2.563224	-10.555928	0.210931	-21.827532	-1.608015	51.120308	-15.276748	-0.505146
	5.123196	-7.822067	-23.271240	13.409161	-22.966890	4.184930	19.139724	-13.863240	1.694053
	4.087677	-16.590502	-24.439671	8.513135	7.779079	2.531004	23.405390	2.983043	12.386470
	3.462536	-22.422551	-2.538330	-27.617736	13.563861	-0.249601	-3.274843	-13.114672	6.091705
	-21.070873	-4.677978	-89.424514	31.480308	6.081945	2.163557	21.339924	-5.607062	-45.696204
	-40.008079	46.969132	-60.422956	98.597029	-31.380210	2.402834	34.193236	17.170745	-50.050078
	-22.995779	43.022682	-58.645942	76.251382	-30.505388	41.187216	63.008666	29.285845	-40.589712
	-26.223109	26.694583	-27.841374	52.290739	-85.906558	39.781571	18.941564	-19.766288	-46.837439
	-40.430568	45.539576	29.113791	8.160901	-42.379991	26.372683	-28.485963	19.575856	13.427671
	-62.054777	30.337624	-1.862092	-9.753923	-48.174265	8.209337	-44.708317	-26.648690	-41.065193
	-25.935052	12.735281	-15.687921	2.045113	19.476177	-5.142155	1.927531	-23.324139	1.830951
	-9.555085	2.447140	26.051892	-6.677953	-20.865003	2.200095	0.665975	-0.803450	28.490333
	-14.048213	14.962130	44.124679	-3.164680	-48.156264	9.594237	-10.311326	-6.502566	-10.070165
	-33.501518	14.974892	27.476232	-25.196869	-81.159200	-5.295067	-18.251707	-17.080731	-44.496830
	-48.328211	10.415209	-23.367316	-17.982816	-66.922986	-8.599284	-45.230746	-13.420585	-27.327078
	-59.609067	-8.915643	-22.069422	-26.468781	-84.920417	-35.023350	-77.535091	1.095852	-54.361857
	-46.171050	-10.408989	-49.214014	-20.425221	-27.248399	-46.258934	-22.790167	-33.705619	-4.722827
	-11.431513	-31.016462	-26.463728	-19.707029	27.609583	-26.145581	-3.249470	-28.965953	5.770010
	23.091510	-38.540713	-6.601846	8.961068	16.170796	-27.852721	18.189038	-42.158862	29.232972
	1.226153	-14.541396	-28.069237	35.962082	4.218577	-43.987712	34.384859	-55.827202	-6.995196
	15.363305	-7.910543	8.426527	26.122605	45.884621	-23.714596	47.738441	-31.262884	14.026266
	4.255791	3.754218	-73.040404	26.496798	47.216988	-30.046992	47.672655	-6.151515	-6.204275
	29.748234	13.420042	-30.840857	28.985015	51.993256	-13.111157	58.308000	-14.835717	25.234018
	26.884380	7.847492	-23.341453	56.996688	51.775115	-15.175917	64.417927	-36.630501	34.324136
	35.190895	-0.340673	-29.685350	44.204240	37.362699	-12.449896	56.336104	0.390393	-6.008819
	37.161125	-14.300685	-16.756361	34.902007	43.142899	3.846048	39.681950	-13.090020	27.504714
	20.300466	8.975978	-40.388533	44.220318	39.801046	-15.703946	66.281904	-30.515246	3.136069
	45.877110	2.880451	-81.996727	59.323104	37.928610	-21.242753	30.295840	5.895382	-33.104108
	24.593677	-8.085097	-81.581489	18.266100	39.968391	-8.763704	39.105102	7.185998	1.546859
	35.745934	-9.274656	-95.527941	29.162869	29.888047	-2.689928	27.214198	14.218962	9.553512
	54.660086	-29.556046	-81.203833	-5.682343	43.395166	14.097194	-7.946153	12.233188	-21.970340
	19.192598	-45.709333	-71.006710	-6.612319	68.612159	11.477223	-3.902853	10.547314	15.989081
	46.077005	-40.093294	-36.816914	18.449964	65.914984	15.196503	7.731744	-20.246797	-2.907937
	31.783929	-46.190014	-56.176371	3.993843	73.884055	-3.425659	16.074832	-14.760808	2.016546
	30.208001	-49.148351	-38.620803	-12.791616	87.244369	-5.769415	18.647706	5.343960	37.112263
	35.430285	-54.735572	-27.830449	-3.646123	51.161942	-19.068497	17.882247	-36.784269	40.339076
	43.501721	-65.113748	-32.022736	-12.158457	24.460273	-12.834549	24.754826	-25.327985	6.706234
	32.038319	-61.538205	-54.300573	-10.575211	26.023180	-20.062841	7.049209	-24.684940	-10.575514
	32.504090	-34.534421	-58.443394	-22.037203	39.711339	-6.885179	41.122611	-18.796140	21.530276
	46.724714	-37.265049	-64.274800	-10.580855	71.204167	2.431496	17.080687	-14.460173	7.557459
	50.379168	-37.977287	-25.038071	-8.360307	66.234841	8.377443	12.539953	-27.921715	-15.809832
	27.017777	-41.922339	-46.370159	-7.659871	38.387725	5.692608	20.044924	-13.160205	23.269898
	18.631810	-46.899187	-38.583138	-33.590426	35.659922	19.169695	-6.367316	-13.820200	16.271569
	25.119137	-73.706074	-30.944460	-40.150226	49.292240	36.370477	-31.400965	-37.485276	25.611367
	35.321288	-44.653523	-33.249908	-52.864553	60.290547	29.560437	2.280390	-24.919857	34.785905
	34.283790	-43.646016	-24.146440	-53.581333	71.410001	24.574049	-21.489984	-25.333539	33.849736
	12.223872	-36.379839	-10.032850	-45.925332	65.954881	-8.985124	-3.540627	-31.443791	23.047923
	4.914383	-32.248217	-3.072369	-36.079473	80.297248	11.702990	-11.310445	-53.204865	20.324858
	12.073430	-43.538787	1.346193	-51.960307	63.174657	-10.546310	-32.112361	-35.771979	-8.234670
	33.629354	-52.263549	-14.610296	-36.550968	59.055778	-15.424010	-14.929097	-42.068734	-22.453072
	40.066945	-26.553734	-51.375974	-18.708881	69.062571	-10.791121	7.207170	-36.436877	-33.159764
	16.412405	-38.791280	-62.802553	-21.197405	36.775314	-5.238106	-0.733630	-37.962965	-23.482133
	44.957419	-30.665719	-55.919945	-28.299240	23.269688	-4.256275	2.344372	4.814570	-17.922130
	11.127921	-37.040163	-20.992449	-38.477740	22.729596	-12.282114	-27.531423	-3.151427	-16.758178
	1.286993	-43.552236	-49.191368	-50.539656	54.403416	3.106837	-45.876794	10.630670	21.171532
	-20.415634	-39.370585	-12.926910	-66.967636	18.810980	-6.740245	-74.123007	-40.940541	19.826827
	-30.738464	-47.101335	27.010009	-70.382565	16.016979	-6.096158	-56.393721	-38.209159	-17.317173
	-5.779009	-29.852100	-20.383903	-70.279113	14.514266	13.761042	-59.183827	-24.890881	-14.208575
	-10.658382	-36.018365	-30.729617	-72.196656	18.811955	-7.339054	-66.927336	-28.735184	-11.572157
	-20.755946	-23.439195	-25.018157	-64.770841	38.551821	-10.158416	-41.812770	-24.096868	-18.154800
	-0.010860	-23.845561	-19.677409	-58.883497	33.231666	-6.220603	-37.467296	4.088166	-5.774340
	7.472146	-13.819957	-13.316526	-39.575438	10.087685	-11.604821	-30.368836	9.024159	4.671897
	-19.451584	4.284991	-8.193361	-39.078085	6.742472	-2.824525	-42.536197	-3.578741	24.824513
	-16.855864	-0.656074	-2.344323	-4.727284	9.270113	6.471101	-49.157339	36.914142	8.165409
	-27.890226	12.007571	-31.028640	-6.759440	-31.254433	1.065534	-57.635313	51.390018	-40.775913
	-19.004310	21.514823	-6.509584	10.740133	-16.949802	-8.529330	-45.812681	63.967775	-10.036890
	-18.127229	36.075802	-25.862801	20.264712	-35.279803	0.287354	-8.109132	55.505647	8.219705
	-38.881629	55.805127	1.087002	51.128236	-46.579120	8.314823	-15.019568	87.223277	-8.314126
	-14.169034	61.895911	-12.891203	40.572545	-58.493657	13.410526	16.842030	51.704988	22.606880
	-34.325293	62.739668	29.697931	42.964366	-48.121627	27.434161	27.505252	46.280343	-5.461673
	-0.243290	76.129935	31.157356	59.612289	-31.254276	33.471941	31.595856	41.809764	-16.457464
	5.714093	69.750877	8.657774	55.135457	-16.457775	8.403229	58.202465	50.527429	12.072234
	10.414117	41.609921	19.415296	37.602681	9.115100	13.738830	59.646283	30.018960	-9.583121
	24.656042	34.407208	6.722099	39.320086	12.243352	4.222410	63.352088	8.006172	-14.246690
	-15.238056	8.348946	-12.543550	20.269845	-10.423990	-15.821269	44.480661	-10.623137	-3.411866
	3.118649	-3.971464	-13.932192	38.761594	16.777461	-5.580756	45.858199	12.524768	-18.050761
	30.004108	-12.054798	0.739685	20.606436	5.951672	-1.064603	23.451240	-8.821188	-11.682369
	7.916189	-17.197443	35.515617	20.986508	2.605398	1.473977	33.958330	8.954504	39.426455
	29.318780	-35.661155	44.356632	10.105402	39.440438	12.664013	15.435199	-12.370060	18.330917
	13.111784	-1.557939	18.155305	18.142104	78.380489	-2.153925	23.548885	10.181166	25.861221
	43.491649	-4.141504	24.653775	9.721669	70.555169	-13.305265	7.407113	-25.829145	38.772090
	41.365081	-9.924601	29.016914	-8.593518	63.328641	-10.809921	20.325740	-23.704752	8.926652
	-5.806388	-12.496990	33.728448	-8.144735	46.451549	-19.754762	2.385882	-18.887135	-3.369885
	3.186827	-9.887182	55.887620	-3.465990	1.523709	-11.495155	4.679219	-35.104882	37.703371
	3.912801	-29.572538	70.939582	-22.757854	-29.699517	-22.579179	4.367879	14.320595	37.581901
	-30.786105	-25.462757	99.929234	-14.054693	-40.037073	-17.538804	-20.869955	3.363632	16.236632
	-17.256590	-10.130349	119.499318	-32.910638	-35.831804	-4.358107	-12.389691	8.815388	19.822335
	-42.241847	-0.478273	113.610187	-38.589647	-44.018371	-0.582616	-11.779876	-5.097849	27.524759
	-25.471077	16.043059	77.234614	-31.408681	-46.629600	-5.035946	-36.905559	4.002664	-2.977243
	-26.417205	29.421288	81.180404	-31.559947	-2.050312	-34.346615	-25.620991	-10.378309	10.846983
	-33.554787	29.613572	71.859817	-27.602108	27.234035	-24.793522	-43.889710	9.007638	-8.545392
	-37.325680	32.498323	63.089332	-38.102647	53.869061	-7.153632	-20.105644	5.445562	29.379899
	-23.436773	14.051779	13.751409	-47.334023	54.586607	-21.667927	-43.521861	1.237075	-5.129171
	-39.824985	8.640582	-0.439448	-77.992553	46.713825	-15.404435	-77.207721	-1.007045	-23.127972
	-10.078743	3.663170	-15.121374	-49.919165	30.760875	-1.389216	-63.203704	-4.101906	-12.824606
	-33.111808	8.143822	-17.868182	-51.058563	41.264658	-20.250252	-55.352270	29.711831	-35.881122
	-48.496737	27.372057	-1.163919	-49.166403	-28.136006	-7.789573	-58.250435	19.183451	-38.436826
	-20.527760	18.249726	6.350752	-31.066644	-94.867881	9.487493	-82.983973	60.011271	-31.828254
	-33.960980	13.093741	12.491664	-31.996345	-105.670472	-3.363538	-81.555779	19.953172	-6.635047
	-8.751077	18.597537	2.745052	-23.673598	-67.870957	21.334543	-74.959832	32.522774	-22.904966
	-9.011640	15.209157	10.006989	-37.590385	-73.265759	11.276418	-58.617632	25.872958	-33.402986
	-30.180068	15.699335	-13.598297	-34.336456	-78.061732	-3.970496	-72.954904	28.840017	6.556391
	-35.512904	28.785976	23.364091	-5.671407	-70.331714	9.905516	-41.551148	28.953270	-17.925487
	-38.181453	22.675686	31.788021	-30.301494	-81.043822	29.996272	-71.232935	40.803935	-14.326616
	-12.188123	23.331667	49.435157	-21.326743	-101.180942	14.373017	-73.853514	56.153206	1.245736
	-27.679136	32.685152	7.280552	-28.421080	-66.711090	10.932074	-59.978410	57.369973	-27.147591
	-53.736753	28.214885	-11.767862	-25.886334	-56.173624	-1.188780	-84.065884	33.759710	-10.605767
	9.714204	35.308229	-15.545778	-31.840662	-59.822585	-11.366597	-67.926375	12.445706	-30.421954
	-27.697608	33.330964	2.593095	10.305650	-73.651840	13.680937	-43.779806	43.633615	-2.749024
	-8.170465	45.149075	-14.757125	-10.347277	-56.367776	1.547503	-48.085144	21.057499	-6.816236
	-3.205936	31.015991	-33.114548	11.912191	-49.615417	21.113523	-57.924673	43.161105	7.133600
	-19.708564	42.727629	-0.393101	3.963928	-91.879016	23.551279	-40.428734	40.376954	5.249016
	-3.501300	43.988124	-10.280715	20.428037	-47.890301	5.119071	-57.786263	57.522398	-21.056037
	-23.793762	40.884604	5.942400	-10.805669	-60.313712	-5.083392	-49.166300	32.971783	-19.095953
	-0.946057	35.507275	20.040108	-8.181776	-57.085831	0.644730	-72.667613	33.096576	0.135935
	-10.104976	46.297498	24.735596	-8.909785	-31.700746	9.267340	-40.178325	25.012345	29.303813
	26.931201	14.478751	64.683900	-37.778878	-27.908726	22.118077	-32.779027	9.221115	71.137604
	1.761901	13.362650	67.081949	-22.107342	2.725192	18.045903	-11.520591	5.819514	62.830400
	-28.186137	18.947314	68.949717	-43.705067	18.968698	27.136938	-1.860653	2.757510	51.427810
	-22.431749	-10.696004	73.417231	-64.414812	54.300075	3.087207	-32.369213	-56.762356	38.095990
	-23.958657	-29.918198	84.502830	-77.612413	68.007718	13.915273	-28.498413	-54.682551	31.618783
	-24.197061	-39.871548	91.136287	-82.130097	76.124287	7.822867	-51.257455	-67.765025	71.862152
	-33.290016	-31.771987	77.493971	-77.013827	99.158389	-12.957468	-54.754206	-93.862026	72.877257
	-42.486689	-40.689764	105.445039	-67.148035	88.425314	9.532612	-35.586516	-95.249629	43.576205
	-24.490817	-34.557168	100.524408	-60.109886	90.430484	-6.122880	-5.043133	-80.542943	63.973322
	-18.244368	-17.372066	120.774053	-55.451668	94.075495	0.704469	-6.193466	-86.816780	62.933726
	-7.981129	-14.343788	108.636301	-20.256144	80.485883	-8.356211	40.250782	-75.517038	58.249485
	0.445860	-5.767594	140.389709	-5.333841	49.519769	10.479004	25.836482	-47.897761	6.999449
	-0.250366	18.025867	75.353791	-12.713249	26.461569	13.078479	30.292234	-23.173950	27.055650
	15.139580	28.312981	36.002839	0.116176	-1.761812	29.963897	17.307579	-11.835204	14.613504
	2.474193	30.796591	47.069818	-16.521459	8.422126	7.950292	7.646809	-2.366335	-2.148583
	22.238959	46.312845	59.923548	-18.163233	8.563775	23.533796	19.607805	-29.109533	23.470949
	18.925909	22.372188	71.890170	-17.803179	-6.547838	33.700407	-2.118908	-0.221252	41.083326
	4.485099	15.911976	37.911672	-27.072281	-18.308390	22.723101	-28.447120	24.050402	10.038893
	25.208328	14.620019	0.332982	2.560008	3.176394	-14.456554	-9.866433	-13.919534	-15.583659
	-6.602453	15.330965	-14.490990	0.975507	-30.224961	-8.428485	14.577673	37.567719	-10.774434
	-10.099008	24.058279	-48.446542	6.265187	-28.820276	-30.551481	-22.211801	24.781667	-75.100436
	-23.649933	40.857992	-84.399950	11.937832	-24.388691	-41.880999	-16.575800	56.878759	-77.694306
	-25.260080	25.104534	-60.807299	13.842816	-27.116583	-36.044509	-11.872082	27.737996	-53.255772
	-3.380146	38.350253	-55.233130	-20.146776	-20.669889	-45.461924	-29.340905	6.522985	-62.691673
	-18.043981	37.866270	-60.870860	30.505172	13.173968	-33.124901	-2.796704	3.186570	-89.626525
	-16.376981	27.662682	-12.143273	5.594914	0.861241	-46.087527	-31.636126	7.663201	-67.080737
	-30.812812	33.759402	-75.158193	4.194410	24.929008	-54.798657	-7.910207	-2.480849	-91.732617
	-22.505805	17.888760	-65.547819	-10.351176	0.634340	-58.595785	-11.122210	14.722990	-75.838914
	10.477380	-12.598847	-48.946981	3.247396	-13.878564	-27.789808	3.965475	-5.740441	-31.502474
	27.138993	-12.251830	-10.096874	11.808024	-23.245150	-30.758673	44.164895	-31.540949	11.897280
	37.098473	-24.670931	6.728444	14.126643	-19.083797	-31.612232	51.839659	-4.908672	-2.005574
	5.416548	-22.282548	-30.705908	32.076847	-45.006664	-18.154651	30.696725	12.045515	-12.667005
	11.587144	-3.155989	-37.881246	49.495167	-49.096220	9.258681	73.451844	-0.660085	-32.253974
	-0.628954	26.455620	-85.379265	44.801825	-26.951272	-19.944281	16.613783	32.705385	-55.817536
	-16.551495	39.780590	-77.366174	33.402039	-22.302963	-17.253017	27.202367	47.196749	-95.166333
	-28.379268	45.192435	-90.422654	53.026942	-28.823735	-21.540183	23.451665	38.995151	-99.144255
	-41.096946	38.709669	-63.229060	54.875538	-32.153728	-38.772241	13.418472	35.497544	-92.066476
	-13.357130	25.494297	-37.304777	26.974557	-33.570952	-32.043162	-7.862211	34.287705	-45.404808
	-5.343068	1.031932	-5.313027	43.552980	-38.838990	-5.611084	24.711331	56.558187	3.780388
	-4.863379	-24.108228	50.326502	26.714738	-47.602718	14.000546	14.608244	53.243799	11.063527
	0.687471	-9.235295	65.575958	60.810232	-42.277919	10.205618	32.138262	14.214921	38.811410
	-20.226278	-2.559478	34.453292	30.556605	-11.321706	-5.565770	37.774252	50.996287	15.220843
	-29.441069	11.720225	26.541250	54.345072	-38.920341	2.337037	37.006877	17.414571	15.620977
	-8.058512	28.441112	58.166215	34.307145	-45.225548	10.190739	35.205978	-6.494699	21.208514
	34.521307	28.848191	49.160167	23.482114	-17.450780	3.754337	28.050959	9.362958	22.702980
	9.257958	26.370156	30.951268	35.953303	-33.655367	1.557200	28.730000	29.441246	0.171898
	-5.751709	50.637637	32.897712	73.405250	-24.302557	3.442906	40.595002	16.285693	-13.057643
	-11.739493	32.387933	40.913544	56.057687	-19.208348	2.417424	19.153314	20.820899	3.182675
	-19.013821	49.470766	82.459867	53.703467	-53.235739	9.161623	53.962203	7.893258	0.800097
	-32.737907	67.578210	90.069216	93.788755	-86.683356	-8.569321	64.919216	26.260107	-24.556063
	-31.246971	49.357466	48.688474	36.983548	-61.554166	21.131639	25.334632	31.020744	18.444711
	-54.456440	64.710625	13.319986	60.210523	-49.406605	-0.728656	34.033413	35.602679	-43.830819
	-56.475701	60.692458	-2.281678	50.766398	-25.527895	7.948084	43.465203	14.457761	-29.268252
	-40.445220	51.574751	6.171312	49.869000	-23.382708	-4.749696	32.319984	25.662578	-41.385195
	-21.292896	33.831538	6.949039	16.168782	-6.827053	24.728325	41.159701	-18.872916	-26.638970
	-10.200500	20.829218	3.403536	38.634522	-31.576251	16.196734	63.178444	-32.186579	-23.499210
	-25.926871	18.517804	-34.095891	32.658939	0.049943	1.365013	51.242449	2.720902	-47.396687
	-16.527410	1.809800	-36.714629	7.980023	-5.166046	-0.012544	18.915826	-25.372479	-29.304463
	-12.071446	-19.468764	-20.250654	5.787869	5.597832	-14.541581	2.192149	-36.281851	-37.934042
	-19.375475	-4.309692	14.739558	-20.616794	20.028111	-21.570146	-27.720973	-49.252076	30.762408
	-7.652226	-13.742940	-3.557476	-21.864792	34.793673	9.782065	-7.903532	-33.026423	30.090970
	-29.823151	-18.844499	-1.741362	-23.859263	31.388570	5.555828	22.310296	-75.433825	28.129863
	-9.205019	-18.572613	-8.827098	13.669116	7.115243	35.470653	20.656404	-47.213398	-0.663510
	10.757851	-16.047914	-1.081238	22.294999	13.943954	45.623597	18.314701	-20.120952	38.914781
	21.020608	-9.715917	22.942645	29.177644	-27.672266	84.096280	48.529659	-33.379431	38.637587
	19.441386	-21.097692	15.402785	-10.926490	-3.739079	79.496600	18.664449	-23.590485	27.737198
	32.302918	-31.181205	23.678260	-4.251214	-9.679884	71.208779	17.522006	-42.321595	42.051055
	35.483915	-53.249754	46.468224	-17.935279	-23.995011	64.127756	46.132120	-60.433917	67.149920
	28.573952	-50.201100	30.639140	-19.280633	7.674091	32.093895	46.283622	-32.039589	58.268925
	52.291929	-42.944031	15.616424	-7.188492	7.717945	23.078218	39.446254	-44.717183	47.402892
	44.913197	-59.577747	34.889523	-14.750121	42.684741	9.986439	32.932275	-66.989947	21.230165
	51.169832	-64.262134	48.254997	5.815140	18.486821	22.469075	60.015878	-45.932687	64.024034
	69.638763	-43.982436	54.430645	19.428980	24.954460	-14.260913	40.428033	-14.069324	59.207447
	1.185680	-26.884251	41.346361	26.114502	-12.135653	-13.866303	52.319946	10.208976	-8.573142
	-4.537822	-19.891924	19.342946	31.626938	-55.025786	-13.782444	-12.134250	29.776262	-6.538901
	-27.819744	2.002040	-37.237778	31.969576	-102.240435	-12.230670	-9.166724	63.825043	-48.119029
	-25.418667	12.395062	-37.535022	25.718348	-83.482968	-7.865538	-36.492167	14.959112	-45.091302
	-32.118197	17.460717	-26.601891	4.021156	-88.021898	-26.174268	-32.900681	29.617134	-52.674991
	-19.843882	10.194950	-5.449683	14.030299	-92.170773	-4.635199	-52.950693	24.510104	9.354804
	-22.381439	20.115921	-8.456748	17.321720	-40.238662	22.921633	-31.341327	43.698666	11.609502
	-12.580814	32.985220	-23.567564	24.250255	-67.412135	1.614421	-37.764495	30.039522	0.493250
	-1.405468	1.363888	23.201729	21.645964	-65.709070	16.458286	-46.887045	52.029463	9.038104
	-17.063209	21.587009	0.564869	14.398695	-55.083654	29.717230	-29.395956	38.629003	-7.393358
	12.491348	25.469816	23.011423	19.400415	-8.430106	4.805305	-15.657612	36.093032	2.506112
	23.034657	-3.240219	1.330982	-7.598181	7.251324	13.162326	-9.631020	41.588120	32.289622
	6.801417	-10.073852	8.503289	-11.231512	-1.754054	36.242804	-4.807892	-0.379643	38.397278
	13.303472	20.915713	-1.734672	-3.150961	15.582751	12.395311	12.412642	1.654337	10.906313
	18.739393	-0.110830	-27.424013	2.242073	-18.752118	16.597253	-6.811294	-7.824303	4.388388
	1.790207	11.546122	13.097725	7.771890	-0.945117	5.669941	18.927223	-27.114954	20.715289
	21.326377	-2.010524	14.685579	27.603039	6.266961	3.902846	46.083072	-11.273767	6.435323
	29.437439	-25.836911	52.124875	17.937382	-12.607437	1.224489	33.017044	-26.204423	42.454263
	-13.137242	-0.657726	2.241922	2.949934	-48.552904	-13.646041	-18.381901	-10.189673	-3.419234
	-34.456420	12.907665	-0.131420	19.824420	11.001924	9.796960	7.068210	-9.151510	10.723948
	20.879077	-5.488865	-9.214189	-6.956046	41.123218	-11.958172	-22.438864	4.765499	26.780753
	10.871208	5.592862	-26.468835	-9.882124	39.760003	-10.369622	-16.135022	-25.064262	-0.885713
	11.732382	-2.941808	50.828127	-21.593417	3.306446	-8.236809	-12.386096	0.440623	8.292857
	21.361624	-19.634936	37.986036	-28.684061	19.032558	9.322885	-32.101664	-4.314719	27.959553
	19.397293	-19.896120	23.759477	-14.918908	29.929089	-7.462636	0.323619	-34.047321	48.012250
	13.286907	-11.849572	22.308479	0.051828	9.140752	-0.549422	-13.186812	-30.742800	40.841419
	-0.861778	-22.283330	4.646287	11.990622	-20.172816	4.601960	2.469056	-7.904220	-6.504599
	-13.440082	2.046633	4.418961	6.117617	1.308646	-23.258609	6.435176	-6.848331	-23.505750
	-21.758284	1.995323	-28.318654	-0.479272	16.841036	-9.789094	6.216801	10.912806	-32.584094
	7.523023	18.769021	-43.073941	20.748881	8.293479	-11.452868	-3.731922	30.517661	-22.270747
	-8.289591	28.226867	-38.050801	36.825926	30.098611	-15.319976	44.949158	11.417448	-29.926473
	-2.304186	26.898137	-6.208391	36.822118	32.225582	-3.105473	24.024055	23.342832	-20.868400
	-7.411194	19.583226	-25.591255	24.901586	-14.437494	-10.807594	31.943374	35.712058	-2.073607
	-1.658947	12.592602	-6.750452	26.125148	-46.617345	-24.816942	4.724125	17.308108	-35.968897
	20.042378	2.618157	6.005866	10.631324	-59.586126	20.740657	26.922362	14.242777	-16.823440
	12.169885	-6.290031	-15.843304	-1.186270	-22.975615	1.192637	9.475724	36.896481	-18.100161
	11.231956	-19.608713	-11.092056	14.981489	-1.804739	9.903785	25.932332	-19.310987	-33.871951
	9.208041	3.900698	-21.971740	23.429721	31.530791	-4.811698	48.846885	21.324539	3.470081
	28.587333	15.619216	-5.473632	8.147748	23.769424	10.031739	18.548680	10.639649	-12.290871
	49.334609	-4.853750	3.612148	-4.628473	23.699401	0.061273	20.939438	-13.122943	21.125457
	26.411850	3.103676	-20.979022	-10.935833	7.327848	7.203597	6.671174	8.512326	12.628314
	24.484042	-3.824581	-15.292726	-5.851076	23.885905	26.281701	-35.291865	38.163469	19.427265
	50.381331	-26.525956	21.410279	-15.406183	24.354015	46.312255	-34.155235	11.401159	23.513050
	25.869414	-13.543550	2.835704	-30.237731	15.077493	50.250593	-31.360854	9.966429	20.465970
	20.871076	-7.091582	-26.631015	-24.623152	20.765324	26.979097	-18.373067	22.125923	35.822964
	15.195792	-6.644021	-7.968867	-21.433242	-13.244526	14.132838	-23.896318	17.593378	0.993646
	-3.004373	4.497215	-27.124423	21.732021	-11.666399	-4.641611	2.554302	20.781527	1.256573
	-11.943939	-1.429681	-52.487719	42.174524	-23.803119	-17.578623	-3.022661	29.805734	-10.883945
	-11.741335	7.816320	-35.318673	40.012279	-24.952551	-25.636337	-2.273929	34.740258	-38.868669
	-13.900226	19.064777	-33.886671	47.609734	-41.779614	-32.455877	14.513774	18.142204	-25.556254
	-34.601032	27.634972	-37.370852	48.240942	-16.408125	-1.098772	36.759100	29.436732	-26.982911
	-23.278611	27.524773	-29.232895	20.536430	-14.321559	-5.442313	-3.932131	-22.235298	-42.993296
	-21.279699	28.320342	-6.150054	21.660053	-13.739289	1.921003	-10.086724	-2.998979	-39.708673
	1.609302	39.356806	-23.595577	9.219100	-10.791081	10.961958	9.212622	3.478926	-7.783516
	-16.755712	21.893342	-15.270308	17.436297	5.477160	-17.423414	32.524318	9.228472	-2.677840
	-12.707223	11.216648	9.770235	23.415988	-5.062366	-21.960035	39.658493	-14.506149	-25.999786
	23.237210	9.441376	-2.733142	30.643349	-0.958678	-22.270729	36.715872	16.027922	-3.567404
	6.877519	-17.847342	0.175666	22.798304	17.342561	-13.734196	27.044392	-11.048581	-1.045158
	5.244110	-22.876869	40.754760	6.532098	4.710250	1.838139	54.269879	-19.955774	34.738874
	11.338992	-29.082845	-0.763323	22.940682	-24.606353	-12.914034	50.011520	5.572356	0.387626
	37.918726	-37.903374	-27.821661	-34.848068	52.023224	9.194494	-5.950729	25.835064	37.922572
	40.289426	-43.426374	-29.180401	-23.792249	23.207242	-8.871258	-9.098562	13.954573	20.890537
	20.932803	-48.328033	-54.969218	-12.295492	44.492923	5.279140	-21.548372	10.092633	21.414312
	36.428129	-39.457117	-59.260987	10.772015	58.339443	-8.620052	33.930290	-8.841900	4.754339
	9.871892	-40.128458	-53.605073	-18.700408	69.306190	-5.401497	-1.731119	-36.441686	4.149199
	48.306567	-42.548177	-24.701447	-10.316611	66.291133	-1.359176	2.253356	-18.065833	22.691149
	28.025186	-82.616377	-13.359660	-47.302970	59.720340	23.112117	15.420784	-19.922293	62.548065
	11.953845	-43.975302	-30.715531	-22.460120	49.837240	-21.294875	10.719726	-21.451691	33.995194
	37.020099	-53.131700	-47.325692	-2.938209	72.769629	10.303743	58.792639	19.711240	41.811584
	49.772809	-29.597021	-38.920830	15.395092	64.079436	22.746246	61.350111	0.225608	62.703524
	48.089280	-36.190114	-48.727849	11.440222	93.264820	-3.128192	57.054701	-12.484082	51.934650
	59.686919	-34.211281	-53.560767	14.252976	79.202097	-11.921478	69.178609	-4.033999	18.125530
	35.917245	-19.484859	-46.685478	14.732730	45.609543	-21.440368	42.939782	-9.137095	4.695417
	6.423354	-15.978422	1.735722	6.442866	-23.442086	-38.200786	38.811621	-21.683397	-11.151273
	-11.359919	-6.343630	-19.155102	11.941128	0.548476	-20.274032	9.435080	12.725979	-22.634634
	-24.787290	2.119206	-44.746710	2.427769	-26.440451	-61.138021	-11.406032	-15.080874	-70.591652
	-48.975183	12.494896	20.730062	10.672013	-42.546108	-19.556090	6.419825	-10.048137	-8.994509
	-39.699190	17.086180	21.635049	-4.441470	-2.888591	-39.403331	1.620269	-19.859174	-21.012377
	-16.482825	20.096805	44.992957	-22.694962	25.039450	-21.407028	6.162781	-23.482333	16.285514
	-9.001553	39.332657	58.495984	-12.118779	45.051551	-14.919487	30.925553	-59.780875	12.351308
	2.284632	35.973964	14.623760	7.220309	33.074633	-23.700914	41.060285	-41.251389	-17.559966
	-14.651337	13.557994	-0.503329	-17.196304	20.467245	-15.407725	-9.184266	-35.466494	-6.344367
	-0.321808	22.624142	-8.337197	-0.833876	-16.844678	-32.881390	4.317248	-40.593769	-36.180292
	-0.828903	19.917220	-0.167997	-26.949210	17.504329	-23.274647	-20.289536	-31.090065	-19.733546
	-13.188144	1.007563	20.372370	-33.129219	-5.417785	-10.333262	-25.268793	-27.302143	-12.330048
	-28.035047	-13.443748	37.712866	-18.514687	12.791792	-24.365074	8.258622	-70.606515	-8.823467
	0.752877	18.123077	-6.796992	-17.653432	2.338832	-6.557557	16.534231	-31.935354	-48.077441
	-17.893780	24.270235	10.243127	23.626800	6.461484	-8.268442	14.868135	13.075486	-9.315229
	-23.775996	19.849600	-20.643923	22.109955	-12.288024	0.729276	32.708855	-24.446975	-56.810181
	-31.457989	26.814776	6.874054	11.651795	-18.797720	10.824592	22.141965	-20.252707	-10.471909
	-27.455869	6.506645	31.295703	-19.679767	-1.792987	-15.688583	-15.370584	-35.121188	-24.209691
	-14.594973	0.739841	45.592102	-27.623422	2.540906	16.411517	-23.992154	-72.043402	9.503296
	-30.608125	-0.473671	43.433514	-34.970458	-1.213369	14.990576	-29.796370	-38.833920	4.535185
	-14.176798	-9.119092	70.809994	-48.896573	-10.154971	2.367072	-15.444547	-66.929424	-0.901632
	-14.588388	-20.629395	-1.765630	-35.152455	3.448838	-13.450017	-17.853492	-55.570279	-11.713696
	-20.833430	8.469436	34.957391	-48.469079	-5.246362	-14.438208	-4.834156	-37.776731	-11.223093
	-34.761561	13.233132	25.880589	-22.224370	15.128576	-1.085656	-22.367774	-20.232891	-17.421544
	-4.058683	16.258026	45.094776	-6.206872	20.423795	0.376308	4.363000	-23.347406	8.855961
	-8.168183	18.850506	49.995249	-3.511383	3.906084	-2.542435	18.375462	-15.948734	-27.539137
	-8.433404	28.001868	37.641017	22.933679	-12.216622	-7.018513	4.562954	-7.658056	-54.587821
	-28.860819	28.054904	36.299039	13.034255	-29.015090	0.599001	24.185519	1.892804	-15.687928
	-53.198655	41.760224	46.597695	14.474802	-14.176422	14.370716	15.992088	-2.927039	-5.471247
	-27.950748	56.939683	54.066630	33.423997	-30.418488	22.117694	5.057277	17.620893	-24.747490
	-30.795092	55.325950	26.675723	37.135676	-26.779737	-5.711759	15.263621	-7.010113	-52.520526
	-0.820721	44.847271	-8.750067	38.823434	-0.933042	-0.558262	25.610824	4.647113	-46.499398
	-17.954521	50.584900	-41.793091	44.338310	5.562101	8.104484	24.375487	23.218753	-46.510866
	-9.854051	30.298058	-2.902903	17.412796	-8.347537	25.088789	31.164274	12.556939	-46.998416
	-18.378666	10.848243	2.937277	14.194787	4.931414	31.198124	-11.320434	-0.700494	-3.259376
	-11.289847	13.370213	3.626707	-0.345700	-15.483422	28.638929	-27.171379	0.591498	7.508512
	-12.761154	2.057476	3.502967	8.307569	-11.663374	27.264751	-31.261094	-4.843354	20.133263
	-20.398802	20.203806	10.506875	12.322781	-1.377226	22.925542	-30.963752	30.287036	6.051240
	-38.319796	10.815789	1.497263	15.012923	-13.005127	17.723168	-28.930769	32.691585	-11.927332
	-11.673661	5.719561	50.878824	2.979926	-31.855213	22.556275	-16.284746	32.903365	10.140863
	-17.030841	44.234199	79.377795	52.086125	-29.626545	11.894287	15.365765	21.453388	-4.372274
	-8.251961	34.126571	49.302287	42.287537	-26.112923	21.702730	14.650467	83.766561	-17.454598
	-16.295529	42.868608	36.725129	52.814237	-24.146506	41.824643	25.108761	70.278015	-0.979266
	5.160968	16.074029	6.704610	37.431112	-10.954893	31.089570	36.463908	59.640609	-1.208374
	11.200023	5.479883	19.217498	9.612576	-12.828162	17.570090	20.715135	11.443145	6.623092
	32.537896	-33.583363	-1.122759	15.190017	-2.163094	41.597968	11.803219	-26.866781	55.885858
	25.740182	-64.013326	-11.461968	8.957950	-12.357495	25.134610	10.918074	-32.108820	10.394840
	30.323378	-65.518365	-6.577703	-6.736517	43.156192	22.028793	19.189390	-33.483786	23.141920
	45.516382	-63.017526	-2.114144	-4.258665	23.508466	20.213937	-11.460487	-30.351199	37.692032
	46.886386	-66.617272	21.941657	-14.506940	-1.877851	52.804957	12.088851	-50.964680	52.568516
	59.071309	-62.948563	22.890662	-3.008603	6.824342	76.331050	0.378813	-3.266663	87.000694
	51.488309	-56.732432	6.205178	-18.190729	5.193991	67.516938	8.998035	-32.268004	94.328274
	12.501486	-53.631820	-4.844678	23.864958	-17.325977	63.178463	29.637672	-18.657077	50.202263
	15.318231	-36.968954	-40.207587	14.511183	17.211678	18.967433	25.214635	-8.622705	70.200032
	-3.407515	-21.594505	-93.319166	23.495177	5.736835	-5.917030	-2.335171	2.634763	-30.963594
	-3.811954	-21.281365	-70.626247	36.125918	7.193375	2.723829	24.148782	0.859421	-46.362530
	-19.842232	-2.781857	-99.834954	31.112720	-10.954184	6.126960	18.168479	15.587213	-81.639494
	3.222322	11.159548	-78.700522	37.300180	-11.727357	-2.972092	9.319763	15.555576	-51.628921
	1.931226	21.452613	-94.187546	43.047840	-14.625618	-27.841401	14.266851	33.168098	-36.707498
	-32.369773	16.854562	-79.468487	27.960149	-2.770381	-12.280519	-8.301097	-5.071769	-72.135303
	-23.093622	41.726165	-86.217614	32.404914	8.771994	-9.021348	-8.138199	38.507871	-46.241779
	-29.753375	32.115163	-65.953576	-4.851126	-30.350853	-12.691363	0.272569	11.774503	-63.402508
	11.617706	38.865388	-80.603591	61.559055	10.500965	-1.597778	26.678462	4.951737	-80.758207
	0.803377	37.448030	-60.202398	45.726500	-15.159610	0.826498	30.454280	23.826301	-56.060116
	2.976765	21.340610	-84.521343	62.725932	-44.648107	-26.247017	37.703024	51.562582	-88.620390
	28.232993	16.150483	-65.956460	50.335868	-53.918509	-17.953232	32.413921	0.443759	-49.310390
	-10.288307	28.022890	-64.317055	54.687611	-41.547603	-10.492804	15.871349	22.033729	-59.088800
	-3.637015	31.313259	-27.303185	46.256495	-47.453408	-20.944370	13.760190	28.824822	-65.647120
	-7.480780	11.503011	-45.724169	46.580118	-57.527184	2.498901	-0.405102	23.473071	-41.400968
	10.745648	-7.937784	-6.282889	11.183152	-33.619621	-6.482767	6.136366	-8.710419	-6.156681
	10.116544	-29.756383	13.702094	-14.645976	-26.812479	-3.517725	-21.365369	-20.698646	31.004054
	-5.145353	-40.237856	28.011890	-56.800290	-14.566113	3.692706	-38.607172	-48.723134	19.820407
	12.308180	-37.495198	-17.941587	-74.588597	-11.661346	-20.150348	-54.650163	-60.337862	24.033362
	-2.927127	-43.379379	13.316659	-38.549597	-12.821071	-20.555470	-51.045460	-36.204641	-5.466416
	15.487605	-36.076096	-1.367110	-21.495400	-5.623945	-11.816260	-26.947296	-44.142762	5.931779
	9.698900	-26.909491	-3.203255	-46.307891	-5.450507	-20.210557	-5.943232	-40.036490	0.366799
	1.087938	-44.415946	42.492367	-50.208893	-18.791355	6.602852	-39.760752	-28.960869	34.152698
	14.243650	-40.947904	8.115393	-1.410256	-42.976703	6.385505	-27.354900	6.614505	63.610772
	1.410954	-37.592225	3.765390	-7.336661	-24.847815	6.809688	-30.624521	-9.954048	38.044503
	-4.404266	-28.760850	-44.822851	-26.990403	-2.970988	2.410099	-17.424017	11.653951	12.683165
	18.955244	-28.040377	-34.712487	-12.415917	-10.931471	10.383451	-0.993486	18.269705	-11.813729
	-7.231957	-32.758221	-64.235772	-12.250098	-5.284287	12.681217	-23.890098	23.897323	-45.573107
	17.953223	-25.157428	-64.217428	-25.684776	7.541395	8.995623	-40.569427	39.114283	-0.744990
	15.352100	-20.604018	-55.564814	-14.069116	-5.300285	20.996854	8.405483	6.994451	-5.656642
	36.916199	-43.547671	-67.879424	-46.160180	14.787032	4.135002	-46.547290	5.545880	-31.832434
	1.754806	-31.861057	-67.377956	-54.795836	34.985615	3.868490	-33.374926	30.120476	-1.237621
	-4.729558	-37.442433	-71.156366	-33.645183	1.843024	-0.789624	-25.172173	19.036118	-18.457644
	-7.815605	-18.366328	-45.775990	-20.748667	-20.265861	-1.550684	-31.989284	10.807625	1.846115
	1.123387	-12.866236	-52.910199	-15.650548	-0.440638	-12.314699	-14.114715	14.230149	-16.173592
	-1.765116	-6.387660	-57.011076	-4.574635	16.556799	-14.886169	-6.640797	29.237164	3.262280
	13.098627	-20.408691	-72.092575	-9.789010	10.471118	-30.397990	7.465810	15.324841	-8.151948
	-9.564633	-42.636850	-66.129388	-36.643987	10.168017	-1.119178	-15.628970	40.856142	8.381129
	2.869636	-50.254148	-66.498341	-24.521387	5.753689	-7.207456	-45.018325	8.375362	23.256347
	-19.647002	-42.555889	-33.066478	-7.095196	-14.372571	1.147913	-22.821234	23.916198	-4.120138
	-1.082984	-27.076352	-16.395768	-18.778509	-2.266202	-19.126091	-27.719483	36.217631	-0.103627
	30.713612	-26.693620	32.028291	-24.669563	13.877608	-2.650177	-6.090980	22.706108	20.270347
	21.974418	18.116863	86.647355	23.450943	25.470192	12.874112	1.666208	24.867673	23.649530
	8.201401	23.061312	66.984383	17.860742	35.014107	-14.051005	5.627771	35.309067	-1.993826
	17.937941	47.471456	108.484700	18.198837	39.589165	-13.587209	25.361775	29.375867	27.264584
	13.444240	35.966657	87.607938	11.822598	28.733588	-19.220353	9.434628	40.526345	27.765372
	-0.137162	47.579004	104.960924	10.377834	36.345732	-4.113190	-13.266195	38.837269	66.210228
	-0.215186	21.978195	120.205572	-11.083480	80.109248	8.268405	-0.012923	20.688489	82.317159
	-3.643390	18.137698	127.518023	-16.181117	52.976723	8.223602	-31.328535	-11.168236	83.811909
	-16.994282	5.147348	109.121357	-68.685526	48.020789	-15.939861	-49.071745	6.706716	75.417922
	-26.329847	0.595984	127.977503	-67.434968	36.523017	-36.689403	-55.102756	-13.037462	68.340141
	-25.614510	2.670591	91.170203	-33.178884	43.372579	-31.616304	-5.043179	-12.966335	48.054991
	-8.909512	-2.598998	46.392899	-32.866093	13.365865	-39.072980	-46.835520	1.812718	25.945763
	3.461268	1.604997	24.767051	-40.865277	17.197000	-24.320068	-19.570697	-20.713340	-10.557386
	12.229095	14.571393	-3.410181	6.913493	3.761183	-8.947027	21.411574	-3.660434	6.818808
	14.072800	21.562255	4.260959	-12.830623	14.901938	8.947666	3.093111	-11.826128	16.654898
	21.556648	26.530490	-17.693539	-20.467055	0.270720	-5.617022	-4.614427	-21.415266	10.272959
	15.240356	28.514431	4.549069	-7.325344	8.906925	-9.772687	-10.473428	-10.501892	-0.230599
	9.117153	19.572500	-9.101103	-2.314850	-2.039447	-10.220652	-3.087617	-9.635650	7.213016
	20.741901	27.759478	-36.895386	3.877666	35.303970	-25.906474	-12.883783	27.044683	-20.666709
	-1.879321	21.104595	-21.930881	9.460533	12.577470	-11.420580	33.203670	47.409715	-8.519135
	18.925468	27.859051	-13.355095	14.666594	1.644293	-9.601724	20.982783	46.627296	15.581648
	26.245258	19.759473	11.351392	-2.144546	19.309679	23.771367	18.501490	56.692795	-1.650050
	1.264965	-7.232281	6.422170	-10.652960	14.497267	31.162018	13.350454	16.084807	11.231008
	4.145046	-15.554524	2.603635	-11.286758	19.200944	10.677129	5.113193	-2.601369	28.387576
	-4.034950	-13.275598	16.938569	-51.712347	-2.569684	11.226363	-34.394124	16.579093	21.517074
	-1.647878	-11.762082	13.986055	-28.507378	30.527452	-11.761227	-13.646955	-13.501111	3.941723
	0.816925	-9.333427	-13.123891	-29.177131	38.438441	-20.666319	-32.977331	-35.975020	-19.031950
	19.548287	-9.918189	-29.506234	-23.189065	31.143525	4.653199	-21.401898	-34.020311	-1.374997
	22.077302	-26.356186	-35.512111	-21.205132	45.292696	10.895768	-17.532113	-19.442717	1.404800
	6.255515	-28.843653	-22.234698	-34.515118	14.829399	-1.456985	-23.060785	-39.813463	12.577723
	13.564573	-30.707501	-20.131969	-35.954127	4.818456	-16.820509	-16.756347	-45.215920	-0.883766
