	16.874930	-3.671616	15.523765	-23.622002	30.508185	-17.859913	17.148705	4.278472	22.781899
	-3.849449	-10.001677	45.809796	-32.404660	-10.387195	7.696256	7.472182	-0.123423	11.798126
	5.371016	-25.400658	51.407559	-41.159985	9.684424	-2.346094	-4.380193	-48.728399	68.113211
	17.115556	-34.697082	71.107908	-23.466735	10.807600	3.015542	16.444106	-20.935513	61.024147
	38.991574	-33.119651	53.702196	-1.619348	-2.111630	-1.920263	24.753669	-32.609801	48.030962
	25.424692	-15.698692	36.045195	9.916058	52.426643	-27.508017	17.381938	-22.027033	6.631478
	-2.831081	0.654397	-12.827042	5.447876	41.092062	-33.524635	22.641959	-8.466101	12.029230
	12.133589	6.882276	-27.170469	8.888864	43.638257	-14.886953	6.308762	-0.740351	-15.680121
	29.229927	-4.689410	0.143199	-5.244706	16.278872	-28.260486	11.191837	-26.846799	-13.976667
	37.401155	0.010909	19.458841	14.705897	10.780224	-38.420971	54.101150	5.768217	17.713040
	30.596080	-4.372870	25.396875	75.738060	0.733036	-8.911327	37.684690	-14.370237	19.597295
	49.458581	-4.904608	56.663776	37.863000	1.400393	1.738253	23.327171	-22.461828	39.135247
	47.378122	-14.509272	31.465343	-3.902608	-12.424564	34.651849	21.366285	6.323611	14.694132
	19.448755	-16.962482	21.639128	19.100932	-22.318417	41.054341	9.912322	-16.576317	4.340442
	59.126521	1.588276	37.891520	42.336788	-8.976309	46.436751	3.344023	-8.066468	24.429235
	3.428827	13.100342	-1.194214	52.345105	-5.422669	43.620452	7.357527	22.999015	-9.021816
	-19.369827	39.059915	5.335464	36.497022	19.409307	28.262599	1.123058	39.493232	-13.683087
	-15.207649	47.247456	-37.433779	62.633004	36.059947	20.403594	-11.827818	41.457806	-26.695577
	-0.205356	64.601308	-47.130657	40.900635	50.667372	-12.283371	-7.026110	48.406996	-47.222968
	-32.945140	61.746273	-23.124354	-3.880641	45.963670	13.635925	-33.534419	58.570038	-1.761684
	-2.935207	34.336031	-40.334881	1.566365	48.688775	19.560664	-31.266256	36.404008	-36.034101
	20.021792	40.585163	-14.256510	6.604550	10.043297	28.235019	-30.787048	25.795228	-69.231866
	6.430873	28.586738	-20.821633	-1.370160	-21.919518	23.534556	-34.837788	30.845358	-49.313523
	-5.557070	14.690597	-0.679753	13.797604	-13.081098	26.182532	-19.787453	17.179339	-2.744685
	34.461276	-16.841564	22.244233	53.046694	-23.024073	53.912845	35.917353	-32.367130	9.078364
	22.333495	-19.070147	24.221811	39.654541	3.119808	28.348003	39.002515	0.726140	13.628735
	23.802344	-7.822247	-21.546408	52.178358	-6.455375	2.610357	9.719831	-0.854748	15.116610
	-22.908659	-1.582174	-22.808626	48.250596	-26.023378	10.962837	1.527647	-9.273500	-14.750798
	-64.357663	-10.902602	-18.508268	-27.492241	-9.984917	4.359659	-27.573150	-15.685091	-20.133917
	-37.168651	-28.747074	-2.289236	-33.364843	6.556757	-1.949656	-51.723503	-36.264389	-19.179248
	-44.124977	-33.019276	-3.910937	-59.782686	-5.417511	20.637230	-19.347244	-70.840419	-13.317661
	-60.396921	-27.146622	-3.993488	-66.026033	2.763393	12.857399	-53.839637	-62.149596	-38.645048
	-18.634312	-37.392404	-15.389608	0.592395	-24.166982	-0.863535	0.264348	-30.807441	-29.271266
	39.731510	-11.045755	22.804452	45.447519	-19.082600	15.563129	31.037781	-19.797820	-17.264133
	1.576337	-20.622000	-10.231499	69.682495	34.076052	-11.351400	49.540716	-22.178253	16.733193
	45.465801	6.449765	-43.363046	86.384043	28.790060	-48.008206	97.151517	0.400081	-28.157751
	18.124465	19.423066	-31.734978	55.078084	0.537399	-29.346126	30.547629	-15.745880	-3.022918
	-7.942895	-10.006520	19.359540	-1.965974	-31.093898	-5.794192	-10.453685	8.403428	6.710372
	28.192489	-26.494847	30.533151	-43.871135	-7.316950	9.856758	-0.055296	-20.944296	25.488087
	8.723129	-28.835287	28.039986	-27.383389	-37.561979	23.271640	-25.334882	-29.661011	16.451394
	11.373281	-33.588805	35.551387	-21.778800	-29.682289	15.586355	-15.998926	-49.567110	44.885966
	17.675416	-29.200609	58.498952	-28.195638	-19.834444	60.013980	-32.476741	-12.062953	41.407502
	10.442680	-26.411346	10.775206	1.067461	-15.552389	24.974949	5.609057	-5.030555	41.280656
	23.633541	-19.162268	-15.293755	23.417582	30.963743	-11.886792	13.699342	-14.827502	-6.849739
	2.957441	-4.632851	-24.238488	-38.168850	33.217251	5.406771	-4.123537	-14.561475	13.306942
	-32.990632	-25.941497	-54.472553	2.972058	32.338790	-47.893104	-13.189722	-14.126480	-24.440166
	0.812075	-19.960119	-56.749789	-39.848228	-1.826916	-19.947391	-37.581966	-10.904163	-10.551851
	-29.498227	-13.460196	-41.004184	-18.555878	-0.972426	-28.125570	-19.842766	3.979798	-37.695805
	-8.686295	-6.727800	-34.111694	-13.911146	-37.486689	-10.845551	-5.994459	16.356046	-15.555764
	-29.784168	-28.693254	-12.997818	-5.138930	-60.788542	-6.506094	-15.764561	-38.744686	-47.294108
	-4.314240	-40.761203	9.099325	-36.958098	-37.980629	20.058764	-36.932363	-49.183010	41.718345
	-19.222826	-16.302076	-27.306427	-15.582058	-23.688824	6.331710	-49.304572	-15.524738	-8.140883
	-12.760799	-9.380006	-32.336942	-20.665081	-56.404612	4.049427	-45.943430	-3.054821	-46.542888
	-19.992380	-4.660880	-11.585801	-53.004835	-37.205767	8.044968	-51.835417	17.289819	-8.307064
	-36.609934	22.634515	-17.696546	-39.658175	7.814176	-1.273540	-42.171043	19.737195	-22.346068
	-47.317221	22.565516	-45.448127	-47.243966	-13.167543	2.301177	-43.353927	26.933015	-33.669800
	-20.975531	13.720665	-29.372356	-30.257939	27.204061	-1.154713	-15.413356	30.171077	-37.017831
	-26.805110	37.461533	-47.600695	-26.024283	-27.453397	-18.514131	-38.317638	19.374201	-27.565625
	-59.457840	39.200832	-68.173298	-61.963665	-75.829786	14.111161	-99.592907	44.716910	-82.099943
	-34.054901	28.779274	-29.236979	-81.421189	-24.668763	43.005249	-53.004363	14.337058	-68.795966
	-22.032818	48.242378	-67.092785	-30.854313	-13.991069	25.131587	-50.625231	22.298533	-77.049458
	-49.042114	44.388245	-62.634144	-72.684167	-80.221774	33.244245	-59.712505	25.040063	-82.925541
	-28.524361	36.597970	-37.068305	-75.132182	-66.177662	57.042771	-75.029450	39.562872	-51.381661
	-32.939215	43.389374	-38.546228	-54.813744	-43.654765	48.959976	-53.469689	34.915286	-50.338946
	-4.039632	19.704550	-26.820150	-35.606914	-39.269494	22.902532	-47.854474	26.012881	-40.892546
	7.497341	4.394759	-37.219155	-3.876659	5.637120	-35.326865	18.498581	8.507969	-24.548175
	38.582405	14.188601	-38.693278	24.419275	38.644842	-64.752095	47.028043	-0.892129	-5.241423
	32.708113	2.881000	-71.344324	67.715399	32.853029	-80.084457	62.570454	1.250315	-23.634371
	22.424042	-7.490067	-52.523673	33.532926	44.869768	-79.322869	61.168724	-2.582789	-19.537901
	22.602152	23.581996	-81.717474	24.611092	42.277816	-45.543104	29.479393	3.498735	-19.429475
	-6.985316	4.110079	-31.291083	28.938848	2.628923	-21.692020	19.453836	-8.008658	-6.285431
	9.125141	5.112434	-17.845352	4.743697	-14.794963	2.509499	-18.456558	15.326891	-10.148951
	-32.429768	-0.632745	-26.782561	8.544312	-47.015222	16.878520	-12.370441	18.749136	-21.182878
	33.789321	-2.960890	12.674150	26.722180	-34.847772	12.614384	-5.324180	17.731584	34.259202
	11.449232	10.440969	26.800953	79.236602	-7.620455	-4.460277	24.221503	35.885254	10.898434
	10.953661	45.595728	17.137028	102.860374	27.325342	-28.835757	30.208440	45.387686	31.931719
	21.194224	57.310663	16.224469	73.006622	30.484934	-27.763687	54.311279	72.754191	33.890555
	21.702465	22.070867	41.017655	22.059370	8.620487	6.366162	5.042466	23.159160	57.078901
	-6.901553	30.440435	17.545415	2.467416	14.018793	0.503838	19.295839	24.604072	61.072019
	14.409542	27.283027	33.751040	32.151720	-7.201735	-2.504640	57.978189	69.323415	31.765305
	-28.584369	31.140478	11.952292	25.222750	-7.948507	-6.466724	69.802881	51.967482	38.947049
	-23.346360	8.886912	25.231385	-5.291793	-18.582307	-10.704220	51.564685	62.062802	15.560620
	-47.379340	13.353225	28.328663	-5.101632	-19.810731	1.121153	-8.472343	25.312634	-16.090274
	-20.749357	-13.672734	1.021366	-10.470182	4.564166	-12.892236	-11.194267	39.652875	42.834688
	-3.697746	-20.048796	8.251113	-65.925297	-5.493308	-10.248135	-23.509893	16.946825	34.271145
	-52.444624	-33.113448	9.586357	-64.505993	-28.505143	-42.274526	-55.715274	-2.973200	14.368284
	-32.156094	-41.839449	9.622483	-85.965944	-11.243256	-1.772775	-21.150495	-37.801845	18.486551
	-6.836997	-12.002163	25.376493	-41.361294	-4.471235	-23.438128	-10.874031	-26.264276	22.638050
	-23.290518	-22.070776	13.817745	-23.715276	1.041617	0.015411	1.699076	-10.481807	-3.593987
	-58.895405	-36.314393	5.620330	-62.533982	-15.540902	-32.157330	-26.819639	-32.306048	-16.330126
	-49.715698	-49.709072	31.275465	-67.192778	-8.130852	-33.257075	-25.005370	-46.268763	-11.498051
	-4.063312	-54.976210	63.188335	-62.128808	-17.458448	-16.424048	-26.925456	-66.169259	54.660234
	28.267379	-37.195010	51.922234	-17.973191	13.501754	-17.024666	7.121916	-63.904419	46.907431
	23.255910	-12.759395	72.953807	1.004155	54.879405	-24.311112	38.052896	-34.078557	80.119175
	33.912847	-8.939241	36.557566	33.295198	62.838406	-15.540773	39.144791	-25.520643	28.589578
	34.190713	-7.818968	41.137028	18.391975	72.878012	-20.406587	51.386001	-25.716797	-2.921742
	34.995646	8.998052	35.848051	-14.224034	69.157991	-12.241865	21.014750	-50.257143	30.553457
	10.796951	-10.235782	34.541040	-27.766500	-8.594110	-0.142680	-1.785880	-40.234912	29.785856
	3.093542	-34.129150	58.192092	-47.163191	8.361167	-13.631869	26.808394	-13.130088	81.134454
	31.217023	-18.434139	36.320305	-2.825222	-10.627693	8.064628	1.592403	-5.312495	58.355054
	-10.760929	-16.615078	30.409044	3.456511	-22.989902	-10.847423	14.577318	16.082052	21.986273
	2.254961	-13.700596	52.421840	3.536384	33.912997	-3.273249	19.999890	-23.397712	65.431797
	-36.251935	-1.553532	24.701962	-41.998405	-26.159160	-2.464787	-0.533509	33.141927	-16.978133
	-5.569906	-15.867908	25.750247	-10.039581	-4.847196	-4.843339	21.737796	-20.659594	5.568251
	17.595775	-38.098697	44.846214	-7.462907	-19.749229	14.453530	-18.260975	-34.807291	26.319683
	12.511578	-15.729734	14.468124	-21.768853	30.012385	-2.603905	19.698943	26.179878	31.228888
	1.199115	2.019342	-7.518352	40.487798	7.161506	-19.651412	21.343301	-1.343188	-1.049197
	13.076742	-3.605081	12.326471	-11.439957	-9.661129	-1.879612	24.862056	-6.616598	-29.578100
	-0.874794	19.295324	0.429953	-17.860826	28.606965	-7.169649	26.017616	25.680430	11.812973
	-7.624286	18.861585	4.012029	22.353611	15.561418	-38.323872	32.297190	18.475549	-0.600470
	-2.349215	24.335509	11.249871	-7.584877	43.826376	-1.383623	16.821102	18.662175	71.018246
	-35.075083	23.451404	9.124704	-7.758659	17.170181	20.832622	19.994349	16.744864	23.646030
	-39.725107	-4.107927	-29.179025	-24.392945	6.278353	-13.015661	-7.463629	9.144831	-1.427432
	-51.311904	-7.806545	-7.216985	-54.979462	-33.734970	-4.333643	20.786630	12.397286	13.531684
	-22.059062	-3.000547	-30.932245	-0.507758	-49.063405	25.301992	-25.860104	7.114561	-12.154258
	-30.615714	2.065183	-11.605009	-19.869173	-57.749599	37.690668	-24.606821	-3.130676	0.385550
	-36.076134	21.483714	7.010400	-27.741808	-34.382026	37.462479	1.477607	2.975055	49.313847
	0.642885	5.505428	17.957715	24.492975	-6.854173	3.062049	9.691837	9.357348	15.300585
	17.521719	9.390175	34.931186	23.916358	29.789131	-12.024047	17.502454	3.886650	20.522217
	62.429601	21.340830	45.340904	41.086312	19.747811	-12.722429	-8.790235	17.357509	17.483734
	-8.331938	9.549111	-4.681364	17.504698	5.475376	-14.028457	-1.769205	-17.936690	-15.152080
	6.516588	-0.928688	0.919667	-18.774061	-10.476820	2.255540	-15.015407	6.611085	-16.830105
	-5.430856	5.038397	-10.407021	-29.928570	-24.687419	4.935625	-23.467943	31.183262	-30.085154
	4.021035	-10.711442	3.987835	3.800759	-41.574756	0.262319	-47.086419	-1.917119	-36.521639
	0.494355	-17.884375	48.482090	-24.648075	-28.736031	10.887992	-16.236072	-22.936926	23.533958
	17.562385	-19.780997	46.085212	3.189839	35.496662	-10.104359	21.856285	-9.769291	49.395494
	47.962694	-24.786663	-14.210353	20.468970	24.578625	-48.180636	36.396346	-15.511856	9.231703
	33.523269	0.529872	2.734327	24.150861	61.236452	2.369415	29.130046	-8.817856	22.573326
	31.553479	18.917689	-55.110428	0.133830	28.376173	-24.221689	42.357653	-19.223452	-18.675490
	9.135479	-13.702674	-19.017648	-8.266732	27.454912	-25.218707	33.705236	-21.282933	10.927323
	43.048849	-3.224223	21.053182	6.192875	13.260237	1.008974	33.372229	12.498076	30.838598
	-36.452489	15.742782	-22.884674	10.739589	1.204103	-13.426056	37.319049	-18.722170	-37.081239
	-14.563711	-0.929094	-10.124612	2.752483	-2.115053	0.800945	6.174819	-26.438367	-63.942000
	-33.889609	12.274339	-3.985934	-22.858111	4.662019	5.112679	-0.682493	-8.969393	-18.493502
	-34.513200	-0.493002	-19.982894	-29.433927	-29.622896	11.976953	-44.090808	-1.668920	-44.816687
	-18.027700	-22.531579	-9.484271	-51.865445	-40.600393	37.727291	-31.357162	-26.456109	-30.865774
	-9.242371	-7.300895	-16.187582	-19.225995	-42.458920	22.486849	2.419426	4.193298	5.885673
	-45.716527	-11.035072	-64.659987	3.204718	-41.017892	-6.078623	-15.375771	6.857156	-34.683542
	-48.967672	-4.061117	-71.707634	-20.729100	-38.696027	-19.652205	-44.962491	-0.373462	-8.536563
	-55.384898	-1.716017	-42.504551	-31.084518	-77.785622	-33.639357	-66.103734	23.502189	-14.542863
	-77.979462	-0.766121	-24.851996	1.402347	-34.982680	-19.962940	-49.987815	3.826167	-56.430298
	-52.501516	27.706896	-23.128872	-21.045890	-60.184581	12.593058	-55.832580	32.784051	-35.103516
	-21.361702	7.379800	-1.271177	-42.816940	-58.193785	48.028052	-67.665646	13.903595	-11.839435
	-7.627013	-16.533988	-1.835966	-4.124792	-28.046806	25.255700	-30.188752	-8.221066	9.397087
	-0.094461	-21.010732	17.715027	22.509749	-17.540856	5.999171	15.719026	-1.069375	38.833201
	18.777107	-11.574527	23.208640	45.695139	50.670103	-21.097350	32.829115	-4.528323	23.802886
	23.701353	23.043661	-33.635848	94.844445	61.484923	-63.068479	46.718294	0.401353	-4.571331
	54.216335	22.678426	-44.678159	99.212352	72.433166	-34.825884	40.858853	56.049074	-6.670463
	50.036767	30.626231	-53.404877	76.923994	44.166502	-16.256630	14.582625	50.277267	-0.491270
	52.114681	33.582551	-43.554595	76.314478	54.525255	-34.616021	20.086743	22.130762	-35.198147
	40.356274	42.362229	-25.289636	54.355060	61.368207	-17.173509	25.818536	14.346287	-12.791437
	-2.284291	34.791224	-32.338451	30.086193	24.213821	0.409444	27.587278	30.647875	-47.721125
	-34.247684	48.355608	-51.005689	34.757444	-15.193203	-34.053912	9.519525	59.289249	-51.183129
	20.324056	40.525313	-10.652283	26.941802	25.122298	21.176254	-11.155438	34.918234	-15.389035
	7.961398	30.141090	15.624417	8.368246	-21.866659	38.214242	-16.328375	22.737106	-27.540669
	-7.868030	4.779254	6.049154	-0.510524	-2.634213	33.149586	-1.190857	-12.844873	-0.085075
	20.742924	-9.391293	-24.594609	-1.082043	12.478866	29.599358	-5.714956	-39.287372	24.194934
	13.802335	25.244026	-49.376970	22.752514	11.072672	-5.317931	22.418221	19.728209	-31.227774
	7.777139	42.245565	-111.500403	34.630534	-11.559368	-57.420714	-32.639491	14.536483	-79.887693
	9.262997	57.646940	-77.626240	12.357513	-53.441379	-18.443533	-1.827503	31.084577	-87.244623
	-6.577033	44.008716	-48.618842	-15.212976	-36.705912	-3.483657	-18.248915	16.814001	-77.078050
	-14.025961	10.049660	-13.019943	-0.450104	-31.702508	44.088019	-32.536887	29.418612	-28.395021
	6.593452	-11.790253	2.653157	20.475146	-22.559043	55.745115	-1.914987	6.721855	-19.529228
	27.831500	-10.814173	8.726467	26.909596	-23.340530	30.211479	-47.560950	22.896122	-18.913495
	42.446108	-6.527360	20.861719	42.645731	-1.853036	2.611296	-6.116554	-14.851944	5.422446
	22.133780	-4.641645	-22.865790	46.854465	-4.944998	-4.878081	33.172364	-17.130848	-11.118973
	13.968874	-11.543296	-30.292938	38.967885	-1.387100	-26.271688	-18.101749	3.032306	-31.519747
	17.171336	-8.210972	-44.992976	21.448454	-27.785534	-57.390187	3.901895	-21.493343	-29.045804
	-23.207085	25.206094	-27.336478	-15.893076	6.723854	-30.145880	14.832174	3.241429	-33.280482
	-17.311767	8.773577	-32.462939	-28.321974	10.277376	-18.914561	-21.202986	-2.658331	-30.198568
	-22.172857	28.059023	-28.287612	-16.215020	-16.509415	19.564594	-43.394547	-13.576543	-27.717025
	-12.851964	5.319785	19.038280	-17.277406	-12.625289	51.376947	-42.936789	-6.243954	-13.111610
	-4.673150	-3.753178	4.012773	27.769056	0.324457	40.398498	-2.955528	0.438031	-9.752870
	1.210247	-21.656366	-28.243376	32.200258	14.803400	-9.481485	44.880812	-27.679124	-13.842124
	46.037476	-34.072712	-26.330404	11.028956	51.366027	-35.811649	56.167605	-7.215962	-51.266897
	22.239902	-9.450941	-20.436283	28.777742	52.025393	-36.906453	20.185599	-6.922474	-72.388450
	60.759145	30.214309	-29.745848	17.545812	49.046825	-13.918316	16.353408	18.846599	-55.475077
	42.644881	29.676186	-4.546479	40.354442	33.364772	-19.477214	34.755551	34.144588	-58.755759
	72.277767	16.262442	29.738823	75.861146	12.239412	2.360234	17.378621	30.251554	-9.940297
	42.614302	9.406313	51.185371	53.753291	18.149289	27.857683	34.238394	19.757247	43.518516
	49.280253	-2.219293	67.835715	45.981813	38.643618	27.471620	10.044916	10.395372	9.645550
	33.803502	-5.862219	91.363765	35.254921	46.502219	69.742771	12.825536	-4.750079	85.440359
	35.534969	-14.494725	101.912037	-21.969959	36.427476	57.699799	-4.647773	-24.335570	97.353122
	34.657151	-36.683401	114.215460	-18.431006	37.559162	26.537768	-48.636307	-44.386811	99.113234
	5.324368	-21.551128	96.228047	-15.320736	27.312204	27.246728	10.476376	-18.879768	113.760706
	28.182568	-7.350245	80.089212	10.814703	-6.621884	13.803508	5.357731	1.481998	78.056435
	-6.471323	-22.237484	62.704624	-19.379077	2.494300	41.484902	2.849939	-21.062924	52.435727
	13.322182	-42.987605	70.246159	-20.506601	44.071248	12.639837	22.426031	-29.168943	63.671342
	-5.387264	-36.702225	59.740176	-38.139053	-9.633561	29.590093	-25.754302	-60.098670	-33.994868
	37.710508	-50.333668	53.322227	-24.292312	13.830297	27.088207	23.530209	-19.925187	28.713711
	38.014820	-9.516584	35.729510	41.484293	14.185529	-11.471118	58.907826	-28.012675	36.061195
	18.525441	-30.056962	18.128139	27.692343	1.093921	-1.216390	48.204198	-23.422712	37.779494
	22.174913	-15.003975	28.658401	26.218275	56.739887	-6.525158	74.009874	-20.297577	48.733154
	1.694776	-10.047060	10.190182	24.384507	35.319640	9.283031	54.878048	-38.601158	67.841966
	11.016224	-25.168525	7.296501	-9.254737	33.891135	-0.005308	37.095454	-17.837683	71.005738
	-7.437944	-6.286551	5.575120	12.058707	22.775090	-4.619296	43.859510	-27.527630	41.939729
	-8.603437	-23.097333	28.109798	-5.188022	-17.298847	26.947636	23.625272	-33.172638	33.823523
	15.670214	-6.058131	40.252297	-26.178737	2.104496	20.477666	23.282540	-19.011672	39.984016
	4.804883	-2.054606	32.868184	5.707834	-0.838500	22.068233	34.143669	-3.944934	21.229302
	-12.674639	-26.074680	41.848599	-29.506064	14.931317	26.743328	5.543342	-16.333814	69.770095
	-23.583060	-14.312585	51.559516	-29.329210	11.595473	9.046037	13.579330	11.878833	89.531685
	11.645997	-10.445764	77.097995	-62.950178	1.029769	12.254045	-24.939487	-0.479556	85.327094
	-34.282693	2.154931	70.652890	-49.924725	5.011659	3.712277	-5.161433	1.285961	50.524354
	10.337638	6.618881	55.447311	-40.581630	34.350957	-6.377268	0.013414	13.346569	50.395734
	-11.146721	-21.621937	57.311930	-31.359519	2.013942	4.128209	-17.447815	-0.226517	40.415086
	-6.234867	-37.507435	42.003847	-31.249183	27.012826	-24.819062	-2.645805	-58.355498	23.265384
	11.453121	-24.471335	51.506858	-20.276094	25.072608	-39.540976	12.014406	-42.098585	23.599934
	-10.075565	-2.655588	26.729707	-49.991849	-7.845475	-41.255591	21.976742	-25.453911	11.281713
	-29.129461	6.030572	9.877203	-8.238601	-10.660771	-10.222903	16.255626	-26.255588	-34.593459
	1.331680	9.926193	10.388395	2.060516	-16.735062	0.933983	20.903979	-8.858220	-15.931854
	-22.311530	12.685873	21.009409	-19.125949	-2.853886	50.150081	-5.794064	5.857503	-30.390921
	-36.760042	20.596853	1.372793	-15.455648	-37.622712	42.270796	13.565894	6.786218	-10.664333
	-15.252945	41.208243	-13.007778	-19.111551	38.447340	38.713511	34.995442	30.130859	4.462686
	-25.769027	28.102519	-3.534788	-52.895745	4.575236	36.198707	-33.373027	-11.550282	-21.267505
	-35.997661	17.149669	1.180898	-46.501373	10.926246	24.913832	-60.862807	7.211925	-32.933323
	-27.028471	10.182449	-3.373276	-52.540720	7.297472	26.658814	-48.104656	13.707939	-23.654032
	-33.437711	3.572554	-2.771371	-69.364876	-32.600833	9.863908	-23.073533	-6.505197	4.456516
	-35.940044	-1.493872	-24.318051	-77.375012	10.588099	-29.807164	-33.236001	-13.362848	-3.737962
	-22.318629	-25.042990	-33.021587	-68.616134	21.908897	-38.766317	-26.267467	-16.673760	14.748382
	-32.551061	-22.688272	-64.925888	-78.182335	-1.432106	-28.264819	-56.927716	-1.578942	6.398290
	-64.712023	-18.788948	-50.326468	-86.954133	-9.941517	-9.662166	-71.685757	9.802049	-49.503436
	-49.968896	-25.723879	-46.312934	-77.346379	-36.497712	10.124322	-78.549076	25.944501	-28.896101
	-30.231796	-19.621747	-2.089701	-54.034270	-11.953072	36.623405	-22.848418	7.196203	-6.572701
	-18.505849	-54.638744	34.603232	-39.779348	-5.770057	34.909961	0.224709	-31.851507	-5.358462
	14.371440	-57.189506	38.358186	-44.782797	-13.897392	5.427668	-41.106687	-39.745049	7.665444
	15.057550	-39.988677	8.317130	-26.873404	6.713359	-32.481824	-29.022016	-34.003604	-11.555625
	7.771424	-25.529690	-26.621013	-8.004635	-13.130415	14.206571	-30.722407	-32.651954	-39.792171
	-0.706774	-33.356975	-10.628225	-27.296886	0.551101	1.397228	-16.915789	-29.835889	0.627975
	26.790833	-42.443034	7.897534	10.065037	-38.302246	22.437610	-4.018049	-28.952397	12.098996
	16.331258	-38.292957	15.326041	8.718655	-7.040467	18.320839	6.794403	-45.523237	5.438485
	32.371373	-35.725739	22.493033	12.453613	39.672260	-27.772917	69.875876	-7.380773	19.034253
	35.423388	-32.914471	-1.090209	11.027288	41.248348	-61.452686	54.868369	-37.948409	-8.755230
	34.241003	-17.978585	-18.807064	1.616483	42.036367	-39.921053	24.530118	-26.227043	48.203848
	33.925843	-15.205823	-23.336175	40.055850	37.046201	-14.421585	56.456036	14.472701	13.662015
	58.575272	-4.467710	-31.324693	55.187878	7.062249	-13.323246	72.835678	9.240826	21.140911
	27.788404	4.716785	-33.081064	84.022396	36.191403	-24.114808	74.653159	15.219699	9.066154
	14.675972	9.017307	-23.209887	103.642364	43.673993	-38.278064	55.418491	32.362975	28.545777
	40.886698	25.576155	-2.618748	88.438149	37.731527	-63.004756	67.493532	49.827698	19.769385
	1.973447	14.793440	-73.912230	124.520687	32.049710	-34.783577	76.619507	11.190230	-22.423516
	-3.365083	27.448820	-28.038542	108.189899	42.278596	-52.904048	51.454335	44.166264	50.712603
	-43.109441	26.941148	-18.334642	59.149314	-24.973795	-56.042311	4.938907	34.255277	-42.114548
	19.623135	5.793569	22.555783	34.483676	-28.483801	-62.085004	-9.008670	25.159899	-0.500343
	-33.996331	37.284367	-27.897396	-8.042351	13.906025	-97.315977	0.644812	32.888439	-15.551452
	-42.479583	-5.495484	-46.269997	-22.133974	-2.747214	-69.271066	-32.755450	-2.758679	-20.519577
	-37.854255	-2.124012	-67.940494	-29.451952	-25.365966	-52.845739	1.163353	2.006235	-61.878435
	-54.338301	24.638638	-57.817862	-15.822330	-49.756573	-65.392609	-2.447252	3.957051	-31.391891
	-25.971233	1.486581	-25.749862	-43.298566	-57.397280	-22.003879	-56.377532	-5.387303	-60.093779
	-37.906305	-2.084897	-4.330154	-59.701533	-30.230751	-9.794780	-28.427317	12.818895	-4.941415
	-22.810971	-10.775999	14.905272	-37.148635	-14.662985	-28.515620	-47.880635	-1.202946	-9.604839
	-6.667844	-47.280936	22.861772	-66.626865	-18.261842	7.553843	-52.097210	-29.925730	-8.463809
	-33.414163	-21.937690	5.207157	-45.949146	-6.899844	-12.787852	-64.809788	-25.930338	-12.985193
	-7.649526	-11.796828	7.944761	-32.833423	-4.812611	-23.330963	-7.156927	-30.480977	23.935841
	-8.688558	-13.818438	34.574990	-53.647812	-17.310449	31.242084	-13.657152	-19.300781	28.100005
	-5.397968	-1.048481	28.569131	-22.582779	15.212135	24.507678	-7.402106	17.443567	38.815752
	23.269406	20.776884	61.558891	-18.344487	30.810748	10.481237	45.579002	-15.588693	93.163571
	-15.186774	28.140900	28.849833	6.168558	12.139917	-17.981020	11.936189	1.527718	14.205362
	13.253065	22.185662	-15.677036	2.487545	6.467281	-48.773412	17.571596	2.561162	-7.863368
	3.346611	12.932977	-19.020247	-22.874733	18.332024	-46.233781	39.020054	13.367621	-17.301118
	-27.025860	-8.535132	-31.316382	-14.928032	-29.069915	4.213993	-10.345242	-12.731762	-24.383411
	-13.669428	4.247271	-13.309446	-15.497427	-47.731091	14.213210	10.448523	-23.859305	-22.047755
	-25.536992	-4.070740	14.117479	-4.540198	-5.536320	20.261203	-1.463870	-11.459487	-5.326100
	-24.819889	18.559287	7.178657	-9.734776	-42.250653	39.498684	-19.934939	35.647415	-34.919860
	-7.975724	16.128867	23.650869	-6.296534	-24.907005	50.428832	-42.361652	9.334345	-13.906839
	-6.863275	4.149011	23.283375	4.116178	22.019732	-7.629550	15.870730	3.242581	74.394781
	-20.726855	-5.991061	13.997410	-3.615637	-5.418115	-11.266701	10.665744	-5.796069	47.039401
	19.032556	14.941463	-30.531059	9.936361	-3.393568	-62.675179	-22.407925	5.471987	-42.771917
	17.325370	24.218252	-28.912140	-17.169904	-0.294752	-48.333612	1.351727	16.110998	-6.779690
	-27.006817	46.536313	10.029766	-7.473191	7.646642	32.226824	-39.001245	18.180191	-34.716978
	-15.806930	45.773244	19.164858	-37.321388	5.224289	24.632202	-47.390603	43.910799	-15.855783
	-11.773936	27.305442	60.185149	-11.632149	6.003997	73.869491	-50.059687	49.814278	-27.990865
	29.510939	41.898273	39.133405	28.512559	-0.682829	53.292639	1.865051	60.667501	11.384693
	4.032787	78.185178	0.211191	82.943355	-7.357349	33.905532	15.025655	90.201676	0.006557
	3.855973	84.230869	-54.431036	87.284843	18.634789	-9.393679	3.338960	97.108855	-14.021444
	28.453369	50.176405	-85.614589	105.163254	9.965687	-11.494172	12.794136	77.844167	-53.507803
	-0.624652	36.506096	-60.714269	32.617066	-34.748064	-13.667441	-25.957291	73.120723	-39.188425
	14.296210	55.161609	-52.645908	46.714566	-55.102581	6.507533	16.324945	67.842110	-47.338716
	16.513445	26.528051	-61.709231	-24.586926	-39.076555	12.663000	-24.608139	39.243154	-16.592766
	3.331581	43.447139	-19.984691	0.621845	-65.088028	45.842152	-13.780934	42.949944	-40.935566
	-19.630362	46.639269	15.456137	28.921516	-42.252096	62.171923	-34.883105	22.369095	-9.616086
	7.484937	-21.047379	47.499872	33.758244	38.843061	84.361922	27.290780	-12.272771	39.355568
	15.604593	11.744171	10.548160	32.843105	6.530319	50.686106	-3.888051	15.654990	-19.807594
	20.928754	-12.655816	-16.664766	1.146174	2.882213	-9.897872	-10.677728	-36.272340	-20.409546
	-7.680455	-0.255456	3.308613	-5.345724	-56.372870	15.216212	-44.578518	0.736311	-19.129225
	9.758251	4.273464	44.149871	12.833344	-47.321433	-10.842217	-13.696369	39.128911	-4.687435
	24.168666	1.670941	64.117781	-33.130680	-26.104241	22.083936	-14.347910	20.911634	36.145822
	16.667558	-22.460073	59.588502	-7.429160	-18.338895	18.855034	3.922812	-17.733546	19.276699
	19.652053	-33.702815	55.937259	-18.950115	34.141502	9.847908	21.370409	-25.417629	18.554901
	37.884540	-40.062873	25.997454	-36.644926	37.682244	-17.193437	27.714608	-42.744092	39.829927
	50.187931	-24.679866	25.027610	-34.527068	23.761020	-9.190253	71.261831	-6.229039	8.581958
	21.171910	-17.533066	12.058058	-13.425907	-9.428970	-44.166363	26.334798	-0.995914	40.475198
	-9.432416	-21.571147	9.338186	-18.954837	21.626129	-6.157096	-14.918227	-14.309676	22.128205
	1.916804	-5.664656	-25.833815	-1.491770	-41.673995	-15.904245	-21.773686	-3.554754	13.086628
	-4.962903	4.264708	0.661659	-17.826216	-24.624934	3.483371	-36.059286	3.278876	3.355825
	-15.008331	7.664005	13.278249	-27.169563	-22.430749	33.630806	-20.056137	-9.182841	-19.555259
	-36.897457	-5.673657	-13.639472	-6.324292	-52.152508	21.426120	-9.552843	-18.657679	11.766564
	5.222000	-9.148942	-35.629110	17.664266	-53.103433	23.267152	-4.317292	-22.585264	-11.426200
	-29.204855	-1.862510	-30.193702	-20.598678	-47.905703	2.190213	-16.535354	-5.375631	-7.603754
	-16.980952	-1.471520	-41.965220	-18.453520	-48.385562	20.589257	-31.307805	-14.246295	-29.371784
	-33.844367	6.664886	-87.176329	21.693318	-34.623346	-30.557322	-33.088135	-18.028430	-75.807785
	-46.511072	7.519521	-82.783586	15.617916	-44.747074	-12.752507	-54.457108	-7.188569	-44.767242
	-46.660841	12.583014	-57.436503	-7.345273	-93.152390	-1.976108	-5.898454	21.079163	-51.104188
	-25.620896	12.708246	-50.992031	1.988135	-58.842881	5.461379	-20.095460	17.443295	-27.485297
	16.945374	16.383310	-53.076080	31.632118	-5.279234	-8.183211	-21.857822	22.982909	13.936159
	27.088186	16.830050	-30.624536	70.966772	3.434316	-29.581400	20.030164	23.344726	-5.985296
	27.119617	21.624012	-25.617722	77.678712	-0.222449	-17.079686	19.204765	35.709496	-38.414076
	5.441686	31.389050	-22.558652	82.963034	39.826584	-30.239649	3.407233	53.730749	-35.339760
	46.400244	30.035382	-20.834353	84.582479	13.499303	-41.200320	37.198673	26.965200	-24.492874
	19.478016	-0.028463	-27.905696	59.785045	-7.100481	-15.287798	-14.066152	14.486063	-2.833664
	13.721385	0.327115	-64.651453	98.927847	-12.248108	-14.448071	25.679888	0.569733	-0.190348
	10.374890	26.422214	-13.410882	29.829669	-12.255903	-10.454307	20.609456	1.254858	-24.375700
	9.381315	7.723079	65.240728	15.786479	-15.967741	86.042812	-2.955128	-7.504982	-0.223656
	-36.671957	24.248110	15.781890	18.393659	8.902070	67.602779	-11.921697	0.480185	-50.464583
	-9.075915	-0.739677	35.800186	14.345981	61.843338	59.408283	0.268826	-28.859103	-22.862251
	-29.258079	7.528087	39.301529	18.156914	35.871843	76.938769	-10.187296	-32.852216	1.347507
	-14.028276	8.707608	24.353818	-3.954853	11.488321	60.810375	-22.704676	-32.960820	-33.121902
	-3.936021	12.124505	11.012187	-36.138817	-10.854695	50.226217	-45.674689	-17.440061	-28.858278
	-10.508260	24.679682	21.522313	-14.478136	-1.754405	22.324315	-17.170150	-2.721979	12.105961
	7.437843	6.885587	32.296018	1.408626	24.168575	0.484410	15.631749	-1.555050	9.957619
	50.363306	3.602839	25.648065	24.902018	38.273151	17.372558	39.888671	-2.316236	25.618188
	48.404779	-2.322395	8.215392	38.434504	41.707471	-13.458844	66.344094	-4.938028	45.700446
	50.426938	-29.002177	13.285799	8.855911	38.077001	-13.776960	38.691383	-39.300578	-27.532249
	39.244589	-18.131261	-4.607633	7.074943	48.391180	1.392755	16.757058	-17.227682	-33.967150
	65.386872	2.341282	-7.096067	-5.648829	54.477444	-13.295337	36.931579	-28.408650	-28.437811
	54.124701	-9.136919	6.814824	33.960046	20.300281	-16.026304	21.187210	-17.384080	-5.675128
	18.624836	-21.698267	-13.142238	58.753407	10.673397	2.829183	43.723811	0.647605	-26.857365
	31.301680	7.314878	-0.617357	55.122722	31.450368	-10.252318	35.702897	5.537353	2.782322
	37.420509	18.785122	-12.616075	45.215345	-25.093546	-13.763646	4.676940	18.873212	-29.564260
	13.931601	17.330415	-10.175470	-2.277749	9.279670	-28.000279	-3.920409	3.608643	-16.831588
	-2.604567	-1.325032	-1.564541	-37.611120	-11.913073	-33.121506	-22.484855	-3.958246	-6.993319
	-0.102288	-27.859693	19.368869	-41.928405	-42.037312	-16.228674	-2.074687	-21.521541	-30.241704
	48.210707	-35.319780	36.047553	-14.408695	-40.839383	5.457326	21.458728	-52.028708	10.294798
	26.956289	-33.586010	53.016712	-27.396615	7.151250	12.154040	-10.043188	-36.634481	2.716566
	38.512111	-44.966421	74.772323	-32.779445	44.751639	29.760562	-13.089665	-55.280622	56.277971
	-6.207872	-55.301284	29.654630	-91.563039	51.724695	-4.297190	-56.240233	-69.400796	22.137881
	-23.937604	-53.679476	7.574077	-91.053372	24.421992	-29.638589	-68.156976	-47.828599	21.888454
	-31.568664	-33.226876	4.373495	-85.190270	-6.120700	-27.548693	-61.397774	-63.165750	-13.185219
	-11.643759	-25.008026	1.689215	-61.399522	-32.612269	-17.533897	-41.101099	-30.584280	-37.890888
	-11.340559	-20.583036	27.571905	-48.938593	-43.601838	-24.715973	-7.575175	-0.829120	15.413969
	-9.730621	-21.841470	8.657106	-8.962424	-47.586282	16.109767	-32.268951	-2.872727	-16.606615
	-56.468722	10.945170	-66.628481	-4.477372	-57.476767	-38.194504	-21.108536	10.795826	-30.709722
	-27.509983	-2.583714	8.030737	-15.663921	2.271576	22.886206	-31.764759	15.497103	44.555295
	12.055661	-3.498484	26.767801	-13.452612	-28.521331	46.582784	-66.153873	6.003730	22.665957
	-2.056217	10.499482	11.777805	1.325531	-50.598378	16.801500	-14.938514	-9.413911	-8.601549
	27.371158	28.707779	-3.366569	19.593615	8.028753	-11.920931	19.718275	8.296185	30.346286
	31.641522	1.885103	-31.019875	44.113582	3.297647	-25.151645	39.910096	8.668874	-2.823198
	36.052508	-2.084624	-86.537198	78.368351	-33.354018	-24.308120	23.200981	15.561439	-43.949707
	15.496991	-28.515494	-29.815055	41.150118	-21.592144	12.403298	6.492722	20.629749	-22.214101
	-23.361368	-15.715895	1.033269	5.044160	-21.027215	32.124685	-14.994750	43.143423	-18.065338
	-23.566879	-7.875748	23.392839	-8.162507	-2.210673	29.569694	0.600587	-4.217203	28.323050
	-10.046698	-18.060728	22.439010	21.675047	8.448510	50.228025	-22.749574	-31.676930	-21.716345
	-25.581292	-9.240985	34.640131	12.412876	20.315619	85.676231	-2.861159	-26.184553	18.364020
	8.604166	-33.647365	52.476768	24.805939	-12.486534	101.718578	-1.432451	-15.782518	36.096091
	25.761509	-25.388132	48.164173	19.173399	10.629283	91.659196	18.579360	-23.417501	42.387001
	46.027957	-33.871550	37.696510	-15.015952	32.316084	24.952810	15.019195	-22.304448	41.429555
	16.039886	-19.931381	-3.328569	-7.091601	10.950084	-3.854119	4.832573	-33.304919	-13.761753
	15.183804	13.160219	-39.999706	-39.292368	10.512316	-13.550564	32.277403	8.335688	-26.057076
	-20.608905	-6.208526	-58.439719	-50.556154	-1.097505	-42.742064	-20.484411	1.007571	-75.761855
	11.322196	13.913127	-45.738593	12.200447	14.405084	13.212723	29.898020	15.889504	-39.449997
	5.947491	-13.874315	-16.426155	1.123682	-8.115073	34.150809	2.953347	2.795448	-1.647838
	-9.942456	26.227561	-33.083172	18.704982	5.429482	25.993423	7.755313	13.063226	3.133536
	-20.270405	11.890115	-55.437755	49.738601	-36.563632	-9.186203	-13.147327	38.693775	-48.032841
	-0.079119	-11.522409	-20.493906	32.191436	-28.297551	-17.512818	-21.164863	13.683210	37.136356
	22.040057	-0.087139	4.933381	37.291065	-29.747072	24.547871	21.303900	21.958294	12.560234
	-17.053175	3.990193	-15.872676	31.658292	-60.272933	13.022693	-24.772528	34.130056	-12.083738
	33.910505	-10.249385	-30.629766	20.713774	-21.848414	12.970898	34.662591	7.950994	-21.081298
	6.632968	-9.647588	-30.431373	0.372220	27.017458	-5.476317	9.045807	24.830609	-4.805173
	1.341515	-7.908695	-36.911773	9.024244	7.192875	1.381790	-6.170265	-6.916909	4.155825
	-6.761951	5.905216	-52.999802	18.866905	-48.936065	15.785207	-65.025855	25.609922	-46.799940
	2.487754	-14.508967	-40.144820	15.102186	-92.739364	4.933691	-2.700081	6.108490	-55.807832
	-32.496888	25.306611	5.182017	24.735143	-55.808796	-1.208954	-13.270730	31.290019	-20.290270
	13.889161	31.663741	13.620921	34.891169	-1.730344	0.181776	-26.875139	42.222596	3.643960
	-10.239708	26.383157	24.545645	2.678330	3.586435	-5.477673	6.361581	11.284601	7.395644
	10.944067	6.292484	-0.972249	-0.585216	11.547937	-28.217538	-5.748254	-2.147425	8.697153
	-13.541573	27.276532	-26.630761	-27.940647	15.364835	-39.774122	-9.526680	5.413530	-4.337998
	1.375928	27.450024	-16.230769	-9.647320	15.867103	-0.327719	14.910130	7.563134	-12.451900
	-9.916483	11.808749	5.152630	-16.185774	26.699890	6.238316	13.766693	-1.855071	-13.508125
	-14.930261	21.390312	9.023077	-20.008985	1.724791	-25.658631	-39.702712	34.800918	-29.096941
	-41.806303	34.869954	-37.630603	-9.454556	-32.870861	-61.062080	-26.719856	38.916469	-30.538090
	4.359453	36.865583	-13.547606	10.575922	-16.181729	-53.340038	-17.076127	42.704834	-14.532636
	-6.096134	31.033371	16.500372	50.893738	1.809463	-19.084474	30.231329	45.591838	5.608612
	-10.645492	19.327937	16.643596	5.921601	6.328561	-8.047179	32.251848	21.256183	21.551843
	-16.052019	22.116995	-15.231052	-29.106343	-13.946545	-22.816918	-43.765191	54.982493	-19.987713
	14.264208	27.195893	-30.450276	-27.024583	-30.813038	-69.990234	-8.892375	30.897564	-37.395318
	-11.276382	35.986733	-4.609351	17.868133	12.980052	-34.147010	13.319390	45.995392	26.182830
	-12.309628	26.374683	-7.517512	-36.473170	-2.695293	-45.205222	-13.775453	6.082230	-15.141298
	-19.540585	33.426411	-27.538622	-2.036287	-7.717978	-21.312707	-20.135075	39.429510	-17.892170
	-53.099493	23.547330	-21.316301	-9.055956	-1.537532	-51.259277	-29.896928	0.294364	-41.369875
	-21.558008	33.407792	6.591463	-3.316852	-20.245049	-12.224700	-22.144317	36.236246	-26.626424
	-11.856447	35.892899	-19.066329	-17.208095	-26.626376	-34.969638	-24.069798	37.230170	-22.017560
	-15.762975	32.582887	-12.195620	27.191617	-50.083930	6.276531	-1.282419	29.702230	-9.916547
	-19.546098	32.128125	-33.957628	43.573041	-89.939917	-20.919552	-21.952480	55.878752	-61.224027
	-9.393983	33.100891	-22.130386	43.453642	-28.272002	-13.078453	22.359861	50.775187	-45.537381
	22.185769	23.224756	19.429757	-20.842428	2.566308	-17.340432	-31.954971	30.590409	-17.478533
	-6.099240	11.950969	24.744949	-63.897730	-26.605970	13.368697	-33.903526	-16.610890	1.425182
	10.120252	-20.618122	42.026460	-48.297796	-4.721117	18.471408	5.596767	-39.966131	10.940277
	34.481494	-24.948970	43.204242	-37.135545	19.602527	25.258807	32.048201	-23.108845	24.163698
	52.324914	-28.772776	44.250465	-21.461313	18.577704	33.511087	28.628521	-28.355947	7.215206
	55.911037	-34.494877	59.385674	-16.682588	17.327646	-1.299804	44.454172	-56.969466	-1.398230
	52.539774	-16.099382	24.525645	-7.627195	13.337947	21.182590	52.110529	-28.747154	19.978355
	41.461961	-7.995602	39.558269	-26.495355	33.929101	25.870276	35.498350	-14.994028	25.171825
	75.199792	-12.323040	38.745854	4.917520	47.392958	8.058041	21.048525	3.452755	23.736899
	28.451543	-42.935589	38.593540	-2.232183	59.513263	33.587991	39.758958	-36.494811	40.229238
	31.198164	-34.622500	41.315543	-6.161504	52.665958	30.979100	36.750481	-44.003867	22.091570
	26.414773	-30.091857	41.224387	-11.585138	50.605570	-7.873908	-5.799945	-50.931268	-2.502492
	30.341387	-15.577047	35.620282	-16.600030	14.600509	23.867158	19.047348	-4.116522	22.518027
	40.771761	8.087273	26.581844	7.684972	17.584067	15.633140	-5.039310	-28.008668	-4.262015
	29.874609	0.648450	15.934858	-16.930975	25.626192	-4.604222	-16.651787	-42.362665	-17.121536
	17.744072	2.567426	-25.012750	-0.990146	26.761076	-7.129751	0.673771	-17.475498	-0.660992
	-1.273419	43.512842	-21.962575	16.092925	35.209782	-29.199380	22.509105	32.320077	-28.371697
	-19.979326	29.362665	2.296614	33.576386	37.604706	-2.088430	44.327091	11.673954	-21.723670
	-20.122251	15.249045	6.894074	8.353426	31.993468	6.079758	9.872849	17.242282	-26.990035
	32.024843	-3.182459	24.733922	3.192793	11.117266	12.194284	43.565262	-5.033075	24.860194
	39.114492	-5.880317	42.561943	0.703466	40.736053	42.643414	65.129265	-9.871749	39.342815
	-2.254688	1.600444	30.281969	12.284431	32.484721	34.356595	28.785526	-21.763321	32.436524
	2.253618	14.414237	14.226222	15.041346	58.664660	42.287835	17.047043	-17.534212	24.642460
	-9.872218	2.124112	10.674982	0.758666	42.301893	22.364516	30.585669	-5.191662	8.589667
	-27.610259	10.532967	10.186353	-0.581383	26.050387	1.214425	48.953231	-12.356904	-15.984269
	-63.409611	17.549812	2.666106	2.076101	-13.990403	23.522248	-15.426278	2.201128	7.895424
	-1.275902	-20.528462	86.619132	11.945631	10.998057	48.589863	4.327525	-1.653990	50.755256
	-10.879613	-25.875406	73.606970	9.239715	-10.702524	64.099725	-0.850866	-14.644913	26.265461
	13.445020	-25.262824	91.782328	-5.878942	28.589097	59.468152	5.521638	-27.200837	82.853456
	12.664445	-17.314742	46.856589	1.127225	42.435860	34.023398	20.604866	-13.199127	66.875335
	51.899516	-14.031640	44.114790	-16.946544	45.294696	59.432679	16.750997	-25.710005	61.562967
	-20.262142	-11.492216	49.333652	-3.839010	30.384635	74.702851	7.986715	-19.270383	38.145950
	5.147351	-19.228102	52.058388	-4.538845	15.594124	67.545195	1.810402	-23.759030	63.336737
	25.914127	-26.094492	13.530065	-39.600804	25.321462	2.064695	18.311582	-53.178226	63.490457
	0.216735	-37.324582	-28.765199	-41.823652	19.083277	-34.190465	-36.702200	-16.328738	-11.711828
	-14.555091	-9.635100	-35.911745	-17.638289	12.093255	-26.278031	-24.299548	-14.455733	-12.326595
	-2.251715	-16.381815	-6.050179	3.641275	9.158594	-41.619462	4.697181	-41.378124	-17.404006
	-1.201523	-17.459782	-22.809600	-26.380805	-1.489868	-28.443556	-5.689358	-20.204868	-8.894912
	-3.659177	6.029500	-2.944153	16.011008	-42.640059	-1.859163	-19.737004	-13.492563	-15.988139
	-8.666882	-9.350199	12.070597	6.389183	-22.672433	15.282619	-2.379814	-30.432752	14.645581
	12.186252	-28.378122	24.478086	-21.568484	-43.634917	3.369319	-16.801261	-20.715197	6.750466
	53.285658	-9.178033	12.747651	-17.883608	-14.946180	2.163644	11.857169	-47.299669	51.438774
	42.883513	-39.856037	5.277192	-20.748218	36.760354	-12.088788	12.578509	-51.680633	10.403791
	-30.661472	-7.643690	-12.035881	1.379338	39.176680	-21.530059	16.671784	-25.251520	13.137332
	34.350069	4.668955	-7.638657	0.652419	22.824719	5.773819	-0.088543	-21.168101	35.800212
	1.759916	9.995859	11.060519	-2.986923	4.272241	49.960250	-20.139241	10.165004	4.071227
	-8.159000	-20.313514	0.243884	6.937920	5.160649	49.758545	-35.556998	-12.534759	-20.542552
	0.655154	-10.434634	11.650710	-48.388543	7.789488	49.932987	-42.720439	9.707632	9.133705
	-27.212456	-5.312554	22.426863	-56.481429	-24.055990	13.386957	-39.955227	19.095909	20.594684
	-3.361387	-14.691926	13.695746	-27.261493	-14.102589	29.745351	-33.384362	-13.403340	24.903702
	-40.458938	15.677313	-11.809773	-32.133211	-30.643128	26.355893	-46.529041	11.371904	-21.964009
	-37.500086	32.617932	17.659155	-43.707275	-18.686718	56.201345	-60.289917	40.623130	-1.485569
	-18.416303	10.827837	28.517639	-6.504110	-37.881260	95.369645	-51.890308	28.986753	-9.985618
	-8.896186	-10.241815	21.898349	-10.532271	-48.252971	69.321684	-16.176244	27.297157	10.292614
	2.020673	-6.985807	-40.175234	1.131074	-23.007432	15.225194	17.336451	31.369120	17.494305
	-3.995212	13.666389	-53.396250	-35.415218	-17.393288	-14.287000	-15.333353	34.339646	11.020717
	-20.283670	11.422079	-6.498906	-56.395004	8.224794	-6.834650	-11.757225	38.132050	3.787814
	-39.978065	16.565786	13.440004	-87.010598	32.901839	-66.917822	-61.674524	2.355973	-2.333736
	-34.678921	26.923960	-0.747084	-39.400893	21.801046	-57.251722	-44.529044	24.195290	14.552683
	-11.253305	13.551555	0.904426	-19.623556	24.614660	-2.165382	-32.579082	4.071044	51.935195
	20.005933	16.202353	7.728473	1.779144	-14.543642	-8.977483	14.328916	9.727554	32.799580
	34.786646	-9.413990	-12.033441	3.004117	16.672863	22.192822	45.342648	34.197072	41.390870
	27.658687	-25.098762	0.835466	23.128799	-4.099274	-0.074630	16.528988	8.380614	38.465491
	-11.822222	-11.566144	-3.299957	30.497828	-17.003525	-19.842921	20.425743	9.480551	28.801938
	1.154293	-35.217111	-44.775536	41.793352	-34.798725	-38.414257	26.514876	-10.516521	-6.336220
	1.153540	-45.293144	-24.755374	29.928346	15.711255	-54.377398	11.363031	-14.777703	51.321358
	-28.339958	-46.628297	-23.693622	-33.549462	12.158520	-75.699895	17.774247	-42.272512	3.509013
	-18.602658	-41.562982	4.568163	-40.866544	48.076679	-83.349222	7.175846	-46.385238	-11.212300
	-21.442171	-21.997945	-29.007009	-35.315167	41.223777	-92.610718	-13.908450	-57.423984	24.137480
	-42.047746	-13.122054	-19.161672	-60.925155	5.304107	-57.473433	-41.034230	-26.320754	11.627368
	-19.263156	-23.884453	-59.036262	-35.985376	-27.860177	-44.299607	-34.397767	-11.239390	-30.047372
	-23.228217	-21.708882	-36.258908	-22.115932	-6.600216	-34.410049	-6.206429	-9.997343	-1.664621
	-4.441911	-8.784971	-46.299070	15.345276	14.368859	-60.207946	38.027787	1.082324	11.699636
	-24.823672	-13.540923	-26.762487	31.997638	-0.456132	-34.786659	16.267613	7.934005	19.440502
	-31.337105	-2.561848	-36.100425	53.789493	-26.080984	-61.713456	14.034425	0.143210	20.652804
	-30.090970	3.317139	-22.652778	14.714337	-47.325822	-35.508716	25.999348	33.856532	9.002991
	-38.825895	-3.848539	-31.634210	7.346175	-39.437553	-61.854186	-26.993064	18.866672	-7.126000
	-16.852673	6.161207	-51.099081	1.039191	-49.784207	-86.417861	-28.240667	16.179526	-73.200715
	-10.593345	5.978499	-9.525881	-21.594867	2.701526	-40.918895	-26.614618	12.240634	-9.175717
	19.069456	42.990783	-34.247039	-30.947716	-28.095218	-26.687911	-35.964555	52.271493	-30.186760
	-15.710464	17.769322	-19.915649	-10.789232	-39.782953	6.576594	-48.407939	57.449542	-46.665803
	5.754753	7.580059	-16.152295	36.626314	-38.736799	7.894395	12.761784	38.612358	4.893422
	35.494941	-0.470928	-7.959713	58.992161	-34.878529	22.824445	53.764220	24.699919	-6.362111
	50.077588	3.605467	10.117686	55.366785	-18.507832	20.456926	-5.344891	9.865548	-35.017589
	47.767839	-0.662762	-34.789660	84.334831	-30.789914	-32.175901	30.249449	15.069439	12.466325
	14.359146	-24.312439	-56.722065	82.356623	-31.898920	-16.974509	47.101734	8.757603	-4.760161
	29.770083	-4.295683	25.459238	54.453457	-2.636219	28.062488	36.336749	33.080897	0.592252
	-27.493868	-3.867560	-10.064904	-15.289290	-54.081715	51.129416	-33.702564	17.582576	-41.000828
	-19.164446	-28.034016	-4.364549	-37.889464	-42.624173	9.710692	-48.418129	-4.702870	-63.160344
	-46.544168	-18.386767	25.600944	-48.145919	-47.939202	21.495884	-54.490530	-50.220633	-66.181950
	0.798640	6.382521	-9.944430	27.656496	15.678417	-6.203544	3.517192	-6.446452	-5.618343
	-31.210550	0.649023	-10.986431	23.835424	31.056028	17.466514	21.720066	8.637862	-5.303082
	-21.577785	7.536750	-10.417255	23.535791	51.684047	1.222510	20.006278	10.595561	9.554318
	-0.863658	4.145530	-13.426014	57.269295	31.206573	28.040989	9.643220	-8.089824	-12.015850
	32.325779	-20.488997	-2.157694	36.343141	15.954929	44.043491	-5.182058	3.304742	-1.259724
	12.404814	13.822248	27.100894	-0.369388	26.766871	40.355450	-2.909600	2.776404	12.180289
	3.172546	-17.086433	69.329161	-43.750964	47.899952	49.064423	-16.223903	-28.428152	35.647509
	-2.695684	15.233870	68.481910	-45.306345	60.319806	24.822749	5.254523	-9.895837	57.314265
	9.349529	30.519501	51.786513	-56.552103	67.618013	18.444622	-29.353525	-4.728450	61.369505
	-11.098352	55.710215	-7.326869	-42.297802	65.917083	-0.885496	-7.815467	35.239460	-2.712243
	15.921090	53.801420	-8.486419	-16.096142	28.244684	1.008737	-37.811354	74.727760	-6.113514
	10.988854	69.809513	-17.814975	-22.178768	24.356368	18.071536	-44.173529	69.748063	-3.690658
	18.763690	42.305787	28.339892	25.581461	32.894395	6.893482	4.791324	74.800519	6.003548
	39.893058	44.594750	45.974845	13.503329	23.238307	46.187524	26.348343	37.810898	9.886513
	-0.592247	49.399635	71.407893	23.179163	-3.304123	83.882364	12.869986	26.025653	45.587014
	30.674622	10.356833	34.283902	53.819357	19.514764	27.153653	54.571804	41.523325	28.533677
	25.036397	-18.380494	63.534066	11.081699	18.542437	76.704340	-26.847612	18.898787	40.619304
	16.517385	-3.211355	55.715740	-25.858241	11.950021	30.550253	-10.527995	-4.672113	42.471674
	46.222086	-24.991113	66.682654	-22.951425	13.375613	46.848337	33.563544	-46.143161	39.761943
	26.539260	-32.234852	29.957633	-30.422584	34.112362	25.576206	47.495793	-25.246141	56.494756
	37.205067	-52.630827	58.228386	-27.527492	37.282449	97.527472	37.502747	-50.730785	70.524977
	50.044856	-75.383170	47.579000	-14.736310	38.264775	73.788636	75.153921	-78.045447	20.729725
	58.929991	-36.151979	18.548296	43.990496	38.320318	73.708965	78.667633	-23.879746	52.650416
	56.395601	-18.364066	12.844382	46.281332	30.254710	60.311249	61.628295	-7.897313	9.839618
	63.370507	-10.996016	16.117482	31.758751	25.698954	62.509936	43.014161	-21.147608	14.342750
	51.468234	-14.160276	6.859293	38.959532	77.630528	28.154093	89.617538	-32.495650	13.094839
	40.722939	-14.653043	18.194534	21.725317	54.328553	45.649789	73.667000	-69.808673	14.461021
	40.695871	10.979213	5.582027	43.319441	51.810393	15.165056	53.673606	-52.971331	-14.885502
	17.442218	24.736032	-19.494563	43.170613	49.427235	-14.587523	73.117173	-3.276628	-3.204996
	19.888480	7.367419	1.762099	21.826322	69.596780	-13.927623	19.871251	5.893542	-10.772865
	-25.696667	15.671167	-6.576608	19.429654	13.284747	-50.293336	-11.044274	-26.023313	-18.216213
	-26.100636	-8.179237	-8.283501	-22.159126	30.583377	-52.296221	20.114090	-44.398967	12.824545
	-55.041036	-33.099527	-44.857108	-73.982429	-17.585072	-72.974919	-24.452696	-54.680322	-51.795271
	-47.254802	-10.380083	-56.764483	-50.886948	-70.141973	-66.196828	-52.779337	-24.553794	-60.427908
	-44.031392	-3.902875	-46.893362	-46.331060	-36.663063	-45.151650	-16.384225	-8.003643	-35.604191
	-53.729058	-2.603918	-57.902238	-50.917435	-43.342339	-60.039778	-55.953465	-4.092126	-55.640948
	-33.990728	7.995893	-53.893762	-30.741774	-47.477819	-54.802633	-31.644673	7.099633	-7.506131
	-34.799863	-13.616158	-40.663161	-17.526622	-12.066846	-41.482820	-14.651170	-8.903467	-8.813058
	-35.469653	-21.775958	-41.970910	-10.032797	-20.514704	-80.802593	-33.085238	-35.283359	-37.846110
	-26.529188	-14.300553	-11.171059	-21.000680	-18.222400	-40.020661	-7.275655	-28.393036	6.548447
	-47.056024	-4.957530	-34.922880	1.858814	-11.816580	-83.122242	14.845463	-10.200872	-28.490270
	-25.231181	3.549120	-25.642385	-14.577097	42.641200	-46.560154	-18.164913	-44.300421	-18.182198
	-22.170091	-11.192339	-16.354099	-47.201029	18.735747	-34.416583	8.017651	-41.240746	38.029218
	-13.519646	-14.345065	8.234474	-15.545963	25.562492	-9.652262	3.367556	-56.899140	18.182542
	-0.674480	-26.134959	43.471266	-36.162924	43.470534	-48.785068	24.495652	-76.166367	33.856878
	-13.441591	-13.266930	-3.157291	-79.570141	35.065242	-67.146666	-20.954826	-33.085106	5.856128
	-5.005002	2.999141	-29.023330	-60.782073	1.276355	-50.285231	-20.418621	-10.997746	-42.361442
	-28.599052	-21.035383	-33.149618	-45.932926	5.408923	-42.212667	-18.825378	-14.109984	14.756832
	-9.059983	0.691394	-1.708407	-46.051969	7.910003	-13.293735	-30.110574	-21.272918	-25.371918
	6.032032	-19.381103	21.874588	-9.496520	13.070295	10.189678	-13.672894	-67.316332	0.296226
	3.403377	-25.083094	21.472606	3.809373	49.006073	-29.184636	56.135270	-51.419602	31.734885
	-1.757836	-33.974851	55.868808	11.477103	38.915201	58.162435	27.732657	-50.900062	55.204012
	-18.642937	-20.938862	59.884824	3.862057	7.473541	56.212456	3.549340	-27.585773	40.863822
	-8.932582	-9.172333	28.025841	20.845743	-12.564891	43.316577	-33.117220	-33.790125	-12.242609
	24.989686	6.358287	13.178076	41.150424	-29.913573	15.877633	-1.002616	-13.379728	18.103933
	-3.917419	5.359974	11.468797	-13.951997	-66.318430	15.105629	3.095806	-10.290271	-10.798743
	17.386847	3.380378	-37.472369	22.941694	-42.062171	16.265698	-5.208213	18.634963	10.352135
	17.367060	-3.872436	-72.478617	34.376381	6.441828	-3.664933	18.563609	15.962825	10.124696
	-23.448784	19.466412	-79.790422	25.853494	22.673423	-38.516028	-47.197399	29.505347	-40.734216
	-26.761671	35.937825	-67.929284	11.104235	-25.459768	-41.758508	13.143593	44.622123	-75.656288
	-38.833859	26.570310	-73.205986	23.171030	-5.664696	-68.728196	-13.444135	33.718768	-62.520624
	-28.079385	42.223954	-17.303225	4.939254	-32.372329	42.887254	-17.246663	38.992557	-23.859580
	-48.181924	72.501657	-58.408308	25.289776	-22.073028	-39.008879	-66.144953	57.213832	-52.575079
	-92.714885	81.149487	-68.314724	49.151371	-50.102156	-71.044181	-51.750857	70.689935	-65.096266
	-21.680134	43.789279	-11.381485	42.230243	-35.154552	-49.242400	-5.301151	61.568894	-44.216664
	-11.004913	20.659238	-17.992942	-19.405832	-37.259228	-60.340851	-29.584448	1.201657	-39.231305
	-26.878463	-5.283605	-62.838197	29.297808	-90.432592	-22.379848	-21.433603	6.333145	-37.132162
	-6.429971	12.839708	-77.139266	60.065302	-79.018270	-35.966534	14.741149	38.835887	-37.574386
	-0.637640	21.302231	-47.604833	67.825265	-74.362902	-11.465002	-17.705379	49.717184	-10.528909
	13.898824	8.346513	-28.414323	87.301553	-6.239407	4.105373	27.193645	23.318009	-32.837522
	27.785315	18.354338	-27.815399	70.217419	25.294165	-25.712276	56.628944	9.471298	32.802879
	-0.985928	12.089126	-25.443176	83.964025	36.308752	-15.274272	11.599584	34.452631	25.093192
	31.851771	11.209645	-39.100864	99.573556	24.731295	-22.808609	79.199211	37.305698	2.718613
	28.299316	9.585360	-53.333513	78.811170	40.222583	-30.907341	52.453834	36.162948	-10.155590
	-11.701463	2.965046	-37.348890	63.256610	12.434119	-41.040008	-19.502373	24.483436	1.128849
	6.826072	-22.915690	-18.353196	60.332877	10.834189	-35.635729	10.837808	-13.968063	25.188175
	-9.365094	-9.274864	-17.535052	24.206086	36.852648	-16.464920	22.821181	1.823122	12.730301
	26.365181	-28.424336	7.846688	5.427883	-4.634568	-31.119413	21.626702	-36.052192	-5.555478
	10.740812	-17.921962	-18.380619	24.571214	-7.714437	-19.287308	38.264744	-5.122604	-1.101472
	17.639104	-11.408123	12.243679	-14.139317	8.162818	-16.417939	22.971181	23.030590	-24.307856
	4.691350	-30.547399	-12.053248	1.951946	7.127089	6.671974	-11.620351	-19.835958	-16.855835
	-5.380571	-26.721597	-44.974416	-16.270249	-7.141361	-15.436786	-23.824922	-26.753154	-43.500325
	18.770526	-23.342400	-25.994247	-58.952029	-8.716099	-9.609054	-26.250649	-29.134727	-2.229206
	-16.191906	-13.192073	-1.287833	-70.017057	-7.059102	-9.985771	-45.275449	-37.560452	-17.378388
	-22.671669	2.654266	-6.858391	-21.532216	15.916384	-20.875265	-17.293484	16.674044	-8.620208
	6.786291	16.057048	14.691995	-17.545523	19.527293	-11.094316	3.208113	-29.486539	19.382749
	-37.349669	-11.443643	52.075433	-4.868197	37.034101	34.625407	-18.327529	-35.501360	16.443143
	10.824080	-16.854300	63.145040	-39.656953	49.659991	63.671204	-2.646014	-28.824082	51.080006
	-23.482580	-17.826716	47.894383	-42.282827	-2.329033	30.814785	-26.428765	-21.105452	-12.883573
	19.228584	-3.303998	61.503112	-28.641604	21.460766	32.371125	37.351245	-11.804965	26.721595
	54.058262	-9.937910	62.204502	-1.884942	22.791693	79.766080	30.438580	3.872520	57.956211
	28.189266	-11.376025	69.727599	-12.601432	48.282796	70.026021	40.588264	1.924864	50.599835
	4.243520	-34.041847	24.913627	-4.203604	5.626653	38.580719	22.529593	-41.000517	12.593598
	5.804064	-45.726652	20.685077	3.129462	17.279218	35.411840	28.914282	-47.680594	20.937346
	-26.677219	-5.839086	11.507501	5.293108	18.512379	0.048733	27.878950	-16.389765	27.527529
	-46.484549	-18.467578	16.770045	26.681457	-15.585946	39.557184	15.676521	-13.507530	-39.217014
	14.252517	-1.529564	27.834837	32.861524	-44.573276	33.210492	17.589569	-3.050734	-11.119959
	10.166871	2.568733	1.354615	65.394698	-34.031887	31.113551	36.521342	31.315232	26.608209
	-2.997346	36.533641	-41.277156	64.809546	-14.555697	-3.589109	16.760452	54.993176	-22.220458
	-12.409552	76.874376	-70.295055	82.793059	-34.338739	-2.070055	-32.681850	49.152040	-71.341586
	20.106931	68.590601	-59.595566	120.925438	-31.138170	-5.079737	2.658684	79.169858	-48.737550
	6.492279	53.631355	-38.016895	65.094445	-25.557445	-13.994966	21.016422	74.435879	-49.247446
	-9.092491	46.656380	-13.611840	74.700453	1.160918	8.381323	-37.055977	70.482204	-41.136509
	19.922489	55.076619	19.931244	83.606666	-6.872528	-11.939370	57.322296	74.868374	20.785329
	10.689543	34.613100	32.917261	69.439446	-28.305656	-17.625825	57.073817	28.344917	-9.479218
	-10.608477	20.425779	16.653702	26.401903	-31.874605	-10.129204	-12.368032	19.708955	19.459129
	15.719698	25.973670	55.644729	45.217741	12.929890	-37.772780	6.429747	28.738681	28.247937
	24.732700	13.758469	29.700350	59.343469	16.166923	-48.562252	21.079808	35.073708	44.087254
	-6.676221	-8.284168	29.002919	-18.505135	6.194877	-40.813340	-23.116003	4.578213	14.995429
	13.296587	10.841155	-2.864414	-29.822174	7.559155	-27.147306	-31.940683	-9.404610	10.294040
	6.118025	22.864006	-15.757470	-34.265325	-14.134613	-36.632938	-25.468358	-16.789104	-13.519264
	-19.190845	36.732369	-10.503895	-45.555317	-25.595270	-10.819809	-35.887734	17.644928	-2.586534
	-6.685038	26.884496	-7.223212	-53.668021	-23.248932	13.988599	-16.060480	3.566523	-7.349511
	-24.227483	7.482710	-24.756197	-84.190129	-38.555297	-30.073570	-37.387987	-12.964750	-58.163674
	-8.680913	-7.800872	-4.983920	-74.901047	-25.809460	2.137643	-29.262866	-14.345993	-1.219580
	5.772795	-9.716945	-14.535380	-44.487385	-39.204380	-21.210001	-22.692530	-5.437787	-4.874308
	1.208082	6.034991	-46.999848	31.579800	-41.260777	-32.698214	-6.317647	-2.103150	-49.889392
	-21.341359	-5.865427	-27.707537	29.436563	-44.842784	2.113862	-11.856060	29.611201	2.052560
	-20.076751	-8.606129	-23.781959	16.024889	-20.727075	-11.407911	-5.661737	32.093246	-17.348895
	-49.915621	-16.418277	-41.507463	33.421349	-26.580697	-8.922013	8.314666	21.684045	16.880820
	-39.991481	-10.158944	-22.124252	12.277638	-18.503479	-10.526720	-8.249374	30.776625	7.628106
	-6.948009	-5.153782	-18.907226	26.137885	-16.260478	-11.391715	35.363479	10.483706	21.299570
	-15.769556	4.386122	-35.237630	34.669653	3.995772	-32.763502	30.648690	17.013232	-18.952065
	-22.434002	-14.714679	-36.246705	28.768552	-27.807175	-20.809617	0.375920	-21.441676	-41.718718
	7.666200	-18.601863	-8.335174	32.901487	21.554238	-25.358341	22.977787	-7.621807	37.713314
	-13.960320	-26.873977	-20.541157	23.168389	-2.804707	-23.655253	14.229845	-25.268833	-48.523745
	4.203211	-38.100630	-11.005175	6.239525	-22.711246	7.960818	-29.062482	-32.354684	-15.881885
	-5.990127	-42.802146	-1.945350	-2.581121	-16.482664	-2.615421	-12.034188	-38.581425	0.793091
	-17.206966	-35.302973	-30.000701	14.542654	-14.113071	-20.901348	-10.481527	-32.249285	-10.415286
	-12.935099	-31.067829	2.513604	-1.729284	-24.062636	-13.282067	5.965869	-14.107756	-10.045041
	4.366089	-23.542408	-9.462421	16.366929	-35.512189	-9.709068	1.332063	-14.870164	-6.529056
	2.504445	-11.973556	-20.627023	35.616886	-40.061681	-26.320851	27.925427	-41.604188	-8.873904
	19.900420	-21.566254	13.900012	11.610847	-10.664777	11.576422	41.747904	-13.107390	22.238983
	-12.471543	-8.567180	40.403824	-8.451774	15.077671	15.980433	17.203678	-12.138090	36.794481
	9.348029	-6.886072	-2.867779	-18.397646	14.029368	-12.408026	9.121836	-15.193792	16.795372
	-19.984991	-9.425716	43.205801	-54.735234	-8.633470	10.645925	-3.827177	-15.234918	-18.706910
	-27.732940	-11.071283	29.490161	-59.693088	14.099010	33.119862	-57.806029	-0.331583	2.786513
	-49.176097	-13.874696	-32.360508	-101.722299	-44.488482	-6.754396	-56.765356	-4.274167	-44.562124
	-18.376625	-37.808874	0.302659	-95.396925	-46.985332	34.429238	-57.859009	-25.052538	-11.955882
	-10.861722	-17.895692	34.839904	-82.315673	-17.557401	36.421670	-36.401102	-44.793163	-1.192699
	-54.306091	5.925479	28.083860	-61.226528	-16.375564	24.227750	-35.747288	-31.310554	-24.183725
	-65.666960	-5.882231	43.775564	-39.753830	-32.333382	34.792974	-11.144847	-15.170774	6.265332
	-1.978981	2.817113	38.646479	-28.422753	-11.585838	45.979494	-23.322174	2.918798	29.480253
	-9.452021	5.154080	6.291600	-12.617150	14.632320	3.831998	-47.044838	-10.333170	14.993638
	2.300489	7.273634	-18.967388	-31.571152	-31.730364	-11.400247	-36.279959	-6.629428	-18.523615
	-35.612632	-25.550567	-12.656283	-54.147611	-7.321107	-6.782524	-18.659949	-33.029433	9.737149
	-45.532160	-28.510127	-9.197846	-68.398912	-45.464436	25.878516	-28.334941	-9.268332	-10.759326
	-49.015861	-17.356879	-35.058673	-66.236810	-44.206989	24.298364	-49.481886	-7.204866	-19.605870
	-61.914123	-17.969667	6.836257	-75.389999	-47.844406	21.404079	-50.172332	-18.997843	7.603598
	-32.943760	-22.487410	22.470767	-43.606626	-18.094845	16.190461	-42.334359	-26.817517	-22.555889
	-40.907610	-31.623288	22.040345	-48.312763	-50.958424	-16.303923	-39.139648	-51.027922	-43.313427
	39.754861	-38.828298	-30.126767	-14.235266	-18.802784	-83.818103	6.340661	-8.409278	6.452188
	-26.987661	-57.885480	11.559038	-112.907279	-38.556177	-57.185984	-30.760158	4.814372	87.646551
	20.918436	-38.707337	31.973462	-67.355511	-24.709633	-18.030024	14.580428	5.434213	84.191737
	4.461339	-8.470983	8.975575	-32.820444	-2.122089	54.100145	11.164026	5.337897	-4.893731
	42.025594	-3.764526	53.633887	28.162303	-36.142039	47.455605	37.133117	11.581785	12.014529
	33.762928	-6.807767	58.910927	-13.241083	-10.841897	74.872541	-14.007415	-7.693503	13.004261
	28.055844	-7.315796	32.526966	0.119582	8.340086	89.557185	-26.783996	-13.986483	66.872286
	12.632325	-24.432315	58.211646	-4.573951	32.432739	81.689778	14.831996	-5.073082	50.968053
	10.481670	7.231453	3.467302	-38.613924	32.645738	24.210539	-1.108973	7.954429	24.245516
	-20.907861	29.261640	-15.584779	-14.490179	2.001014	9.634263	-0.426670	9.530874	-7.166142
	2.432809	45.263964	-7.857505	-4.085866	21.899030	-2.774041	4.260691	37.364415	-15.683050
	5.206678	35.154072	-12.627506	2.128314	54.245309	3.228589	-22.851613	29.777571	1.381571
	-21.236432	45.697438	-14.775553	8.249801	59.996845	5.474448	33.858729	32.831874	0.105691
	-8.346725	21.648802	-20.305577	14.854845	24.441863	-18.343957	-16.364869	10.864384	23.562450
	-22.327793	-5.954794	-6.606214	-28.437988	4.363384	-29.549333	7.096068	-1.021488	20.407164
	40.373156	-29.760560	-2.988923	-0.764434	6.074043	-30.690027	-14.284625	11.453260	29.808415
	1.278507	-13.510098	8.294953	-8.615618	6.580031	-18.658720	-9.788634	-24.324985	35.511973
	14.285100	-5.230976	24.583006	40.677087	18.646481	-51.491165	14.328966	24.180853	-1.370239
	-24.008192	21.670632	-27.249085	57.732833	14.586889	-28.037949	-17.666715	23.136893	35.311266
	8.027036	21.120094	-58.011172	39.593307	-23.900990	-21.570225	-18.424222	39.930230	-59.390032
	-21.256215	32.920946	-80.149547	50.853400	-21.342524	-4.266514	-0.763532	54.406810	-35.240252
	-13.437219	23.839276	-33.779415	68.443667	-29.987686	42.075023	14.603223	6.742413	19.013234
	-20.148013	9.165068	-20.450349	46.250295	-41.415211	10.314627	1.037329	15.735101	-6.597760
	1.278698	12.928944	-19.431352	54.205147	-14.911699	-7.479397	6.506853	13.204164	-17.591486
	-14.645268	10.896695	-36.436881	84.107403	-8.877116	-0.857631	24.134021	0.054003	-31.238331
	-42.137113	20.698947	-36.451266	60.689563	-38.750732	-33.648034	24.218464	20.978034	17.697040
	14.079090	24.453125	-46.272924	53.393361	-10.430679	-37.129096	8.958337	24.255710	-19.793598
	-24.177270	25.596715	-58.267137	47.934302	-23.649019	-32.442911	-4.678526	29.564296	-37.372171
	-0.415944	5.350956	-55.187999	55.791391	-28.301090	-7.818128	11.304311	50.690438	-54.073323
	-8.086615	4.065311	-29.854027	31.225171	-64.419870	-27.233131	-22.683144	29.448033	-36.107060
	-3.999521	17.117882	-14.460217	39.794088	-21.758038	17.685366	-18.818147	48.430873	-40.530990
	-15.390187	27.502100	2.644250	42.143539	27.574244	15.584887	7.869513	46.255471	5.622339
	22.929375	25.017766	17.893557	28.344489	24.030305	0.780734	31.920228	39.823150	21.166763
	-36.008751	4.677230	3.295175	-25.129860	61.030373	16.748955	-10.837090	20.787878	2.167717
	-66.687554	-9.472341	4.615630	-31.899489	62.274260	17.399871	-25.356047	-23.960099	-1.815260
	-41.472766	-30.979300	-27.832725	-76.560226	39.302509	-2.561460	-37.600784	-30.823837	-42.250117
	-32.594693	-31.826663	-28.387680	-72.546627	35.166515	-10.486193	-55.322416	-35.070581	-14.641629
	-30.061299	-43.568459	-7.278960	-57.110497	24.966166	31.090155	2.682050	-35.405598	3.417676
	-17.366693	-24.915546	17.576462	-54.608410	-12.957854	40.465798	-19.185074	-32.164782	5.914839
	2.554807	-0.772020	19.081749	-30.687123	-14.291759	10.181361	-30.511851	-17.166829	-13.391174
	12.376279	16.767794	2.833357	-19.025833	-8.788719	3.716845	-17.970243	-24.844141	-21.992793
	-2.119321	14.541969	1.497599	-19.937995	35.264232	6.923308	5.712774	32.983608	-20.993292
	-15.694816	2.610930	-3.415345	-48.045664	8.895324	-9.634383	14.202072	-14.262395	8.528124
	-3.933731	5.003304	-27.661032	-15.697462	28.254320	-43.015283	9.666415	-1.560022	-16.905014
	-41.072113	26.192870	-31.290001	6.894933	5.370690	-49.060440	-8.615082	13.143182	11.347443
	-33.829906	5.292012	-8.955690	-70.997625	-2.168243	-29.016672	-30.032987	-13.976865	-16.658298
	-20.880793	15.530377	20.995814	-41.579094	22.037762	13.121059	9.173035	-20.740047	42.874630
	-25.966827	17.680147	36.227374	-29.483310	50.822582	22.098977	52.589321	1.025443	16.662807
	-11.639465	18.753936	7.291907	24.756945	20.224546	14.240060	37.764798	11.601728	18.806322
	-4.733269	11.693440	13.853306	31.171238	75.143542	-26.262580	60.708620	4.421674	36.893180
	-9.088620	14.823120	-20.559748	43.315026	69.558000	-38.144611	58.884344	0.114936	2.326130
	-30.946719	9.722353	-63.576590	14.391395	2.839015	-35.020744	19.365657	-4.586121	-48.523396
	3.000587	6.791763	-35.597331	-9.182059	-21.361326	-40.852924	-14.195642	-20.770349	-50.202312
	7.959038	-3.393044	-17.727704	-10.964175	-15.165532	36.097309	-10.295303	-28.564757	13.687835
	14.028315	-30.408724	11.984930	-12.156335	-38.382957	51.198362	3.004397	-10.228832	19.501796
	21.716342	-30.580412	39.491388	9.688076	-0.910795	61.197914	-0.999319	-22.365530	59.807180
	12.925215	-19.585957	70.972372	-17.897202	47.916276	56.476174	20.748926	-11.370776	53.918321
	15.648841	3.288072	59.109291	-11.886529	33.115576	28.131204	13.842730	-17.459971	48.268480
	-1.704734	-18.186920	51.541142	-49.264239	43.416690	35.035584	0.366232	-20.889187	24.118434
	-14.280279	-18.270907	51.782168	-75.525353	23.727246	19.932357	-9.347523	-38.294474	25.136219
	-22.149942	-5.714974	40.126612	-64.613647	2.986889	0.455667	7.849822	-35.918967	33.233610
	30.613158	-33.266544	53.988894	-49.245803	23.417795	14.635527	27.190581	-40.430012	56.089316
	32.135702	-2.090760	46.538834	-14.744402	18.232257	24.285038	12.701559	-18.664128	52.372920
	2.180059	-11.050366	30.322100	22.095396	13.693537	55.983598	-2.458162	-15.285666	39.362856
	0.665115	15.096823	32.312068	29.374759	7.833528	64.566335	15.169874	-21.927565	7.720331
	-14.712360	-12.869590	17.343223	3.985771	31.964799	73.051266	18.761909	-9.964521	23.936456
	-22.044361	12.782324	-50.769626	-3.819724	4.480805	12.317084	17.898799	34.184934	-6.344811
	-43.497154	3.554316	-47.913051	-50.340279	-26.125030	3.730861	-31.816583	27.104144	-40.188559
	-26.332772	-7.858197	18.549197	-49.375314	25.050968	26.722741	-54.315114	-13.644496	23.222719
	-31.446203	5.028328	4.221916	-57.060891	19.570825	80.776167	-44.136106	-26.297982	-9.716084
	9.291685	11.083384	-17.999768	-20.053422	-3.299813	61.814455	-30.117318	-6.059604	-56.769595
	-20.439286	1.631571	-10.069360	4.748999	9.913738	54.571790	-21.699290	2.895361	-29.243845
	19.188098	9.059208	-0.369905	21.443863	11.198466	-4.967905	23.532129	-0.220614	25.501817
	8.431076	42.101414	-24.818204	104.900780	60.766236	-24.809066	43.198838	17.323366	3.071899
	11.624179	40.916371	-21.172293	60.600656	43.916073	-47.358363	16.949512	24.967217	-22.098588
	8.916319	36.782984	-65.443403	45.981450	16.043807	-83.845146	10.416637	32.648663	-38.647025
	-34.799104	41.794660	-44.594584	19.505775	0.007885	-59.626293	-28.130637	32.942666	-70.991204
	-27.730904	21.047964	-46.790961	8.517862	-23.302421	-3.040721	-62.621649	14.567031	-68.154922
	-31.340184	28.873194	-74.508145	18.391859	-73.349173	23.313586	-0.884343	10.250341	-44.338071
	28.270104	25.014718	-33.294243	38.173525	-23.979776	33.355309	15.854432	41.319640	-21.043284
	20.566956	15.094014	-34.336617	24.534976	6.709970	34.396783	41.090943	18.556917	4.423488
	-2.420958	14.721869	-34.210934	62.229142	14.319749	4.475587	41.830317	5.395010	-21.781744
	56.620306	23.664901	-34.470601	69.593430	10.826075	-0.066972	53.902764	43.350819	-13.114729
	3.554477	29.698513	-71.131766	77.657372	-12.626350	-41.024456	5.217901	59.464536	-22.332913
	41.723088	14.292516	-19.921720	54.652240	-32.338970	-3.690172	31.837359	31.952725	-23.944554
	-9.237790	25.564028	-7.170665	37.597840	-21.640095	-6.514808	-6.996649	57.233993	-50.965327
	-10.985592	31.804614	3.072544	20.964123	4.162442	30.254627	7.862499	52.233570	-5.887424
	13.525806	4.952244	30.681298	47.654188	17.261873	27.590581	8.911682	14.100340	47.463354
	46.913444	17.034086	27.427554	47.542711	42.943585	12.432082	50.703997	-8.475821	51.730792
	1.722946	9.100587	29.293931	49.036312	49.835361	-17.274060	44.342776	6.465738	30.163986
	13.997510	-27.177469	-18.588169	46.864409	30.530793	-19.092302	13.728759	-29.972263	8.956827
	-16.279224	-46.949287	9.306228	11.769516	0.733890	-32.802169	3.186192	-13.371316	-21.879344
	-5.769299	-17.433614	24.055307	9.007666	-19.501634	-13.688650	-28.300270	-18.157838	-4.428400
	29.687658	24.091323	29.046462	28.747497	22.901341	6.680464	21.939214	22.066579	25.562962
	30.442579	18.125774	18.901287	24.181353	45.410993	-7.138512	20.229180	9.257189	37.370080
	0.091467	-2.612707	-1.335481	11.459535	17.425471	-19.210111	57.754903	12.347683	0.280849
	4.267118	-16.801966	26.285359	22.674785	25.761964	0.137279	29.565789	-6.286332	-0.592570
	27.264143	-15.681480	0.732818	-11.911298	4.462370	-22.880351	46.159079	-1.980713	-8.302103
	-4.900915	12.691136	-19.423330	26.741897	-0.370385	3.100846	21.105303	-15.310901	-16.226433
	-30.372680	15.410157	-2.051620	30.306461	-33.771741	11.504094	19.006806	-7.031181	-43.270487
	3.600852	29.371640	28.169214	0.557944	-6.062334	4.019576	66.135838	22.331547	-27.553004
	37.430320	3.703710	41.711473	-36.395901	7.463224	17.125870	10.979172	8.465597	18.499721
	-4.143233	-8.822068	38.791390	-51.044310	0.501099	23.671605	1.267721	-22.475332	34.628195
	41.784086	-41.591120	74.661427	-37.152712	-17.530885	22.804456	1.146527	-11.677646	44.064662
	32.111442	-43.470522	98.463791	-38.579035	-6.056607	61.593125	13.552321	-43.109394	78.931645
	39.360756	-26.085729	71.175951	-15.610878	18.312386	85.387882	5.257914	-4.370821	69.447422
	23.410154	-48.529585	74.856583	-22.774291	39.555596	37.197563	1.289049	-20.181467	53.345462
	6.294015	-54.548852	24.093987	-26.027127	4.486722	17.486720	19.036042	-20.915936	45.158996
	1.777461	-36.501824	33.028251	-41.764997	17.901657	41.372980	-31.041477	-18.470797	-11.729694
	1.705799	-40.107543	37.342632	-64.339324	5.477349	22.208990	-10.857450	-34.983808	42.218133
	-18.198884	-10.820248	32.869757	-39.715166	4.290203	46.935874	-37.507562	-8.314528	14.651885
	-0.616722	-16.758608	17.865595	-28.962443	-21.750391	63.872399	-65.435383	-8.442531	6.181055
	-3.440685	-17.581065	56.194211	-45.057294	-5.798045	53.424914	-24.985923	-6.920520	47.142175
	-22.723304	-14.301291	31.336845	-17.762778	-11.722071	29.852471	-34.040810	7.066916	43.905857
	-6.938382	22.089365	39.538927	31.231531	3.717164	3.543384	7.380567	-7.516421	15.286106
	-0.066111	-14.459262	42.686974	8.913638	38.476207	28.806378	25.944866	-45.807542	51.343272
	-1.371495	-17.547755	37.083826	-17.033501	24.375938	12.937835	31.183630	-10.954308	9.492682
	-21.455091	15.281706	-5.478968	-0.720248	16.580827	-44.891674	-21.850047	2.409098	-11.055547
	-27.787960	2.217203	-17.164459	17.053893	6.500412	-31.677839	-33.262735	3.233828	-11.992466
	-8.798221	3.334993	23.975949	40.563798	15.930019	31.389241	-18.371138	-3.435044	-24.810627
	-14.724478	8.737688	18.678379	51.410034	37.631479	26.219640	19.748614	-12.234993	25.746417
	3.108782	26.780021	-11.963396	49.478331	38.286323	25.241274	28.446082	-26.588655	-5.901838
	16.784926	-9.389880	6.534075	19.245824	9.024297	-15.322420	17.094300	-47.234652	-34.144402
	42.076397	2.693871	20.039020	15.206433	26.285488	-20.627769	13.951925	-5.892156	-7.048523
	50.262652	-14.896832	44.242466	-32.977578	41.909257	-3.585787	-8.947034	-20.977258	51.332096
	45.062336	-6.713707	84.550144	-22.628749	82.975133	28.142034	42.309685	-3.229748	69.282987
	5.083316	18.217614	58.245552	-15.774284	62.500558	15.498442	11.615350	9.701423	50.572465
	49.986646	4.212545	4.285444	3.859344	-9.012526	16.517292	-8.096215	-7.017194	14.289737
	58.970194	-1.873457	0.407610	6.318985	-43.340678	14.348782	2.797372	35.095641	12.524806
	51.357507	4.708186	40.559357	16.373912	-51.288760	62.737158	-28.751009	33.583767	26.905256
	34.554225	37.188084	25.573853	38.650020	-37.632378	13.492460	-21.129702	70.878849	-5.925490
	35.026164	29.270566	-14.642725	17.843065	-71.895051	-48.507204	-33.595146	80.329811	-9.608698
	-22.808733	33.193419	-54.743254	-3.423407	-44.760328	-64.005898	-15.718929	46.244875	-52.570810
	-12.841486	29.350479	-12.794835	29.026668	-23.923678	-40.396651	38.269371	45.864178	-10.904656
	9.722704	-2.111460	-16.559142	68.744849	4.622701	-25.520602	21.817087	26.052580	-16.880300
	12.775156	-5.223237	1.234977	36.685312	29.986587	-37.861724	41.001971	-36.623448	1.531533
	48.114904	3.543704	-17.146772	33.757489	58.672624	-38.971529	14.229254	-12.834088	-12.287579
	22.528404	26.822428	-40.365388	-1.754661	19.184100	-3.487592	8.265468	-14.588693	-41.494196
	16.199389	14.343273	-11.935901	13.431225	16.898157	22.525335	12.419510	13.617506	0.491370
	43.742202	-17.963250	-13.062475	16.675055	3.597590	-18.544460	39.289843	6.346905	-18.812689
	35.231497	-31.310348	-1.691107	24.303686	-2.981981	7.430402	43.358940	-27.652966	3.059313
	30.593890	-45.276082	57.785957	15.638950	-13.033865	42.636887	18.355837	-24.842138	10.171626
	12.839962	-28.908614	66.146259	22.420434	14.170863	41.397465	14.855050	-23.979620	19.036253
	5.388945	-22.176520	67.768588	44.609468	15.411317	48.488018	1.321425	-11.018301	34.386855
	2.794446	-32.612113	46.071101	-12.430148	17.835908	69.224455	0.100897	-15.582211	45.505109
	-9.930210	-49.638523	45.982328	-38.538765	20.824349	15.596689	-24.729827	-61.205147	87.141581
	-50.654938	-24.524700	7.957629	-19.604376	-2.830849	18.697580	7.176552	-63.967293	18.653401
	-23.990383	-5.492152	76.729376	-18.342436	30.026593	11.753190	36.228933	-34.055684	65.137286
	-32.969288	2.270038	23.731807	-11.853871	16.973413	-0.043047	-5.726290	13.035230	23.298078
	-35.329538	34.593385	15.878991	35.167348	3.419779	23.781987	-12.576597	13.895550	23.159413
	-15.923687	18.656045	10.292202	32.275951	-27.322459	27.098844	-6.705682	33.002981	-8.042442
	-2.678065	25.609456	-4.957947	50.177957	15.280439	38.073512	26.771023	15.621998	-10.348786
	27.058565	36.274314	-39.714999	42.510476	24.085190	-26.938677	31.763757	16.659112	-45.088337
	8.266789	48.314576	-31.501447	-35.038182	23.026532	-32.373393	-21.618256	-18.612950	-29.488966
	-8.059358	36.298854	-12.460563	-36.141357	32.163877	-40.619689	-11.606785	-13.763831	-37.413940
	-33.539657	38.429933	-26.275832	-30.994948	20.501805	-50.101598	-9.069031	10.984680	-11.531138
	-34.222988	30.336200	2.270509	-32.045734	17.295268	-41.791249	7.972509	-8.196618	-11.854605
	-18.305083	6.667085	-0.026413	-35.705342	19.059550	-19.048856	-5.687352	-10.465987	-8.598079
	-15.491835	-22.755798	-5.746372	-19.316306	68.108424	-39.756648	-0.565141	-51.698245	-3.937632
	-18.840939	-15.667427	-34.992198	-20.688404	59.540498	-60.986588	2.145184	-31.982152	-36.029862
	-43.641631	3.716468	-76.566771	1.151946	16.454227	-77.713986	-41.671158	-15.905935	-60.372741
	-31.138961	-17.099858	-54.592437	4.265084	34.350645	-58.289339	18.068593	-8.351021	-26.187116
	20.470618	2.259900	-11.803149	-48.734969	-14.741944	-14.046435	2.554947	-7.347822	-18.218845
	2.555128	0.073748	-20.667758	-14.950113	-37.674059	-18.015121	-29.745907	-6.900229	-22.422438
	-4.785048	5.083267	-21.767854	-70.795600	-30.213407	-23.596806	-42.821034	8.034644	15.505018
	-2.511199	-5.037189	23.918122	-38.988984	1.664096	-9.909511	-43.098003	2.728135	27.966439
	29.816497	2.901750	-12.538163	-17.610978	-43.567023	5.159950	-26.039985	17.582294	-24.132897
	-32.896311	20.006247	-48.262593	-67.490103	-54.314800	-21.064818	-58.848258	21.726148	-32.259010
	1.696174	24.461817	-20.776886	-21.362028	-71.200563	-19.279733	-34.536140	43.680915	-82.645074
	10.940483	1.015792	-47.021649	-9.281917	-52.783674	-2.350896	-25.233929	49.574087	-25.060475
	-3.030914	-25.797150	-17.664632	3.397745	-50.691458	-16.259494	-13.406046	1.817371	-45.812635
	56.366634	-34.356958	-0.755398	6.231199	-4.058999	-9.006237	18.038605	-44.946734	7.321247
	39.958394	-21.331619	-23.544891	-7.612768	4.923707	-31.580595	87.581437	-39.877117	-34.576615
	20.804840	-15.716586	-25.698810	9.930889	-16.753165	-12.756815	18.590943	-26.119412	-68.979784
	38.993015	10.627032	-46.491630	55.933044	-2.711586	-29.753285	9.211157	9.598409	-71.101926
	3.367763	52.003278	-61.519562	66.792728	31.489524	-43.527069	61.204661	49.492229	-60.759564
	5.978340	59.396980	-75.142391	71.102305	17.069683	-27.437786	27.660641	63.362554	-55.432808
	-25.200026	52.579374	-60.866817	89.288879	-33.964131	-19.511974	-21.538912	71.132581	-56.448048
	-31.393974	59.529105	-48.251147	46.103096	-38.403869	-18.134387	-48.307188	74.008312	-37.581552
	-68.045473	53.227700	-59.408115	47.585714	-14.397734	-59.040311	-35.627317	61.236194	-44.680687
	-35.644781	22.932495	-4.452108	50.137267	-14.746551	-27.527679	8.952270	39.895169	8.370972
	-58.763862	5.610288	1.333144	-27.125059	-43.019951	-34.811836	-52.819727	3.091948	-16.340760
	-62.053500	-7.833880	-25.026979	17.079581	-23.270220	-8.453709	-19.594636	-28.378424	-3.280475
	-43.572650	-21.992934	-42.641308	6.411859	-38.008867	-39.373787	10.026226	-14.339824	-70.825816
	-18.938593	-25.809930	-25.464370	32.113933	-21.282406	-8.953350	-1.360947	-30.438239	-23.984197
	-2.281199	-38.916751	9.470162	2.710441	-33.459209	32.845719	-5.265761	-5.715330	13.987557
	12.298554	-46.909498	-0.421463	42.352261	-22.729766	44.064023	32.630452	-11.042107	22.672162
	4.724759	-5.385230	-43.295691	79.806861	-18.305594	-3.311032	-5.605742	14.159854	-19.587404
	11.383141	-18.060813	-71.584972	33.037499	-18.836678	-9.711530	25.614351	0.903644	-21.302920
	20.082520	-40.002212	-14.300392	-0.935789	-18.984228	24.149065	-16.726612	8.032299	-21.907008
	7.040446	-45.895288	-16.219050	-4.430363	-38.326592	-9.370981	-0.003036	-15.672317	-27.432379
	2.644434	-24.283491	2.884240	-26.018437	-15.850342	4.496202	-31.925957	-58.742298	6.710063
	-10.821879	-30.662916	10.341194	-45.928349	-18.238787	31.301253	4.345742	-58.494964	-17.054652
	13.682044	-34.691749	39.414533	-61.745549	20.578533	61.949230	-13.986485	-47.748611	52.789134
	-16.715313	-43.651005	27.552766	-42.035702	31.627249	10.133533	2.302648	-12.255888	-16.497159
	5.456417	-30.535717	61.880169	-44.564541	12.129084	2.855367	-12.155868	-65.866917	9.489748
	11.820976	-32.570882	35.266838	-52.358488	14.324476	-10.759914	-18.942289	-50.107176	26.237499
	30.009787	-20.021456	48.094485	-81.252817	21.341087	0.074209	-23.549122	-24.835613	14.722232
	-5.595263	-30.529441	58.417565	-68.602064	-7.326773	20.290721	-38.204946	-69.166394	3.804299
	-21.834740	-26.325831	27.067639	-58.597295	35.111757	33.733543	-28.724075	-60.482672	-40.133985
	-30.313124	-28.263909	69.922378	-86.008474	53.744129	52.432236	-30.722452	-72.051530	31.644200
	-13.906552	-43.802708	13.148113	11.223288	36.117577	6.667412	38.356946	-72.955715	17.522170
	-14.315758	7.405333	0.491729	-2.174636	35.436023	14.516553	15.521490	-3.172249	-64.238027
	-7.875597	8.264680	30.738798	-22.243861	-5.617108	38.357434	13.477266	5.165608	-14.380600
	37.280954	-5.333697	58.954146	-9.695497	-23.338184	100.141571	-21.691120	-10.859343	26.962352
	81.127261	-3.868996	22.984885	51.613300	0.932083	54.991415	27.962652	11.908274	11.636173
	58.159774	-7.633790	8.449278	47.821815	-49.162502	24.500790	29.565801	14.458296	-21.490627
	33.874015	9.797699	-15.220812	68.362805	-4.388647	-1.769108	52.261815	21.708544	3.538382
	16.012027	17.102387	-56.694593	74.663909	36.532448	-35.819679	52.985438	34.418803	3.759474
	8.149835	15.573971	-32.410180	39.381246	44.129335	-9.482562	13.686360	59.656391	38.077240
	7.343640	13.229665	-36.773911	30.998469	82.941705	-54.912648	46.311413	5.714376	-3.013760
	12.513395	8.279975	-75.490653	49.493229	74.793035	-77.613924	31.444914	42.879776	24.325512
	9.796819	22.695846	-46.294864	45.038116	36.241835	-44.696590	25.019202	29.371280	-32.912685
	-23.341742	27.595287	-56.025182	82.681097	41.477284	-56.361868	36.704555	57.910400	-23.520452
	-14.216577	27.713145	-83.907174	88.661279	32.528148	-83.577149	72.345672	38.172800	26.855593
	10.960030	11.355119	-46.269820	59.975505	14.997938	-71.352711	11.070907	27.727512	37.117426
	-29.176006	19.437509	-58.882550	41.668544	0.824019	-50.768529	8.525081	13.419469	28.440412
	-22.875607	-4.964439	-82.378418	22.162180	-18.877731	-73.206662	-29.097151	11.348542	10.159794
	6.360977	3.909011	-70.984778	24.607975	-51.468047	-58.707727	-1.472847	35.841353	1.268797
	2.888471	6.771108	-34.568882	16.748973	-73.894334	-17.887995	-31.725746	16.260406	-14.897810
	28.559803	-14.782941	-0.203036	12.834939	-39.473439	-36.775263	-0.760430	6.469286	24.111061
	15.162780	18.714910	-30.102046	10.803274	-25.667827	-31.560961	12.075458	11.054070	-7.163376
	30.133487	19.820313	-16.687603	17.489779	-27.902564	-29.105131	-7.215713	10.192640	-0.170522
	40.997889	-1.924018	11.162184	-23.772441	-25.273960	-6.031467	5.086110	-0.552448	-18.044141
	-4.276391	11.347446	-29.660162	-12.597979	-28.406476	-32.214480	-23.973430	0.129518	-6.228895
	-20.514895	19.089133	10.286257	0.295627	-31.911820	-27.307346	-48.472485	-19.521065	-45.537188
	-41.133188	13.765373	34.269625	-26.881479	-4.422442	-36.724229	-26.517961	-35.680084	-7.277451
	2.400408	12.793077	25.794221	-15.813257	-3.001938	-27.279354	-12.958748	-2.521162	36.304697
	13.845798	2.405317	37.612623	12.454002	3.621288	6.700675	30.977538	-38.651648	5.819308
	-5.419425	10.531149	61.170442	-32.004485	9.151322	19.381933	-17.541793	-7.612993	-7.521775
	15.821013	20.382284	59.302167	-18.031171	20.751320	-6.737575	13.320506	-33.496926	22.802365
	20.635434	6.642872	46.439894	9.556938	41.639950	-22.399813	35.368222	-60.771775	42.083192
	12.211845	15.345069	40.456120	-21.518028	-11.284030	3.403748	9.253418	-33.017900	7.559675
	4.809377	-10.590379	35.677376	-62.740169	0.890826	-21.594377	-42.693644	-13.791471	35.436844
	-24.803538	3.110886	29.384082	-38.326879	0.753264	-11.756378	-45.319751	-10.903815	19.578123
	2.696680	21.021069	8.203918	-61.663420	7.140331	-9.044721	-17.123752	-15.243866	31.199962
	5.786965	14.972270	-20.337886	-51.630812	5.928212	-38.369652	-31.653976	-0.550555	-65.790652
	16.251682	-14.693010	0.109468	-81.031187	-11.369540	-60.848649	-17.552617	-15.941970	-26.479883
	-19.179086	20.094533	-41.592080	-49.764565	4.319403	-77.771202	-22.010427	17.322426	-30.142080
	-19.071085	47.212014	-63.721696	-11.988389	-44.279125	-31.940729	-36.811346	40.510942	-102.077593
	-39.164369	44.391959	-56.521292	-26.320149	-70.140051	-13.706381	-31.920568	21.849699	-54.965560
	-45.367110	38.306904	-66.682675	-0.310303	-55.768965	-64.813365	-63.762693	85.606744	-51.432006
	-17.772121	44.302301	-11.479231	7.933383	-53.878906	7.203275	8.724958	37.910154	-16.706160
	-1.908131	12.260089	13.551187	-42.622285	-22.695334	18.993352	-30.965042	43.862320	33.399027
	15.411921	3.618314	35.929458	-43.954254	-34.810702	43.402998	-40.243323	-13.062856	33.510811
	-1.505552	22.704025	48.964625	-13.108426	-18.652642	58.514715	16.017433	34.791564	18.241896
	-12.653927	8.457564	13.039241	15.555507	-4.336154	65.409039	-8.768336	23.466704	14.719563
	9.823901	-6.742995	25.642630	-14.661246	-13.309173	35.865458	31.975088	42.480364	39.780618
	34.211781	-5.515721	-26.394362	22.837454	-6.735316	30.965770	18.711458	25.638489	11.904301
	25.443810	5.506710	-26.963525	-19.054016	-13.957897	-10.852376	-47.722386	10.564492	-21.137481
	-9.525690	2.413523	-10.697821	3.230962	-44.038441	-21.235862	-54.324515	27.532139	-34.185743
	-8.173703	33.255307	-46.359527	10.966913	-8.984298	-47.900299	24.962464	47.067126	-57.695644
	-33.932392	59.135549	-33.393719	42.069084	-33.273302	-45.917820	-15.987617	57.885281	-73.680137
	8.487419	33.503423	-11.992008	3.741209	-47.927527	9.468949	-21.242430	58.528730	-31.255717
	31.215695	13.550754	18.031628	1.498185	-6.578956	-7.324265	31.939972	-2.518007	-19.944264
	50.644272	-22.490688	21.641618	-8.052168	41.382687	15.410194	30.138793	-6.325810	43.244285
	35.369863	-40.098278	78.457349	-49.389338	59.207592	53.103507	11.888497	-23.971508	60.529004
	52.504515	-29.255496	74.850308	-28.151933	30.196434	50.524146	34.438120	-37.550304	41.224259
	51.803822	-42.233767	86.251572	-60.781547	8.710676	55.866864	18.579132	-44.328602	51.726337
	23.234443	-47.314099	90.509129	-26.015790	22.151186	66.966357	12.965087	-5.364962	96.145542
	35.119278	-51.552207	54.015489	-44.677666	18.082045	81.763905	14.143289	-11.788815	64.114812
	28.479729	-49.298176	52.232551	-30.860944	7.690185	68.506866	2.504213	-19.199189	54.025915
	7.662786	-68.800852	21.734481	-40.727660	-11.039851	55.816649	-24.562158	-33.783676	2.683702
	28.105889	-62.706592	8.062880	-63.677560	-47.918069	36.368320	-16.070681	-28.191689	27.345934
	9.041128	-33.411728	39.644142	-20.631216	4.222368	38.309371	-26.116346	-27.163399	42.167121
	-17.884481	2.649747	31.188040	8.612181	5.160894	41.906374	-5.011457	-4.440932	32.655794
	-13.308665	-13.124967	12.703195	2.175835	-20.710306	24.843132	-22.650031	-18.735941	5.091417
