	-30.811589	18.864545	97.494720	-31.741230	42.407649	106.619404	-83.899660	24.431973	37.826616
	-18.563304	-5.672884	75.257914	-35.552307	6.915937	62.012189	-45.196492	-23.328103	59.160309
	-16.982376	-33.921238	95.561661	-42.088050	-10.367793	43.355245	-13.127656	-54.725599	82.405217
	18.933930	-47.386476	62.222960	-18.339278	-12.443525	84.641259	-3.150343	-61.494075	80.255092
	28.997276	-31.363108	48.853485	9.069511	15.157636	57.048869	15.188630	-21.828929	77.876953
	54.702522	-37.035490	-17.286309	20.254095	38.763847	13.093361	41.012089	-14.580789	46.904771
	49.713796	-27.060048	-61.378154	62.387058	49.977993	10.970545	47.466766	5.552809	21.246123
	67.235194	-1.172305	-56.299768	54.024930	48.862814	-26.054860	18.230088	35.308437	-28.737963
	25.443204	-8.197914	-47.101717	13.995366	7.509429	23.937651	-19.431405	37.537933	-12.146795
	0.596944	7.612896	-49.330780	-3.243881	-48.695540	-42.362653	-35.941835	4.923839	-18.040727
	13.095268	38.426510	-9.311697	-12.415950	-24.745172	-2.583622	-23.688896	25.327734	-3.109696
	26.258766	-20.232333	19.897638	4.702805	-15.430447	47.185583	-7.073395	-89.722533	29.356141
	-5.206709	-71.610632	31.620831	-24.622553	-53.426959	64.572700	-39.121482	-58.250873	30.818323
	9.226790	-86.102280	42.446753	-9.330348	-66.962112	59.293544	-18.941534	-38.588126	-16.360402
	17.022726	-93.417104	120.837221	-26.768677	-93.291977	138.327036	-35.259885	-28.293452	101.247578
	33.797662	-6.185023	82.335921	-7.851142	-17.478526	64.747958	-9.552232	-28.034157	67.881746
	-8.326697	10.795988	69.650433	-61.545080	-40.509773	25.607635	-42.834125	-57.591636	71.026519
	-1.312769	13.433881	17.265127	-75.198897	-34.117490	15.586263	-69.940421	-35.584232	-35.893224
	-60.903017	2.392116	-20.053300	-87.380148	-25.149094	-26.971019	-111.122248	-46.892197	-66.979986
	-58.433808	-6.065857	-20.134543	-31.238066	-46.729077	-27.430592	-25.028038	-3.652027	-52.588073
	-58.886080	-36.835857	-21.641141	-2.857587	-17.431780	-40.939895	24.747304	-9.228822	-66.623379
	-27.330363	-42.509397	-34.057200	64.197165	13.878379	-49.231750	40.030273	20.914720	-7.970401
	-9.058782	-7.140183	-23.127866	56.998040	14.440871	-13.568165	33.275783	17.185661	-7.092776
	-23.298109	-25.388717	51.085565	18.083771	0.891287	89.697920	30.554503	-7.116148	19.049967
	-13.679374	-62.692603	51.818951	12.845804	-71.898190	91.954133	-31.862116	-6.545269	19.765445
	-51.568091	-35.313441	52.645813	-2.701179	-47.229207	102.283773	-24.262758	-0.441660	-2.373262
	-21.318945	7.848104	48.448342	25.064300	-34.242426	43.007517	11.660929	45.794820	-4.762028
	-29.856801	2.333166	0.917965	21.998310	-3.288442	2.089461	7.622600	22.277333	28.353585
	-19.443007	6.983439	-28.934993	34.668268	14.749533	-16.882835	31.470549	26.002445	30.761098
	-22.802789	59.914047	-27.221809	52.619180	34.095345	-39.369084	39.268304	51.100562	-36.751903
	-14.245197	72.911092	-37.254592	77.864677	18.123820	-25.098588	54.525132	33.336998	-63.869170
	-27.469499	75.354166	-44.980451	52.229073	42.456559	-20.612788	27.148844	19.913091	-55.154751
	-45.130531	77.516969	-30.812639	36.492604	21.587763	18.208286	22.686090	22.139289	-31.726927
	-8.941252	53.011929	37.140674	-22.585671	-15.977388	59.612528	-66.301709	30.293807	19.237651
	-14.688203	14.353610	-1.130949	-27.453623	-25.686520	25.890865	-41.238375	3.594714	-22.291147
	-4.402088	41.953587	-31.316276	-7.583823	-1.713180	6.961802	10.212824	7.546958	-49.047084
	-11.796914	56.591271	-25.427911	28.470371	8.360513	-7.280719	22.906047	34.175262	-50.257977
	-27.965891	72.289913	6.059157	-2.691984	-1.585706	-18.990234	-17.015498	27.049770	-53.045058
	-60.853609	72.470611	-52.635093	-7.080032	14.289039	-46.671554	-6.158193	31.887945	-78.228682
	-49.460986	79.048133	-43.571570	24.141198	23.227350	-20.985378	-10.793560	59.105970	-72.647741
	-31.898699	50.532556	42.038807	-12.244892	16.839789	41.707356	-29.136027	35.352553	-13.958694
	-47.707915	31.042794	-36.790560	-0.753255	5.622038	1.773741	-6.722307	13.177260	-63.472306
	-29.042618	51.889566	-38.725195	12.758867	32.884497	-29.464884	9.698218	37.951605	-60.730432
	-46.402210	-86.467392	33.790527	-71.407685	-6.845157	-8.644571	-38.108027	-48.833028	61.991501
	-24.670134	25.343005	-25.780277	29.794724	15.519976	-39.938040	17.062263	-8.352408	-34.539588
	19.545782	18.400631	-2.612004	-28.943648	-0.958854	-46.030724	-31.261641	-7.005434	-13.943103
	-13.523309	-5.468962	47.318642	-46.689864	-38.352200	-18.894189	-41.848147	-6.298252	35.676753
	-26.429234	-13.315872	3.626111	-20.212347	-13.494380	-16.988804	-23.492950	4.736361	36.073761
	-13.067125	-3.907955	-30.873902	20.062945	19.778659	-24.375142	24.685266	24.871158	22.723280
	0.255262	12.656163	-12.049907	1.317136	-11.139900	-30.755604	-14.070934	44.160595	24.996510
	3.837181	29.674335	-18.795684	-18.604031	-34.291503	-39.131227	-0.620587	72.458397	-11.652255
	-32.897317	27.918905	1.585356	-10.429930	-72.384802	-51.607468	-36.334282	68.567622	-18.605357
	12.100746	34.879213	-35.018271	22.801634	-49.706266	-62.311070	-17.612144	72.367801	6.941285
	43.214858	24.353119	-64.901762	29.842797	3.241798	-34.464255	20.991429	27.666441	-15.833953
	23.015127	28.689103	-55.468678	57.749100	40.893960	-36.000907	54.931347	31.744053	-73.828247
	26.285475	36.718894	-55.545213	46.108593	64.310088	-36.271076	71.903021	29.355151	-78.295844
	14.748549	31.630668	-71.770915	33.733071	57.615836	12.123438	39.373781	5.159455	-48.387299
	-7.663350	30.625696	-23.592182	62.457700	25.264594	25.039218	41.588289	25.717292	-20.584425
	12.472158	2.898795	-17.464370	30.056201	-38.419223	36.809380	31.119424	13.338594	-28.709781
	27.898373	41.956978	-5.496894	76.519766	16.582048	20.996523	70.250521	37.512275	4.217287
	18.125380	47.114169	50.365986	25.832888	29.185673	37.303967	32.973947	6.725073	10.021806
	-8.207766	40.240834	43.227720	2.285262	17.632711	-10.370103	33.547615	-1.533088	-19.451868
	-1.725167	18.141846	91.233176	-16.156018	-4.107307	-14.050799	-13.070185	-39.289233	48.256335
	6.675262	4.069062	51.322747	-26.708383	30.772268	-31.454502	-23.954982	-45.302019	1.803659
	-18.034621	-17.709039	68.964657	-72.655458	-12.108587	1.252579	-39.157451	-52.970016	59.777374
	-16.740009	-33.889091	-12.027304	-120.471598	-13.717512	9.215526	-38.708438	-66.742984	23.017572
	-19.906590	-12.395404	20.298608	-38.923074	1.937726	10.305712	-34.449228	-52.970421	13.031981
	-5.283414	-6.842455	13.578005	-26.970100	-30.950522	48.000423	-23.587925	-30.972373	0.148319
	-17.290763	11.925877	12.719085	-1.563802	-65.149191	1.322473	19.915821	-29.903655	19.771890
	22.174798	-0.418963	41.980665	-16.617125	-11.520135	-3.282864	41.040305	-25.806373	27.345885
	10.291500	-6.878676	13.880830	-17.067020	-39.463006	-29.969306	-3.805711	-12.983626	-11.460775
	-31.340729	-53.566977	30.494842	-73.770858	-40.395163	13.990485	-31.929216	-67.064462	42.155082
	2.236453	-45.816536	54.097384	-21.930602	-9.332937	32.887055	-42.501848	-79.294782	56.937949
	5.490732	11.149664	-19.993851	39.070934	22.652412	-7.407685	18.995206	14.898798	-30.147338
	-16.275022	-4.908578	-7.309491	9.610382	-7.614220	5.928688	-13.944415	18.671493	-15.796565
	-11.065256	5.628230	-39.125395	-30.270759	-24.896670	13.506401	-53.836654	34.163904	-42.278034
	-48.107501	-22.938855	-55.379981	-33.387466	-17.748767	-23.395932	-22.239400	5.850291	-62.274231
	-18.902689	-27.108840	-36.353111	-30.561774	-28.170775	-16.189971	-40.650025	-7.142917	-33.815376
	-28.810940	-15.684792	-24.501567	-16.364659	-21.769768	-23.593062	-12.992464	12.515288	-6.605857
	-35.204747	-17.328318	-11.321371	-6.951507	7.885516	-21.390493	-37.142224	-27.388590	-18.650600
	-20.111035	-17.214772	-44.862322	0.975923	1.609675	11.902868	8.149920	-2.070286	-50.682330
	-51.874109	-8.152842	-26.116823	-12.148619	16.958456	10.002580	-25.269014	-8.737389	-37.758087
	9.402937	-18.761000	-7.328612	8.240056	-14.923739	-16.031392	6.225355	31.874633	4.337284
	1.349788	-1.454363	11.398185	44.687781	-28.865934	-7.168111	-3.398859	51.512018	-12.058093
	32.619005	6.870575	-4.264563	51.224879	-69.786961	-8.556811	32.541340	66.643643	20.322489
	56.605575	17.140248	30.733042	23.331819	-19.365673	-22.765999	46.234353	36.694587	3.083593
	40.880049	33.250315	-20.923347	25.795968	-39.231896	13.812932	9.369196	24.078740	-37.918146
	73.823439	64.009811	-32.847495	64.122087	11.466497	-37.508103	48.949067	51.931683	-30.461929
	60.936642	67.977811	-60.093128	60.143892	36.394539	-38.916810	20.270961	58.200100	-86.906173
	31.104353	73.104017	-40.748820	45.880306	13.042746	-0.635568	5.519900	35.573114	-59.953657
	55.424489	64.970187	-30.116367	38.495749	-15.130230	12.995310	10.565318	49.943077	-66.686939
	23.789221	63.453431	-14.449054	30.581202	-10.699997	-6.068634	12.514620	38.958544	-64.445629
	-14.822487	40.697152	-21.539276	25.429986	-0.001131	-3.285412	11.259904	44.629148	-20.323381
	10.181811	39.661365	-28.185388	25.582645	-11.832880	-35.409719	44.632436	43.137153	-75.133615
	13.929650	65.030745	-31.575744	40.444794	13.617496	-40.069853	37.035719	37.545621	-42.833269
	-13.261852	59.740157	-9.498161	43.387961	45.626244	-45.760584	77.896882	3.883079	-10.933655
	-1.866348	42.516224	-30.190896	37.177967	41.171738	-10.667966	63.040195	-5.229909	-39.675745
	-15.607226	41.068360	-49.335961	66.640186	9.442726	-23.258197	43.870392	1.773139	-43.448402
	6.239893	-14.636604	-22.158484	-5.954730	-10.728925	-27.389231	20.021240	-4.753598	3.325142
	18.907922	-22.811783	-22.539984	-32.736303	15.595635	-5.162870	23.835982	-19.374849	-4.900160
	25.729654	0.744760	-37.061271	-4.125868	0.436692	-31.819480	-6.473684	-23.600635	-10.462735
	13.412472	7.227016	-44.040661	-47.802443	18.987099	-58.199595	12.165271	-28.122898	-50.800698
	16.321369	31.241878	-37.223114	-28.879279	5.637800	-54.387044	12.200593	-7.245218	-68.639607
	7.942935	21.996141	-40.554136	-21.937008	17.436313	-15.519904	13.547513	-40.886688	-48.978432
	24.609775	9.122327	-59.109141	-0.223358	54.960074	-8.461103	11.702579	-5.972864	-26.939048
	10.706297	24.406523	-7.564250	-15.318027	31.482560	14.084871	15.979290	-9.547261	-10.953601
	30.280275	25.190702	-51.279690	4.735297	4.733655	-24.310420	41.603475	9.440635	-11.835283
	43.827983	61.341271	-40.586315	53.027211	22.898570	-3.317001	26.560014	40.285889	-26.291269
	51.388241	53.594057	-28.869220	57.664072	31.028622	9.086698	23.082711	41.311255	-23.193031
	22.274554	0.574929	-18.243157	35.028576	6.089190	14.251308	49.284438	30.639633	5.651549
	29.706483	-29.162758	-26.691047	23.366487	-19.503136	-23.693854	21.920756	-10.270415	3.888106
	-9.807400	-60.138604	-54.457537	21.138868	17.695144	-64.827964	-0.284681	-25.494660	-12.556497
	-4.178116	-63.483194	-47.631363	-5.114638	-0.935363	-44.604944	-5.601856	-30.022431	-32.575020
	7.068009	-52.514118	-62.432935	7.840026	-0.880027	-38.288879	3.472580	-23.837932	2.625071
	6.406531	-54.223752	-71.301619	10.370555	2.395766	-45.278428	44.610188	-10.887815	-22.996078
	27.332564	-51.017847	-47.142255	16.421747	42.640743	-47.621368	26.873493	-35.610304	33.433144
	56.742678	-63.366388	-2.321183	-2.826796	10.875503	-21.637949	-1.754440	-38.888639	27.181950
	38.905951	-36.290384	57.159795	-24.609991	3.316417	4.174330	-13.506414	-50.961296	36.388500
	26.808742	-64.287339	25.205557	-34.193063	6.981766	-34.580099	-27.825452	-70.855924	28.945323
	20.048457	-34.171229	-10.000742	-8.270532	50.343467	-12.677604	14.535032	-49.195751	26.747983
	38.020970	-27.513726	3.277993	-19.547959	49.196931	-18.824834	3.854842	-50.745992	25.319908
	19.345915	-20.207139	-1.910601	-11.301115	62.884270	-4.444771	13.316088	-42.441430	23.897089
	27.797164	-33.443504	0.521320	-21.664312	55.118884	-2.175692	1.380220	-41.981104	48.337519
	27.046219	-32.966447	-29.211221	-20.598862	60.045552	-21.356252	-36.288044	-24.278651	35.051690
	19.823258	-48.324155	6.087868	-35.198310	71.826455	-22.389591	-1.083330	-11.046447	11.946744
	16.750729	-58.747946	16.493734	-28.850246	77.709210	8.111621	-21.464574	-47.438321	25.952324
	26.252850	-42.229681	6.503384	-2.253850	60.094985	-7.373803	-41.118557	-42.350359	36.819471
	52.888609	-50.327414	47.991761	-31.752836	50.188593	4.767227	-7.545192	-33.833736	48.420833
	26.570569	-34.525849	3.562016	-5.899094	7.278468	8.716068	0.959122	-27.020276	26.516186
	38.374029	-25.575625	19.097136	7.501245	-12.472969	23.844904	15.984136	5.513039	39.085909
	11.982824	-47.847507	23.159129	20.456156	-7.877273	13.968876	24.421806	-13.399423	25.535392
	10.568254	-26.586053	-14.653002	46.962017	28.978817	5.937894	17.810122	6.946284	21.949929
	42.294211	-45.100640	9.567490	26.462877	37.226726	5.711513	30.532565	-6.491730	32.688673
	22.655651	-43.916619	-21.972276	10.244067	30.789428	-18.776956	24.441230	-2.219804	24.223106
	40.270801	-32.834862	21.577752	13.548859	31.298223	-5.745782	2.991294	-23.698591	42.231136
	52.870188	-44.470243	28.705408	0.201092	-0.205467	23.576718	30.329809	9.362173	67.738940
	27.340214	-11.217485	59.058962	62.292237	-4.731679	33.832582	45.086608	30.750060	67.609433
	14.411128	3.918625	34.169209	41.806784	25.694950	25.656739	67.717357	46.563201	56.670293
	19.366748	47.873250	47.779152	48.455600	9.867092	37.297763	50.847629	34.488859	49.604807
	-10.111275	17.739439	88.179303	-49.902816	-28.238700	43.806126	-6.589881	11.013199	49.537245
	-37.005680	2.110785	81.419495	-23.674299	-3.372621	-3.956952	-16.606048	2.390971	66.401255
	-33.653947	5.973091	51.310345	-48.288534	-56.334232	7.065266	-24.122246	6.943980	75.275340
	-12.994790	-46.792318	60.307625	-20.298826	-25.479621	-56.640069	-21.658032	-2.055259	72.483337
	5.421873	-52.303988	7.675836	-11.033812	-17.580913	-35.459055	1.256899	-24.118448	43.473654
	6.516890	-68.766907	-0.906328	-36.301001	-7.180948	-8.069272	-40.376932	-39.761830	29.349223
	-32.758034	-76.632125	23.256035	-62.504434	1.827809	-34.689872	-56.771001	-57.840988	82.749412
	-24.611412	-98.694849	52.062957	-94.375303	-14.989549	-30.191096	-36.413481	-80.692273	101.573257
	-17.407766	-80.994296	44.681502	-73.500109	2.147043	-5.269108	-32.903265	-57.710088	62.940289
	-5.393541	-79.184612	9.117014	-39.624903	30.415497	-46.010936	6.258358	-38.709732	67.131681
	-3.484348	-44.286999	-6.857423	-37.446618	14.616761	-17.940270	14.189093	-17.888031	13.651092
	-24.989354	-31.712795	5.310806	-36.563637	-21.761658	-33.333402	-41.780019	-0.241447	35.846517
	-12.065621	-45.144350	63.688562	-72.933468	-76.153541	17.703048	-71.062392	-0.261919	78.964902
	25.556838	-50.302010	43.613957	-57.493501	-56.454551	35.866782	-70.224326	-36.156439	73.143471
	32.867186	-61.527519	63.384015	-35.775272	27.373708	72.172580	-33.128400	-56.060309	128.009066
	34.632775	-53.437726	62.798945	-50.548331	27.676272	73.829738	-10.686457	-48.464324	126.505678
	47.993110	-7.773604	31.482407	-16.648769	30.025187	6.020191	30.924146	-24.544813	61.607693
	13.670208	-2.635385	-17.620918	-4.649231	5.294859	-24.831073	43.445983	-14.676307	21.748401
	7.292979	-11.421405	-52.196461	-11.456133	33.669475	-59.963963	19.382395	12.498049	-10.736685
	5.555622	-29.393812	-53.458589	-25.328928	7.251898	-27.324768	-19.627881	4.735904	1.058532
	-5.743884	-13.519013	-28.611533	-28.269313	55.402066	-33.965549	3.673629	10.666830	1.097937
	13.692202	-28.251517	-22.606140	-19.207635	17.746182	-7.528297	-5.381710	-18.080024	-30.144102
	-3.941794	-33.803444	-25.833039	-11.019103	31.791440	-48.347703	-31.382899	-49.427918	-25.861726
	-21.601081	-36.770493	-52.952726	-33.266405	43.768565	-44.539964	-6.107052	-62.620670	-51.244015
	-20.000356	-54.989366	-43.313802	-45.579385	33.126683	-32.922919	-43.537449	-40.992087	-67.698986
	-16.533206	-65.476591	-14.720946	-56.930718	4.013934	5.020305	-51.862272	-18.989215	-3.261888
	-33.120633	-60.926869	5.388026	-25.893669	3.918657	26.658850	-49.507341	-17.711100	-3.561063
	19.808889	-24.208418	28.752786	5.917516	17.214067	33.196248	10.219974	15.124165	16.549987
	7.162485	-5.171982	3.663006	64.708568	39.797722	19.064412	48.364522	3.257232	24.931824
	27.945222	25.374219	50.515919	79.599316	19.769572	17.317206	67.838742	30.565135	-15.058511
	3.432260	34.569051	50.635374	63.195031	-2.045631	22.602736	65.414417	46.236298	-12.103284
	0.987920	34.742588	-10.910785	56.370831	-21.617957	1.947599	54.083179	44.245077	-29.960243
	2.496573	32.741846	-10.686053	7.240183	-35.441280	12.650965	1.687307	11.821551	-46.115983
	-21.593809	24.819184	-1.804012	13.868350	-42.971061	44.361988	27.272713	-3.232972	-23.978915
	-27.329146	25.570730	1.452584	3.786148	-22.370173	-2.057747	-22.222668	11.354344	-23.936321
	-20.225795	37.615762	-3.586556	-5.738407	-21.141104	-9.628172	3.841266	10.731454	-4.561244
	-23.443203	42.102365	-39.470348	19.009899	20.946906	-29.061760	22.224070	-4.174253	-40.852413
	-30.377404	42.104893	-58.014739	38.925589	-6.790939	-24.405957	37.840370	1.248293	-57.002840
	-9.267660	29.652681	6.671005	14.138174	3.246846	14.527068	1.572880	-27.790777	-40.658267
	13.577049	18.365245	3.041988	19.976036	14.558489	15.942433	20.183887	-1.054420	-15.499481
	9.380434	21.179426	12.643574	-15.496941	9.781204	14.144939	-28.463889	1.789207	27.111330
	-22.801637	21.864130	-4.542843	-4.944619	8.808644	9.765296	-24.039841	14.380184	-30.521591
	-42.404425	30.086191	-58.069809	16.393721	-30.269768	-12.446723	-19.644644	16.697089	-44.498301
	-4.156269	27.011430	-45.441077	5.748010	11.819205	0.757959	-39.457916	17.405874	-16.201009
	-22.364073	57.969280	-45.189683	9.445216	31.193373	-24.453359	-11.542409	52.253328	-61.162605
	-10.548347	48.036816	-33.178761	-25.887122	7.094593	-8.547234	-38.806528	76.400009	-52.448849
	-38.819276	23.960366	-2.908233	-35.375862	-12.745576	-6.127247	-45.127390	36.659228	-9.728947
	-24.390020	31.426138	-17.456430	-20.364218	-6.158403	20.098799	-15.549533	24.632635	-35.459246
	-12.063123	16.876791	11.422473	-27.242653	-0.458787	5.227909	3.259161	-1.925410	2.163805
	0.113663	11.359895	-0.244469	-21.609072	19.766386	-7.829446	-16.807512	-27.251070	31.798831
	-13.090954	-11.625346	-14.963918	-13.812279	40.769512	9.845002	27.883645	-21.015248	1.492274
	-3.832147	-16.096665	-7.838729	14.322643	4.515453	11.083729	30.675845	-37.877499	24.767043
	22.678462	12.011509	-5.958203	29.154838	16.858479	29.719987	40.088505	9.019767	-13.600469
	26.061626	3.003487	18.508509	17.853589	-9.188177	48.384718	-7.189552	28.529277	16.258838
	17.226314	1.901176	-5.301101	7.538672	0.095893	24.098595	-30.588885	-25.175482	-22.295973
	1.525537	10.245355	12.623225	-14.024716	28.415565	10.193806	-5.243260	-12.673354	-45.910426
	-17.879139	-10.033865	-5.356806	-19.765988	-32.200228	-4.373956	-24.414453	0.766035	-11.008243
	8.085036	-31.206870	74.134410	-53.492620	-45.041334	46.115368	-59.434200	-22.254774	30.473091
	-2.972497	-18.185803	53.744699	-69.433120	-52.673402	-6.422123	-64.559236	-13.846605	39.837073
	13.046175	-20.986755	43.148157	-48.250657	-31.788437	-19.894216	-68.981854	-23.153780	52.176487
	24.024939	-2.387075	39.067883	-34.639164	-33.830713	-3.392032	-42.618321	21.607052	68.489648
	24.116296	-14.483515	-6.746691	9.172722	-10.032632	-40.716458	-9.045771	15.973422	46.957260
	3.194322	-2.755588	1.624274	-34.289279	-37.181581	-8.689974	-25.016451	28.633004	7.587434
	7.648811	-21.238527	39.191654	-39.737421	-52.842538	25.775688	-70.230555	29.530008	26.488362
	-5.504505	-37.908235	69.308349	-27.733249	-62.553609	50.348037	-17.102556	20.169188	68.943724
	-32.959496	-5.159172	102.179198	2.655277	-42.072118	7.721245	-10.654925	49.606825	53.600054
	15.557618	6.443470	88.110361	1.777266	-7.149538	-12.244545	52.048193	78.528897	54.140644
	-15.113648	-5.745625	43.903576	-13.908774	-60.525317	-25.736170	-23.839375	57.440930	-8.688577
	-16.503605	12.868034	4.461858	10.884011	-38.943808	-17.068470	8.124028	45.965581	-61.003697
	-30.423378	10.674044	-5.301378	-17.045756	-12.288151	-20.786215	26.650835	11.650214	-13.985673
	-31.989713	-4.455966	-20.545338	-1.508305	3.100427	-19.851284	17.644006	-29.511081	-10.909939
	-32.326338	-6.304235	-24.500854	-22.667254	-34.925803	-8.685180	-4.884186	-15.119422	-21.022214
	20.608901	26.462132	-36.520273	7.743370	-16.636323	-1.014843	-0.834842	12.614964	-37.620654
	-4.012427	39.597814	-7.373073	43.867688	-24.221140	-9.037485	1.036986	2.699854	-9.403661
	29.444261	25.456835	7.599707	31.546192	2.190795	29.422363	22.286445	16.123535	-2.563170
	22.631268	35.945585	20.345683	39.475616	29.666126	41.925395	35.907292	40.804648	-31.234392
	-55.711972	12.433340	-6.112106	43.720040	-15.477906	28.580894	7.070354	49.914320	-45.422042
	-16.595416	6.719805	-3.449243	47.401566	12.718126	34.253132	29.307076	36.964860	-36.130894
	-9.480629	16.631444	12.503799	35.998701	13.687148	28.202711	11.725028	24.726795	-33.778039
	-33.301182	22.504981	-30.994349	52.973533	4.847632	25.544484	4.678141	30.932610	-29.122418
	-41.284233	14.713545	-51.640991	-2.141256	13.437874	-6.275184	-42.088765	12.298185	-49.029987
	-60.924525	20.976126	-64.332656	-41.129471	41.088194	7.288427	-63.380042	21.808487	-26.894368
	-65.334598	39.508351	-56.491685	-4.360096	46.739584	-24.525528	-28.094245	33.049692	-72.197955
	-27.136702	36.700256	-42.585919	8.098502	18.332683	0.377311	-32.311226	28.615411	-59.670306
	6.365868	43.491141	-39.978125	27.993417	51.139816	0.096958	8.655584	1.142132	-42.124106
	-4.987971	37.843897	-41.877241	25.789756	-21.361735	8.135992	-14.594935	3.713158	-2.418781
	13.903818	32.773335	-5.009921	26.149202	-39.887765	-8.177638	35.186762	-6.958510	-17.616669
	-9.027259	30.816646	9.632708	20.447330	-14.118473	23.621856	28.453301	7.153091	4.774610
	9.085639	25.737372	16.745420	-8.107634	-22.919405	6.958984	12.496626	-6.960052	33.964074
	-8.864422	15.513452	30.602877	-21.421754	-11.218542	12.794410	-28.474522	-10.382559	33.761369
	-23.565540	13.757575	-3.801189	1.423343	5.835646	-6.178144	-40.014473	3.106678	-51.505514
	-5.465024	2.571502	-10.645652	-7.308371	37.021288	28.402596	-55.728906	-6.830098	-7.515539
	-34.776156	-1.232072	-7.484182	-10.518315	45.184167	21.450318	-31.219864	-21.449085	-7.824208
	1.651561	-4.385743	22.791032	-12.614563	9.227127	31.296196	12.552742	-13.755047	28.723787
	18.741392	25.925863	13.900498	38.952810	25.016520	46.683000	50.576479	7.501845	9.851056
	37.935386	29.803709	-14.238867	55.135573	41.312273	19.565865	42.966814	-1.736761	9.178914
	22.609819	36.539496	-20.258599	47.987772	40.101154	12.258888	17.817532	-2.862887	5.080703
	5.663782	36.499648	-24.522653	21.717325	26.591556	-10.531734	38.402697	-24.136621	-14.682822
	2.796077	12.854907	-19.769056	29.541194	29.205117	3.542986	22.861079	-5.416135	-26.550983
	11.174311	-12.938437	-18.072649	38.159536	9.955904	-8.077522	37.744061	10.260774	-9.047468
	17.352409	-8.585067	-16.248284	45.724350	32.885741	-13.405772	67.270133	5.333455	23.266409
	37.858375	-10.274622	34.502630	40.699370	34.052746	18.740854	90.741862	1.857365	50.532476
	2.245753	-35.623223	48.522240	-30.791594	15.623345	11.229871	24.442522	-30.041097	54.054298
	8.401904	-36.633804	69.735005	-37.692357	-35.593271	-2.053387	14.601363	-45.521025	29.675679
	3.017456	-22.631760	28.796047	-37.553289	-18.371734	-11.549333	13.904240	-38.378682	13.223062
	16.772128	-32.140901	38.155602	-31.098115	-16.710332	-13.702972	19.402654	-25.230910	-14.206056
	-19.355677	-27.439347	17.513888	-25.961395	-25.581135	5.842728	7.624668	-43.793837	-0.790024
	-4.081798	-21.042196	-5.588076	-47.878450	-76.207709	-22.164387	3.427548	-67.520205	-49.486470
	-9.949678	-12.909938	-32.058606	-32.491014	-47.809035	-20.621051	-8.512557	-30.191965	-25.393978
	-12.402241	-4.474745	-27.677249	-19.274414	-57.172336	-31.685501	-0.509464	-11.113840	-14.969583
	28.412473	19.124017	-2.671497	28.830607	-9.260774	-22.383098	41.340880	23.955515	-54.017524
	8.666539	14.537647	24.260411	11.129972	-2.524297	9.107742	37.851491	-5.246674	-15.260903
	48.002348	16.181998	16.212302	14.255047	-2.407833	2.880679	19.359698	2.249877	18.198431
	58.962895	40.237175	18.596899	34.962391	59.301830	21.636012	13.272008	10.547277	59.112099
	-11.565762	27.068292	8.668091	39.837207	31.529635	-7.899471	-3.401321	78.256697	30.092181
	-12.148870	19.030767	38.832748	18.709447	-5.763404	19.340879	-22.023971	55.154909	15.308064
	-41.254799	5.535155	53.845689	-20.644017	-5.216443	14.293425	-40.375494	45.843145	18.094277
	-85.794489	-0.445176	23.326676	-37.126803	-3.575969	-51.392764	-67.868048	12.396102	-35.669635
	-68.129239	-1.743462	-80.691918	-2.967759	-2.986485	-64.073343	-35.589355	23.381149	-64.179006
	-69.399601	-27.064280	-33.207157	-35.097869	-38.397745	-30.895309	-46.938800	6.430704	-11.867407
	-59.037851	-67.642194	-30.928203	-59.761043	-42.313401	-21.589765	-63.947295	-60.407091	-33.339159
	-59.865050	-65.189574	6.047930	-76.614153	-8.590372	3.673562	-92.264454	-40.247697	0.663463
	-45.638774	-39.014690	-3.978381	-54.123996	-15.182117	0.274863	-80.248775	-27.379251	19.300598
	-30.471422	14.957658	-44.183714	-28.296436	28.628014	-38.503699	-44.735451	-2.846174	-67.930139
	-34.067108	11.315761	-92.747069	-1.605541	36.204958	-59.063986	-6.693580	9.382620	-80.045231
	-54.429139	12.824696	-69.939261	3.106816	44.799837	-53.499158	-0.722178	12.146685	-50.157806
	-53.492950	-11.814864	-53.191789	15.274709	22.474915	-1.942391	4.281940	5.484350	-74.253259
	-32.953451	-27.086986	-49.177006	33.708028	9.784300	-37.962029	27.117608	-16.146152	-18.143813
	9.645030	-42.600477	-36.866640	61.520226	8.282423	-25.139246	65.399310	-20.881765	-21.982868
	15.278681	-50.465952	-65.153335	15.071241	-11.916671	-22.576126	54.009824	-18.255070	34.975925
	2.696507	-17.102439	-19.541770	24.496026	-1.023466	12.614359	44.572321	7.065697	12.491679
	26.576857	7.990646	-29.354348	7.190849	4.448774	-5.773160	13.749657	-10.952755	-30.379307
	14.893708	13.591559	-8.808122	27.509114	-28.482593	20.797046	10.572538	19.746847	-78.295545
	27.061228	11.193823	47.392456	63.989768	-22.017608	60.619811	46.701727	16.563547	16.672545
	65.769028	-27.883824	35.833661	0.232247	-115.264852	28.713028	22.876432	-3.719526	-5.547270
	22.971073	-6.827645	44.848406	46.834820	-79.190830	3.246233	3.820191	3.909594	19.645621
	37.797588	3.807926	108.461713	-4.552970	-31.612172	64.899805	31.316797	3.836608	109.060660
	36.747508	17.899366	90.855632	-2.663971	14.238455	4.234385	37.616877	15.389937	67.293366
	11.079351	-0.389059	37.288927	-8.146318	-5.846731	-10.644643	53.658718	-1.150126	51.902202
	15.110776	7.069377	19.708084	4.344074	-7.985134	-26.719715	41.304561	-24.469541	22.474975
	7.415638	2.031854	-19.675219	6.737571	-33.473611	-6.377450	24.435315	-18.759253	-13.128249
	-32.985390	5.251646	-14.010659	-22.140767	-20.850652	-26.780182	-25.935867	-16.097489	-53.862270
	-18.610691	1.188506	-16.384079	7.467493	-11.653618	-26.898006	-2.480338	-30.096988	-24.067178
	-20.643871	15.639272	-11.938205	-18.131331	27.602601	-15.947772	-32.856351	-20.087415	-39.862351
	-19.998707	12.181168	6.268083	-15.321235	-3.898283	-13.018931	-29.114229	-22.582155	-33.312858
	-28.010304	-10.677981	30.086637	-29.521545	8.554675	14.973012	-46.547472	-12.768969	20.774603
	-3.654625	25.319900	-42.242307	21.730791	34.050565	-30.669332	33.052860	4.146802	-13.581013
	14.278953	29.869674	106.686915	-28.395256	-1.832294	52.078019	-18.603404	-5.877903	83.035810
	21.279950	25.916249	24.398247	-10.351054	54.811912	7.277774	2.711741	-26.040181	38.072514
	-28.429623	5.282115	4.523559	18.418925	16.134559	18.762831	26.000439	-0.306240	23.248761
	-42.570937	9.358228	23.570126	35.874309	-24.969348	32.321837	6.779721	22.225638	16.033937
	-27.695319	-12.296185	41.982428	-7.930861	-82.606161	57.226793	-33.063835	27.963472	11.103119
	-21.273906	43.970244	24.582025	22.589482	8.312559	52.625993	2.600892	11.768024	1.468137
	-45.803465	-2.899394	8.712853	5.380403	-93.882885	-7.036679	-33.768428	49.829678	33.230480
	-37.058713	-19.079941	47.724104	-28.328474	-62.503560	-11.892029	0.548056	14.194038	56.117720
	-2.274444	-41.278234	24.710918	-30.408891	-80.624141	-34.953368	-58.279551	-3.861410	57.505109
	-57.976495	-41.172758	27.460292	-42.687655	-90.693344	-19.978759	-74.578112	-44.249166	30.773613
	-52.296266	-36.331590	25.309843	-41.678772	-70.260301	-20.256306	-92.717733	3.248043	24.991676
	-10.303939	-4.589117	-66.889612	-12.675432	-11.508633	-45.410000	-41.959746	-17.324824	-77.584423
	-22.334861	3.672527	16.282975	-31.896143	-40.109704	-2.623145	8.256384	-5.362906	-26.600675
	23.540348	55.647260	14.949360	16.183798	32.085203	1.131897	21.166051	17.301683	-17.807416
	26.501259	44.436992	92.404017	30.377856	-31.346160	45.962162	27.863337	-16.494693	31.744942
	53.027990	19.011951	76.729997	3.155335	-66.584802	64.388972	40.749728	-1.732915	68.535180
	4.153112	-21.536295	27.524880	-13.151897	-60.454310	8.376597	-5.510184	-27.041280	15.670249
	5.173990	-9.752520	-36.049610	0.584687	-2.972114	-34.071453	3.834789	1.939893	-6.068723
	7.723669	-6.251797	-50.688738	31.462895	-33.578673	-19.646355	-19.014711	7.644252	-16.893621
	6.271058	-8.159635	4.705424	-13.788338	-53.447032	13.461518	-3.177844	-0.640028	-4.263759
	5.799736	-0.637336	-21.209053	26.365521	-9.135914	10.719691	7.670474	-29.535365	-9.701259
	9.933534	10.946959	17.626355	21.607903	-61.546444	36.012392	10.763345	7.540569	-33.298287
	25.751364	34.908183	12.706296	54.877291	28.823809	14.877276	23.499997	13.667577	-53.771901
	19.865387	29.569031	33.117887	34.050930	48.926324	20.245712	38.450486	17.421653	-13.993447
	-3.606675	51.060409	68.195680	25.761991	18.515713	31.419484	-15.255555	40.693150	15.777244
	-15.069172	52.076913	22.241679	11.527018	32.319343	6.598350	-33.963044	47.034279	1.275538
	-28.597830	57.088048	-60.759950	13.853596	10.911958	-7.552650	-2.260721	46.288020	-16.446216
	-14.167871	42.707282	-34.464171	10.442480	4.902816	-12.240199	-27.610794	49.376025	-35.952511
	10.229981	16.303501	-30.570784	0.969359	18.201871	29.569846	-26.219136	32.399248	-1.334559
	18.312541	8.838963	-37.177554	39.041834	3.187989	12.084804	24.199943	72.975517	-46.977044
	7.565646	14.673188	19.774263	65.754866	-17.393099	35.239186	18.458699	52.250600	-50.375290
	20.575639	27.536896	23.768971	-13.066782	-39.561811	22.027245	14.776570	36.252202	-24.147925
	16.177237	32.221791	12.501795	4.412315	-19.650213	5.331853	-24.212065	30.640756	-13.596716
	7.891819	43.310477	-15.335698	-13.972340	-2.818208	-7.242137	-21.598136	4.801053	-59.901362
	-10.941154	52.764392	-31.905996	28.254149	1.643724	-10.670451	20.153495	22.050724	-76.532810
	27.958486	51.451572	-44.028281	8.261355	0.987141	-14.073873	14.796871	30.488795	-59.452360
	23.011729	60.008873	7.055258	10.302239	20.481106	2.670867	29.013668	5.761375	-28.539403
	20.816870	65.747935	23.341795	60.390632	58.105953	42.129429	68.921907	-7.330000	-17.124520
	18.419052	60.284206	19.874093	44.896378	22.562215	21.015571	37.428747	26.608142	-18.834104
	38.421647	59.547932	71.568028	7.700145	-4.503259	70.503143	0.912810	-10.774486	38.839107
	10.460382	42.399593	64.008979	-21.470471	-17.427004	50.378469	-16.166731	-28.964412	52.751736
	-5.733287	25.509413	44.734083	0.870625	-28.028559	1.071661	-7.270174	13.049837	-14.694797
	-9.717426	25.748088	-52.347282	24.405027	-44.305399	-28.711375	20.148087	1.070320	-24.852202
	-21.331236	40.564718	-60.524829	15.614999	-8.334370	-16.558744	14.913146	14.050789	-71.424865
	-18.307341	19.861310	-48.207598	61.296019	-24.900356	-11.641440	40.095540	38.691728	-56.708378
	3.558804	-16.981936	-22.261465	5.202597	-17.591723	14.436130	16.384659	17.457202	1.847534
	-6.594726	-29.616985	-35.643678	34.594626	-15.770554	-13.286251	-10.633499	37.595903	2.593499
	10.944878	-27.169860	-20.876057	83.787031	-14.124720	-7.450497	20.622168	10.058148	-14.509577
	19.234892	33.096614	-9.982618	85.024595	-19.453981	-47.947355	69.227646	25.185169	-70.585117
	36.655668	55.200384	19.918163	130.862067	-38.756669	-4.435051	94.860393	40.949319	-24.859875
	10.360455	50.927625	1.832722	58.958034	-32.383469	2.620892	67.714889	31.386238	36.343436
	4.693974	24.042045	-7.627399	17.929021	-10.793480	5.165562	0.328734	-2.582374	40.099659
	3.466800	-32.677923	-15.999943	-38.649160	33.386529	-23.800663	-6.152437	-24.883989	36.190264
	16.860454	-57.169040	-30.235595	-57.564187	54.005126	-24.619654	-44.740440	-50.115178	34.443137
	6.800452	-43.926083	-55.874324	-37.014198	55.273641	-14.799258	-23.406204	-41.999570	27.723285
	30.818386	-21.745104	-51.564451	-43.461527	57.927940	-36.798042	-16.754250	-45.617729	17.330492
	8.257811	-10.524034	-40.890585	-42.070723	87.485847	-24.030744	-17.315682	-41.246041	20.047439
	6.931732	-4.257428	-62.933585	-9.186085	105.385299	-48.487512	14.489152	-13.234856	-25.463951
	-3.098828	-16.715901	-55.685354	-36.654424	44.409711	-17.041556	-24.987951	-2.033917	-34.764637
	-12.006579	-27.783357	10.165841	-63.618473	14.760251	11.828621	-82.370380	-5.461434	14.377202
	-41.863009	-32.567218	-23.540092	-75.246136	38.061989	-20.263127	-40.167035	-1.294007	-37.139826
	-55.507092	-38.995503	9.670239	-87.877178	-2.384991	-47.749668	-102.174344	6.180577	-48.564291
	-68.229358	-14.218321	-73.586608	-64.028165	-4.405886	-71.237885	-60.774700	-2.351823	-88.445885
	-68.252435	-16.162018	-65.558173	-47.019247	40.739413	-44.652663	-86.021674	5.599957	-89.532163
	-70.097626	-25.636374	-21.965206	-69.969589	-3.724140	21.623707	-74.149657	-38.484156	-63.976989
	-28.914721	-34.062025	-40.683759	-47.086502	1.048246	-31.191682	-36.663123	-66.981439	-31.464478
	2.667574	-32.571738	-7.686792	-78.543648	-16.628493	-23.998701	-46.994650	-48.569378	-3.769983
	-60.771264	-49.330809	-14.147332	-44.910153	-23.290474	-26.195263	-62.510296	-46.344315	-10.250048
	-50.897153	-74.573632	57.017916	-86.198601	-91.472238	2.347435	-93.431940	-74.776152	18.443990
	-61.710336	-64.494580	12.789069	-90.502663	-47.323245	-38.995229	-85.701421	-58.050687	1.448821
	-74.021602	-65.188850	-38.639846	-100.016399	-9.082318	-72.237837	-40.875648	-84.205586	-54.537213
	-25.780503	-69.711305	-21.677900	-47.496224	-39.644970	-78.474957	-2.004109	-79.638255	0.898444
	-2.345614	-63.561205	-6.478468	-12.358498	17.104435	-25.534791	37.512656	-77.440470	38.757172
	16.987985	-58.885415	-25.334815	22.092782	3.052347	7.156231	45.102119	-43.067474	48.948121
	37.999252	-44.865091	-9.747063	43.915199	-1.702704	16.416312	54.834060	-23.705905	-17.135652
	3.489498	-25.310233	22.562559	58.080157	22.735418	37.230341	60.530598	-1.498299	10.064336
	35.333891	7.972839	30.046501	104.781985	-19.107608	79.184044	56.789738	21.378945	19.172234
	31.303030	27.057423	23.458288	77.077248	-13.445216	39.215709	26.494634	36.616339	11.236119
	13.646055	49.590714	21.689346	28.773368	-15.246839	12.277408	3.894958	16.765614	22.992753
	25.165939	56.861245	13.955260	16.843712	-32.980949	5.509159	31.272648	0.305737	7.549928
	12.903768	62.620137	-7.937360	29.693431	12.737401	24.403298	8.226630	-7.733667	13.561810
	7.989571	40.056352	27.894687	22.297957	-16.820276	78.172665	60.863116	-15.508525	4.941795
	19.000894	28.660400	34.454517	15.165891	-37.568348	40.850477	33.611348	8.980838	15.698234
	23.522928	35.718667	21.631939	39.909226	-19.093120	29.968085	2.057071	30.564079	-7.686185
	36.112447	32.780565	44.491276	35.341092	-18.334567	48.509276	39.960627	19.116183	38.729994
	29.113613	34.769357	22.478500	16.489660	2.708479	81.463523	6.059583	-14.601089	-24.853188
	62.202408	9.311103	97.124147	4.402262	-6.091338	66.357357	21.845313	-45.420544	58.541590
	28.641593	20.875929	73.160179	0.809366	22.725382	52.408474	42.691557	-29.828055	81.503733
	17.533124	7.541192	69.484506	-17.267464	47.046951	24.604831	9.297447	-24.165293	88.184632
	17.069293	1.546430	40.829883	-14.232311	-4.022017	-14.690064	43.811691	-39.988404	64.868511
	-8.854840	-34.297416	18.275249	-34.387989	-8.108401	4.496197	13.128176	-37.594921	24.454357
	4.048798	-63.694321	-6.832775	-12.685650	0.723715	-14.905665	25.586484	-30.316369	47.168713
	4.451302	-49.380998	12.565722	3.043427	22.664563	21.967247	11.359245	-1.076390	7.505542
	-3.178193	-27.265427	-0.040110	-9.921687	22.506481	4.485814	3.412335	21.608407	40.274484
	-39.738786	-21.848522	36.823403	-24.380718	13.910062	-8.242044	-42.502244	12.084216	28.793789
	-16.593672	-15.487923	-0.726540	-37.803823	33.100993	-35.442889	-45.388981	0.134958	29.551179
	-15.935476	17.550787	-16.313799	-16.479637	34.436544	5.866018	-14.355126	57.207216	42.310466
	-8.255102	25.830560	10.559456	21.414038	34.231277	-8.318442	-17.843689	44.247651	29.232796
	30.473893	-7.023354	41.557029	-12.792602	15.301789	20.335996	3.981109	50.458137	47.466225
	49.578317	10.330402	62.274885	5.188003	89.440590	15.923057	34.938688	38.919907	53.343413
	61.686440	10.406606	18.612738	24.683292	71.926527	35.399011	6.894567	56.461735	33.347675
	26.217234	8.459240	19.015589	5.520089	79.441459	-3.607078	18.958017	27.422411	25.164944
	45.681200	-25.503595	-5.667399	-34.799343	31.579283	22.258428	-7.789094	0.274682	43.263029
	52.692654	-56.475532	29.822211	-36.464427	38.863611	44.277079	-13.590448	-21.710705	76.681433
	30.283314	-47.043930	69.403265	-47.577932	20.473767	60.056253	-34.518692	-18.814117	95.467462
	44.060476	-8.082441	60.024035	-22.870020	58.396778	38.975954	30.824346	13.956869	65.702671
	0.621488	-11.327845	38.712073	-6.965474	65.744336	6.540103	24.101176	16.695061	92.132029
	16.746945	-0.819075	13.628990	-6.038607	71.695659	-29.252095	25.467339	16.928308	32.215846
	4.108624	-10.845564	-7.048612	-41.715683	63.900452	-42.177186	18.447108	-2.257383	21.934550
	-8.685393	7.348789	-32.278399	-28.819647	29.870514	-36.143484	7.957039	12.431131	-33.825845
	-1.320397	26.425942	-40.934937	-20.878638	4.516985	-33.742849	-30.096330	35.929577	-60.347470
	-14.694810	11.636511	-43.090878	-12.776189	-30.666329	-11.829769	-6.483267	43.480755	-39.443057
	-2.023144	9.221490	-51.039853	5.451152	22.130445	-56.139440	-1.717495	21.346053	-49.187980
	4.943430	13.412576	-58.463524	-0.526255	21.283492	-27.188862	29.662168	3.349196	-11.649628
	28.660645	26.689008	-12.381047	33.942270	-7.267038	-1.122540	13.496786	21.208299	-41.867503
	31.853045	19.667987	-26.426429	49.406967	-43.286669	32.593734	56.694738	23.259389	-41.155954
	49.442988	11.154520	-15.193872	50.453247	-59.771696	15.887271	32.405509	12.977195	-31.309999
	42.691791	25.526548	-17.297328	46.653964	-66.712030	25.066315	24.694296	6.523629	1.297795
	44.978722	36.989295	-17.340363	77.894693	-45.046813	4.048443	31.663865	29.521171	-16.289057
	32.995813	41.337772	-5.112527	75.634778	-32.214861	5.674257	32.375686	30.503999	-19.526789
	44.433578	37.269809	-10.904230	44.461148	-67.609092	-19.564145	13.777988	31.049600	-35.738783
	52.528979	13.274735	-8.838146	40.090196	-31.321510	-3.752234	-1.055041	29.422248	-0.294334
	35.874797	3.188629	6.641800	49.462856	-31.175543	-0.376338	-7.427278	7.894941	-1.252854
	16.944225	13.175221	-12.133719	19.921198	-13.425133	-21.369781	-51.227108	25.541522	-35.224193
	10.767557	10.201095	-5.624358	6.423041	-39.655899	-19.873820	-34.701956	21.803153	-20.637846
	20.025614	10.133100	3.482052	-11.126093	8.051611	-4.637505	-26.980031	-19.214557	-28.216731
	10.842651	7.087438	10.587163	-11.666677	26.658841	8.590496	-58.011122	-9.862172	-4.155239
	30.026839	-3.353999	-4.025486	0.497850	68.047455	23.276441	-10.794356	-23.351400	-0.129461
	16.330516	17.642968	-14.887878	6.183632	74.123027	2.809616	-7.470170	-25.343270	26.928788
	0.482136	-0.710602	-36.912177	-18.376974	111.102933	11.058324	-7.833456	-19.404002	15.025456
	-6.781863	-8.424556	-47.127400	-2.035651	58.241328	-26.599422	-20.321253	-17.351457	-10.046719
	13.409342	-16.721114	-14.573342	-14.338769	56.704193	-33.028858	-27.828845	-27.163587	16.819817
	-0.311833	-6.574319	-19.944111	5.813928	29.113229	-9.149908	-23.710669	-18.092805	6.365614
	10.430150	-23.666690	-23.882863	-4.091708	17.204666	3.998891	0.568458	-9.961308	10.344030
	24.075207	-21.868344	5.325490	-5.330598	36.009129	-3.408828	-23.409860	-23.012680	25.027330
	27.293939	-10.659566	-27.799294	6.048822	61.601758	4.675309	-3.163110	0.366049	15.773588
	37.118958	2.392187	-28.626145	22.993733	74.022011	20.044540	35.811841	-7.711849	-0.627405
	-12.261987	2.802914	-16.721780	10.767061	89.259507	-14.398642	-7.176322	11.623813	14.138546
	22.757141	-14.258286	-6.038435	6.579707	95.378047	-13.525791	11.654133	23.218799	-24.504524
	-20.214337	-39.218269	-17.070539	-36.220398	63.213435	3.539984	-21.694130	2.239032	1.218781
	2.665411	-34.470653	-8.422117	-32.318087	26.097097	23.689192	-56.311852	1.608638	-36.014740
	-11.588064	-7.709183	-14.282052	-38.926039	6.965085	-6.074931	-48.716279	8.794481	-47.333509
	-26.992037	-2.333685	-29.388886	-5.629340	-6.448903	-25.594758	-30.992939	28.712629	-59.852175
	-27.904855	16.896302	9.816344	31.191533	-7.227822	-2.202479	-3.912529	56.714959	-34.151676
	15.211087	-5.056205	-1.544154	21.113223	-56.313081	16.575406	31.353380	25.460600	-26.544002
	37.029269	-5.303661	1.043380	58.197470	-58.412790	1.297428	42.837177	7.185910	-11.994958
	38.453138	-13.465780	35.466685	32.027826	-42.775629	7.798603	63.580791	-13.434851	-0.156824
	17.776788	-24.518375	30.716478	37.633931	-89.035703	10.167435	52.219061	-13.626381	43.199594
	-12.287645	-13.924979	38.432246	-12.585238	-87.200121	-2.271660	-17.115640	-17.692459	14.770867
	12.321747	-7.348039	34.539133	5.167076	-104.105776	28.028900	-12.409739	19.390074	32.723624
	14.274564	-2.095180	30.504670	1.097268	-60.825221	-0.159740	-40.136087	18.067287	-8.117028
	23.917057	31.944615	-32.936697	13.657066	-22.914205	-1.866688	5.453140	27.392663	-9.019765
	12.212670	59.977790	-38.064069	9.630258	-19.009982	-4.230348	-20.489439	12.664351	-39.664026
	-2.010657	67.648484	-20.006869	0.049155	8.250714	-5.849280	-34.283615	15.645015	-14.678359
	-27.117384	73.355765	-12.406342	3.548147	-3.201433	-0.572851	-34.749265	26.197011	-1.388765
	-0.959220	72.922033	-24.463754	-6.289289	7.524516	2.861168	-23.209152	14.084151	-58.058543
	-20.256349	54.541840	-16.469179	-25.294693	22.181726	-39.889941	-52.671440	2.454550	-54.950886
	-25.518631	32.364709	-57.373625	-36.016655	35.003235	-32.058983	-41.510398	-13.397062	-61.967002
	-45.983826	38.149376	-57.044303	-39.893511	27.359870	-31.544115	-32.202431	4.192215	-69.882542
	-54.880532	20.612534	-48.505789	-8.205864	-32.356821	-12.981327	-49.443851	39.400244	-49.009016
	-37.844336	45.449576	-29.563359	-4.200190	-44.740509	-21.602269	-58.395967	73.781374	-47.136704
	-59.995481	27.678323	-1.235904	-6.105351	-51.042044	0.852194	-21.264003	39.945098	-36.603265
	-28.841958	-4.418801	-13.585313	-1.077652	-70.952239	26.630496	-66.583561	9.534920	-47.168221
	-13.847536	5.539643	14.239567	-24.497821	-92.929342	-13.211679	-36.646865	44.109134	-7.177864
	-23.244897	13.141638	22.668649	-35.900501	-42.780504	-3.865977	-35.412687	47.673884	30.788095
	-8.797857	0.789473	5.469214	-77.697397	-35.694535	-6.460070	-105.569713	29.759819	-3.904795
	-54.759145	2.908331	-10.714982	-79.240103	-22.178344	-22.191019	-74.104717	1.774939	5.617671
	-76.891195	-3.720044	53.187332	-86.000353	-25.749688	-12.466164	-105.352502	-14.629598	30.627841
	-74.652214	5.806750	69.880791	-98.092791	-47.875826	11.886316	-101.162365	-4.280687	50.091381
	-70.579894	-13.899460	75.105786	-73.147322	-54.664172	17.060592	-89.008531	-29.857690	77.223345
	-17.728701	-17.847320	56.192307	-14.738912	-55.262181	42.165947	-36.788993	-1.177046	78.649341
	-25.159424	0.044394	-7.040767	20.085737	-39.434517	-34.415431	-12.999618	41.131308	34.828091
	7.181500	-15.232947	32.903657	1.576878	-70.565049	10.683691	-35.622597	47.958453	-17.197740
	14.815267	32.517438	53.308142	2.572845	-101.860556	43.264061	-18.517241	73.029595	27.598883
	3.573568	44.309218	98.466602	-0.036964	-87.090714	42.459413	-61.170283	84.855580	-13.622296
	-7.494601	35.328198	34.451036	8.050062	-70.019685	-4.828547	11.078479	49.954146	-46.573696
	-45.046188	-28.786612	65.751224	-81.915998	-126.979253	55.473920	-36.842836	3.742693	19.195154
	-44.592874	13.608223	17.982989	28.716470	-51.792221	-0.758215	-4.996961	15.120049	-13.611799
	-4.334306	5.300310	31.032508	6.160264	-30.716440	56.638251	3.899869	-28.138192	-3.824819
	24.964581	7.320947	24.380792	42.141269	-39.176190	14.614980	5.772402	-40.736029	0.756752
	2.678764	-9.992854	8.746395	12.909757	-0.219759	30.847973	15.140949	-5.504793	-13.587104
	5.679761	6.444979	-22.031687	7.621004	0.416246	-11.843256	23.256350	13.098795	-27.970451
	5.360274	16.771842	-23.589828	6.674700	-1.488731	10.843812	28.986770	38.446324	-28.343018
	22.534404	31.050222	-11.743588	28.421464	-14.849448	-19.392906	6.934806	17.695930	-24.260943
	22.622795	27.614892	-42.599038	51.120973	-13.277973	-6.428531	26.985172	42.896652	-51.160841
	15.815195	15.674005	-35.841711	12.505653	6.787601	7.424448	23.733980	24.641613	-8.912711
	-5.201464	-29.048354	-96.701177	38.544919	27.502569	-31.325947	25.518950	14.789210	-36.509083
	7.614377	-60.937073	-37.603685	40.726513	52.164529	-4.220883	61.853040	-29.659624	0.493046
	15.911884	-49.827443	-13.108263	-1.051161	76.890208	-5.893482	86.336904	-53.094359	3.746981
	15.640587	-27.695896	-2.437478	45.495385	72.323971	24.063219	61.696225	-37.006020	-5.393715
	17.769744	-35.020397	-0.782681	39.732091	37.577658	46.984624	49.828948	-52.457966	27.000345
	53.706873	-55.804563	-11.090138	35.618601	49.244348	-0.133194	46.251140	-49.546587	26.297139
	66.448707	-19.479644	-8.425012	49.686275	29.519431	22.073909	46.424285	-32.806413	19.087693
	74.421144	2.326445	-0.394282	70.575994	53.375336	10.377996	82.752203	-42.838875	16.267419
	44.378036	22.312289	-6.105178	43.024040	41.836736	-8.879455	75.313657	-45.273788	46.339122
	29.605161	34.432282	30.317872	33.942780	33.640826	-30.131110	63.196940	-53.706437	40.636523
	36.971437	23.856251	7.065871	28.865199	20.902677	-10.105283	85.079016	-39.255800	30.198519
	17.462242	15.080496	15.689730	25.053381	8.328205	-6.503952	46.529051	-29.205405	6.379906
	22.336045	4.493984	-17.134592	14.311928	0.438778	-16.380243	66.282371	-44.324874	29.385866
	45.365216	13.361558	-1.500455	22.466201	-6.182211	-3.262956	78.190876	-20.220684	27.120936
	14.928317	-12.230339	-33.603222	14.702839	21.709542	5.726309	53.384686	-32.847277	36.183630
	27.173544	-40.971840	-22.227954	-32.139296	63.630146	-17.013421	18.359643	-54.347639	28.671926
	-7.996643	-62.685146	-29.055087	-2.080638	44.550462	-26.901893	1.607598	-23.968132	9.226160
	16.512478	-62.768102	-28.146865	17.901601	44.949770	-19.193549	23.492630	-21.883972	16.010143
	28.949138	-62.531478	-28.628172	39.297736	39.908468	-4.871903	21.624110	-8.966492	-0.179471
	3.943056	-46.148032	-41.366348	50.941127	65.418823	1.090703	14.787548	4.681658	-25.014781
	41.952616	-35.478017	-40.384304	65.750526	67.129648	-21.431677	35.398570	23.595859	-14.540984
	42.543641	-9.992438	-19.619086	89.611950	41.859275	12.799877	53.093241	32.071909	13.245393
	35.865512	1.002115	-75.402001	110.504313	31.327674	9.858771	96.369799	42.104376	-39.079543
	34.064929	-14.170763	-79.488930	79.473291	25.946606	0.445926	48.426954	22.763247	-59.678785
	-6.401187	-35.898783	-41.252799	11.647315	17.970213	-33.529530	21.032752	-22.743269	-50.868789
	-2.333016	-62.312246	-45.625197	-2.279488	-10.756118	-10.241255	-2.467809	0.718843	-27.522767
	-29.220279	-64.251020	-19.338169	11.015844	-48.136900	-13.929012	47.443271	-7.312471	15.061010
	-12.498013	-53.453758	-30.090690	38.544889	-32.069632	4.221186	51.057731	-0.309455	5.698941
	45.678031	-31.801088	-10.533554	24.049106	-3.037735	-21.924396	66.109043	-19.957593	36.776259
	43.707620	-24.285270	19.851811	25.916849	2.388604	-17.585993	39.763628	-25.009163	26.192558
	32.816834	-21.254137	35.405749	-1.919611	-9.138378	3.450313	35.149429	-20.559224	45.008364
	24.599608	-32.600917	39.603644	-19.683276	-3.777369	11.981224	15.421059	-32.906750	39.382508
	-20.440553	-21.861157	-19.506001	7.940259	27.768704	-23.428114	25.078270	-5.769916	29.925696
	7.350811	3.625575	12.697428	-13.492767	8.495443	-14.044821	-9.635765	22.722303	8.823506
	-12.764398	35.790197	-4.206127	9.776399	67.512298	-4.581791	35.858464	13.352324	-1.797689
	-19.871596	25.447460	27.962955	-12.638904	34.588672	9.584370	2.173550	30.368187	28.534418
	-7.687995	-56.298472	36.568195	-77.586160	-81.730941	81.430382	-67.880958	-10.516050	34.910811
	-55.588889	-17.287000	82.717346	-89.810294	-87.655154	83.139781	-84.674777	31.909065	55.564556
	-43.132481	-19.211974	38.511947	-92.114579	-49.248859	1.227547	-76.290763	0.670744	39.633583
	-53.065255	-8.050815	35.088006	-88.099418	-14.738158	-46.298076	-56.456018	-5.171481	32.024381
	-103.075773	-19.336710	14.190932	-101.038973	2.694010	-62.158898	-67.810291	-13.306196	-8.573378
	-99.245477	-22.469105	-2.648501	-109.265313	-11.375886	-49.392441	-82.057428	-23.815907	-30.097631
	-87.986204	-44.133727	-26.180758	-93.641740	-1.562291	-49.272211	-36.998063	-41.727171	-38.619741
	-29.394388	-69.225206	27.957297	-93.835688	-9.934509	-28.381170	-52.028445	-77.516798	-15.133763
	-28.704109	-56.730651	6.495384	-96.080879	-50.843903	-5.757845	-63.262900	-49.111867	36.719891
	2.665865	-43.348995	34.408735	-63.803440	-65.600877	4.930043	-26.812066	-54.986492	42.434519
	6.219712	-21.309314	42.009725	9.150865	4.520423	1.121582	39.768800	-16.300984	65.848114
	37.847313	-15.931872	-11.951724	25.826234	38.248734	12.998973	31.607966	-51.460170	98.106905
	25.606302	-55.241041	7.586474	-7.194481	19.836134	2.267875	24.657004	-72.788630	62.608549
	-2.505855	-82.965800	37.071670	-24.611795	-6.928114	13.595027	-13.892501	-95.476178	59.510027
	-18.316627	-57.862723	40.952057	-36.774039	-36.371059	63.792934	-24.196461	-43.596189	46.623351
	-23.619183	-34.591415	57.993564	-47.334616	-15.599663	25.078086	-52.034286	-24.420033	71.975746
	-5.962705	-19.407972	51.857002	-35.133626	0.989982	20.768321	-22.791695	-23.560558	46.122164
	7.180401	-6.435879	53.787388	-1.674187	53.959397	0.491213	60.525673	-22.140116	58.212502
	20.142364	-19.727804	63.105900	-24.607170	54.018738	35.729645	29.476232	-48.682730	65.858072
	23.749630	-29.676323	40.700342	4.559848	48.137476	16.196968	53.741288	8.865447	6.145843
	32.847049	0.728754	5.107663	-13.721971	45.076663	5.185791	35.880966	-11.311708	-17.730770
	20.311756	36.243782	21.644697	-15.952999	55.791136	49.589703	-14.501566	-10.987332	-2.517706
	33.159204	69.714285	-25.550877	44.114254	51.858443	26.773016	44.570205	16.612674	-12.715855
	-9.112514	63.006672	-0.378037	19.310291	10.128516	-11.427700	20.359268	54.810203	-42.584254
	1.230657	-33.049528	-8.121256	13.161655	18.842624	12.537665	21.683098	-11.944870	11.844565
	-29.859084	-25.699996	58.428432	-41.274050	24.384501	19.441387	2.540694	-9.519899	63.614941
	11.507239	15.705385	44.784673	-14.718238	5.565013	13.530196	30.987643	11.558912	13.945256
	-33.910719	32.994622	35.580283	24.748826	14.186753	-9.414710	29.602865	8.910242	44.588976
	-19.286196	34.760636	-11.283183	-23.402648	-22.727629	-11.509506	2.260862	22.750996	-30.612347
	-45.423229	29.974146	-56.680795	-16.193128	-16.684507	-35.260756	-18.214274	6.412818	-50.023382
	-8.871262	11.774425	-74.346105	-31.726288	-4.744118	-38.331309	20.589554	-19.242191	-39.397566
	-28.293887	-14.859283	-18.699829	6.936444	-6.023411	-21.173215	4.327550	-5.313210	-31.308531
	-27.396704	-11.918972	-4.592138	-11.498899	13.567451	17.135475	-25.463184	-15.494401	-19.654230
	-4.174072	-22.998701	-40.960990	3.059354	50.551214	1.528821	5.949154	-3.475794	-19.738232
	-12.497177	-20.201779	15.906413	-64.188403	26.549696	13.538932	-22.840776	-31.597531	41.930479
	-18.832003	-14.752690	-14.465500	-52.522401	46.901410	-0.573848	-31.118880	-10.340320	9.222581
	11.692366	-39.743227	-0.726466	-35.147027	43.277567	-6.675809	-10.631238	-42.121852	28.763435
	8.700604	-29.532976	54.522663	-43.104892	58.942702	26.987828	-19.612469	-22.404361	39.275519
	-9.875467	-25.675296	47.913754	-33.196306	50.006812	6.239737	-22.684227	-15.482194	33.976724
	-1.053499	-6.238967	6.412023	4.944068	43.365099	-4.768148	4.623029	-2.754381	-11.993933
	-15.740779	4.565775	-49.438650	0.447622	47.813633	-35.856225	9.322210	17.565725	-59.649777
	-5.952694	9.410333	-85.467310	12.765466	1.234763	-31.224059	4.456715	21.651129	-63.263169
	-26.128431	8.563286	-83.309633	19.271504	45.253238	-10.727723	1.756168	49.999122	-35.467626
	-3.022264	11.017999	-0.378941	13.466744	15.931488	-9.389826	-6.638181	67.818869	-25.583636
	30.451632	8.305688	12.034370	33.212425	44.108216	-25.591960	12.305130	37.166053	-15.879473
	42.840857	13.699696	-31.863664	26.790605	17.485663	-0.516234	28.006387	24.766653	-27.088037
	25.767164	40.671587	-26.210117	42.736510	0.344829	-26.702397	39.604224	16.469428	-39.059016
	21.945155	42.263807	-29.136544	35.376735	-21.926894	-18.547587	58.362494	29.721983	-28.207779
	24.934602	46.913916	-28.027270	43.392053	-33.310956	5.680048	17.741672	30.731655	-16.870048
	-23.522280	40.703659	6.182841	5.964039	-25.984764	5.764600	-21.061518	29.614712	25.318673
	-19.252661	51.506939	-12.416580	30.211854	10.164563	-11.816543	27.928971	26.262451	5.582976
	-20.827335	23.044023	-30.643050	19.390566	28.136789	-19.912553	17.930820	9.779506	-25.380487
	9.012278	33.675607	-6.824163	31.271443	17.165870	10.930410	2.042899	28.171971	23.871178
	1.304860	27.496159	-17.764624	37.792696	11.854316	5.461108	10.278996	15.052069	-10.508537
	-29.126275	38.073206	-23.561113	-2.382898	0.025170	-44.633584	-23.434061	18.872861	-53.998220
	-23.140836	12.022801	-72.343873	11.816214	-25.110096	-76.018097	-12.348839	21.117232	-75.600772
	-49.715725	29.328959	-120.667479	2.955497	-15.073782	-77.943880	-31.136749	56.031272	-75.833062
	-34.814540	24.251388	-77.672698	19.091401	-15.750376	-36.296370	-20.842781	38.678072	-63.400571
	7.662976	16.551900	-97.569683	47.748084	16.003441	-64.276087	48.280068	21.121587	-75.521785
	-33.371949	-5.891090	-18.651732	40.430503	10.219687	1.511772	29.058503	18.554862	-62.731621
	-6.470672	39.713300	-29.812315	65.324707	-9.799272	-0.110960	42.953132	25.686080	-29.793584
	5.312565	28.694625	18.400377	83.195513	-30.484735	16.621503	49.698777	29.883804	-0.236401
	6.855348	45.040286	34.843934	71.262597	-20.705881	26.906181	5.956686	22.947409	13.309867
	17.533962	54.581845	17.089861	78.138977	17.598746	-1.621345	44.627566	46.226527	1.582068
	-24.637252	60.476400	-30.279771	89.409701	14.525919	-16.584252	50.840303	40.593581	-8.347455
	-8.236062	84.572451	-32.589201	76.977173	18.356369	5.577337	9.435705	74.778271	-17.976201
	-12.345048	68.031981	-44.708933	76.015679	6.286768	-26.550305	27.875146	55.053041	-59.238264
	-26.683542	64.349397	-80.765198	34.057149	-5.983821	-28.703773	-27.967096	67.113520	-90.268489
	-31.263476	31.088882	-0.876778	49.446973	-29.277805	8.422273	-27.077728	39.749674	-40.964128
	21.362945	24.511393	28.213375	49.526114	-57.407898	22.177524	-8.917963	4.058602	-17.315278
	37.541754	30.291126	7.516619	94.909232	-20.899386	49.013434	44.570904	54.065325	6.361279
	20.636736	19.865931	20.842699	74.801882	-1.751275	69.735630	15.654423	36.415731	2.417666
	-36.239943	-3.862149	10.991022	82.818068	-59.463748	4.502058	17.706390	34.756669	-29.244743
	-0.573538	19.068123	33.893915	54.902964	-16.318932	23.058814	26.008450	-1.799669	24.454216
	-1.704435	7.903427	46.203178	32.698823	-31.010825	24.535883	33.097732	-35.824758	-8.831971
	-27.605113	12.878958	32.453581	-31.266734	-47.199288	-2.940494	-18.603605	-9.131022	43.508612
	4.628854	23.956298	20.596994	-35.876175	-34.337634	16.538967	-37.015345	19.553726	32.419398
	-15.745295	22.926596	23.944986	-24.496114	-28.666327	51.410119	-12.362543	18.608835	37.015678
	-1.471730	-21.054016	18.217755	-17.392624	-36.318441	35.932050	-22.727063	28.163264	5.038812
	26.423579	-22.956154	-26.743344	19.346546	-14.219656	-20.261343	25.801467	17.497247	26.280963
	47.694603	-0.030468	-7.329712	33.890514	48.894991	-12.245654	66.889310	-8.997487	-38.709544
	41.094607	15.884244	5.594520	78.774307	1.959460	-11.322807	106.018817	5.735907	-22.330537
	21.191044	7.599620	-6.383291	54.774395	-34.836756	5.152973	18.819843	15.485936	-51.312562
	14.577390	16.426336	4.041094	20.626103	4.085710	16.339124	-20.638067	24.734630	-39.202309
	21.422236	5.189135	-22.288254	38.327051	28.368178	6.092699	-9.576001	20.657259	-47.933311
	54.748069	4.281583	-18.408570	41.796768	20.678809	-11.003064	22.489046	4.237574	-31.248129
	31.104918	7.858568	-49.973445	36.231554	-9.498787	27.015964	25.414713	4.431760	-59.868448
	52.682182	4.863299	18.750420	22.938948	-63.279909	23.202301	34.473445	-38.911995	-36.946738
	56.076455	6.607565	33.781698	-7.870742	-60.194397	10.443160	13.700620	-58.835003	-23.108108
	85.641543	17.294441	26.053724	13.441770	-24.629561	41.157597	29.881830	-49.760308	10.899715
	79.957230	19.806187	43.211551	-4.034644	-17.245663	33.796803	14.008976	-61.452958	14.159179
	77.664996	18.324706	59.229112	-26.217593	-1.233006	35.745839	18.492892	-106.084526	34.664189
	37.333641	33.454963	-11.815914	23.559849	24.880090	-9.264873	56.225405	-59.430658	-16.344904
	40.260591	40.071975	37.837164	-1.345781	-0.876333	47.560493	14.772247	-25.639836	6.965628
	51.550905	13.782280	-28.687451	39.718642	9.796779	-22.889265	41.930691	-22.180947	-44.911763
	8.730145	54.421249	-25.918223	-5.825484	3.757172	-30.989178	-22.679976	-0.252473	-11.454267
	33.120041	32.848267	-21.371550	-4.921729	-58.598389	-3.162000	-8.722663	-23.250137	25.971792
	8.060269	-30.941182	25.695795	-3.650931	-82.587461	64.895096	-28.509844	-31.887025	58.657459
	23.314534	-68.922087	66.423671	-12.405110	-25.459685	52.530907	11.328332	-53.946845	85.207874
	-22.106416	-76.503873	29.771701	-25.112590	-12.790280	17.237566	14.788817	-23.328932	60.308984
	-47.114496	-51.771269	-1.689390	-32.846645	0.339850	-16.929150	-45.258066	-30.935407	53.984773
	-56.650293	-51.645347	7.589841	-83.937156	24.200485	-29.264431	-75.164970	-17.824230	4.554308
	-57.331286	-73.631127	-2.333460	-84.787754	32.747571	-32.981965	-57.448067	-41.932209	20.059963
	-45.793865	-98.623943	44.195027	-104.782483	-16.422689	-12.837785	-61.805361	-47.581216	63.828946
	-39.444361	-59.560840	35.979700	-104.020232	-18.466023	-8.755584	-87.151461	-30.967576	56.239729
	-62.479939	-35.131390	55.454661	-60.929229	28.930840	-4.606796	-56.123503	-8.609038	55.414160
	-17.097277	-37.692663	92.472703	-76.058023	11.053136	49.973656	-24.163346	-11.785533	64.164480
	-5.898303	-18.930918	134.285224	-89.632739	-16.725338	45.583942	-75.130010	-5.764281	92.472811
	-34.001878	-0.080465	33.288286	-46.187128	-28.292754	40.437070	-45.194280	2.968874	41.807050
	-0.387358	-7.429287	68.966948	-53.478143	25.765063	37.205211	-53.831192	3.220945	62.563615
	-18.327281	17.194078	77.765846	-65.201505	33.062378	36.837781	-25.157695	29.603954	61.086560
	19.478315	36.826673	-11.195975	27.438043	-6.427141	-15.526556	-9.573145	19.294147	-31.308776
	-6.769730	-9.426985	67.926384	-20.136209	-18.508619	12.973061	-38.487735	24.415519	71.186688
	4.396690	-10.464092	82.515947	-27.105805	-11.275111	22.090423	-24.363605	9.840602	47.034695
	-5.126331	-2.712383	18.543420	-19.158688	-18.191521	-3.835701	-7.578029	11.075331	46.404975
	4.064884	-7.687361	20.748606	-30.590545	-0.726442	-23.637925	-9.254270	20.203627	25.692700
	-5.137582	-8.199397	5.315366	-8.426780	5.958889	-13.088637	12.897232	42.181792	45.124492
	1.220910	-16.483447	10.226237	0.075805	-15.449271	-29.845448	1.365693	8.119326	16.464277
	18.676687	-1.784889	-0.262898	16.232165	-1.881491	-14.588187	55.390455	4.082929	18.969545
	15.460849	10.774404	-12.191946	0.795356	-30.132293	13.647827	43.508115	11.804463	26.347844
	-18.539508	-1.706901	-45.947286	21.642456	6.523005	-3.036221	3.103276	0.213206	23.840241
	-4.223847	-15.196320	5.412228	-28.913108	-6.575793	18.995738	-18.058645	-20.073096	14.924432
	1.950635	-34.258257	35.060051	-39.054148	22.381619	17.775339	-27.191441	-38.190230	27.568323
	12.772953	-48.967040	26.411412	-20.867441	18.842536	19.415944	14.764810	-37.252123	10.989077
	3.476307	-65.829958	0.899280	-26.790130	15.603458	17.597227	-21.313256	-59.231367	41.281004
	-39.905215	-33.265149	25.619372	-41.708986	22.303850	16.111440	-15.108878	-41.101044	39.876326
	-0.938076	-13.746728	36.469404	-5.989927	29.399907	0.944977	-30.715921	-12.746876	0.288912
	-9.033401	3.092844	13.927292	2.074832	44.073982	-20.985957	-1.041918	-7.397236	16.134022
	-3.545182	0.639712	-28.592419	6.028372	21.874773	8.115755	-5.985232	-3.378364	-9.496823
	-28.783890	-0.494509	-7.156541	-46.620548	27.578655	-0.846441	-19.655370	-31.399777	-47.321495
	-20.530129	12.005321	-57.451797	-21.468019	31.333176	-13.940611	-46.766275	0.432397	-64.483210
	-7.168268	-16.477848	-2.253059	-7.260645	-6.599252	1.186166	-3.119424	-27.212397	-18.454687
	3.585082	-21.510434	-81.422209	13.094574	3.373590	-21.086303	-2.424785	-22.095321	-5.680292
	0.578312	-80.531575	-10.303596	-15.514299	-69.058964	-1.490631	-6.562892	-36.432408	-14.358050
	-6.171787	-34.677571	56.290002	-39.164664	-41.714237	25.058430	-14.161520	-20.330777	81.139411
	19.819920	-25.920324	63.123505	-54.099832	-3.362549	20.042752	-21.889534	-21.981419	39.141427
	2.149228	-4.403137	44.904471	-83.764370	0.734084	-2.144647	-64.104313	-15.548465	7.940577
	-25.705685	-13.594175	9.857845	-60.631408	29.947267	-35.787467	-35.526904	-39.183788	18.946666
	-23.977351	-4.731288	-97.796017	-13.052471	67.072775	-74.519535	12.127381	-21.640603	-34.544707
	-2.790855	-10.690277	44.763626	-72.334473	-7.876847	0.315921	-27.392347	-8.850854	7.021691
	-32.940331	19.709289	4.331790	-66.084923	-12.493254	-36.341455	-53.058684	-10.055767	-22.310150
	-12.064942	-1.470830	-23.886121	-49.122813	-12.111232	1.936969	-35.226896	-28.360126	-40.743655
	-16.437173	27.290662	-26.508123	-23.189348	7.951580	-0.269265	-7.939312	5.957110	-20.234193
	-5.493998	35.186584	-15.045965	-26.572498	14.496490	2.524923	0.007486	-2.521978	4.038995
	-37.114141	-4.332980	18.967195	-50.659009	-7.798661	-33.088234	-41.357096	7.704202	1.019709
	-51.926847	-24.222573	-19.743168	-67.366711	16.671052	-83.396921	-24.487341	-20.381942	6.264702
	-71.463946	-51.499429	20.645146	-120.315862	-20.686861	-52.883118	-81.990784	-48.348213	-6.728215
	-16.221903	-23.379390	-10.943516	-21.949321	-29.276740	-8.217174	20.426140	-8.151848	-7.004060
	35.786701	-9.856066	-20.098906	13.237913	-26.710883	10.803832	35.884729	-24.662564	-35.845464
	22.655615	0.339920	-33.465892	16.708095	-27.792278	-20.745029	20.418632	-16.157146	-18.872579
	21.258401	13.388070	-19.859280	9.015771	-13.376840	-14.222474	30.959093	-33.114153	-13.175986
	42.073232	14.919527	-63.111848	33.947295	-4.750718	-19.493982	80.527307	-12.688940	-14.888269
	41.604901	51.955091	-62.226794	76.327345	13.234034	-27.546599	92.656204	15.704366	-18.079517
	18.707206	62.908715	-86.226242	72.943474	13.027594	-14.767117	65.517007	22.113208	-79.681094
	20.622286	72.208165	-84.705182	68.904994	27.496869	-58.365448	53.048966	25.179759	-75.590914
	-22.692525	39.864719	-61.062092	21.358039	40.294764	-38.259825	29.586936	7.893275	-45.410080
	-24.004567	8.333828	-74.344196	16.852180	16.729103	-52.834201	12.041740	3.918246	0.886042
	11.361574	-39.803457	-42.417676	12.769068	-5.388602	-56.118836	13.512383	-35.509549	13.388180
	12.167438	-41.550120	-29.594701	32.337000	-10.639731	-34.432332	28.989174	-18.486821	37.289831
	24.826519	-32.274066	-35.106332	46.272439	-34.721674	-6.245621	35.877862	-35.881219	38.135633
	51.392033	-43.236384	-6.227264	55.616297	-14.440981	-17.537093	54.868024	-28.654680	-2.102876
	63.461079	-34.594548	34.762481	47.641015	5.457497	29.747562	13.775328	-52.838824	18.121055
	15.431798	-34.496755	-8.936674	19.859884	-8.648189	4.571027	23.725906	5.188360	16.141365
	10.820694	-49.245908	65.417820	-13.837110	-1.065467	40.988900	-17.538826	-12.362396	34.377347
	-2.495223	-63.401066	46.505561	-52.276675	-31.397231	32.602181	-8.277039	-25.306557	54.618633
	22.769174	-52.564046	60.186109	-38.756890	8.662101	68.791556	-6.119326	-17.733914	34.496861
	25.112645	-17.359964	36.748690	-1.230108	-10.280620	68.219863	-12.261075	-11.764827	33.132089
	1.364394	1.239177	25.150672	5.670631	0.909741	70.454817	-10.823733	24.837650	-5.479790
	18.451461	-0.554287	5.759414	-24.584227	1.119121	69.188537	-16.244152	25.257401	6.033386
	35.686526	12.759779	-1.654624	3.258911	8.729533	33.199102	-28.276267	19.386396	27.948452
	1.932478	10.687446	20.994573	26.081568	0.367207	27.548660	6.318657	26.473196	5.298982
	35.088996	9.804556	29.797031	8.129297	4.061638	28.612285	-3.213350	54.594214	18.283920
	21.797644	28.313329	44.274683	28.605882	1.296320	2.189555	35.106349	31.803128	41.852226
	-22.801834	40.607376	55.992368	18.502957	19.651326	20.262251	16.449758	24.960044	-9.630066
	4.616453	-15.178737	41.178760	-34.553147	-14.320411	1.737295	-43.160193	-4.142921	34.134336
	-0.629931	6.839877	-37.471740	2.346334	-21.316830	-30.916407	-8.892197	12.522684	-41.324857
	9.831246	12.820858	38.524490	-18.903656	20.398624	28.851292	-9.422316	6.771691	46.370842
	-0.209781	-2.037674	39.185659	-4.946229	24.832995	43.727388	10.029091	8.180176	31.227960
	-7.118719	-16.557261	20.090573	-41.941671	-0.011390	34.471568	-35.376678	-7.068378	11.999966
	-25.026407	-15.791702	79.117582	-48.955790	14.530397	-0.444179	-42.672861	-41.434344	43.274621
	-33.798485	6.521041	60.624687	-54.458940	48.080482	-44.342872	-40.832794	-5.509140	32.823157
	-30.000862	7.913166	-8.454719	-28.584429	25.897741	-51.620444	-15.992831	-26.119602	7.686402
	-11.848379	20.351624	-47.981376	-8.695342	4.943270	-48.622435	37.343511	-2.704927	-33.108295
	-20.035571	4.006460	-58.471698	-32.440700	-22.629768	-46.153379	16.119958	-7.258543	-48.337108
	-43.609776	-8.427231	-42.751339	-56.517435	-8.486631	-45.936144	-34.821042	12.439090	-44.945376
	-27.772900	-10.905561	-30.959980	-64.368059	-12.499456	-74.958875	-11.363260	6.626466	-24.885951
	-55.360395	-26.119504	-25.134274	-57.535252	8.740909	-45.846864	-54.904733	5.222851	-10.063814
	-60.588943	-36.500347	-5.010076	-59.702231	-0.850533	-22.982369	-77.898141	-19.838259	-1.423960
	-39.398775	-15.191195	-9.560497	-41.512821	36.915968	-25.660423	-47.239359	-18.273073	-15.474511
	-27.521873	-19.516344	-5.581526	-57.509357	31.184703	5.696369	-55.628177	-0.931132	-8.717286
	-1.423269	-12.555458	32.228949	-65.738491	36.589928	2.040279	-27.748430	-14.413549	14.060678
	11.934896	-24.244810	36.985284	-62.708667	57.353922	24.438902	-29.084002	-22.727135	42.352134
	28.533769	11.534797	17.257144	-33.938675	51.057688	5.274238	30.258689	36.357505	47.243066
	24.298557	25.163463	31.333930	10.492359	64.401773	43.926084	-10.742183	32.713797	2.671110
	0.192139	34.441223	14.236114	13.558501	30.283865	28.291675	-7.486945	52.392444	14.193454
	1.417753	9.305396	49.893049	6.904526	2.958924	17.974776	-22.623274	32.708347	-9.751782
	-8.746693	-3.406153	29.664813	-30.329787	6.204565	9.083343	-16.489843	8.964130	1.203632
	40.877843	5.779088	21.231342	-24.109391	33.692658	36.723806	-36.013922	23.244418	33.640041
	23.789154	5.061317	26.303547	-44.342879	11.382653	30.962395	-77.077741	26.454036	38.159246
	-0.122177	9.265023	18.740573	-41.896624	11.092218	9.575641	-53.730313	44.126077	4.746047
	-5.643348	33.871625	-18.864001	-9.542929	14.598890	28.069292	-26.418581	47.816749	-3.472810
	3.644389	66.511132	-33.311738	37.506201	0.034131	40.553594	-18.180222	81.098732	-38.530430
	-2.262072	59.462920	-11.897583	18.618738	-0.956935	8.038287	-5.786193	78.582002	-15.650022
	21.623751	38.156803	-52.164676	55.543583	-11.852404	-10.961938	21.068224	74.170166	-15.718272
	24.506829	7.640844	-56.561223	76.385784	-48.434625	-32.715340	34.595693	69.351443	-16.191895
	26.014903	-38.122385	-42.377181	35.189376	-28.371391	-22.946775	29.736554	5.144381	-35.993568
	6.465548	-61.739706	-19.686640	51.772200	-31.657909	-6.760614	70.997221	-25.416733	-17.652744
	26.416298	-29.781621	-46.501018	61.233275	26.605863	-29.251522	43.940548	-35.653138	-9.648815
	29.770265	-41.489882	-29.265712	43.719007	-24.313775	-12.894702	26.584011	-42.345825	-26.537367
	2.313175	-25.228844	-43.584603	48.710698	-24.536430	7.358675	20.707772	-42.191645	-80.454352
	38.084747	5.430384	-1.416867	76.841523	-53.199621	26.161535	81.183943	7.873321	-55.794403
	60.507588	34.711954	-1.555141	92.439502	-25.575035	44.457925	56.704448	-8.010057	-24.903060
	1.573832	48.764967	-34.949971	69.664285	-6.871405	-3.067190	45.514882	-0.434438	-62.844433
	-16.163357	70.184568	-24.599128	59.482727	6.356123	-37.183960	60.429251	19.016201	-81.502610
	-29.506748	69.896758	-16.642809	67.196894	-8.445249	-52.701024	40.907591	15.195546	-78.699807
	-25.928706	60.458310	-35.439657	40.043418	-16.088644	-41.017820	17.792501	18.575261	-55.007387
	-26.092352	66.836503	-10.194688	47.033010	-30.952885	-39.812939	19.402385	-0.103911	-30.909450
	-5.950309	65.529601	-37.466159	52.740286	-55.076871	-16.741435	49.922388	19.135304	-63.877701
	2.137156	41.911673	-12.189528	33.325768	3.215231	-23.245979	5.907457	-25.005111	-52.712640
	25.969954	12.852414	-43.922098	23.952406	6.801967	-3.042711	27.634645	-10.888926	-22.693763
	-17.787547	-14.242936	-21.004300	11.928847	24.723795	-5.996615	8.849277	12.939826	-39.546990
	-33.614224	5.707593	-64.319403	-22.614885	31.935522	-33.647943	7.679676	18.815728	-73.641601
	-22.630265	24.840001	-23.402520	-20.404418	18.739435	-38.137014	2.843156	25.355728	-82.955438
	-19.705203	20.534070	-8.782048	-0.762697	37.987076	-4.617688	10.862459	10.164240	-56.312896
	-12.249257	38.771162	-29.962656	43.589798	64.107786	-4.066925	-1.504716	4.538993	-38.440399
	16.489990	42.099499	-12.360608	55.217024	53.036488	32.628029	19.878073	14.713682	-22.798248
	3.936736	27.220107	1.004176	56.287673	33.457132	-7.717370	13.174066	24.968457	30.977093
	10.470469	12.859981	28.326073	-0.996815	-9.241748	29.567913	-21.240454	-13.233323	-0.951183
	22.234955	-43.040640	95.856678	-49.624733	-34.716268	67.974142	-27.229325	-72.588642	80.105406
	-46.527377	-12.352768	79.392506	-50.733314	-21.841507	21.880822	-59.407963	-25.167791	82.507584
	-17.235895	-15.731592	39.383970	-85.038539	-22.404437	-25.166096	-70.726422	38.136227	49.861114
	-10.683493	-18.887206	26.263510	-75.458715	-33.003545	-29.340535	-69.076611	-6.766041	36.575583
	22.209181	-4.563796	41.732939	-63.273528	-4.693674	-17.620995	-58.319395	5.998868	42.517918
	8.561679	-17.193610	-23.155975	-9.865231	10.853754	-12.169183	-10.806857	1.990686	0.864914
	-24.249416	-31.622698	-7.866862	-25.653894	25.313619	-29.634330	-22.452350	-3.562434	28.994652
	5.271527	1.953596	3.572594	-32.716169	35.476416	-17.003256	-6.611687	-6.901841	32.744303
	-9.656349	16.556400	38.967321	-47.181521	6.386037	26.581122	-3.117260	2.297765	47.212297
	-26.302514	5.113796	18.723309	-72.513549	46.319495	9.310167	-46.226696	-4.644447	43.093221
	-31.304133	0.832330	-28.202440	-62.454268	30.885027	-35.721660	-18.963755	-7.822545	6.853430
	-52.365805	-28.013081	-10.350391	-57.306427	9.877590	-63.591376	-35.303474	-3.982712	-3.975156
	-48.145048	-36.741560	-18.960602	-64.223177	-33.376151	-40.240901	-56.925086	-27.743521	14.495897
	-44.469982	-49.770748	-12.239958	-95.901329	-18.570655	-34.785376	-51.547176	-45.395633	12.912962
	-48.747608	-32.713007	2.735128	-98.519481	-3.383905	-20.758509	-41.094655	-25.229367	-43.920591
	-17.870883	-25.854525	-1.171227	-95.268627	-3.314110	-5.053167	-65.366076	-30.714849	-44.604003
	-15.379471	-49.560474	-5.874354	-41.114407	-39.376478	-20.841054	-17.383858	-15.310399	-11.265017
	8.244280	10.288784	67.505389	-25.010210	-13.107742	89.231814	-41.025498	29.725449	83.616445
	-10.924462	-2.237845	-7.262841	-9.426954	15.957517	-0.853996	-14.499284	20.444405	18.004270
	-22.020023	20.134653	23.181308	-17.419945	14.734421	-13.448385	-62.642895	29.532404	34.089237
	-42.824053	11.890754	19.261156	-38.220385	-7.949270	27.871143	-37.454124	9.317947	13.667076
	-18.716134	8.083699	47.792035	-51.764658	-13.932237	48.425758	-34.149401	25.917097	51.856077
	-56.820014	21.322776	39.524055	-36.234416	51.731945	-27.105220	-50.144330	15.037774	12.520843
	-80.606776	17.944316	-39.265071	-32.932646	50.263992	-61.147230	-32.842167	27.643775	-33.272628
	-84.501660	15.382605	-105.136880	-28.458261	37.359722	-100.270249	-10.025662	32.422303	-88.419429
	-100.661980	-6.891818	-51.033571	-20.467435	-16.335204	-58.307003	-18.598043	-10.762864	-59.561398
	-87.414492	5.455011	-41.984938	-31.315358	-15.695078	-39.168427	-18.265520	-3.377975	-52.938998
	-79.200525	-0.410127	-30.072038	-9.589118	-8.921769	-48.210683	-32.624022	-17.536020	-43.290551
	-52.391150	-6.321056	-1.301071	-14.197873	-30.729210	-35.169820	-22.658777	1.185763	3.057259
	-48.757878	7.237257	56.593043	-43.950818	-44.128479	26.168916	-4.299360	-22.475522	24.467536
	-70.812249	23.888460	21.531402	-46.944510	-23.715508	18.685360	-42.886978	-29.578243	10.537613
	-55.893064	-8.367996	12.782088	-46.875140	26.393833	10.052521	-46.430949	-14.566633	46.702142
	-42.338363	-29.127315	0.228781	-15.082441	16.417113	1.707268	-44.625650	-15.240822	-0.038654
	3.787775	-32.048502	39.846200	-17.175811	14.149759	6.431478	-6.875078	-7.159290	30.345268
	9.682299	11.540861	2.183042	28.187818	-3.848044	2.462135	57.746520	-5.103006	24.135572
	27.093761	57.632157	1.398727	80.763322	15.655443	16.941244	61.761111	29.037793	9.647129
	19.419086	60.751233	-38.737035	102.271781	25.538940	-21.078516	79.472666	30.719132	-62.628858
	-6.884283	40.179194	15.577900	61.112409	34.586696	22.910089	45.127552	20.378696	-1.468424
	17.115613	10.811988	18.773379	10.434748	59.464355	13.285147	39.213418	-5.403716	17.862937
	20.940915	28.475347	23.023820	36.299919	29.210946	28.096758	57.677939	-3.162129	16.452420
	31.996943	21.571134	54.157769	87.033912	32.655124	48.496014	97.287458	-18.164623	33.334121
	33.961513	25.834067	-3.101583	89.465076	39.551299	33.555642	76.201325	9.623841	17.645281
	24.870831	33.210012	5.709184	80.600386	36.055576	20.339630	107.646331	20.259462	5.372387
	4.219473	19.442926	-24.169235	50.474248	51.857023	-6.712641	74.034133	30.473407	-5.587975
	-36.754073	-9.870237	-3.804332	-21.292443	78.483688	18.859882	30.430113	24.801730	6.135107
	-23.116618	-15.915072	5.170817	-40.091134	74.921344	16.362429	3.102739	-0.539528	5.225656
	0.246040	-36.335547	11.617956	-50.474656	21.129909	8.701964	13.782153	-16.259027	9.224243
	46.545810	-49.821402	-32.464690	13.301160	1.268562	35.115843	35.363161	-29.081754	14.106389
	66.527707	-48.517739	13.990627	13.255823	-43.017588	42.265557	19.913401	-24.755050	10.616162
	76.985338	-83.749678	7.768994	28.145642	-24.167581	34.047155	44.854318	-47.002260	26.198815
	29.638405	-47.992197	-2.488735	46.360806	8.737014	3.646026	45.613209	-34.709446	31.279178
	36.252004	-19.112033	9.926753	43.653649	3.147350	13.709868	44.126907	-12.558674	15.076195
	15.418904	0.732337	-10.101122	43.745678	46.610221	-2.335200	28.689720	5.733440	-14.741315
	4.677286	39.035099	-45.990517	79.159845	29.887933	-38.102446	10.417707	14.186417	-51.820405
	2.849636	14.987832	-31.786611	56.160635	12.481830	-12.583371	23.220945	-3.682894	-39.101963
	-8.485909	2.233622	-44.348208	45.447164	41.620469	11.934542	12.319493	-1.161291	-18.379829
	22.629050	-27.466455	-23.953452	31.627496	0.049541	3.478781	18.211096	-34.849339	-24.138364
	2.159908	-19.071533	-42.154225	41.377014	11.196945	22.784544	6.987128	-20.787709	-30.918091
	-5.515474	-13.680676	-54.397855	15.810140	27.884291	-15.461234	31.875502	-35.610588	-22.059200
	-5.169439	5.872344	-37.964068	31.188370	24.197422	-12.602053	-9.414960	-6.219766	-90.975181
	-36.438642	6.275381	-70.233392	32.315308	10.330585	9.062781	-5.741202	-7.187097	-79.808366
	26.316275	15.672233	-59.484206	2.308483	2.567664	-12.869722	-2.996298	-23.926398	-49.500535
	-0.944578	24.983538	-30.268653	71.745062	-22.080612	13.774242	4.571171	10.970482	-20.454973
	59.587293	19.555307	-55.037180	59.049771	-0.134297	-24.084061	46.927366	-32.136085	-21.580128
	54.944806	-27.239183	3.682909	-1.256089	-50.413393	-1.081271	-1.886838	-19.874452	-23.406877
	42.089241	-37.827837	-8.368901	-8.678357	-37.428124	-5.265490	4.292591	-55.685680	26.982034
	25.316647	-94.576725	69.627069	-9.940914	-87.065018	40.975040	-18.192092	-64.304744	20.749812
	27.424657	-52.776154	30.620328	-15.027335	-54.612870	-12.508089	0.951099	-61.737196	44.154349
	-16.098804	-63.544559	23.298135	3.157887	-26.162721	-5.674730	-7.399072	-43.017511	19.508982
	11.942092	-61.375929	9.180879	18.173476	21.267170	-38.914903	5.259128	-50.811113	38.025811
	18.462982	-52.274606	-2.395089	28.776868	18.711102	-39.345955	19.844282	-23.258612	27.555898
	35.776900	-36.408731	-44.721724	54.083577	57.165601	-23.125502	68.667775	16.406890	22.227761
	46.427916	-30.353501	-48.593900	35.986609	-20.447734	5.223124	48.030064	-6.354768	12.348701
	47.796479	-0.120924	-2.458195	15.216754	13.584206	-2.040671	66.512055	-14.298287	59.892108
	25.499677	3.131004	-6.960531	35.014807	15.942477	7.333857	67.205834	-13.104069	35.484034
	50.095506	-21.433432	3.567911	36.937545	55.075913	17.668463	53.902832	-35.328103	41.195972
	27.256914	-58.875783	12.909062	-29.001265	46.321585	2.578533	-4.860698	-43.561339	55.176619
	-16.029270	-48.320901	3.351719	-59.219068	42.217547	-0.656614	8.549341	-39.889955	48.989537
	-3.852056	-54.647459	-22.647814	-45.161918	56.346363	-28.968671	-16.548130	-25.584344	34.804128
	19.282256	-50.346782	-48.266559	-13.018879	64.685121	-26.976311	16.090018	-38.235999	18.032045
	3.085064	-66.547705	17.527433	-28.349345	24.241742	-1.252415	-9.276017	-50.303773	21.132046
	33.250985	-44.058207	-17.068502	-12.896043	27.367753	7.058757	50.190717	-31.555189	9.884277
	19.713762	-17.300055	2.061285	48.377206	14.707768	-3.082228	41.967205	-30.055657	-4.355494
	39.243210	12.923729	-16.294729	76.680728	-19.433940	22.878427	79.423553	14.994510	-6.026977
	45.852191	23.386771	12.578024	76.672960	-57.208937	63.405065	27.376170	8.800292	35.874645
	14.702221	25.281745	31.509988	38.414591	-74.408416	20.706498	15.170693	16.700764	26.779612
	-2.565478	7.964525	22.443428	21.714579	-76.544073	25.626020	-14.720193	8.320080	44.287513
	27.891449	2.654272	5.402334	27.189673	-56.403316	19.641852	22.916575	35.794522	-25.839277
	35.554319	3.973529	12.899777	-15.243946	-75.251021	2.696553	-30.848055	17.130437	-3.474964
	29.245307	2.385969	8.007594	10.464805	-48.909429	15.306312	-1.453360	33.824275	6.841963
	15.887066	13.771668	23.468055	-13.550249	-87.319382	42.134889	-22.304617	21.572692	11.711670
	0.158349	31.283337	31.656082	12.453466	-21.029525	41.763127	-4.155073	47.867127	-51.613767
	37.507893	42.332739	-1.155371	9.313402	-37.347063	39.721325	-13.941056	54.180927	4.300721
	19.037293	22.450921	-11.669788	-13.483610	-58.945479	34.200088	-52.214366	74.444971	-23.420626
	1.142276	49.378444	5.443214	-5.339741	-37.588044	32.051916	-53.546431	71.439410	-13.781741
	32.530091	27.491028	6.791913	-5.867646	-39.539634	59.643026	-58.637964	67.746801	-11.931851
	-10.279653	48.173445	34.165202	11.038039	-26.695474	25.595059	-52.733246	47.247861	-25.749695
	-30.281556	72.725619	8.409598	-16.922633	-32.906032	12.297726	-39.360924	43.255015	-19.906975
	-27.257795	67.311956	2.708563	-18.709816	-13.962513	-5.462572	-22.185456	65.183594	-28.945628
	-5.714688	86.771402	-14.429826	-15.930500	-18.962820	-10.874997	-22.022683	39.571143	-25.277946
	-58.822496	95.309693	17.452943	-52.237904	-38.475576	-48.471459	-16.838880	34.856076	-38.417200
	-29.828730	69.622866	-33.203843	-36.427495	-37.067102	-28.201546	-54.174396	33.044301	-55.556778
	-14.838654	53.163146	-35.144530	-24.028238	-28.119116	-17.495144	5.230651	1.510661	-56.323784
	-10.127710	11.428895	-21.156967	7.191656	-18.687959	-35.160173	35.509550	16.555125	-9.907161
	-13.746545	-17.754588	18.264754	-23.013121	-37.668253	-36.909177	-2.790322	-36.445930	-3.146080
	2.446619	-1.380540	4.533370	15.569384	1.824888	-19.029509	-22.870435	-27.766621	5.072433
	18.428229	-3.689765	3.970779	31.806954	-10.360813	7.675185	-15.251913	-13.005364	9.059443
	-8.779583	5.197111	0.547055	7.499458	-38.567740	-12.004002	-26.117241	4.087540	-18.558531
	-3.775812	27.785470	-25.715039	28.134295	-33.977504	16.795854	-30.232649	30.699773	-41.978275
	-19.913778	33.045969	9.587562	12.821514	-46.005421	-4.715642	-32.227094	67.531667	-55.079409
	-25.955923	50.947720	-23.929594	29.520113	-14.433188	2.591032	-47.184468	54.781137	-70.736319
	-39.458820	30.853282	-39.046069	21.322864	-44.944826	-20.902223	-27.975661	53.444853	-46.947873
	-11.400457	33.548674	5.324607	9.384643	-61.150845	4.429678	-4.138100	71.691941	-45.409444
	-35.956859	38.800084	-27.032014	22.786181	-81.266002	-6.521000	-44.937363	81.168475	-80.267905
	-26.857863	37.662510	-63.922585	25.028348	-41.391498	-20.676094	-47.420430	44.891669	-74.445935
	-2.137600	21.258907	-33.697769	30.753212	-7.525982	13.713316	0.248726	30.470727	-77.595010
	-0.304053	4.911612	-22.912472	-0.353237	-17.430231	-3.178988	8.926440	13.814943	-30.331420
	-7.499443	8.834100	-7.938265	2.349081	-1.461769	12.635264	-1.575784	-6.435122	-30.307536
	-12.563944	1.206883	6.688035	17.245018	20.875878	10.394037	-28.367855	14.328352	-11.274519
	-27.949687	-16.847130	-3.320115	-18.216365	39.970975	4.407264	-35.047012	-26.285220	-24.433597
	-5.886428	-18.981602	-37.688687	0.134164	60.125198	-18.287565	-2.754220	-8.941003	5.755680
	12.923683	-26.138468	-11.799208	21.027641	67.507288	-26.719975	10.176462	-28.245973	23.514300
	27.517298	-21.909317	17.248531	0.837185	43.433458	3.533240	4.344887	-47.946365	25.165386
	36.798730	-55.437643	1.156625	-24.793964	67.306023	-11.965032	-13.507978	-77.198708	48.051431
	2.644717	-52.989520	2.521366	-37.450644	86.460353	7.396939	24.092773	-62.516252	50.456806
	12.799417	-67.133612	33.201465	-68.138274	62.423191	47.538285	-0.226951	-66.681339	62.498671
	-13.288790	-57.149851	24.712454	-46.516174	85.785254	22.992678	-28.473205	-59.253761	74.064579
	-33.845089	-62.467854	12.620399	-3.937608	69.858369	10.982025	-13.376005	-33.646167	24.724300
	-13.351353	-25.195653	-41.122820	-4.637496	85.889881	-28.986055	-34.876660	-14.076330	-17.240682
	-41.434473	-0.581034	-10.157894	-49.066289	28.794317	-22.363124	-26.115300	-11.362964	-24.341946
	-18.169333	-28.386184	-10.745531	-41.115873	-11.820127	-23.627275	-28.179364	3.669777	5.800240
	22.190872	0.528820	33.105247	34.393236	-6.462698	-13.994712	6.880107	34.572707	35.300963
	8.254163	7.312553	22.925687	36.178570	11.459822	4.623991	27.078225	19.313027	55.937146
	36.857269	32.020189	5.197082	35.749014	-5.757291	-2.415721	65.969486	20.734276	65.908440
	33.129707	45.122462	21.523395	20.918031	-39.897144	-1.271344	63.060638	19.615873	16.117369
	20.966270	18.303434	42.332861	32.776954	-74.801617	20.396722	20.007624	22.980881	12.211100
	19.187019	18.150957	20.383467	23.738438	-51.869383	19.509424	-14.031974	33.660316	-5.165899
	5.977024	22.908362	-13.208014	26.431300	-46.210513	6.979416	23.829770	25.384552	-8.293144
	15.691407	22.081503	-2.562099	31.070164	15.062520	-26.786499	19.156434	15.794685	-15.320402
	18.204836	26.817505	-10.538990	25.075801	-5.497382	-15.521408	23.326256	-0.117272	-21.826764
	22.833034	12.202654	29.908454	13.969180	-36.823670	-6.610351	27.703709	-5.052708	-39.326447
	25.770804	26.704674	-0.315219	65.646341	3.982809	-27.826919	57.934982	19.927641	-17.517639
	4.397578	45.081831	-12.221506	30.084645	36.285231	-16.444564	67.407721	5.500664	-53.024096
	6.050871	18.675143	-46.690287	35.072007	4.444745	-5.840166	62.326374	-15.950783	-36.966157
	18.355843	15.670580	-18.122581	34.294213	-4.962188	-5.808171	49.155491	-27.281226	2.858092
	-6.402030	10.755388	-52.376502	16.205406	-13.529064	-2.349994	32.988511	-28.497672	-11.094549
	-8.137727	-6.834021	-27.540704	-13.438641	10.103822	-1.914347	-27.426913	-30.085724	-46.028615
	-19.713855	-13.867409	-14.086831	-27.724712	0.560132	-2.051103	6.548655	4.660995	-30.614390
	2.170709	13.893234	29.808772	19.224277	-8.395823	23.982529	11.474627	9.312335	-12.819935
	8.492493	18.920126	30.118361	15.332263	3.882668	39.527307	-0.140915	43.466202	13.464834
	6.280444	20.706054	38.703474	8.229577	5.119136	29.697791	-17.533187	22.138515	-2.788742
	-9.422224	10.138968	23.671952	5.808786	9.239347	44.858303	-36.236199	-0.415936	26.372359
	22.521059	28.779795	48.539445	21.132424	21.551077	39.622246	7.624195	13.717867	53.648189
	2.271850	25.021627	20.758197	8.499660	11.696070	22.868328	25.214125	-22.778021	15.864628
	-9.461720	-44.623332	108.028706	-106.996673	-55.012533	73.663408	-44.267738	-52.500656	82.403459
	-23.226184	-34.182905	83.967041	-39.189398	-52.256257	27.347964	-49.915293	-53.342023	57.811116
	-8.792348	-40.417409	59.391603	-68.914302	-42.326382	-13.516202	-51.848174	-11.003594	55.217456
	-47.074674	-54.556393	43.500105	-65.937261	-61.309330	-39.372959	-76.903030	11.447625	46.613869
	-29.195162	-28.674385	9.299757	-32.567063	-27.297354	-48.175000	-45.449410	7.926102	45.924701
	-2.472138	-20.955515	-5.126198	-4.567904	-2.099063	-24.472481	-15.253450	29.669327	22.501336
	-14.185159	-25.839984	3.797040	-9.896711	-5.123766	-12.903520	-8.178778	23.457199	-18.652229
	16.571923	-0.174233	5.593454	-9.743400	-13.769418	5.955532	-17.849542	2.444404	-12.658928
	22.430753	12.158233	-9.138959	-12.811254	-23.337825	7.756132	-19.265011	14.184398	-37.156493
	5.600723	22.959802	-18.593188	-23.155689	-11.587460	11.373087	-8.006662	-1.436112	-24.628714
