	-15.324994	59.826975	32.581398	-32.358571	-22.903521	-21.812844	-53.376859	3.829678	-20.914763
	-33.202144	45.779610	28.883610	-43.361092	-21.878042	-19.939342	-40.154170	-10.306200	-12.753720
	-29.320050	15.348465	10.582582	-25.167146	-48.192346	3.709284	-47.259902	11.993975	-25.847999
	-26.791376	7.950340	16.765050	-46.472994	-10.232710	28.951016	-41.940294	1.755097	-0.784481
	-3.029619	-35.780906	8.061708	-70.108928	2.657252	21.430282	-52.075225	-25.884424	29.244615
	9.226053	-24.055753	2.213895	-41.998670	25.570366	50.894899	-6.193273	-15.847441	57.254060
	24.017878	-26.594303	2.546980	-41.574086	57.721385	35.384211	-0.232552	-45.340824	73.558239
	12.889053	-30.316220	21.773179	-35.501835	23.349553	21.648640	4.099895	-24.490147	36.870608
	20.073733	-26.133484	62.919714	-24.413020	-7.248793	15.910154	6.770736	-40.320257	45.812572
	14.985751	-35.607286	37.263208	15.816717	-46.995685	0.472252	38.957022	-16.040380	0.076868
	26.029102	-32.638084	-10.691937	38.248785	-46.578149	0.620808	37.552995	-36.495657	-9.375694
	51.591453	-21.062269	-14.056967	65.656350	-27.280014	11.716404	50.956474	-26.099084	-3.518038
	61.788334	-33.600211	-21.283260	27.528060	21.861057	8.935203	51.716550	-43.519702	12.296736
	21.667078	-3.709442	-25.917871	56.622730	25.767978	-10.944959	28.950404	0.785104	16.648825
	11.166784	20.906681	-13.453972	46.667827	18.592809	1.808288	-34.958587	25.264880	9.006292
	1.834206	19.102539	16.488335	20.783924	8.278243	-2.033492	16.853359	9.026165	16.573682
	-5.143332	25.090780	-23.477680	9.613477	-11.451204	12.442431	30.860096	32.906531	-38.430238
	-28.596083	-4.492165	35.942925	-45.523628	-55.706395	-12.744954	-40.759480	50.643106	-22.265314
	6.360022	-44.586338	22.965782	-52.932652	-51.027612	45.898270	-84.501969	4.942280	-19.665317
	8.626694	-62.143144	11.838249	-69.769796	-41.098200	55.447005	-73.597574	0.719706	-34.395235
	9.556261	-67.821023	-27.892792	-66.823300	-63.664738	68.808562	-55.530911	9.874799	-28.815115
	1.538724	-64.158996	-8.927307	-43.605541	-65.630742	81.067329	-47.227946	4.728266	-62.815832
	1.292388	-40.618991	-51.558730	0.053196	-0.191128	30.244733	-10.436429	-0.892612	-34.840074
	-21.534188	-16.654885	-33.961734	13.630479	-23.245791	-2.039574	-22.402634	6.184065	-46.556528
	-4.795623	21.031466	-21.172621	77.097022	15.800808	45.443719	-4.200820	9.621033	-31.393033
	-1.236351	41.675362	0.880720	56.183371	24.720894	43.802991	34.357012	13.979594	-14.364279
	-7.962085	14.532677	8.998312	44.446755	36.208181	30.831617	44.970438	17.356476	24.722520
	-9.742043	30.343093	0.644218	94.829361	36.845045	33.006176	43.375634	43.512096	-4.977241
	7.971702	14.657989	5.649301	87.491861	70.153571	19.609043	48.980031	29.457734	15.910530
	0.816494	-1.301405	-32.653338	69.429262	74.084518	-6.231073	67.244415	30.862065	50.439791
	12.239342	9.540292	-87.647627	60.843405	60.808354	-31.000568	50.308234	4.394710	11.987473
	5.684077	-18.740025	-67.798257	17.441927	76.269037	-35.188606	-0.313353	-18.739280	30.293987
	24.479317	-1.054597	-63.038389	28.137065	65.721937	-48.079435	48.693270	-26.173761	25.154154
	-3.349454	14.531747	-70.996870	22.356076	25.745007	-34.852318	-2.928592	14.045203	-21.315654
	-6.121896	4.735471	-47.118214	-1.926885	18.583509	-7.888861	0.307396	21.386868	-13.194840
	-9.493325	1.747626	-24.905801	-15.047278	3.762057	-19.629380	22.314414	14.488691	-12.405723
	-12.022033	-6.036552	-46.473832	-36.121444	-6.168889	-3.958647	-28.368156	25.105505	-32.073382
	19.519935	-56.065759	-2.872800	-79.095884	21.943999	-18.276910	-59.387640	-38.086099	18.802940
	15.576273	-71.309349	55.520653	-60.905447	1.582616	6.212132	-17.836921	-43.291729	59.567738
	12.563918	-45.292501	57.987517	-52.788270	-16.915084	13.824987	-38.979586	-57.704353	40.004213
	24.969952	-26.695510	78.028623	-48.546080	-5.491932	9.188678	-34.243860	-50.419549	22.409707
	8.748250	-14.263725	61.920175	-53.422067	15.714763	12.680323	-4.280461	-39.818030	18.079463
	20.051277	-11.888333	79.093000	-61.646818	24.073520	21.554486	-17.325120	-66.358830	48.272445
	3.393833	-22.837361	57.492773	-76.071758	29.867867	-4.054033	-19.704115	-58.285543	55.289019
	18.968163	-36.252248	57.806836	-60.243887	35.894558	16.814769	5.035786	-81.329087	106.199951
	14.170426	-49.028092	79.040800	-47.296557	32.667763	25.112459	-14.254663	-46.814020	96.169913
	-11.180877	-56.399887	74.182032	-59.679763	15.459989	-8.024677	-23.388919	-52.491583	100.002028
	-7.406813	-69.740610	35.130081	-15.698314	-0.023259	-3.817448	7.745628	-47.032426	67.296883
	-18.726547	-50.059791	2.390354	1.911453	-40.417739	-2.606042	9.614766	-23.736042	20.678154
	-38.777664	-37.915705	-45.782188	-8.090205	-86.269169	-1.019437	-32.472833	21.888555	-37.913054
	-36.861615	-24.965747	-46.198829	-6.745945	-80.506372	-16.426007	-34.423303	4.536779	-57.562206
	-27.805181	-0.754650	-30.978444	34.039474	-28.593139	-15.587271	19.675054	35.809218	-33.069865
	13.842788	10.117860	-20.275129	53.984275	0.212513	-29.213940	64.418849	47.443161	-12.102805
	35.115449	-28.445117	-27.042298	21.990750	-1.208002	-12.854972	26.954855	2.573874	12.929678
	23.936127	-26.901093	-15.133307	43.046178	-8.060235	12.095700	42.055901	31.898411	33.448145
	6.476758	-8.160581	-18.785635	43.582019	7.471083	-6.332427	45.238976	42.338245	-2.403509
	-15.475319	-10.518229	-62.172749	21.137229	16.643498	-17.121421	42.338797	30.775877	-19.998205
	0.252543	1.957948	-40.763837	8.267083	5.570672	-27.796597	23.161571	-2.087456	-45.039350
	-9.828305	8.439964	-22.061135	6.330912	7.701899	-52.807164	-7.702147	9.221658	-49.910040
	-10.516136	14.211768	-4.229496	-8.869952	17.652282	-17.641853	-15.431837	6.863633	-28.232602
	0.001267	30.985176	4.383270	10.058163	2.278590	-17.351367	12.871671	-11.264989	-17.628534
	-4.536206	41.452384	-28.445606	35.406107	39.682442	-26.103542	19.788960	5.840927	18.816121
	-1.656670	25.997104	-56.218155	-10.688609	38.121471	-27.887630	14.132086	9.642299	-9.616957
	-17.048847	16.906185	-31.801174	-23.325870	28.705478	-21.746397	32.086014	0.070300	22.318361
	-13.263474	17.850971	-37.926302	-24.075950	50.299822	-35.002763	-8.106079	0.776711	33.662034
	-1.645738	-14.129014	-34.088795	-39.825492	44.695508	-24.465990	-4.231384	-2.817922	30.697876
	8.680896	-0.919684	-21.479624	2.546331	98.851136	-26.206474	15.054458	-8.267578	47.239209
	-17.728047	-4.750404	17.724173	-14.114060	41.811549	-28.840242	38.363613	-4.121204	5.529950
	-20.397759	-17.642535	-10.089533	-12.890716	24.446820	-47.523334	14.701061	-2.804188	-11.342546
	-10.213604	-20.849507	8.608664	-0.229309	11.729538	-4.982543	16.805238	-23.288918	-25.855373
	-6.861358	-39.755879	-26.630270	-5.619289	12.891210	-17.074945	8.156080	-8.239516	8.897502
	-21.636063	-45.865742	-27.783685	-22.305533	13.291441	-45.717220	18.875086	-40.840457	20.135800
	19.732955	-53.350727	-9.336326	-22.158533	46.663237	-42.979129	9.952220	-41.287938	63.797381
	-3.011650	-21.847338	3.770138	-43.281941	64.963063	-20.935447	18.688127	-43.977687	68.907218
	-33.331579	-22.481733	-2.361783	-51.222473	56.435955	-46.465075	-9.246980	-39.417567	50.608047
	25.567917	-16.910531	-5.883490	-22.413465	65.909548	16.544886	4.623194	-72.673759	45.277641
	-2.881936	-13.075046	-4.163342	-27.565486	38.298175	9.411631	15.364507	-17.204996	47.482387
	7.029924	-30.215279	-15.580626	3.285894	47.168828	7.000280	-9.123735	-16.386615	12.596946
	26.002747	-25.544907	-29.481902	22.388189	40.856310	0.035137	33.710182	7.456473	16.334397
	14.955128	-2.808880	-26.135437	19.132434	1.309042	-5.194845	25.971417	12.393001	6.070302
	2.289212	0.005414	-43.578410	10.219128	14.324756	-7.916099	5.191777	-5.258577	-3.842888
	-14.354523	-5.910434	-52.554885	-0.197191	6.968303	-15.316770	-29.844628	1.573436	-59.710720
	-16.591391	-5.093664	-54.139300	5.909469	1.176226	-0.372457	-13.602407	33.313386	-28.998556
	12.878565	-11.437586	-36.765064	-19.989533	18.273508	19.551187	-1.968593	8.629462	-15.233402
	8.518229	-16.375871	-13.203112	-19.206363	-3.390626	11.410081	-15.738358	-10.742833	-2.628610
	22.287590	-8.294778	14.429932	-38.233304	13.072048	39.506159	-12.883918	-23.640567	12.201078
	-0.765471	11.253861	16.489346	-39.375834	8.660585	18.574231	7.263772	-6.507775	-10.598191
	-13.145787	15.751512	19.579188	-28.542111	-1.854349	6.502961	-8.497144	10.765324	-10.017982
	-22.972409	5.150253	37.447128	14.556856	17.572262	-6.681428	41.348010	22.775044	-7.173797
	-4.472451	8.795426	44.197729	18.134118	17.696623	-17.674409	14.235169	17.309236	-11.287564
	-29.088763	33.848916	17.221244	12.207274	19.071220	-18.009843	22.680365	33.790414	1.630544
	-30.590645	31.318238	13.663832	24.147703	28.654127	-6.416336	11.161258	64.740121	-14.672173
	17.190033	25.715374	51.252951	7.418718	12.592256	4.010735	-10.625461	13.988712	-9.966338
	5.409388	38.213900	12.504546	-26.259901	-20.238278	-3.130815	-16.895598	19.020193	-33.879622
	-22.804980	56.754463	2.561360	-4.735859	-43.007221	12.870820	-18.708835	9.581175	-29.977134
	8.968965	40.390748	7.713384	-44.730551	-52.511090	14.978778	-42.154469	-42.997865	-12.502554
	-9.047035	56.160580	27.809228	-34.192347	-21.850822	6.060894	-5.943520	-39.761535	-15.644774
	-14.100580	32.163607	22.325028	-24.236095	-13.546031	-3.335128	-14.818717	-57.247161	10.291648
	-4.572907	17.787648	16.937127	6.692760	-25.059526	14.238026	3.245737	-32.924489	-60.023850
	-13.692276	12.585672	16.314822	6.584774	-18.971480	9.761599	12.456967	-7.062799	-7.634553
	-3.665156	-14.594428	0.984309	0.276322	-27.007612	13.051037	-25.442561	1.670256	-31.705667
	-6.858079	-23.656192	34.503550	15.735327	-2.878906	19.280735	-2.602928	4.373054	-4.515316
	17.019435	-35.255078	47.047915	-1.632287	-18.025699	31.181561	-10.375496	-12.317167	39.459450
	38.395539	-20.545328	34.438851	7.576185	6.852581	26.848422	26.888499	-24.051872	45.233859
	46.272627	-24.488815	49.864492	26.192698	17.471663	32.082211	41.160148	-21.704414	64.276476
	47.044935	6.929948	27.230141	36.973951	0.634392	44.296444	53.153184	-9.102502	8.471586
	16.704921	-2.725841	-13.002097	5.162431	-2.472249	11.443146	10.906171	18.081868	-43.736173
	23.210170	-0.344523	-28.560490	43.539889	-11.585817	23.638007	-14.822064	54.591517	-36.840083
	-8.492858	12.275907	-40.441955	44.750420	-32.737267	4.442804	-17.844506	64.113207	-104.582254
	-5.250016	14.351737	-39.020078	46.273133	-14.618379	-11.721117	13.393216	71.319582	-98.308009
	12.729097	-5.420684	7.537240	27.632703	-36.301977	-4.269660	-6.183064	40.966641	-63.112848
	-13.452577	-0.768430	-0.242446	5.652575	-44.039956	-9.311230	-29.874368	33.955657	-37.786249
	-13.407229	11.251049	19.107147	1.780508	-29.865368	-10.775271	-10.527963	21.017066	-25.191193
	2.850943	24.250615	-9.779123	19.832243	3.759741	-8.090867	30.451236	22.874165	-10.028621
	-13.450479	18.412616	1.831946	12.989184	2.510547	-5.460887	6.042399	20.382366	-17.039988
	-10.328347	29.771390	-4.740163	-0.658073	10.306029	-8.702572	-12.210715	26.799021	19.008053
	3.046836	0.060942	-48.122582	21.612119	-0.914384	-9.304997	-16.118383	20.632996	-11.611534
	-20.699359	-19.639722	-28.379018	-27.191671	25.050786	6.226346	-53.442461	7.701529	-5.280193
	5.683525	-36.091436	-0.957428	-24.515623	59.766814	11.802354	-14.009696	-3.372631	55.293530
	-3.523906	3.244027	-18.452682	18.792647	76.709529	23.699875	-36.456666	7.714723	14.194756
	-2.018751	-0.312527	-20.711320	10.268264	-7.069673	37.703904	-18.410092	22.073309	21.463419
	-6.074500	9.023379	-9.428687	17.499341	-6.615813	-27.537565	-6.142415	7.507506	-16.807137
	1.599928	12.202247	18.411072	-5.430156	-48.176335	-1.620102	-25.353218	11.247148	-36.925063
	2.069135	-15.371279	-26.098630	-41.489597	-38.107972	-29.127473	-20.886642	-27.234717	-33.511293
	-19.488269	-31.494709	-14.820443	-61.380165	-54.084193	18.995828	-69.470026	-1.277123	-40.921305
	7.419074	-32.128978	14.583353	-93.717233	-52.703374	52.767763	-64.280164	-17.336461	-37.454395
	18.021410	-29.847970	25.200695	-25.202509	-35.062333	70.826931	-38.949004	1.086672	-19.268000
	3.017920	-12.154286	78.759263	-0.528550	-11.365076	94.076034	-32.893590	-6.613874	24.118905
	-11.967889	9.581714	61.420496	6.893862	-23.476492	92.264861	15.785663	6.528485	25.963416
	20.892255	16.407872	51.178517	33.040311	-16.938262	52.069402	16.733420	9.310269	62.484779
	-0.947185	39.902449	57.636109	56.944703	-14.171566	30.583819	71.674331	28.357767	4.369671
	-0.810234	44.545199	51.556480	61.558726	-22.721149	-10.202549	36.082196	12.169685	-8.988469
	7.312788	49.610145	7.715102	38.110232	-25.836181	-45.649344	32.266314	24.527493	-56.244089
	-17.151227	40.152464	-76.694517	24.191927	-37.988833	-51.478733	9.236430	19.011877	-63.885682
	-37.487934	33.080429	-68.527928	-13.383074	-53.353945	-36.995763	-25.037045	-5.673224	-77.427345
	-27.830570	47.931736	-48.048300	-6.668883	-52.279885	-20.437689	6.745562	19.983725	-73.522091
	-23.466769	52.991794	-52.341374	-11.283018	-40.175775	-4.179238	-5.318839	21.010001	-62.372287
	-24.553762	43.344175	-18.695315	15.686893	-29.166065	-6.079343	10.317972	21.314565	-14.202235
	-27.240780	69.149034	7.339997	15.356518	-35.276573	-5.512972	-2.670162	38.850771	-7.254586
	15.564152	77.534433	21.015234	32.350906	-31.925163	19.807346	29.442702	9.998255	-25.018665
	-0.959484	59.643914	-1.232499	29.052253	-19.220927	18.035093	24.047025	30.921077	2.045285
	-7.238598	51.035461	-8.383914	28.961567	-22.191737	4.597287	-5.745403	22.231621	-43.567890
	-21.296840	47.837184	-22.740524	49.972354	-29.002422	-7.021672	22.795293	52.194075	-24.649162
	-36.536336	25.261542	-59.810756	50.545899	-17.752873	-8.300854	24.082364	12.305864	-42.525913
	-16.452533	38.459182	-19.655652	31.582523	-35.187025	2.136265	47.204414	26.971984	-43.235239
	-6.445272	61.543440	-29.517788	52.839500	-35.626961	-21.058019	70.143283	53.547223	-51.690167
	-37.469014	47.019071	6.318956	34.407634	-22.131597	2.073129	41.706837	34.384179	-20.825703
	10.833776	37.779484	3.593181	52.151149	-32.695763	-25.321112	49.910452	23.814992	-5.552566
	-2.880800	29.601495	-12.876663	43.838534	-7.898572	-17.586819	31.458344	42.144174	-6.474427
	-21.061621	25.117770	-55.725193	59.771816	7.681563	-17.351025	46.119901	59.267208	-24.661883
	-21.645230	34.755864	-36.235463	77.543595	-10.173093	-35.289918	28.250128	54.539863	-35.409823
	-31.884794	39.140622	-15.091335	63.071040	-14.806029	-28.660721	20.911627	69.060826	-62.545031
	-26.751697	34.049272	-19.448626	54.963528	-22.933538	-34.919642	16.731499	37.089501	-51.753635
	-5.031519	51.138710	-11.384465	53.362784	-2.674071	-26.952063	-4.228885	77.903291	-60.848206
	10.806486	47.982841	15.709122	51.681375	-2.449379	-27.889988	34.480979	49.820704	-11.488653
	8.540960	35.838684	35.407620	48.475337	-1.795407	-8.046129	42.883543	66.300825	13.570103
	15.585526	37.362912	15.260418	56.783000	-15.447946	-6.256103	44.986683	42.381817	-25.387772
	11.943875	25.590068	28.725062	43.741166	-16.886341	-21.138361	-9.229742	61.214984	-45.307412
	0.198109	25.363469	14.153410	42.491565	1.861679	-39.568835	17.730843	45.881589	-0.911265
	-4.589708	17.378055	-1.181563	22.139501	31.260637	-9.158295	-24.213379	38.994073	-16.597093
	-7.040034	16.586714	-13.527709	22.540375	-23.341750	1.525389	-6.692478	42.662260	-33.271345
	-6.425608	26.837841	3.927434	41.965901	-15.004006	-1.535077	-9.612726	31.643241	-24.119233
	14.891527	46.626974	38.112912	41.156676	-7.349680	-5.738438	-4.581150	43.581747	-23.943612
	5.869122	51.549406	59.266404	37.038889	18.212715	3.155433	6.366154	50.382349	-14.744394
	1.797955	58.312703	54.239217	70.764369	1.104031	-12.261875	39.238200	64.932453	-26.396604
	11.557045	57.657299	1.853384	48.000242	-20.849754	-14.746903	-3.420552	58.740247	-38.394486
	-8.144501	55.217490	-9.923924	45.752487	14.358777	-20.990102	-12.798334	55.123210	-32.043604
	-6.594724	42.190970	-23.604575	45.904267	-6.809100	-7.013306	7.628050	41.891776	-14.985246
	7.357910	37.392714	-5.187844	24.110844	-11.010124	-9.828767	7.528092	35.169348	-12.114095
	-3.818877	23.547094	7.856146	17.210147	37.162510	-20.558482	-27.751756	1.449616	26.274268
	-3.453975	16.133466	1.797036	-24.864669	-10.267393	-19.874808	-20.418897	-11.041019	2.307998
	-11.031499	33.867818	5.388709	7.572946	10.902703	-36.989386	-7.103224	-4.446403	23.589766
	-23.085117	39.936290	-4.363181	4.528061	28.498434	-24.174753	8.576057	10.834816	31.370231
	-14.027424	34.566410	-3.364105	1.386535	26.058965	-31.567495	-11.735525	20.782415	47.538590
	6.829219	23.889107	-3.964999	-3.034676	15.752959	-33.629585	-21.671121	-10.697854	35.892667
	-4.328095	8.604078	-27.978308	4.937842	43.647995	-18.760758	-3.162966	2.450909	63.493854
	-6.038179	19.794134	-37.843032	-24.317234	47.875862	-22.349941	-2.028353	0.931293	38.696994
	-2.340091	28.871463	-11.977451	-14.191178	52.942962	-45.292032	-22.171962	-7.443662	43.383806
	-0.002808	-2.668264	-7.098324	-36.493232	33.660637	-38.479539	-21.595303	-3.823779	-2.214266
	-3.513543	-6.626703	-1.106129	-29.731539	10.180021	-23.024912	-23.121995	-40.397524	35.841575
	10.743557	-35.645323	40.205907	-62.363820	-12.370240	-22.539388	-27.722968	-18.577437	21.961030
	8.023319	-16.116192	63.147948	-46.068152	-42.663667	-15.501293	7.931709	-6.452398	-0.154331
	1.506079	5.212073	61.052377	-21.801492	-13.521375	-14.489004	6.195528	-5.128517	42.997026
	19.646408	6.633502	26.289005	-11.794532	-44.107252	5.563904	-19.675588	27.138700	20.749857
	27.829358	13.495317	-6.523707	-6.464181	-7.042514	2.862579	-28.552219	21.236580	21.187759
	8.970472	31.676821	-36.479776	-0.211028	-3.316089	-1.124394	6.508336	19.657285	15.951095
	10.125379	34.221477	-13.218530	-8.875209	-6.285495	-14.182402	1.662673	24.521128	8.820830
	8.287401	13.694216	1.823478	-16.333721	9.724765	-23.290323	-6.796150	10.737368	15.626436
	2.734976	23.992526	13.224038	-16.620677	27.958417	-37.049773	20.023382	-6.835009	8.693444
	-3.124929	17.220887	-15.020699	-31.688745	11.760536	-54.624059	2.609880	-7.169858	14.399090
	-8.647754	-2.526319	-21.203919	-17.807739	-1.541846	-22.349170	0.509707	-31.614736	16.619605
	-16.383481	14.013900	-31.461233	2.650989	5.851251	-23.935500	1.472793	24.058197	9.003135
	13.070850	18.240237	13.558057	6.678995	27.676064	3.336069	9.061549	18.802545	7.962170
	3.990502	6.927056	42.973744	-25.796252	37.585789	-3.395653	25.998084	-10.073670	66.574271
	8.235058	2.987072	10.990568	-24.901663	26.939911	-14.107481	19.684782	-11.018773	55.171967
	-10.557784	7.007051	3.186571	-19.722942	10.995404	3.299927	-2.065008	-8.997027	65.073113
	-18.844878	-3.324575	44.870746	-36.396902	41.077275	5.748830	-29.503236	-2.691947	82.292247
	-2.264835	4.495086	40.268150	-41.607743	65.104838	-11.273756	-7.567806	-41.817543	70.830985
	-10.307377	0.195883	74.586197	-66.885104	30.472591	-0.537994	-51.459445	-38.482106	61.913615
	-19.953047	0.811800	29.969448	-47.658968	29.025659	-22.463055	-53.433996	-53.990316	55.479300
	-43.739047	-21.271901	-10.480972	-51.708541	-5.680160	-43.485830	-45.156094	-42.938373	33.980041
	-18.572498	-23.147523	-6.382564	-48.953350	3.525221	-33.029506	-18.470302	-49.859225	30.857425
	-25.733830	-9.342139	-19.369627	-48.462898	13.442755	-29.765761	-30.586273	-17.457227	0.187115
	-21.719456	-1.474472	-18.765976	-40.226090	13.209319	-12.811135	-48.511609	-31.526098	-28.135946
	-21.629666	-3.337168	-42.656980	-24.256251	-2.256483	-21.094470	-51.165539	-31.022854	6.043945
	-15.155115	-6.768671	-32.471239	-5.869747	6.571674	12.382390	-30.438075	-16.458534	11.588784
	-16.904636	0.530775	-35.120201	-9.864808	7.789091	14.645423	-6.523386	-13.009578	-2.808476
	-11.993958	18.320478	-29.288596	-5.016316	13.230820	-27.224803	-2.567370	-11.035102	-7.339240
	-3.789057	5.616199	-35.209321	-29.992141	33.440823	-10.870060	-40.220855	-29.874838	4.130054
	-13.274039	12.853804	-5.957655	8.805165	39.742566	-22.560626	15.409440	7.771712	1.545873
	-6.969848	33.582923	-36.903785	32.387114	25.779512	-14.284020	-18.040044	17.029566	-18.293106
	-34.053755	31.635039	15.377812	16.853634	34.868308	-11.851419	27.913340	-16.126950	-7.063634
	-2.864503	-3.596333	15.278135	-5.562342	32.176136	1.998386	-11.303885	-30.787161	-9.775980
	-19.627857	-4.049407	-19.237033	-33.071841	26.926139	-17.134009	-30.513624	-7.432711	-20.853834
	-33.488935	-17.384079	-20.144714	-38.698376	14.777573	-28.623340	-44.646884	-41.363758	6.436295
	-11.149907	-1.435832	-27.493912	-49.341555	33.925133	-20.673632	-29.795945	-58.689661	13.458403
	2.973907	-6.365832	-27.322889	-20.868486	15.649374	-18.806674	-30.881650	-47.776331	7.419827
	6.735337	0.177479	-39.545781	9.108800	8.963283	-9.489153	-29.420639	-13.439544	-18.038625
	5.370056	5.289348	-33.521031	21.629976	-10.386840	-2.278429	4.152701	-16.370556	-28.566305
	6.528302	-3.512222	-20.038116	30.441599	12.794299	6.763594	11.784729	10.230759	-3.728540
	16.366183	1.027876	15.156504	30.340942	6.010905	20.396138	27.830432	-10.900957	12.172198
	41.168020	8.895861	37.266465	20.317779	-6.116949	39.179847	43.456017	17.879551	34.001938
	23.271687	21.619336	17.131595	35.071000	-11.357966	11.743601	46.625602	13.670558	-8.205994
	-14.635447	39.274721	16.446637	52.516088	-69.319515	-4.555121	33.248105	34.229329	-37.318119
	-18.503446	36.871073	21.695822	34.014338	-58.033978	-21.162664	17.445215	41.846854	-78.842650
	5.100697	37.337865	11.247064	9.044543	-55.643078	-20.313109	-21.432655	42.143959	-72.776475
	-10.868872	36.775117	22.603411	23.597021	-68.480517	0.423254	-23.607946	43.409351	-28.849293
	-2.016451	31.777626	11.669046	57.669356	-8.152434	-7.823125	40.986968	30.688099	-23.116604
	-5.963023	15.719833	15.408209	52.992112	-12.445470	9.273069	20.470876	21.132740	-11.428906
	4.819967	-1.390899	-12.743783	69.451828	-7.269080	6.445311	64.293700	13.566205	-4.515774
	4.847791	-30.429514	-12.569267	46.057699	16.763371	29.773243	67.875295	-24.617009	12.940788
	31.409477	-34.388319	-49.453277	63.087363	25.999277	25.445871	84.556044	-32.897491	-3.822455
	8.713853	-35.648776	-53.864895	56.313819	-21.384116	4.025644	59.440278	-41.680166	-32.898390
	17.734542	-30.647775	-40.760423	22.320116	-28.163995	19.712970	14.885669	-51.885697	-34.397154
	2.591134	-17.894289	-30.636182	44.340917	-26.407504	-0.134590	28.676288	-10.882538	-48.356173
	-13.485955	-8.305619	-17.808730	39.824958	-43.675037	-2.076338	-9.862127	-6.084137	-31.983321
	-9.790894	-2.021187	-41.455945	30.832618	-32.434634	-17.206586	12.452428	-6.737030	-46.362715
	-7.749343	16.134732	9.051050	42.413947	-47.596335	4.634678	-0.386829	18.851809	-27.002218
	-21.648157	31.178543	53.912719	38.495262	-41.825219	18.358916	-20.145299	17.606147	-3.868124
	-17.400021	17.993025	31.393979	42.260833	-30.148356	3.553016	-6.527751	32.474445	-20.653051
	2.037838	2.985360	44.293191	35.262441	-10.010434	6.668431	1.447652	2.152861	-27.180291
	-6.576282	10.583465	10.683952	53.693070	-13.500731	-6.189455	34.063752	22.009349	-42.877806
	-7.301328	5.678596	-17.199984	39.212040	14.575520	-21.404354	24.634193	-9.191292	-21.959766
	18.363125	-1.355825	-28.617360	19.304366	38.327357	2.251486	39.339201	-27.449862	8.696503
	-6.430849	-18.256870	-29.611861	-9.342538	49.052654	-8.360344	8.730898	-26.555387	-5.821869
	-5.832906	-16.603353	-12.624105	-7.300564	50.571480	-12.814887	-25.004338	-40.221291	-0.174209
	5.480199	-21.508755	27.740574	-49.821390	64.410973	-23.930309	-30.286147	-30.004266	24.388586
	20.515465	-8.910649	57.409461	-50.347279	32.700591	-2.907309	-46.764054	-35.995668	26.730315
	-19.612227	5.150516	83.929732	-29.666721	29.242097	-8.234303	-63.170776	-28.598757	19.223074
	-6.202903	-1.864201	99.565821	-43.397864	12.503018	23.626318	1.059841	-37.560060	5.326107
	-18.727525	-7.572286	70.524354	-14.487088	30.606675	15.772086	-2.784282	-54.631820	2.900071
	-20.621784	-19.816978	51.912100	-27.752494	26.875300	-11.229260	-40.544213	-27.534051	-33.665379
	-33.208465	-21.422044	31.719126	-6.345620	33.405209	15.125603	3.760620	-28.348842	-15.783431
	-0.280498	-20.784860	48.342568	-24.744336	18.102364	-6.913285	-25.107449	-65.586647	14.232936
	-14.497227	-1.255000	71.820533	-11.990874	18.485080	21.482387	11.475431	-36.584384	25.508253
	11.691014	-0.786710	90.903884	11.702111	-8.165188	10.152080	-3.644270	-23.754950	33.326074
	52.049972	-0.782493	99.878444	5.631417	-33.229689	34.850379	45.379844	-26.205218	61.286547
	65.476799	-21.550242	66.243153	11.232842	-23.611240	29.897748	21.607464	-27.906097	41.925393
	42.224583	-19.191971	70.925365	-1.981824	-44.862836	27.743980	29.408806	-41.816356	58.254393
	34.873436	-4.935515	65.095359	-18.126070	-75.931824	8.475478	8.860847	-7.402790	11.448285
	25.299330	-14.961217	91.085361	-10.484977	-48.667097	23.037594	46.446290	-23.626393	43.059502
	-9.506429	15.782687	84.633862	-24.210546	-27.303320	5.294522	27.522629	-40.282622	21.340179
	20.620960	16.461466	84.952832	16.444609	20.054938	4.351055	20.304140	-30.181895	25.104352
	16.370489	26.045824	61.557570	19.678089	44.133421	16.781390	0.116263	-12.178363	20.395867
	16.952954	14.987213	48.409466	-13.185705	42.730990	-2.468527	15.043924	-17.208028	38.394494
	-5.257284	0.289722	-17.170485	-27.582727	29.100648	5.281660	-6.753974	3.526578	10.380241
	13.601631	-25.841160	-2.770826	-37.698346	34.305676	2.433754	-28.977865	9.034596	21.943992
	-3.992474	-58.335577	-12.257568	-45.270477	9.978307	7.302743	-14.143450	2.846468	25.761704
	20.007798	-59.977479	-26.339148	-41.510367	-5.931501	18.921841	-17.461906	22.337886	23.254730
	1.980959	-57.704029	-58.005179	-13.391940	-8.759111	21.233441	-4.398398	-5.994589	6.726961
	18.239651	-42.714579	-17.656269	-1.221356	-9.030682	30.854104	31.753768	0.566128	7.182622
	22.671941	-27.376939	-38.888552	21.768265	7.384508	12.202617	40.558551	-27.950574	26.235082
	20.873517	-5.414979	-46.854788	5.581491	24.574597	-9.365854	31.958632	-22.525406	12.729437
	-14.791434	-3.291464	-68.905787	-1.735318	7.949556	-10.250139	-5.209529	19.299114	5.405806
	10.794861	-2.104794	-49.404244	13.765688	-3.369731	-25.882618	-2.817702	7.076561	-30.380674
	-8.885891	-11.237533	-69.884260	6.591738	-21.103345	-13.641844	-20.644381	26.805604	0.891056
	-14.211588	9.845511	-58.332576	-7.525502	-18.246058	-33.219044	-19.312474	73.327106	-12.720735
	-13.756269	38.730099	-47.008027	16.596817	2.257173	-27.719928	7.978104	47.457907	-23.490482
	4.951689	45.525300	-62.021745	7.575583	-19.945064	-2.421357	-15.629221	37.849043	-38.157161
	-7.485972	49.366539	-28.626198	11.488415	-18.356077	-6.970174	-2.946335	37.475504	-49.297321
	-3.058697	60.498524	-46.254911	20.719799	4.603251	-1.912097	6.925541	40.455195	-66.246550
	-8.718778	48.449469	-12.450714	24.313290	8.838052	-9.917665	-0.189393	50.708310	-23.629441
	-23.964709	44.941041	-43.220676	-24.309401	-6.767073	-5.995314	-40.948115	22.161601	-11.164483
	-15.645932	50.803586	-12.808707	-28.222426	-38.397835	-4.078164	-45.429060	8.029307	-56.840598
	-37.956171	23.025749	-42.647986	-69.073248	-64.263178	7.648927	-75.859691	-7.225428	-66.439558
	-20.199475	5.480790	-56.745745	-77.416541	-45.351934	-16.371332	-78.568419	-18.430169	-49.983191
	-2.416264	10.036511	-33.792071	-46.633345	-18.047814	-3.126865	-29.477041	18.533904	-30.093760
	-28.389989	8.930576	-13.653369	-39.413298	-19.379608	-22.811074	-55.957414	5.671072	-21.892392
	-16.755519	11.131170	-8.134928	-27.281789	-3.673741	-10.538794	-38.148578	16.105530	-14.468989
	-1.162979	22.450774	-5.096240	21.290334	-0.124423	1.256262	-16.473932	27.275242	-13.716461
	-20.500113	39.389855	30.009442	43.069099	21.972868	1.028237	-0.966107	35.658815	20.053837
	-28.292066	22.745858	7.059527	72.297969	6.231557	17.843788	5.847656	45.579861	-5.752219
	-21.139346	-3.615859	13.487149	25.927443	-38.538682	9.680235	-9.039741	31.266589	-50.148903
	-66.657944	-13.387040	-7.168895	-0.139779	-26.563521	-5.030550	-48.182387	12.599156	-49.626821
	-13.992333	-3.504748	-0.598460	-35.275789	-53.233612	-7.853026	-51.257990	10.558788	-70.501242
	-50.426686	-19.579433	-21.079907	-68.811286	-78.323853	-17.035655	-72.714100	1.847793	-77.099532
	-59.921201	-4.075443	-12.715282	-53.866402	-71.774963	-18.131187	-94.587180	9.636859	-84.763493
	-59.439517	15.738662	8.280401	-38.157648	-50.468563	-6.907140	-37.191233	-1.781048	-69.562155
	-30.284408	18.908263	11.637724	-16.196573	-28.361010	1.873970	-23.308022	-17.883228	-52.528249
	-37.469046	8.726804	-7.281421	-3.050212	-10.787956	9.897297	-3.862812	-19.461002	-2.785775
	-12.126553	-5.308479	-5.849481	2.720450	-22.518805	4.356975	-9.043029	15.568650	-25.459824
	-22.008155	-24.790875	-29.606758	9.164373	-21.602137	5.598325	-19.945584	22.480646	-25.789439
	-12.155393	-35.600037	-4.250199	11.372939	-45.728642	-7.092057	-6.924125	4.754390	-29.678691
	-6.888896	-19.654330	-9.568881	10.563669	-51.078930	4.868990	-10.790747	5.144192	-31.300342
	0.136484	2.778870	0.554873	7.124079	-37.222485	-0.426954	18.948025	2.936892	-7.875581
	23.611033	1.154404	-11.362202	4.504238	-59.481792	14.382824	-12.307649	29.412295	-24.932015
	-2.569639	2.905360	-33.894537	-17.794806	-42.979208	21.969344	-11.131736	34.427222	-26.884594
	9.014645	-8.757383	-19.116448	-31.390300	-59.929475	40.592466	-11.810536	0.855691	-55.057860
	-17.397648	-26.053203	-5.664395	-50.401245	-72.231227	51.257752	-49.020084	3.819406	-17.473150
	-13.905326	-45.561313	-13.465507	-56.100653	-46.481453	27.450064	-55.446575	8.399571	-11.170393
	-23.001612	-37.195629	31.729011	-28.270372	-75.842537	10.427165	-34.211059	-3.733266	-8.741401
	-6.586769	-36.470729	38.381224	-12.722291	-49.768646	-3.232124	-45.052480	-21.887279	8.929302
	22.768493	-12.094217	62.496358	-24.695180	-31.357224	-2.896280	-6.817275	-5.051496	54.058070
	19.796141	5.394689	108.703596	2.888969	-46.843250	1.194594	-19.840839	-10.305780	21.492856
	31.283185	6.259981	85.473017	-20.995242	-20.977532	5.107529	-21.206995	-17.131258	46.345423
	34.137351	2.215241	104.817615	-3.701400	6.891451	1.909874	27.963514	-37.880134	50.143828
	23.077703	8.861433	83.163049	-7.790986	18.944924	11.254400	4.473357	-30.945475	52.254112
	44.793443	-24.313806	46.790488	4.857891	13.905657	1.645450	48.057141	-25.162324	51.340505
	33.810665	-38.638483	31.919925	1.603750	16.101162	24.689835	3.793936	-16.323456	35.783404
	49.201886	-72.536189	27.261662	-15.602781	41.703977	23.421837	23.053843	-49.317693	46.553946
	45.173892	-101.795488	-4.911479	2.253496	30.917214	30.035499	35.367850	-74.458030	40.683773
	44.708177	-111.437972	-20.242816	-18.683410	49.908014	28.288147	15.610171	-60.026806	48.080193
	17.610314	-102.908426	-35.481330	2.437619	47.166085	34.944981	34.225102	-62.433281	47.840764
	31.354476	-80.621643	-23.230679	34.075474	19.059570	10.439087	28.287245	-46.652532	53.625603
	13.471292	-70.797740	-25.794729	42.003499	19.016688	21.373835	10.953971	-38.129108	46.957412
	26.691410	-73.786249	-41.441521	32.133989	21.107689	18.221658	57.428896	-20.451939	53.101388
	2.830421	-55.397182	-54.705950	31.228034	15.451472	20.818686	28.924209	-21.794942	38.282726
	10.296398	-62.999740	-32.937664	-12.892798	18.490097	19.278122	17.024318	-37.091578	11.386907
	-2.848586	-66.464757	-39.717160	-19.041977	32.881919	0.394062	4.676019	-42.862899	50.828179
	23.152388	-53.622154	-25.929090	-31.484253	24.198124	-19.666511	-7.803842	-42.194235	33.166587
	24.522826	-45.770064	-50.241425	-14.666033	29.838546	-11.180955	25.767516	-19.792204	34.649597
	3.710241	-46.014115	-38.268722	-30.917656	-13.694595	-7.994504	1.499362	-15.900162	32.074143
	15.788732	-41.729005	-49.592084	0.559851	-1.094100	-4.830083	0.759785	9.993635	-4.513601
	3.984433	-17.123046	-46.673767	42.899602	-15.585943	23.160997	14.842065	20.863800	6.192097
	29.415874	3.774202	-49.906672	47.893165	-11.098510	-8.178687	34.626461	39.272879	-2.617012
	-7.526089	38.419166	-36.205297	69.363648	-20.236131	2.648321	25.178838	58.392105	-14.952208
	4.806851	37.295230	-19.270968	77.989077	-3.473604	3.512886	72.426952	69.150635	22.265602
	22.847971	33.441589	-33.227306	55.320789	-22.681606	-2.122829	33.929657	14.250196	-1.769313
	-9.389582	33.780860	-2.792777	26.008360	-40.787113	-4.944468	26.323818	0.173569	7.930199
	18.848712	36.656266	-25.774513	18.650435	-48.012953	-13.132413	16.232628	-2.146337	-41.919669
	9.109193	35.818353	-30.260068	23.478798	-44.493034	-10.639095	9.471105	4.987419	-50.443636
	16.800990	19.787274	-37.110621	13.298930	-30.606782	-5.104740	16.274664	5.155294	-12.379685
	6.584148	26.213477	-48.959444	14.074099	-17.809507	-15.893539	-18.505698	4.386168	-25.323552
	-6.396564	44.841807	-45.563169	-16.553556	-21.246375	-6.317861	23.829619	-11.519058	-44.946182
	9.503917	36.294053	-39.186343	-31.066505	1.794427	1.910272	-22.798440	-0.987536	-32.975371
	15.258257	29.394816	-37.402872	-16.001222	-8.969417	12.282301	-5.908899	-8.405688	-22.701837
	21.971188	13.852892	-24.905661	-8.359630	8.876745	10.838094	42.353124	-19.608370	19.794645
	13.884529	22.099132	-40.622827	0.300315	10.479946	29.756067	15.055600	-22.007780	26.932972
	12.647493	35.028973	-15.499049	13.596647	10.597283	19.809516	14.808246	2.768848	8.570504
	1.641374	35.220920	-27.457580	25.772657	13.591721	9.673449	10.920047	-1.323885	-10.051400
	-1.556055	13.148497	2.724831	-10.955692	-6.312486	15.322170	-40.888474	16.229497	-8.323211
	-33.694755	-4.997556	-19.362889	-2.862436	1.784206	22.580856	-0.617362	13.568749	-1.051619
	-2.291338	-16.114118	9.071156	-25.683020	-27.207534	33.815586	-57.149800	25.247605	-33.398858
	-19.588366	-18.887204	0.288759	-14.487735	-35.472027	38.902389	-41.061535	34.603251	-27.769501
	-17.227855	-9.820257	10.104711	-34.501988	-19.199488	34.219371	-44.057620	25.508152	-30.870574
	-11.700366	-7.625136	-1.404947	-59.261437	-48.541167	28.644551	-61.866189	-1.326217	-68.872668
	0.408049	14.736923	1.480574	-31.671765	-58.138207	30.694071	-66.996890	10.645781	-28.052089
	-13.930585	12.311879	-0.744394	-58.602200	-39.545544	25.036020	-36.191436	-27.344801	-55.279334
	-6.477883	-5.794395	14.615854	-67.179198	-56.335286	4.479189	-57.952109	-44.181795	-15.279213
	-3.022207	-5.172853	66.648413	-49.540882	-40.314816	14.421331	-21.299232	-47.042414	23.092207
	18.207047	-28.116569	69.810275	-63.150471	-16.339039	21.891262	9.260790	-63.435026	55.944718
	13.042715	-27.718392	52.467801	-18.833250	-4.694570	5.484875	36.625404	-15.613552	58.641999
	19.878174	-33.255966	13.684408	6.451388	-18.043021	1.809037	41.972808	-4.692382	-6.495575
	28.330057	-52.189788	-17.406174	-2.609011	-30.661142	-10.417439	33.259023	29.618295	-42.892131
	16.894501	-63.486619	-31.740016	22.524029	-42.440468	10.973468	11.736883	9.277444	-99.313054
	21.803344	-48.392847	-24.267781	17.880451	-13.324223	7.949978	36.214267	23.038172	-43.205777
	30.896262	-16.259064	-18.113506	38.367931	0.695818	26.499047	30.171472	-15.942489	-24.703749
	15.765287	-20.636918	36.416247	42.985184	1.702009	33.116285	30.768639	-47.275366	-9.977426
	65.410706	-15.158686	35.544019	12.273378	46.352873	45.005633	23.583865	-31.960589	8.550053
	31.079892	25.262614	44.264614	15.441430	55.246255	29.126990	49.522582	-16.145864	24.879502
	40.413805	27.990479	68.939712	32.371744	17.221074	5.180817	48.884575	-6.136333	34.449909
	19.749607	36.896425	40.833998	14.791457	-12.221959	-13.558171	33.059289	-6.087048	-5.289069
	-3.860088	60.593115	42.016890	59.432255	-20.067844	6.904166	21.629846	59.514927	-37.418497
	1.608444	50.857835	38.167770	40.063748	-11.497276	-10.658153	54.100929	44.102918	-67.914487
	-6.782902	25.183645	64.003678	32.640859	-2.309676	-12.680444	-4.554419	48.724058	-12.628325
	9.366109	11.039948	53.874814	-19.169195	6.761230	-10.096215	-15.826974	33.167381	18.754084
	11.392218	22.017553	42.194349	12.224797	6.645526	-6.589488	23.308392	-0.350934	2.320445
	13.334319	16.493473	41.632287	2.508557	24.989958	6.263822	11.869075	-23.851789	37.241875
	6.290850	-4.588200	43.907505	-7.993157	13.681550	7.588546	-14.991889	-9.714763	11.383870
	-0.032096	16.017850	17.671848	16.878132	18.665229	10.542399	-16.221037	-5.538440	-5.400108
	-15.294662	-13.528760	6.653040	-4.441312	-1.962011	-6.768444	-59.896146	0.417774	-26.762216
	8.618218	-11.586748	-4.555231	13.866084	0.897211	-9.182064	-13.639196	14.914397	2.326210
	2.604245	14.315899	-26.478006	38.981671	-2.670807	-7.567815	4.627461	35.924084	-13.515773
	6.989580	-2.706364	-36.626524	56.219447	2.702438	9.845924	13.537306	13.804819	1.558928
	-2.950459	-3.026675	-42.013170	31.982708	17.905330	12.346903	9.738947	37.067827	13.356054
	15.236611	-37.703121	-41.998303	9.760662	-4.842558	31.676197	-14.620759	39.324240	4.323840
	-0.890543	-79.581485	-61.661337	-46.348539	-3.866414	14.797492	-19.731178	-26.685905	10.178513
	-7.359273	-84.379947	-25.466430	-51.920225	21.528531	14.112191	-42.986362	-12.464287	71.120193
	-22.860244	-67.070112	-12.315873	-40.694812	9.128770	21.769337	-42.078262	-18.015274	79.595763
	-18.684524	-58.762814	-2.258325	-45.431107	27.082223	24.181686	-23.279941	1.781331	51.718126
	-3.820378	-26.363887	26.822769	-14.637037	-5.711880	28.976480	-16.650547	-12.645101	74.091974
	-1.338129	12.740809	25.113179	18.100697	-19.401019	17.644362	-8.240151	25.386558	-2.332294
	9.489029	42.652793	34.619850	11.483445	-27.693206	18.532408	18.014861	14.327796	-23.123912
	2.019441	40.004158	64.584245	35.508527	-8.771127	3.141531	31.797419	17.970780	20.897885
	-5.437781	30.734864	55.520625	6.948912	13.204466	-0.282278	40.161805	14.783473	30.862469
	-23.419558	55.981137	48.063964	22.358379	33.887288	7.185569	41.288730	24.323449	23.585510
	7.013393	44.049422	40.563894	3.512712	40.390879	11.225051	39.413193	20.334828	20.236570
	13.701007	55.966517	48.271036	-21.437092	31.219651	24.136380	29.304111	17.314827	44.700757
	-6.841575	50.869056	25.276714	-14.409310	1.788457	2.995184	-12.643217	3.574146	23.828741
	5.822965	29.184431	31.631195	-12.255122	26.922053	19.068930	-4.058925	-22.699813	39.376508
	29.861066	17.456872	23.129779	-25.487502	41.435826	35.248458	7.662282	5.399380	38.960428
	-14.650641	8.658951	46.904422	15.411235	29.044079	21.894394	-9.932327	10.903743	23.614922
	35.518143	-4.390137	28.639678	8.479418	51.832013	1.445446	-5.292408	19.083549	31.249434
	32.268421	-16.350646	39.262709	28.447344	62.773318	29.605781	25.807284	11.388567	45.489944
	30.639905	3.520740	12.816649	42.359911	26.331541	21.790895	35.404947	-3.810852	1.066830
	11.499315	-3.669094	-11.594825	14.327306	1.525657	27.769754	16.799021	-6.544902	1.865068
	36.915484	-12.014564	-5.331539	26.889614	-19.415868	31.346982	13.428972	8.010604	11.105044
	-4.839197	1.207734	-44.610037	32.399666	-42.598323	7.693142	8.031937	4.708934	-44.152996
	6.268878	-12.092704	-55.332774	-12.208377	-34.065548	10.350997	-11.618009	26.425693	-30.692152
	-8.579967	-39.166964	-48.053108	-38.581169	3.021810	-11.344611	-0.885383	29.756008	-6.166490
	-4.883705	-29.376585	-74.530736	-37.208532	-9.694975	1.255852	-41.307528	35.413636	-26.291689
	-20.650956	-5.435438	-21.222493	-9.689354	-9.325156	-12.663964	-15.747871	52.397247	-11.536960
	-16.684982	-42.448170	-27.671090	-29.761660	24.848281	-29.949791	-39.082589	20.241744	25.448785
	34.289328	-43.410415	21.408205	-41.171691	27.364292	-2.225502	-12.077520	-19.685800	104.741497
	12.767348	-76.344250	-9.916996	-6.166535	14.425919	4.133435	19.750802	-34.688500	27.612660
	21.768230	-89.953777	5.546413	-44.218758	28.098253	49.036038	6.889514	-50.768736	68.716049
	39.967927	-65.307925	16.125632	-30.102877	14.422752	35.510843	11.206028	-87.392676	65.500198
	32.327945	-62.957704	9.855735	-27.617761	8.619204	49.102343	7.622157	-63.646615	30.361521
	21.582305	-36.281689	-2.953807	3.483322	15.850873	25.652361	11.690933	-30.310765	23.227177
	33.325126	-18.636596	-26.444005	20.116456	-1.109422	17.277961	8.275106	0.239685	-16.660176
	45.250592	-9.742231	-11.245448	22.612953	-16.707498	43.253209	35.893675	4.949695	3.946621
	46.117005	-5.216206	-10.700483	49.024032	3.814170	38.991462	33.209868	2.198055	34.693040
	52.256833	-27.145550	16.447217	31.182760	14.581196	67.369580	21.615294	3.863584	72.392630
	23.676798	-23.091360	9.074982	45.258343	8.131034	36.235522	50.489187	8.372420	68.090233
	33.078556	-63.966423	17.537759	0.305301	8.884915	31.813054	9.405828	-14.939570	69.343583
	-7.540696	-77.027045	7.717914	-12.782137	-15.770883	11.291370	6.444523	-23.623770	25.481140
	-1.425381	-78.969463	-14.608333	-57.341667	-41.281274	-22.879447	8.158403	-57.031346	19.254532
	-5.216488	-76.092025	-17.175202	-53.017783	-38.003628	-22.635023	-34.162239	-75.032729	-35.258067
	6.256067	-68.452660	-15.011502	-44.091085	4.098484	-3.781466	34.650294	-87.507523	12.855177
	12.698973	-23.777142	-34.255781	-29.259692	14.227587	-1.843629	-2.053456	-75.048550	1.573788
	-12.856948	-12.944574	-54.682195	-39.481726	3.358890	7.340255	-44.421813	-53.125072	-11.344290
	2.572256	0.887217	-37.521314	-34.690513	6.861003	-10.594518	-44.124810	-56.338275	-37.872788
	2.415181	23.546496	-7.270124	-25.847997	-20.906623	-19.487368	-45.089824	-45.510829	-27.599539
	10.556535	37.534317	8.232920	-42.942715	-20.091824	-25.879676	-39.592889	-29.763295	-26.696731
	24.841482	28.382308	0.698047	0.302359	32.041086	-17.459651	13.455926	-37.951574	12.412949
	30.275391	-20.963254	48.887499	-56.330169	-4.604525	-0.159215	5.451984	-60.399218	53.413488
	19.791477	-8.110998	10.412647	-39.399885	2.448968	24.047930	-4.278919	-45.901087	-12.449830
	35.636132	9.301538	29.567851	-24.918552	2.672362	21.314908	0.527774	-32.204876	-19.338843
	6.147256	-22.256070	31.998064	-59.914910	-2.718017	27.490031	-29.270747	-35.374038	-13.984934
	0.499511	-31.610383	26.014253	-56.754524	6.575557	26.958566	-44.178918	-28.878048	-12.602913
	-7.607159	-14.924065	-11.251771	-55.999277	12.773665	16.497421	-35.771585	-2.137101	-34.954276
	-9.703561	-17.730221	-25.660170	-53.972552	-13.797339	-9.031911	-28.868643	5.228687	-27.962861
	-28.711710	-6.448372	-39.988275	-3.570135	3.296351	-8.676026	-9.117394	29.674702	-20.511298
	-7.458834	13.823980	-26.358290	50.560367	38.610413	-14.246629	31.932491	31.149382	4.491233
	5.984270	5.440531	-29.490942	41.685319	35.053426	-1.858494	20.481241	21.083121	-2.318440
	-20.076723	18.245090	-28.573376	53.416981	53.042794	-3.097014	42.216277	36.041450	-2.068684
	2.181838	12.648823	-7.895356	69.761568	62.888393	-3.932819	37.251670	21.723575	-14.893084
	-8.342663	22.224148	0.613446	41.069205	75.339129	-24.198962	55.739761	17.851077	-2.238375
	-20.579788	16.670121	-7.318016	40.200362	73.627158	-28.431120	8.574217	11.809355	1.984692
	-10.296444	4.433059	-10.814970	18.930989	75.053558	-20.215750	14.191035	-4.991403	22.286129
	-13.874368	6.292441	-21.903206	-6.212183	73.272592	-15.278697	36.345048	9.497428	27.514171
	4.696932	-3.146300	-2.521437	-20.367288	78.660254	-12.062238	19.520836	-8.743265	37.783740
	3.665778	-13.521697	-46.629731	15.729401	74.416245	-1.839115	-9.618754	2.548448	5.137932
	-20.965946	-23.032238	-2.196557	-3.191425	34.858327	5.705608	-19.884789	8.322438	26.304741
	-7.532697	-56.606065	-24.585385	-44.304028	22.987601	7.625597	-29.622418	5.859184	-12.926453
	-25.912060	-61.948475	-18.956983	-44.715978	30.513538	-7.413033	-44.419940	-18.025723	13.255891
	-12.853657	-64.908191	-27.493880	-81.483490	15.812448	-14.158446	-44.464073	-34.724899	3.388508
	-40.527836	-63.006812	-19.205440	-79.320569	13.058355	-18.243703	-40.687245	-15.907135	9.531109
	-34.548252	-30.052899	-15.830332	-45.570039	45.746448	-20.237456	-6.902888	-26.478517	32.337071
	-35.086839	-18.223064	-15.752241	-32.043768	29.719157	-0.568859	-7.033343	7.560453	-7.253629
	-12.782626	-22.544570	-14.159163	-17.998634	23.442653	-15.300664	-9.235626	4.525601	-15.805782
	-19.310607	-29.397763	-39.656003	15.067622	21.807290	-15.546609	-9.488526	17.573921	-27.734707
	-13.051092	-33.553392	-73.821974	15.369014	8.819703	-36.339733	-0.172508	9.897381	-19.424555
	4.121509	-45.535576	-51.310997	-13.261488	-26.025175	-30.605674	5.804526	16.703313	-11.669482
	-7.520332	-37.840782	-76.934591	5.871344	-7.320472	-34.486104	13.775161	9.498490	-17.983573
	-7.325563	-5.683650	-63.959683	27.359966	13.568460	-30.081495	0.031010	2.827446	-18.178590
	-15.586709	11.458919	-15.982438	22.657590	36.879639	-0.671257	13.327473	7.022551	6.269316
	-18.538445	8.392342	-11.702727	-12.481832	14.734227	-19.882774	12.232940	-14.953375	-5.582238
	-7.918795	23.913202	9.132922	5.120123	10.478846	-12.405548	8.836144	-15.567404	-10.588650
	6.858761	26.745022	-7.583896	28.331535	2.038671	-16.997598	15.305271	9.190335	-31.743275
	-13.446814	28.034803	-29.919348	6.173624	5.620156	-11.050782	23.756619	-5.575049	-60.728381
	-33.069007	30.757422	-38.893211	12.155137	-28.444608	-15.650602	27.273390	6.227678	-74.937813
	-22.347736	7.780323	-20.472641	-8.856332	-30.262764	-27.241367	-1.365002	-3.318431	-46.656972
	-23.751614	9.797925	-27.568313	-12.671346	-28.658363	-40.638980	-41.193181	-7.948750	-33.993841
	-16.243427	18.462994	-36.440707	-7.674562	-11.575929	-37.078185	-19.809629	9.290945	-7.139943
	-22.504866	28.859787	-56.509161	5.725760	23.482939	-28.398913	-10.073896	1.366806	-12.777124
	-22.646898	12.498474	-29.104873	-5.392456	18.133114	-23.510542	-13.549913	-10.296455	-9.030523
	0.039284	-8.522736	-24.491050	-4.427446	16.877460	1.287957	5.529929	-12.081638	-5.197658
	27.767554	-9.844026	19.546657	11.448582	-6.483606	17.917025	7.582233	-12.629653	13.093543
	27.010918	-10.573483	62.704348	6.666530	-28.879133	12.690797	7.080699	-15.115072	12.959514
	28.293673	4.798059	54.809066	10.590896	-36.883405	11.348804	33.617815	-17.605422	-5.897697
	40.262582	8.448097	46.887440	25.512640	-15.373609	6.250592	46.480156	-10.974067	4.093266
	40.834860	13.219650	69.493880	19.684311	29.593599	1.453450	57.661169	-25.597264	36.148140
	11.512309	6.462969	54.450118	-12.056535	40.850053	10.355084	34.752731	-38.605760	62.909494
	4.917778	-9.753682	33.974868	-29.435646	26.060424	-22.459165	-16.820958	-51.023026	28.081977
	9.072348	-29.773382	52.266855	-89.303973	23.747718	-14.055880	-49.167579	-85.298135	57.618206
	-24.229146	-17.657695	53.940521	-53.792958	38.751999	-24.657703	-34.649010	-38.442417	58.338769
	14.113381	-33.102356	66.629236	-45.222439	7.059831	0.074865	-24.237293	-7.750866	47.086473
	0.191879	13.758386	36.367046	-1.074625	32.383165	-38.100327	-9.193250	-5.765389	50.386998
	4.244373	5.650586	78.449207	-8.796358	50.821300	-22.154691	12.164519	-0.818429	59.654963
	12.812898	10.118889	63.620209	-17.118726	35.860920	-35.801792	-15.700781	-21.986797	70.141097
	-12.212664	2.291408	49.354946	-49.309208	32.497587	-36.541819	-12.118415	-37.707454	42.331629
	-8.825214	18.353696	68.885154	-44.937769	44.237148	-9.367933	-13.758033	-28.224911	59.268900
	-14.444780	14.698630	64.405730	-78.854691	34.880463	-30.930627	-41.973291	-8.241066	72.433852
	-11.455157	20.703039	57.432841	-74.177262	47.964765	-34.020762	-16.818613	-28.829871	75.240776
	-9.980540	19.884316	70.403951	-59.906138	55.973577	-14.266979	-39.344281	-23.853403	74.385412
	-13.855629	7.260893	53.801756	-37.664471	29.431794	-13.960857	-15.778884	-8.560467	33.377467
	5.318714	-36.582247	14.568049	-30.838080	23.044476	-25.916473	11.604464	19.992345	17.089281
	8.052546	-46.018309	-11.758194	2.899840	14.505441	-36.389329	36.755304	-2.495463	7.269788
	-17.446448	-58.079014	-18.416259	-11.526465	1.798952	-13.797770	20.314546	10.282000	-0.406372
	-23.810810	-39.466049	-38.081148	9.773547	-8.503009	-9.731420	-1.932892	4.603065	-3.379658
	-3.626754	-38.139334	-2.763465	-21.871389	-6.501629	-27.534608	-5.736661	16.776713	-24.434274
	-8.643743	-13.534811	-8.236567	1.345666	-1.098990	-13.577093	1.887431	15.578936	-10.348522
	-30.003040	12.658452	-1.430699	-13.748022	-13.390236	-34.009349	0.329487	15.101803	-23.664902
	-33.300529	11.582793	26.139707	-21.431409	8.096813	-29.807701	-58.602444	17.481303	-9.359112
	-15.866509	34.199509	15.740452	15.846406	31.517197	-43.745465	-19.357116	44.119205	-22.580773
	-22.361978	26.510146	-20.303505	10.306164	-2.792485	-48.788268	-37.469084	29.120305	-46.704299
	-38.661370	28.951711	-21.887475	21.725665	-12.546396	-15.288833	-27.695681	15.111430	-43.893957
	-5.814637	9.430364	-14.129182	2.340242	5.044376	-25.997164	12.920260	5.669129	-42.456599
	11.267206	5.590709	-1.549550	18.712848	7.749288	12.489247	17.280936	-35.604789	7.061826
	15.002804	-5.912938	34.640865	-6.773241	4.987195	12.188720	7.049186	-40.501068	15.612603
	13.117608	-8.755963	51.169424	-34.163507	20.909197	6.951493	6.102064	-31.727301	56.845637
	29.132734	-1.712106	64.865633	-40.453850	42.062499	11.910084	-15.842307	-31.872031	49.655524
	23.133035	-12.972696	91.081117	-62.215996	28.678106	0.155741	-0.705958	-31.490364	70.938962
	19.080216	-14.851659	71.295802	-72.402225	27.118081	-3.747890	-49.974881	-36.882090	61.786224
	-3.927723	-28.346628	73.248863	-39.622902	24.264615	-15.145482	-22.994890	-20.997810	62.994319
	11.011115	-30.575716	36.652968	-16.837811	-16.693792	-16.459033	-28.038085	7.836367	-16.547484
	-0.442501	-23.979132	-31.195170	-13.938632	-37.182800	-12.458406	-38.965448	4.508777	-22.308514
	-3.357970	-4.660900	-92.725461	-8.765781	-13.652061	-12.253878	-11.886612	-18.005008	-26.975970
	15.104803	3.560087	-86.311306	1.604106	-13.973989	-7.973474	12.069977	-22.045704	-58.805777
	-13.887993	-1.120420	-47.364928	8.617685	-14.294924	-20.505289	-22.168584	1.947984	-41.385410
	-26.547823	-15.579588	-36.244004	-27.578108	11.017941	-1.248032	-40.337243	-12.963286	2.896988
	-16.583074	-21.732378	-23.433131	-13.036832	18.440583	-12.548513	-39.717015	-7.572009	6.423527
	-36.884832	-36.823699	-36.322225	-20.866115	12.499545	0.640894	-46.055538	2.107720	12.910074
	-37.070424	-22.064750	-71.494299	-21.923297	-13.106730	-19.366653	-42.093986	9.826059	-46.032763
	-31.157719	-25.453881	-98.219424	10.646490	-31.888932	-30.820737	-19.431553	22.725342	-91.844136
	-47.418318	-9.170287	-48.192026	11.927186	-87.727200	-21.535102	-46.068645	54.757312	-124.072130
	-19.560075	12.796671	-25.029982	18.601326	-131.003445	-25.112783	-43.357282	72.681061	-125.618280
	-26.789241	21.862916	3.503316	26.087689	-98.838125	2.812975	-8.633494	72.321101	-69.721360
	-0.678142	21.471325	6.046485	58.164219	-83.398061	52.606742	30.948525	59.169947	-50.509791
	9.705555	-0.715121	-10.579895	51.608086	-104.990847	68.416370	3.140385	36.999097	-40.051909
	10.709369	1.463473	-8.266369	19.009468	-75.237134	68.379560	25.440884	50.245670	-21.791968
	8.995402	36.326386	19.353080	32.658635	-48.810064	68.113994	13.887707	52.078425	19.138629
	32.017640	51.727576	25.241557	52.748540	-53.775987	49.807704	55.769118	41.336923	-36.082536
	15.881922	66.390021	18.542236	45.169435	-0.903416	6.011903	33.225329	21.651857	-13.281997
	21.840446	73.457805	-11.264359	66.722198	19.743692	-17.835091	77.163890	34.487099	-12.010395
	43.717276	80.468885	-9.634146	87.541078	4.096227	-17.383527	78.704155	34.280112	-12.392434
	23.606800	70.337183	-28.966836	65.727061	-12.037782	-4.857846	40.729467	32.730691	-15.014452
	24.891703	54.369560	-24.378326	78.019650	-32.909938	11.696043	26.158594	11.484906	-1.083878
	19.574263	34.232971	-2.223110	35.672624	-35.494296	12.974798	19.717574	20.778759	-11.520730
	18.071387	4.987041	47.544443	-20.233945	-28.877319	48.884783	-12.351400	8.928220	60.723615
	-2.519112	-9.059973	49.818380	-30.669245	2.668572	51.908385	-13.056511	14.720031	64.470346
	8.408906	-22.824717	92.415697	-49.593639	20.733441	66.024932	-22.023272	9.654256	93.273642
	-36.602620	-57.936107	84.168900	-74.887967	7.455094	60.278894	-31.285142	-7.067124	97.186361
	-2.271250	-47.587334	79.082088	-76.360257	25.693109	26.691508	-39.752207	-48.346437	105.531554
	-6.941098	-32.861988	51.784829	-34.423451	-0.944168	11.012297	10.331950	-34.140439	41.116081
	-13.310486	-25.091852	-26.691793	-13.229335	-3.892125	-3.709349	-11.589434	-34.898964	-4.451007
	-20.045674	-8.113483	-44.747050	15.710443	-12.596672	-31.654247	-5.229886	-2.901398	-14.195674
	0.721529	4.966273	-34.397578	5.467927	-43.324856	-19.469045	-25.728783	-2.642143	-51.090955
	-16.473951	-6.834007	-55.029171	-27.298839	-48.955926	-23.954510	-20.070589	-6.489494	-51.981171
	4.782557	-19.075697	-3.736707	-22.217318	3.287935	-12.342412	-31.551254	-34.609964	-11.331631
	4.708596	-1.649732	-10.159919	-2.487957	-4.836828	-4.105980	-15.046004	-43.994801	-12.092277
	-0.044870	-0.916677	-52.214964	-10.245064	4.419432	0.953184	2.321573	-12.079789	6.575980
	-13.049830	-9.596398	-70.749929	-7.167023	-6.965468	12.259624	-25.034416	-6.578323	-34.841174
	-20.500942	-15.163819	-77.176692	-51.143982	-14.433298	-19.053529	-63.811627	-31.308273	-52.570365
	-21.267427	0.060158	-86.382699	-50.669700	-3.519511	-16.719688	-70.438543	-14.204922	-47.198589
	-24.072812	-4.538340	-79.115362	-38.814449	-5.085629	-17.217303	-56.361155	-21.788097	-27.310548
	-10.036497	1.388879	-31.929169	-32.591689	-31.464948	-4.977075	-43.113566	-26.656797	-26.501637
	-33.110058	17.019142	-48.583524	-26.839428	-34.177203	0.871646	-43.417796	-15.705509	-37.831522
	-22.184677	36.512358	-41.330527	-6.592870	-3.030453	32.881206	-20.109827	-7.613057	-7.061942
	10.919843	19.374070	-27.860210	-51.046736	-0.465594	74.371430	-48.313362	-32.980908	6.271649
	11.414235	-20.238745	-51.661677	-70.347219	-39.266311	63.837485	-33.552807	-43.878408	-17.469797
	19.812016	-53.751201	-27.929113	-87.270085	-28.041607	87.391203	-32.079809	-59.129068	-25.056367
	26.247267	-81.779751	-6.500106	-70.223577	-25.670064	96.234308	-0.345205	-71.961014	4.690700
	67.475413	-80.465408	27.827827	-43.751391	-33.271315	65.901694	-6.192722	-51.306273	59.763529
	33.198230	-37.801327	55.309796	-18.488883	4.363205	20.818515	6.970849	-42.238003	24.590948
	35.944782	-9.810651	94.076707	-0.820196	2.720066	7.121981	53.611728	-16.982952	52.448529
	23.338677	-1.570617	86.462135	-0.921092	-4.793308	-12.335157	33.118662	-13.294430	59.061195
	12.061362	19.171265	59.929296	32.567825	28.684872	1.330454	36.624615	6.376499	40.972343
	19.233706	39.266727	22.292644	41.161281	36.562768	-16.606841	30.816409	10.941312	-9.584715
	-2.608346	26.558062	7.571457	48.215193	28.838832	-28.686943	32.431372	36.090008	-36.831902
	-14.771999	1.502676	-34.608827	47.146793	-20.564824	-32.587845	28.360398	38.647863	-55.218337
	-12.877218	-19.684947	-48.761319	17.163891	-68.953960	-11.508226	-7.486752	49.420811	-114.135676
	12.175153	4.921414	-30.804701	38.274677	-54.446707	-17.153880	7.467380	31.114026	-94.339204
	-5.208686	5.918486	-18.366276	3.697220	-50.298177	3.298704	-21.552468	25.986937	-44.271126
	13.849951	9.640107	8.206213	23.697374	-42.269126	9.715203	-3.091273	9.156377	-19.131277
	2.094715	14.344954	-2.542661	7.933194	-40.913461	1.192688	5.075522	4.615535	-28.228386
	8.709513	8.145265	-7.065888	4.711432	-50.107799	2.553074	-2.247946	11.717684	-30.345571
	2.369558	-0.707933	5.724558	45.985486	-28.380960	-1.809650	-49.948638	15.280173	-26.709970
	14.092160	-0.613965	-30.555309	40.499367	-18.068414	9.576033	23.759190	-5.342249	-8.853371
	12.071975	-3.497080	-34.954111	25.349650	3.578802	11.701186	-2.694756	2.860602	3.382195
	3.244027	-5.334780	-12.826867	50.921034	-2.648658	14.830115	18.102500	15.534557	12.604453
	7.320501	-34.145731	2.787989	36.966082	-10.769965	11.182476	-18.437958	15.911954	19.970142
	42.847375	-62.863993	-8.748520	26.600597	8.805386	11.891448	27.094512	-24.413300	52.802005
	42.150598	-73.730764	-11.820336	-2.589328	2.937898	17.611734	49.675164	-28.122500	60.298420
	48.934959	-69.956825	-12.382704	-16.992075	11.450726	25.959203	31.600347	-64.127595	67.801847
	17.533626	-47.871826	-5.670592	-14.410454	47.979429	3.128814	14.206390	-39.627347	63.229416
	38.554946	-26.782644	9.008722	6.639113	34.256093	-12.409524	21.902744	-11.126433	63.808281
	25.665631	-25.599660	7.302354	1.239051	31.383698	-19.572037	-7.237713	-7.064645	38.936571
	21.590671	-24.932646	13.621040	28.162430	-4.988323	-3.859763	8.162314	36.185613	-3.617649
	32.611084	-48.438777	4.085176	23.353005	-2.273327	-3.776693	-1.684472	-0.361695	2.190364
	33.722086	-60.695426	-7.888847	-10.391409	4.822009	-6.052238	-14.969553	-20.355121	12.483354
	11.558360	-65.098518	5.940756	-27.191915	24.153174	-4.961369	32.499424	-70.685501	28.885494
	25.650366	-52.605139	24.383110	-11.684650	14.708847	-12.467050	27.551633	-54.864184	72.411733
	-3.944037	-10.317391	33.225019	-27.872102	0.321660	-11.204712	14.176661	-25.001991	57.060202
	-6.019356	11.153362	13.729498	19.775163	-0.041917	-22.595396	-8.761724	-12.372485	29.342300
	17.152601	34.555836	21.240391	28.304631	-1.973193	-23.740262	28.632885	0.033087	-14.612313
	-0.191810	37.655960	11.540129	70.641445	13.795278	-25.537415	37.983666	10.475737	-6.482057
	-5.210351	40.760945	9.206400	56.623558	12.719117	-36.615443	61.861687	23.084812	28.682484
	3.586427	37.999670	20.610744	30.286840	27.545978	-24.232999	31.289204	2.207897	10.906695
	-0.383036	29.026396	27.989537	36.324353	17.758114	-54.411945	17.471995	-6.221474	17.346328
	-5.123867	45.636070	50.679251	19.481893	9.919586	-53.330775	35.484698	10.796715	37.454320
	3.793436	44.605868	33.666521	4.288959	14.278300	-57.258614	7.693009	7.294446	24.715685
	2.321852	51.078932	48.187998	35.193129	20.394655	-46.890043	25.687759	16.188538	54.546555
	22.348783	55.516414	69.753608	12.763896	-0.819655	-12.535600	-1.207281	15.420228	24.769276
	-9.960978	56.363646	97.007087	35.056546	0.995779	-11.592858	15.205851	28.702516	26.470401
	-2.920785	35.607215	62.207932	10.497532	-21.263452	6.875594	-6.459590	-1.314298	2.420912
	21.244430	31.911046	58.804182	18.567979	-2.305962	-7.944018	67.510492	-5.563399	45.287831
	-6.195912	22.293019	40.513099	37.233590	39.020339	-34.970064	31.249490	-16.118502	50.122893
	-11.901517	21.492065	38.509559	15.101580	41.339821	-33.424352	23.013106	3.534283	71.958013
	-41.416351	30.569057	22.460557	25.321659	57.375022	-50.574063	42.508302	-3.017088	68.606204
	-30.296165	31.595478	35.926005	-10.228216	28.493019	-37.178282	14.171197	-10.095953	65.897709
	-29.380389	39.810449	62.952013	-15.227123	17.740196	-15.253493	2.989142	22.341512	44.584081
	-14.398919	44.926374	94.506939	-24.591819	2.095930	1.555105	-37.221636	-9.593077	13.416582
	-5.401968	44.531969	89.930263	-27.275496	-21.494819	-1.583970	-3.817343	-8.544307	-18.288165
	0.904281	56.702782	100.211790	9.140706	-37.411679	7.952376	-32.977585	4.187811	22.275368
	-1.637860	42.359281	108.588684	-8.273782	-50.953989	-3.198095	-21.092457	10.369997	-7.408446
	-11.856341	56.581630	104.443731	33.754898	11.478443	-15.028344	26.690055	-3.313844	42.481314
	-2.626412	64.655588	96.259440	37.532383	-0.996870	-5.814164	20.788375	27.667997	62.039332
	3.699825	83.059419	43.691576	58.553321	15.964733	-23.763453	47.750201	38.404449	7.989988
	-16.548912	66.472850	-0.706022	37.335425	2.905448	-11.079020	-0.041270	28.124275	-29.749701
	3.452719	53.603575	-12.175655	18.915783	8.287239	18.534733	-17.109138	28.499067	-47.270245
	-32.227292	44.467902	-11.807593	-5.309621	11.772325	4.971636	-11.477412	47.620515	-41.452489
	-0.972562	27.403150	-8.124277	-10.302681	8.914886	15.607154	-6.931995	-0.485831	-14.996826
	-17.417382	30.920725	34.935175	-15.069625	18.543162	9.237773	20.076676	13.453557	18.385928
	7.521561	24.074347	42.916036	-7.080171	25.140293	7.389814	38.786744	-12.896925	15.710853
	11.505057	20.595288	4.059906	4.338573	23.014288	-5.400655	55.997452	-2.132490	16.769091
	-11.317323	27.034989	5.598757	6.346955	16.982190	-10.297720	24.587316	-12.282266	12.545914
	-24.726211	17.107161	-16.419530	64.632288	27.900790	-14.617221	38.609892	-19.687661	-20.959352
	-14.572220	9.518102	-59.330333	49.328574	23.568951	-32.077023	56.463833	31.884867	-55.795129
	-32.318443	-17.317670	-63.065854	32.954603	32.931128	18.640116	33.239106	15.145178	-19.583267
	-1.957468	-48.031917	-72.043422	24.075450	32.809839	21.669299	28.408466	-29.528546	-2.199126
	-22.873293	-52.010868	-83.480487	20.203850	-1.149530	19.814810	6.578847	-2.963261	-30.426552
	-28.006206	-38.194548	-90.671650	35.601007	9.192904	34.217458	-26.653893	-28.019284	-61.064341
	-14.413520	-15.068245	-54.801335	35.507048	12.337879	22.911081	12.123284	-18.124271	-19.512269
	-8.363095	-18.838599	-85.186325	25.044636	4.121055	16.847342	-5.462705	-13.418618	-25.399503
	-20.382630	-6.580673	-73.348954	23.898535	-16.852120	-5.639655	-11.837991	-9.208083	-43.244799
	-20.316870	2.814890	-33.860961	31.191296	-21.658562	-7.245781	0.847039	-10.526083	-15.561019
	-22.729321	13.824073	-16.678327	15.949961	-43.660901	-1.407024	12.871448	-30.817534	-46.037458
	-32.105184	16.186386	-24.301384	57.104991	-19.776555	-5.157930	16.899788	-23.716837	-49.215577
	3.008905	5.523544	4.462293	51.935111	-37.724981	-2.995756	22.242837	13.590686	-29.525920
	-11.963483	0.495687	-28.125389	33.003226	-35.189156	-10.232018	8.357349	-11.179840	-32.291550
	5.128465	23.720113	-20.670089	6.780513	-27.017073	-15.413934	13.177268	-2.552332	-35.931808
	14.656622	31.523045	-32.637652	8.313429	-37.493059	11.510027	-21.800791	-5.305863	-41.601040
	-0.148956	49.561348	-0.225421	1.181041	13.019257	15.695397	13.351496	-16.546626	-28.971669
	-7.344935	47.285714	17.762107	4.069872	20.528828	9.253930	-0.552460	14.116928	5.171622
	-3.735602	35.492752	28.179995	16.722198	13.479708	7.096169	9.324826	42.993779	-14.228803
	-22.836685	-5.765000	14.644255	6.364382	28.898550	25.941239	9.120069	33.041992	5.063450
	-20.566260	-9.616783	-2.138033	13.543619	11.659596	15.812250	-8.355514	45.009582	-1.147257
	-13.261211	-3.164421	-24.651579	22.220179	-6.213502	3.525308	15.958751	34.542278	-12.898623
	-18.508257	2.181237	-43.443374	8.019325	-9.719360	-1.513017	3.670598	21.043102	-12.246073
	-5.513739	8.769797	-28.385187	31.469914	-21.254696	-8.669231	-23.901810	8.331937	-1.373066
	16.049659	14.108980	-37.913789	5.196364	-6.778179	-3.599991	7.553973	17.787981	-19.754213
	-25.270270	23.261771	-32.077138	11.630526	-12.889887	-15.144902	4.068525	16.578443	-15.634822
	-15.438618	29.702972	-16.130545	43.219131	-14.022578	7.424699	7.136901	9.998701	-45.867364
	-16.087346	7.258960	-15.097269	42.880374	-7.646041	3.821665	1.744389	26.499985	-35.455614
	26.746597	1.410353	-32.213016	24.094708	-4.030426	0.868272	45.466037	10.600497	-8.297541
	-3.475458	-32.880452	-34.813965	7.643522	-8.366686	-1.004080	26.995707	-8.708283	-22.166449
	6.260881	-14.437137	-65.961393	0.821640	22.740107	-6.848002	37.506042	-6.695264	4.294135
	-33.226868	-12.510911	-45.676616	-39.838335	24.681382	-27.776748	-1.030589	-4.119777	4.977872
	-3.095775	-18.942829	-19.988830	-30.270683	8.956372	-23.434354	-72.675898	-11.460271	12.199319
	6.149295	-47.174550	-5.160040	-33.041030	-5.578885	-5.189174	-58.209218	5.525318	29.385098
	3.743357	-42.245109	-11.330998	-44.218685	-46.489328	6.848427	-33.232370	27.847924	2.768325
	3.195509	-18.283781	-21.070163	-10.162906	-5.956428	1.902040	-8.762483	24.929323	-24.279020
	-2.270523	-11.867879	-26.612473	3.484450	5.666381	-3.215978	-37.367788	17.093487	-50.624990
	9.926517	8.322062	10.577168	-2.977252	10.492903	20.872733	7.605822	18.256384	-27.812127
	12.030161	20.716393	-7.133283	10.125846	38.825012	9.202625	3.319390	6.121935	25.785087
	12.640394	4.189961	-51.821285	-19.371941	34.059272	23.938069	-4.549015	10.327737	35.144085
	6.419524	0.125492	-39.386025	-29.062270	70.007358	16.834297	-16.396121	-19.484715	40.952142
	9.285582	-0.119966	-29.375944	-61.150087	71.369922	30.017812	-50.714531	-17.455526	35.162361
	7.976923	-23.346642	-40.680058	-80.236102	39.506819	33.680932	-37.769611	3.166969	27.862302
	-10.362054	-45.322016	-51.177859	-73.234092	-11.618925	6.437418	-55.640493	-2.815025	-55.908926
	-0.601997	-47.122725	-45.978837	-44.909151	-12.570223	-21.260476	-40.886816	12.478625	-59.058238
	-29.087477	-23.730603	-7.082182	-41.928508	-12.666389	-50.203351	-19.121313	41.725650	-54.095035
	-15.639856	-9.179068	-20.870330	-21.528126	-51.045099	-5.719744	-31.939941	6.050494	-62.517930
	-27.054244	24.054855	-2.865568	-19.002004	-22.596233	-11.289814	-23.298052	36.024623	-31.183656
	-0.100562	38.200073	-16.459075	-30.371425	23.781722	-0.263304	-40.553236	32.977115	-4.770778
	-19.044682	60.037759	24.568972	-2.444876	19.937393	-37.266755	-5.696525	32.582340	-37.164468
	-15.630236	38.575432	10.409536	-12.948450	6.786499	-13.016456	-32.230586	14.730880	-16.815597
	-1.902265	37.916533	-32.930484	0.579741	42.258153	3.070120	30.888273	25.379823	-17.400438
	-21.683360	34.070645	-10.838797	6.945984	-32.211632	8.094003	-25.143070	34.003727	-61.472972
	12.426625	-6.874470	50.541357	-26.106824	4.015673	32.389664	-2.835640	-1.016317	33.770966
	-4.069399	-26.069552	57.284325	-54.114431	43.444164	41.639099	-39.669629	19.406379	44.199165
	24.898478	-22.488540	86.601371	-104.546276	31.540572	25.326672	-44.806644	-31.267530	75.031015
	5.652291	-54.923530	47.789308	-114.579252	-18.071794	14.262724	-40.482931	-65.983236	54.982030
	2.040524	-60.864409	24.866746	-118.344605	-51.888509	27.941676	-76.006251	-38.158417	-13.371286
	8.068108	-49.044620	27.306700	-131.596560	-49.122795	10.832071	-94.956813	-40.790210	-33.841851
	11.962930	-29.992906	13.868160	-44.981232	-57.191004	10.567076	-56.108668	-37.819544	-39.236765
	-20.547661	-3.045936	67.607410	-54.215757	-40.821055	4.619177	-20.039812	1.698348	18.078393
	-13.793392	37.923564	94.112373	6.452234	12.633710	1.647707	-0.570464	-10.375267	26.514334
	-0.608009	43.334129	93.901530	24.155143	62.530705	6.804026	32.413653	-1.046489	64.220203
	4.486293	19.571465	85.124531	-6.387720	65.217794	2.469973	22.510969	-25.972123	92.032989
	34.322271	32.264487	60.435616	32.488611	78.633352	-5.986271	107.906981	-48.192028	128.729049
	4.834053	28.676109	23.569033	42.292080	60.486459	11.457242	55.858861	-31.775475	85.628923
	7.224293	-20.502694	-5.798211	5.916340	56.564554	6.682760	52.830927	-25.925633	75.022410
	24.395902	-6.505157	-56.388338	53.058293	60.103398	14.124607	66.636954	-14.779260	18.727489
	8.371879	-27.921512	-67.312705	45.258880	26.305432	28.222178	46.082006	-24.798019	-16.302770
	11.455061	-32.512505	-82.029578	26.133723	-3.645087	16.741621	46.753512	14.549063	-62.518100
	5.869879	-54.177808	-55.596031	3.266059	9.343639	-9.089671	63.316364	-6.617831	8.892232
	29.313834	-17.244383	-60.289878	28.644397	5.796945	-7.641768	38.596373	-4.831798	20.687351
	16.562909	-2.872885	-22.454144	38.443380	30.889142	-38.863391	59.140848	8.084588	7.771573
	15.484589	15.242530	25.197982	25.677254	9.391309	-18.315908	38.993315	22.635410	-6.041798
	-2.569397	1.995748	-1.278866	52.920029	-24.801391	-20.391736	13.913564	20.051790	-32.809066
	7.209656	15.733101	-15.079939	39.436392	27.650017	-4.016674	57.861512	1.495167	-31.900415
	16.467301	-0.071715	-34.698854	46.792492	10.001740	-17.206515	5.170573	8.827639	-28.598110
	8.572930	7.891664	-31.287671	53.950279	32.004073	-10.720569	33.033347	0.269729	-17.763831
	6.071989	3.415970	-47.956978	58.379972	15.345250	-9.399432	17.553622	7.874132	-39.221324
	16.051825	-14.108509	-65.517612	13.462889	66.294183	9.463591	24.439783	12.524859	-23.235825
	-3.407270	-19.309729	-60.057835	17.266954	40.483796	13.938845	12.505917	13.010614	7.648773
	3.742053	-52.792115	-55.472356	1.645450	14.412498	54.692876	4.231379	0.361456	2.209592
	-5.439247	-76.155173	-31.243354	-16.006847	4.646506	41.711461	-37.033659	-11.087857	6.342141
	15.846259	-61.207991	-20.758141	-7.664530	-13.855879	34.054372	-8.185180	-24.875413	24.579875
	6.531777	-19.565727	-32.814902	17.571787	-10.184220	-1.751229	13.759720	-30.647650	-8.452367
	7.410619	18.321862	10.556282	43.789414	-37.695162	-20.263191	16.821925	-13.935558	-40.318433
	10.086374	27.800677	14.715230	76.919947	-42.725422	-16.570706	35.714284	17.331710	-33.397765
	2.759533	55.195326	27.709331	50.870724	-44.517832	-19.466368	35.112804	43.751647	-42.366053
	-24.306498	51.286105	39.469793	53.569334	-31.713927	-21.602866	11.204213	48.391165	-18.128442
	-21.575948	33.301653	41.480135	46.026622	-8.241151	-22.480477	12.324968	51.502192	-5.939153
	-40.636047	32.577458	90.578992	21.343888	-3.640618	-26.239047	2.028332	50.524779	11.548280
	-36.108145	37.394323	66.855597	22.471588	-7.084535	-21.038716	-34.783954	61.673150	-0.316448
	-26.777306	32.368008	103.271781	39.354542	12.720751	-9.371413	2.679604	60.767208	20.669614
	-12.222151	28.342553	55.927673	-7.728220	15.899552	-42.568950	-20.480072	38.009113	17.762326
	-28.565004	44.818517	55.785868	25.134609	13.969357	-27.307134	-21.353450	26.683277	15.224171
	-31.837797	32.425222	38.698350	3.741875	-0.557616	4.834539	-25.708709	40.943536	-17.919197
	-32.121264	39.492832	-3.296449	19.508803	-23.743571	6.001817	-56.166469	54.972809	-8.304394
	-12.548223	34.007497	-21.797586	9.935076	-44.363954	0.026211	-16.142230	54.393202	-61.152911
	19.202334	33.126443	2.264738	17.357898	-61.807998	4.924000	-28.834666	62.301373	-52.231000
	-14.873879	48.127114	12.339948	32.850304	-68.166188	22.314837	-19.767664	47.403089	-45.353926
	-7.333316	49.414966	-2.730515	-16.620453	-30.363573	13.075959	8.862153	25.775381	-20.242109
	-19.100189	55.529033	-21.522040	10.858731	-42.637493	-1.684047	-13.742946	29.651210	-32.887544
	-20.545681	49.297493	22.404318	-2.896816	-31.429950	6.430874	-10.259944	19.284595	-13.260499
	-5.481185	54.701497	59.035881	4.110892	-25.296134	5.332206	18.630947	-15.860027	6.806587
	8.680376	53.594669	58.713840	4.353613	16.574872	-1.724112	-22.612004	-11.994454	10.952867
	1.070444	28.330299	72.636711	-40.435519	-30.970407	8.058928	-39.676825	-37.577532	18.672707
	-2.455132	26.841944	96.894114	-39.551653	-30.682461	-23.984452	-29.686392	-16.239936	35.247807
	0.508044	43.251982	93.207835	-15.320133	-29.679005	-4.417183	3.841889	-6.911113	22.425641
	-3.935194	48.710738	83.398621	0.413548	-40.810563	-10.924623	-3.625792	-2.137217	17.711193
	3.764550	72.394170	78.460107	-7.068036	-17.067555	-24.238164	8.314391	-0.183991	-11.486603
	1.577903	61.915584	46.145645	-9.577089	-63.378627	-30.292101	-21.853893	22.201056	-61.062986
	7.120594	48.077115	32.494236	16.135855	-54.270520	-9.757630	12.825217	25.726291	-19.654262
	-13.147457	39.567367	31.161034	4.677496	-63.419313	-15.378327	-41.580753	41.498775	-41.868032
	-30.472757	29.727932	15.399976	8.121195	-61.504037	-11.965595	-17.149904	58.758766	-18.092681
	-33.720395	20.799997	-7.158288	16.276988	-33.439759	7.515089	7.163301	47.406397	-41.712004
	-16.912621	19.785025	-41.235046	30.374231	-17.788810	16.279823	10.618475	34.934650	-33.560757
	-24.552652	27.866852	-56.116800	31.474912	-19.747468	12.152401	1.320917	73.437779	-58.528817
	-37.481712	28.858673	-58.212318	34.042218	-7.532328	18.715207	18.496179	50.752086	-35.719146
	-12.894332	34.995917	-16.525769	48.342416	13.657519	8.015875	7.519208	62.350659	-14.950393
	-14.401370	33.944975	-20.888871	31.358278	-16.805974	-4.247468	7.538176	43.619548	12.935312
	-25.790120	12.857994	-6.053247	26.824580	5.007066	-10.545923	-10.422581	51.379170	4.588272
	-14.336081	1.199785	-5.858373	0.755200	-3.440520	-6.940165	-3.049969	49.378836	-9.740278
	-10.238685	-19.276734	-20.373527	-16.330135	-22.624079	-19.795492	4.308028	56.335667	7.618534
	-40.966571	-29.033486	-22.127652	-41.089742	-36.444884	-12.086400	-28.944067	62.135546	4.818633
	-61.422767	-47.932608	-61.346645	-54.233828	1.083169	-6.898503	-38.221953	29.293026	-8.911725
	-26.934323	-39.101669	-34.876769	-18.481701	16.397545	-27.477725	-41.735003	30.851284	51.753295
	-32.451062	-27.449567	22.691572	-19.790987	43.175528	-20.278796	-32.952155	32.194885	38.408657
	3.430591	-25.148446	14.961839	-32.877673	0.009598	-4.635988	-23.978816	27.146614	10.376692
	-0.175472	-19.433576	18.827975	-16.378586	-10.502910	31.415366	-12.157990	49.297776	23.980916
	7.135920	1.069838	46.157788	11.334448	-1.634129	50.260453	-18.693584	42.493757	26.167483
	12.490232	1.246323	24.347224	16.709157	-13.171873	50.614604	-14.952789	51.395793	18.834175
	43.231252	-13.131167	63.891804	-8.304297	6.277356	43.156737	22.334236	-12.474205	41.491082
	35.391472	-9.882734	33.196158	18.899465	-13.502025	26.110130	18.819648	-12.204642	15.254269
	29.320189	-14.177903	3.436114	21.464549	-15.974990	37.932718	28.192316	-27.486554	-19.547972
	39.297910	-22.576203	-2.465411	-0.810968	20.631665	27.645219	6.990237	-74.330316	-17.284347
	30.402078	2.724155	7.805900	4.445533	32.707418	25.623219	24.367290	-13.376462	11.217807
	28.412018	-3.814259	18.493986	-42.539208	37.986490	-18.595781	-13.251311	-55.117329	0.086905
	27.968144	-0.405794	18.869205	-58.635772	38.001818	-12.322217	-2.647950	-55.540070	14.864742
	27.828238	-4.766518	28.851125	-30.781824	10.532091	-22.002423	-6.217526	-77.489285	31.015497
	23.333277	-18.035368	29.108236	-17.553014	10.079383	-14.019157	2.427942	-27.251167	25.726845
	8.257857	-12.903907	-7.228262	-18.271708	-9.124290	3.164071	-0.056589	-45.116315	-10.057982
	9.921224	-21.330834	-38.773487	14.150761	-20.740680	8.694865	19.469536	-14.456050	-35.718658
	6.465035	-2.459617	-50.449184	14.330858	13.350099	-13.875780	19.033265	-29.642635	-53.613407
	2.749328	-2.420010	-76.515244	19.428723	31.115741	3.992378	42.526691	-9.554481	-45.398224
	1.122525	-12.534634	-61.653376	-6.772391	-14.922701	5.534198	14.247288	-4.290614	-40.465606
	-2.061012	-10.245761	-67.365668	2.118432	45.030178	-8.517125	-2.908280	-20.562599	-18.696046
	-8.757568	-10.624958	-99.047361	-9.178099	51.077812	-28.766482	-25.767665	-6.657886	23.281490
	-20.589016	-15.483052	-82.846930	-18.331065	24.425852	-21.997486	-31.104224	-33.516792	-4.059821
	-17.363259	-24.273924	-68.802286	-28.029944	13.579031	-22.369300	-27.381300	-9.623623	-27.516953
	-4.961940	-30.693666	-64.470955	-36.937745	-4.132134	-18.740765	-24.054695	17.167308	1.239424
	-30.090339	-34.788694	-113.957779	-20.853108	-27.685725	-16.233966	-17.377124	-2.407399	-48.184249
	-15.273920	-31.421030	-114.165271	-1.627584	-29.873989	-5.776948	9.005220	-0.674801	-92.868854
	-23.875816	-3.205914	-100.445159	33.485184	-28.405290	18.768258	-18.560062	43.685224	-64.061770
	-8.585948	-20.367387	-76.233395	35.128640	-6.155400	10.875049	-3.198897	5.898101	-66.681643
	-22.693733	-7.012571	-52.785477	1.996067	-12.818242	24.184216	-29.807065	16.936062	-43.338382
	24.274542	-4.727847	-6.394928	7.850061	15.269602	7.564111	15.824936	1.415963	11.330125
	30.430221	-35.288209	26.554675	-4.161794	7.310897	-15.169584	14.884624	0.932057	13.698537
	6.662891	-43.603515	1.638362	2.794252	-1.695320	7.831034	28.808898	-4.699252	-12.736629
	43.013718	-48.239005	8.098660	30.000008	7.875027	7.527052	46.152398	-32.809879	46.603140
	18.806238	-47.311018	1.777132	50.119007	-7.475500	-3.864052	44.240704	-36.856671	30.099555
	34.318538	-23.565313	-28.698784	37.960517	-23.360306	-16.888678	19.959587	-29.858538	15.456043
	17.648227	-1.909397	19.806325	37.657922	-52.162586	1.978882	31.357989	-5.238991	6.305380
	-1.050795	44.101989	-9.140995	76.844995	-48.766198	0.784869	45.414906	11.040604	-30.861759
	7.683981	19.671594	-23.946970	64.767823	-15.706764	-7.255477	45.067829	7.972385	8.612295
	17.412332	46.375494	-34.203387	63.239723	28.850615	-2.985263	53.960465	32.231954	-17.007977
	23.147782	42.852764	-46.168302	104.804989	-6.190012	5.388379	87.694419	15.715787	-22.072115
	7.829247	3.692605	-46.229700	76.718407	-6.647307	10.849350	55.630819	34.017261	-10.926776
	4.455342	-12.238282	-47.539651	48.891728	19.520490	6.414753	73.093442	43.346432	-32.477013
	20.603442	-24.744004	-57.942566	29.146139	37.180545	-9.352281	20.496786	12.211324	21.766412
	13.837398	-28.409423	-32.762333	-12.551150	37.478258	-28.078929	-4.860169	6.543183	19.778815
	-3.193220	-25.850409	-37.452783	-18.733149	38.764460	-8.230839	-7.647104	-12.435675	26.916236
	2.081681	-18.404590	-52.550254	-4.746186	28.265796	-5.282486	-21.233942	0.725345	24.094761
	-14.129123	-4.155253	-64.677002	-9.994287	33.866042	-27.332394	-19.178430	-7.938276	24.704898
	3.533438	-9.066472	-61.012755	12.180403	27.053514	-12.807266	-29.534348	0.076147	10.183859
	-13.619403	-8.776787	-28.245499	-20.303232	15.448094	-20.621130	-1.016240	-2.139919	8.305141
	3.258874	5.877649	-17.356855	3.893571	-23.469846	1.092591	-2.060187	12.916728	-6.621598
	-3.492661	-9.154385	8.899208	-4.598362	-34.560961	10.617239	27.190867	21.556827	17.183546
	2.898358	-22.002055	30.292838	-32.831438	-25.379182	-4.513973	19.690723	-9.564758	-13.998885
	-12.719184	-2.626668	23.914701	-41.803823	-29.408380	-11.602273	-14.019117	-21.529346	-25.291437
	20.585176	12.168190	39.806399	-54.764551	-19.623747	10.314648	-9.171208	1.736073	-24.946137
	-8.029495	-1.991332	5.545110	-62.984091	13.455677	10.344237	-27.611098	-11.424271	-14.920888
	-9.625703	-10.179944	8.129607	-38.193322	-22.075453	3.144709	-30.930527	-23.382221	-30.462776
	-31.848862	-9.426626	-28.370121	-46.599962	3.116554	-31.363183	-48.889858	-27.703738	-21.061531
	1.650608	-20.388557	-15.583544	-35.170195	37.750471	-27.495073	-47.099450	-15.740344	-8.243670
	-1.532048	-23.217288	7.564247	-59.929221	25.766582	13.164081	-37.959208	-56.939618	0.013047
	-6.607754	-2.896440	37.427660	-49.973463	76.131353	-16.887572	-70.848111	-71.247150	14.611711
	6.642903	3.438081	74.330073	-33.767228	26.942598	-16.849826	-52.508472	-45.523168	18.845809
	7.837301	-4.387872	23.617567	12.197130	17.136363	-7.070153	-17.060624	-40.567774	-6.922664
	-21.517719	-0.944015	6.270695	19.022691	-2.684014	-9.755232	-14.497759	-26.747002	-19.511035
	9.778078	-10.685051	-16.031267	3.904504	-9.080046	-10.819854	-15.992954	-20.896487	-31.781503
	13.726162	-14.867728	-5.445494	7.938708	3.597349	9.248393	8.591331	-22.017450	3.277007
	13.859523	-1.338294	-29.601597	4.887667	30.098082	20.607942	-21.006074	-8.596537	17.842404
	13.305363	1.882624	27.077698	-30.119098	67.101782	11.452809	-27.625811	-24.400349	65.771112
	31.977740	7.211181	40.254201	-9.545840	62.693520	45.950621	-8.923452	-31.420803	55.935225
	21.569280	-4.626764	63.999291	-42.841548	46.540954	43.722646	-4.081999	-46.397494	95.257817
	28.773176	9.288498	115.843976	-40.079687	21.321019	5.752230	-8.750158	-79.382093	63.357021
	16.348262	4.842906	148.163777	-34.187758	-14.452345	42.847239	-6.524004	-51.323623	56.700964
	14.702358	-23.085065	139.131374	-8.129071	-36.460533	36.095464	-23.220553	-41.271713	60.522304
	12.220910	-27.561701	97.365036	-6.176413	-32.842701	2.634188	-1.339197	-48.252365	22.130269
	-11.580243	-61.949134	17.751136	-47.092475	-35.962374	3.197951	-36.455588	-38.561534	-14.135601
	3.765297	-56.442604	-85.096209	-15.795339	-6.321373	16.229148	-22.854456	-23.134950	-4.605367
	-15.348115	-55.981669	-116.247084	-34.427577	1.416933	5.291174	-22.164742	-45.113185	-34.731892
	-6.705783	-61.852617	-69.713271	-9.731921	0.629105	21.105451	6.875020	-24.846589	-0.514007
	6.362651	-66.994486	-81.762106	-11.081429	-10.351195	16.285267	3.512610	4.683546	-16.633425
	18.810290	-40.272811	-45.320586	3.775948	14.396544	-20.738714	11.192706	-15.830607	19.856143
	17.669022	-18.111916	-6.442352	23.883287	-25.763635	-12.364295	23.047828	-28.925946	-12.434561
	36.127421	-18.935605	-3.538575	-1.464019	-21.698210	-7.244219	38.431329	-8.132278	2.800622
	23.321359	8.240008	-0.122083	8.533647	0.490079	16.393821	42.883148	-15.896343	4.784020
	17.948464	37.481631	-19.294596	20.138671	20.431584	14.508396	37.801899	-9.888033	6.227746
	-7.946019	24.674972	14.952412	9.583204	31.618376	-1.709300	-0.535246	-25.397292	28.536281
	-13.988440	29.888055	28.524317	9.800616	-5.891654	28.647745	28.177634	12.500586	-10.558514
	4.370198	42.130627	47.894132	8.777372	-3.450797	-0.377339	11.792135	12.834249	39.858817
	-17.375002	28.734852	50.666308	-3.006156	9.059716	-19.173041	-3.195349	17.389732	63.398918
	1.845970	-10.837935	5.870591	9.178802	0.839377	11.292382	22.845771	20.989502	37.054415
	4.539906	-30.581313	-19.084420	-25.939088	28.165987	-19.072778	7.286716	-15.141627	43.195881
	-1.918306	-36.947766	-15.218437	-47.686550	25.581845	-18.166911	1.941098	-32.691972	60.921824
	13.978881	-21.276651	-29.220878	-13.493024	8.336939	24.147294	-20.888454	-31.045370	17.757190
	12.676436	-12.502583	-19.309546	-9.099645	0.059919	46.909048	-23.047167	-30.396988	-21.610610
	6.220344	7.448688	62.483462	-10.226686	-22.353253	40.889761	-14.020510	-27.552437	23.861852
	23.299987	-2.805079	90.851694	-0.306392	-12.811283	26.268692	12.847022	-28.403087	41.118373
	-3.267477	-24.221745	69.406811	-47.048705	30.975643	-10.551717	17.518924	-15.243693	50.923362
	0.893318	0.338109	61.860121	-22.653831	5.234819	-29.349975	4.238292	5.198535	46.439916
	0.647487	-13.548239	37.583621	-27.298584	30.105108	-16.611051	-5.798117	-17.454964	20.328745
	-9.154653	-2.064884	-13.909781	-8.664422	1.583562	-18.923689	-16.802534	-8.672123	-22.044557
	-6.120055	30.058454	10.972894	2.654436	-28.023975	-12.063964	4.436788	24.916891	-49.359475
	-9.342466	39.521740	26.188420	22.431992	-29.815989	12.698617	7.222588	36.873335	-68.143990
	-28.437397	11.253105	-21.873136	-10.385436	-50.801267	19.076617	-14.303313	41.414914	-78.093166
	-5.820423	-0.591320	-9.218076	-44.271940	-17.313878	-7.400269	-84.273924	-20.214455	-22.106555
	-25.967116	18.758695	-39.835479	1.267739	-6.341375	-24.277772	-13.229410	24.032792	-51.812911
	2.697183	-7.536653	-12.565511	-47.753972	-15.556831	5.664165	-25.755954	-11.715804	-14.132251
	-7.776905	0.308829	25.653335	-33.725080	-1.810401	28.032312	-2.960778	10.675805	-0.350949
	-14.854113	10.114990	26.181311	-42.736521	-38.139262	51.903575	-65.048280	19.022939	-32.664524
	1.540637	-11.358920	22.072143	-44.566572	-38.542785	62.012428	-76.728396	-16.819567	9.355489
	-9.550787	-24.193391	36.020121	-60.291539	-2.500585	44.995203	-65.006606	-45.711305	29.776631
	-23.472227	9.374161	-4.839236	-38.534853	-61.158805	9.419084	-28.822070	17.491592	-47.711385
	-12.037566	-15.354800	-71.212427	-37.731517	-67.906442	-32.964889	-46.948471	7.010767	-83.679746
	-31.421589	-14.744250	-18.243250	1.182933	-52.871273	-42.399235	-40.553347	9.954251	-73.425251
	-11.667923	26.838904	-14.899161	44.094355	-18.574062	-46.696494	-5.234656	-2.336632	-28.263319
	-22.525695	25.892212	-5.257165	24.683255	-3.575755	-4.271562	-11.593843	17.813160	-12.984996
	-4.402403	18.240495	-7.028184	42.639961	5.621526	7.314039	18.222811	32.045048	6.985872
	7.986303	56.250780	15.479650	79.826598	28.385608	10.821180	54.341095	32.819546	12.298085
	22.750200	34.088915	36.580180	55.361867	12.016826	24.514800	99.889055	32.384164	12.521172
	18.761075	11.684627	21.852505	30.699020	23.792034	17.448262	55.591277	6.961642	52.552253
	18.532292	24.252482	43.059854	21.772758	18.904465	10.125972	69.529058	2.994940	54.675392
	20.549069	41.086322	63.581614	-3.383143	-19.339302	3.362558	13.969621	12.401594	40.229075
	42.073831	28.681252	57.025123	-1.040947	9.223725	6.577468	23.965769	2.859437	32.620887
	3.589160	39.599670	37.676496	31.756379	46.715209	-5.380513	22.003481	17.186470	41.161101
	4.208795	49.687559	33.645843	32.303548	-0.323489	-24.834522	12.754233	21.022547	-41.678240
	-0.628315	24.698571	-25.655905	66.899662	-34.969040	-0.603013	-19.032872	34.220715	-53.248196
	17.697436	32.912119	-56.731685	60.277134	-24.536281	-4.919653	13.203125	34.101944	-67.597788
	-20.600809	43.550608	-42.973543	56.474273	-33.724568	6.884895	-18.995815	39.401566	-36.628179
	-19.668331	10.194436	-60.623382	42.103892	10.397736	-5.210156	12.779236	21.699247	-15.752303
	-15.091070	8.998217	-77.285408	21.378175	8.406412	-22.727793	11.050848	3.734241	-43.158219
	-15.942815	18.244490	-22.521769	-4.620049	10.574876	-31.006692	25.776474	5.416484	-13.865160
	-19.571023	-4.847762	-24.601090	-2.164995	-6.258485	-18.113975	-13.652722	19.756547	-63.341301
	-30.154852	-4.397595	8.622385	-7.881890	-19.165755	-8.693652	-52.836591	25.103602	-17.383501
	-10.985306	20.065090	30.489554	15.806986	-5.736683	-32.954961	-18.000440	33.745197	-28.458435
	-34.733050	9.970470	54.120559	-9.513603	19.408799	-18.754638	-15.767335	6.758798	-0.942709
	-17.942081	-0.319539	6.102162	4.049753	3.133576	-16.814482	-7.483848	30.901635	-7.499893
	-8.763120	-16.525551	4.159035	-1.014537	20.045907	-22.018518	-1.540635	-9.259343	23.375806
	7.774933	-14.480244	-29.611556	10.322272	-5.146793	-26.571604	-2.869250	12.735093	9.231766
	14.959010	-54.518854	-29.548118	-0.506858	15.112015	6.080377	14.983768	-13.908359	15.235349
	-0.584666	-62.667522	-23.331188	-48.624213	46.767659	4.957361	-3.360473	-34.207435	57.601146
	-2.049149	-40.350467	-10.953587	-42.179122	57.088723	3.853225	-15.951525	-46.466601	43.720825
	-10.828419	-39.799883	-22.500581	-34.144565	27.776153	0.311779	-23.233473	-10.802846	23.459887
	-23.445630	-17.932813	-10.763694	-19.416056	-19.221783	-5.869455	9.686076	-5.916932	1.450317
	19.504476	11.300270	-2.705373	-0.636823	0.146356	-9.501573	24.632287	2.775437	36.129976
	14.676386	-11.472380	-15.229320	-0.023244	11.346842	-7.801617	63.874881	-5.412613	14.510192
	18.806570	2.103705	-10.683953	24.899196	1.080165	-11.864319	45.658746	14.335723	-19.703193
	6.759296	-3.919204	-12.040789	16.502177	40.346975	-25.259924	37.940859	11.205107	19.821270
	-6.229669	27.028129	21.749283	6.786387	0.243077	3.139340	-5.233104	30.518946	-12.390625
	8.434563	-1.595866	13.984933	-17.674976	11.143270	8.830875	15.546932	1.770572	23.585517
