	-85.112754	-19.674877	26.166526	-84.685206	39.900876	-23.589817	-94.154003	-66.936379	33.201811
	-36.953743	-47.797845	-22.358666	-103.290161	30.933014	-27.977170	-60.029430	-37.414611	22.832582
	-31.665949	-33.761619	-5.171323	-102.574420	-2.449958	-5.111891	-80.271108	-11.728668	-3.868462
	-55.201223	-45.282181	-6.465436	-114.141266	-14.380471	-1.566704	-119.470081	-46.626528	-8.515948
	-56.686713	-47.874941	-7.748794	-113.315966	-38.140065	12.223504	-116.766570	8.262935	-13.583951
	-53.531499	-54.706677	-0.258719	-67.578388	-41.168746	-12.575348	-60.727399	-90.660264	46.303363
	-38.798587	-30.209848	-2.272652	-86.963493	5.556082	-8.575271	-79.032849	-70.230412	23.515265
	-63.815025	-40.668675	-5.618147	-85.069504	-41.801894	-5.484626	-40.877984	-50.884161	33.216657
	-58.940257	-40.449925	25.708090	-81.868151	-22.961838	-17.286434	-53.096602	-14.024558	21.644655
	-5.228044	-74.994690	24.850398	-86.880391	-35.698656	3.766741	-34.986295	-44.500060	37.049412
	20.171831	-60.956127	56.195827	-49.827660	6.453878	45.043456	-7.050123	-18.706747	38.210381
	10.964376	-37.294945	73.762819	-67.434045	22.124710	60.280363	-1.911615	-18.185872	77.517513
	14.020957	-37.381992	61.485701	-28.835401	37.121070	35.505075	-3.672170	2.518407	78.615649
	12.487801	-43.469563	47.162608	6.136813	20.000609	21.678275	5.901584	-7.900099	39.485195
	23.517716	-15.368521	17.727908	24.820090	-8.968774	-6.911782	6.023229	17.534013	23.744942
	2.786891	8.421299	17.548087	22.408051	-21.265688	13.135037	-1.372660	35.070382	-14.165774
	-5.849049	54.205913	-7.896817	47.844321	-38.369318	26.727433	-47.351913	59.616723	-61.067097
	-7.084766	47.301770	-25.814348	32.554187	-42.180140	7.644026	-33.653193	87.738078	-51.320720
	11.354169	56.023709	-15.861347	56.014683	-50.534084	-35.684652	-32.429007	82.826107	-13.656376
	3.118871	41.375218	17.070830	-19.455622	-28.779701	-0.993385	-56.651148	66.861482	-24.237195
	-26.340475	60.676082	2.229704	-25.622488	-43.002751	-30.231096	-89.749237	101.662865	-12.641338
	-15.264655	4.795055	25.556166	-2.421393	-37.331979	21.572845	-71.108282	61.705582	-21.058522
	-3.018463	31.270147	58.472988	-36.234301	-6.760760	-8.837649	-48.246955	26.241923	-4.841329
	12.059907	37.857428	72.488169	1.234858	24.442406	-0.844081	-26.851742	29.385266	10.280188
	-14.036183	61.117117	92.059033	13.159705	22.421867	19.525644	-0.451670	22.016331	14.163373
	24.191827	49.946051	83.464402	30.809717	78.081247	-7.378060	37.544782	-13.590695	54.751223
	21.627769	26.705661	61.735390	24.722908	50.376255	-5.896329	47.000232	-17.204392	30.807976
	19.946038	7.078019	27.179186	-1.263592	64.177552	-24.379617	49.884222	-17.071871	17.785957
	2.608916	9.833968	2.911430	-15.167222	61.696578	5.716022	34.317484	24.837492	12.125176
	28.634720	-2.047770	61.094472	3.527368	56.878679	36.710439	18.409664	-6.027184	41.211299
	50.514660	-28.520196	90.035312	-1.821776	39.015322	51.936588	46.428441	-35.569670	66.360291
	31.120765	-58.442603	110.627443	-28.764746	32.055020	47.231454	45.502137	-78.093592	110.680107
	11.137160	-45.460392	97.573358	-56.253673	48.002232	44.138522	47.415550	-71.849257	100.857554
	-19.258267	-32.583992	82.495171	-66.467981	64.229397	29.019383	50.031867	-82.832728	2.875216
	-26.952200	-37.675910	40.314370	-60.461347	30.981270	19.294479	-5.211285	-79.115922	-20.100162
	2.334839	-80.877249	-5.882670	-60.559446	-16.388291	9.395714	-17.681644	-100.118867	-4.391468
	19.639317	-85.395028	3.493464	-65.157690	-60.117744	-3.289595	-9.563212	-62.654050	7.724249
	7.388423	-74.850585	44.249850	-33.238404	-61.512083	-12.933413	-19.628921	-36.982299	34.635321
	71.170556	-49.164550	16.600944	-4.335893	-93.470764	28.783217	19.610186	28.446306	73.124142
	41.204193	-39.635564	-4.869839	10.194403	-60.610601	42.916136	22.605962	7.865249	17.605535
	24.535356	-26.187200	-4.833138	17.918358	-53.206818	56.265400	6.739200	20.825809	25.381029
	-9.935961	17.449121	-24.953180	44.402980	-50.374051	36.959890	-38.943396	71.534753	-31.570554
	-30.781012	57.144022	-40.433839	50.979837	-6.910188	30.876269	-24.410353	45.314409	-79.371245
	-21.646909	67.313254	-24.034442	40.215770	-28.736804	16.059606	-18.399619	55.307030	-62.433189
	-35.788550	80.232891	-9.603539	46.355973	-13.755586	-20.597109	-40.042008	23.920450	-32.474510
	-27.210109	61.276468	-5.980041	18.859833	-3.403472	17.564736	-5.601033	47.304313	-34.975879
	-23.820705	55.810751	-9.592299	-3.150113	-44.686843	26.089811	-50.105033	65.692772	-68.386989
	-53.483952	46.088855	-28.725627	34.035883	-58.700835	4.321232	-40.151801	83.021586	-79.949214
	-37.199844	18.221669	-23.491809	23.269928	-50.079346	12.068091	-6.643815	55.686973	-102.307677
	-31.688686	25.595546	-8.647742	14.099617	-45.277886	-5.670939	-39.519139	23.741872	-91.378723
	-4.992048	57.736805	12.621673	18.003447	-5.858922	-19.033324	-5.584251	28.448102	-73.240482
	-2.848658	65.535650	50.797043	7.320806	-21.841755	-8.652606	-35.757694	29.916957	-53.257901
	-18.654977	76.301780	60.599051	36.580619	-36.283685	-6.675290	-26.421508	17.376234	-68.481688
	-21.904661	52.097999	65.683847	45.769217	-43.622257	-9.568616	-9.929169	29.251190	-20.246197
	-10.894155	43.159047	18.652497	5.345374	-62.428006	-5.561959	17.904713	29.862547	6.806581
	8.759616	27.090100	7.635204	4.623790	-1.766646	8.904593	-9.915808	36.613111	-6.314676
	3.083261	18.076241	-24.215267	-17.187139	-8.840575	20.001796	-9.977649	25.210131	-51.651496
	-16.051119	37.029887	-29.968935	8.613579	-5.366584	-1.280239	-3.368615	29.083845	-26.203767
	24.420026	58.356521	-45.970864	10.672197	42.622275	12.396183	-5.828394	6.509050	-22.495560
	-22.636117	66.828320	-30.952006	25.598802	19.041101	6.406532	-20.641094	33.899482	-39.258166
	-18.313648	34.700039	-33.279853	43.985854	1.214166	17.349677	7.659927	46.986124	-16.508474
	-22.089051	-8.750602	-59.678285	30.135587	15.398185	-3.882574	4.849945	31.353125	-23.228993
	-4.162300	-11.754183	-56.140023	27.874539	45.315946	-12.862970	9.220788	3.364450	13.546552
	5.090637	-20.750177	-67.379524	10.947369	22.816939	-5.060470	6.802668	35.899117	10.689036
	-11.479601	-19.884063	-61.749044	10.623623	10.742160	20.033968	45.405614	17.296564	13.638458
	7.071513	1.034833	-52.951275	29.040329	20.550248	27.178926	2.162937	-10.150025	-13.448627
	2.408242	40.405573	-84.773682	41.800222	61.523722	4.145658	50.294896	20.323329	-30.010370
	7.202835	51.796541	-82.871698	27.523841	51.928429	8.045829	45.341129	32.994536	-44.689072
	46.879881	28.814398	-89.889454	38.257590	62.765343	-3.800502	67.665350	16.067202	-10.266967
	29.968267	-4.050370	-75.091548	-1.304129	78.376235	-49.079254	15.078882	8.626379	-53.935741
	12.089520	-11.011594	-46.890823	-15.476240	29.438748	-4.209076	13.753002	-20.329186	-23.390421
	36.131759	8.034648	-45.414184	35.795348	-9.497167	7.211250	41.130898	7.170216	-46.964046
	1.459177	-4.439154	-67.953734	1.691912	-1.211828	-19.798044	28.535367	23.467232	-63.722878
	-4.776761	-1.305643	-70.698314	49.553288	-36.816448	2.768424	18.982153	37.922726	-32.646604
	-3.691226	14.897564	-65.247172	50.334906	2.051073	8.167121	39.689486	67.712935	-6.691174
	42.230394	-8.631410	-48.644344	45.534250	16.660118	28.096252	49.016409	38.363005	-10.772363
	11.242835	-31.975057	-1.973863	8.312651	-5.819890	-1.641179	5.931932	58.489831	7.717724
	5.437802	-22.832337	10.607362	-5.872275	-15.664037	-1.864735	-16.137172	33.887313	18.374262
	-18.746333	8.249646	7.724628	-2.449685	-27.270702	-20.861327	-6.911327	13.994953	-4.393903
	24.493190	15.318639	43.737586	-8.542519	-26.499116	-15.857278	4.436638	3.704027	0.319347
	-0.469819	1.152752	58.976736	-10.195829	-31.268992	-6.638529	-1.336433	-7.809318	-15.167635
	11.133659	12.783708	61.829007	8.812284	-62.036536	-18.790774	-19.572161	-14.026390	-21.919382
	-1.038717	-19.214006	31.420220	29.107459	-75.558568	-12.976389	-13.617807	27.812364	-53.675482
	-29.044182	-43.844916	41.827906	-23.479008	-66.325124	-37.577808	-12.405564	4.768138	-17.925069
	-19.308864	-38.815154	9.307203	-28.456364	-47.069130	-26.603786	-40.945256	-2.988317	-14.511257
	-35.866159	-15.858372	-3.112234	5.325272	-38.188375	-37.663504	-38.382853	-8.898727	-11.089236
	-28.355858	-11.971385	-24.541060	-24.035105	-10.265649	-32.729601	0.941546	-10.092742	11.065689
	-33.618459	-10.283211	-54.764458	4.969943	5.075274	-30.553255	33.518646	15.028452	-54.596933
	-23.731519	-12.207951	-55.778015	-3.441320	8.559042	-2.552511	9.396453	17.976375	14.282580
	-2.215157	-6.939872	-36.937609	34.131189	-12.780258	6.224204	25.437408	39.724106	-20.419198
	-5.642223	5.712083	-5.819742	36.824371	6.891297	23.634346	27.411129	10.348177	-45.833084
	2.416885	14.479870	-13.894364	61.201366	-40.857555	2.565909	18.063471	-9.514015	-1.526245
	-14.662716	25.201642	16.703512	51.933367	-25.120645	40.932670	-32.503544	-0.601803	8.563282
	12.599485	11.912040	33.099061	38.624175	-7.542650	12.075214	20.236469	3.375846	-8.680781
	3.539120	41.462607	-15.004431	6.464293	42.953526	-14.335688	0.980976	-13.515730	-13.481659
	-0.474022	31.375638	-85.952610	1.586368	70.283710	-27.912203	16.894483	-13.623878	-37.129416
	-20.925468	32.848288	-96.655730	4.498688	58.409187	-39.997000	38.774221	33.587634	-39.176710
	0.899302	6.847655	-103.133216	-7.344920	54.290964	-34.447928	15.960295	10.219148	-23.218495
	0.449021	36.331781	-86.431646	9.450653	52.139065	-2.608836	41.283523	17.473346	-2.334361
	-1.948237	37.536947	-99.205296	14.588646	20.066374	-5.378073	2.593269	-6.809781	-37.724468
	12.036438	34.576699	-57.541048	20.574647	-3.403197	-7.627130	-43.028873	46.385326	-77.147274
	-21.269802	11.266316	-19.692714	28.226967	-21.413626	-2.496791	-10.107237	42.961344	-64.426931
	3.128773	-3.005955	13.834692	-4.650090	-43.366154	-5.968066	-16.926945	17.372749	-18.223014
	-31.897460	23.769180	12.209399	-13.391241	-44.324686	-16.616630	-32.993914	9.608365	-11.324429
	-28.866862	18.644208	6.253429	-23.328418	-15.833238	-34.301458	5.284559	-4.565445	-17.045914
	1.096433	-2.070427	-4.056923	-44.194267	-22.546281	0.982106	-22.521094	-1.926809	20.090034
	-11.096587	-14.117926	-15.973167	-36.105035	-6.374579	-7.586064	1.802904	-10.192483	39.153986
	-11.864457	-32.770996	-28.255079	-16.040800	-27.296664	14.548641	-24.575252	-0.432854	37.544892
	-7.857902	-19.682755	8.615917	-15.504192	-14.248440	14.305056	21.318606	-11.788901	73.634139
	4.624731	13.978547	-22.859202	-5.535605	-30.104353	27.812130	-3.923322	-41.866659	17.743314
	-4.393397	41.829774	16.600606	-7.366284	15.750990	31.604233	-10.466033	-36.232920	64.581078
	3.257832	56.090927	30.408711	16.294559	44.851297	29.808898	54.177872	-59.639584	73.933247
	-9.963430	38.997819	26.517443	5.568526	-1.664824	-5.896258	7.825529	-44.367491	30.613887
	-8.291779	32.734544	47.894501	18.960478	-9.058453	20.298464	-7.223169	-62.523206	1.654972
	8.143479	22.322493	62.713188	2.790329	-10.145533	-4.844246	14.981234	-52.450103	5.503358
	31.473377	-0.138205	44.300547	16.691861	3.461176	-23.192663	8.532029	-29.659307	10.956226
	68.601450	-47.537679	3.146831	36.042929	8.264574	-41.149547	39.984699	0.118210	68.156616
	43.300500	-32.379361	-18.744106	61.301071	28.713034	-64.993442	93.981765	5.449324	23.614476
	10.941868	-21.278863	-25.808639	30.646542	-12.404114	-44.054003	17.181842	19.980256	19.423032
	24.437861	-42.401422	-46.922594	14.593197	-5.343878	-40.286268	-3.471836	-0.824917	20.566056
	14.823612	-34.709078	-63.682780	17.513095	4.893639	-26.123065	2.594822	0.531331	7.364359
	28.798607	-42.325308	-92.662274	12.365070	-7.092370	-25.979483	42.719599	-11.335841	22.314381
	-3.610877	-45.508526	-64.360508	-14.347335	35.121113	-44.692292	30.234132	-14.709246	21.474129
	26.677754	-49.076912	-44.149431	-7.712910	17.790535	-14.352726	52.546240	-42.876088	32.742530
	40.224936	-47.634952	-38.797324	-22.792222	48.964609	-20.136313	47.683842	-36.012649	50.445974
	45.255499	-51.062262	-48.382771	8.584051	53.810063	-19.456843	51.043917	-88.247658	36.851159
	24.110131	-53.195124	-12.306490	-41.311958	46.868124	-3.966235	12.385193	-89.024260	35.878654
	17.531045	-86.003155	20.842527	-56.246404	23.845980	-7.373466	-1.692850	-58.097221	19.341494
	26.705953	-117.187779	55.580586	-80.835767	-2.068373	-14.824068	-20.976303	-89.588218	54.190001
	35.893420	-82.722820	64.702234	-22.994026	-2.194557	-20.573297	-23.980866	-68.289566	98.415497
	9.285524	-40.591666	8.948988	-28.339001	10.071422	-21.096752	-21.560018	-60.576514	48.151156
	9.502923	-18.122843	-4.274007	-14.025986	24.572095	-1.312878	-6.994575	-31.449303	-12.502075
	4.189481	-19.562483	23.706416	-24.257216	42.985645	-18.308374	4.925521	-39.348076	32.508216
	15.148760	-25.641481	33.826548	-1.205837	60.524426	4.951667	34.209694	-48.305281	6.586280
	43.496183	-51.802434	61.561988	24.662544	15.113684	15.068219	33.761517	-44.155571	71.747990
	59.270969	-77.841918	68.572180	36.450844	-33.459652	36.808411	51.325088	-45.723106	100.260602
	33.235724	-51.283176	68.693250	9.228415	-88.654893	30.030803	19.762231	-12.033281	77.932614
	-0.378534	1.114919	91.896295	-41.715499	-84.986666	25.199860	-30.300472	-39.805457	46.801509
	-35.449307	53.355957	62.218894	-32.104756	-9.331530	-16.368302	-57.863305	-39.484597	33.792189
	-27.816281	64.895257	49.298768	-7.926865	1.570315	-0.593549	-39.742088	-15.765792	23.485435
	-29.211433	71.859950	53.225371	-33.034603	32.424750	-19.460432	-22.856328	-36.973715	-16.560817
	-7.905509	52.797907	45.106312	9.144350	-15.693149	-6.749496	-9.775014	-29.558205	-11.935097
	14.980458	63.519263	33.164233	20.014268	-46.185202	36.321025	16.070976	-21.150870	-0.833742
	4.817806	59.331790	18.845470	45.288951	-8.342841	12.834494	32.285166	22.424115	-19.595327
	-0.828886	38.022113	4.957101	65.761554	3.171308	28.243486	46.672380	65.859896	2.706370
	-15.594666	-12.269861	-11.008477	83.883277	25.551144	-0.904856	84.044720	59.970615	39.421391
	14.484195	-36.243842	-17.700640	43.482570	54.809297	-26.698874	53.474265	54.202321	20.753576
	-9.438645	-39.822150	-15.839651	-0.775497	28.990526	-22.775512	47.820813	7.322408	25.048514
	12.069115	-24.117517	22.736386	-30.801680	-1.733527	4.679563	7.077112	6.100265	21.095756
	-8.085168	-18.899887	13.435122	-42.732897	-25.551137	29.884611	-36.017163	-8.026671	10.249823
	1.734560	-4.897059	2.961421	-21.559015	-2.983161	19.803886	-10.412606	-17.782437	30.172104
	6.782961	12.675043	15.426343	-15.742012	7.573489	18.104593	-16.120889	-23.689267	-4.967597
	-8.865570	3.796520	-22.886678	6.423893	21.112695	-4.420746	2.450882	21.240465	16.085701
	1.959331	-7.980948	-48.773332	-23.052055	45.075328	-11.955424	0.995211	-2.755967	-14.582136
	-6.906496	-1.039660	-61.645970	17.428472	28.783709	-42.092643	-9.545682	49.191959	-27.021963
	18.362080	15.191612	-45.540820	3.881228	71.050307	-23.420446	33.017345	28.456373	-10.124499
	25.931996	-3.136435	-17.707790	-11.636912	29.557897	-39.736046	5.418271	9.926616	13.740573
	57.003295	8.569134	10.600800	3.586588	35.154533	-22.104351	4.286183	-25.782039	-8.821007
	14.937406	12.177012	13.996882	-12.407822	34.394337	-10.749550	10.590193	-22.851426	1.859540
	17.460470	25.317359	-2.980616	0.891898	-5.513644	-24.297841	-20.572893	-24.440451	-23.922792
	9.258058	37.066823	22.591235	-29.437546	26.806827	24.039675	-16.895704	-31.945241	-10.549153
	-2.299318	75.342941	13.185979	30.267971	22.218137	24.773243	14.708707	-12.255069	-47.075048
	1.390210	71.723410	32.311588	25.487000	3.847898	0.897242	-13.411408	-55.898571	-21.795178
	9.341868	59.497964	21.350991	-2.310624	5.539562	-0.990650	-28.359983	-7.828886	-29.125697
	-25.109699	39.560138	7.678540	5.227819	-5.313054	-22.823027	22.849101	-24.434696	-5.041490
	-28.992111	49.334727	-2.879935	9.038536	21.734154	-4.782108	-4.188413	-22.697424	-7.525272
	13.497677	44.920767	21.037482	-8.918011	-11.175093	10.408442	3.991908	-20.763043	-47.754961
	-7.618737	32.654968	-8.640968	-5.001057	-8.810161	-3.337126	-9.109429	15.015669	-42.770029
	-20.397175	-6.827791	-10.336062	5.254185	12.799652	6.500137	-42.954459	11.590532	-35.039974
	-27.502137	-16.020208	-26.067571	16.560770	19.971576	-1.771684	13.010752	10.999726	24.311443
	-16.627047	-24.952064	-29.122761	16.551001	69.195854	-30.140842	61.203281	50.063449	12.971713
	-14.231334	-40.790895	-52.395009	14.508354	45.948316	-11.116205	43.635190	58.486995	40.029064
	20.184202	-18.984762	-45.237921	41.356499	39.401843	5.498722	36.512625	68.339987	19.888364
	20.325248	-7.569756	-7.464106	15.390311	2.850481	29.322699	26.316493	42.735861	20.087140
	12.201821	10.452996	18.251960	16.185353	-26.244342	72.144541	10.396954	33.525690	3.411179
	-9.291000	-9.894814	39.432038	-32.215987	-79.779394	73.321795	-48.786181	-22.643594	-15.815022
	-25.491447	33.852931	8.967374	-27.138742	-69.582973	44.748733	-77.739297	2.867515	-71.510195
	-45.702265	11.935589	-11.567162	-29.334562	-89.614832	35.899138	-71.354502	-19.139146	-48.531279
	-15.223772	33.013732	-8.459444	6.856464	-54.115458	13.546221	1.792741	-28.358140	-56.133170
	-6.122932	23.493928	-9.899616	8.785554	-94.717158	-3.617254	-30.099985	13.939106	-37.738258
	-28.606666	13.660285	-33.344311	7.461416	-47.346118	-25.793632	-30.271988	6.194502	-30.849203
	-12.304068	-33.390750	24.628038	11.704410	-34.603150	-9.714477	5.757590	2.205502	-29.247322
	-25.395797	-5.030638	11.355088	35.995336	-17.571921	-23.758425	-2.140390	23.440145	-28.428823
	5.624522	15.223220	44.662962	61.249708	8.493801	-1.786499	44.440123	34.597117	-33.021336
	35.559585	28.848978	46.111412	87.715346	48.708036	-26.716704	61.877431	19.950071	-27.553387
	50.904954	33.184174	-13.269915	123.197434	25.519257	-7.422023	95.792106	63.463956	-53.976013
	45.483238	45.992311	-37.482132	92.653933	50.039368	-46.412360	64.619111	76.053360	-7.445042
	26.273799	19.255407	-36.998236	99.529718	74.157029	-6.706533	102.600606	37.865735	10.247431
	34.183602	-13.187574	-34.299206	98.462039	61.287600	-13.765359	72.322468	29.671501	19.227466
	58.593718	-38.130548	-62.001723	92.174702	64.630782	-14.626820	79.638016	26.717401	4.066079
	52.089703	-43.137680	-83.542052	61.402465	79.193534	-8.440943	93.172125	26.380803	6.501114
	25.995628	-30.563312	-88.589796	56.373205	68.294715	-48.070089	41.493012	29.197937	9.374419
	15.429523	-34.017157	-87.237792	13.820618	66.971910	-32.612353	64.557147	23.322313	-14.590104
	27.574851	-26.550653	-117.923447	22.439911	96.539947	-55.772171	44.941689	16.693079	-5.778782
	27.126496	-50.040975	-110.150772	18.747081	62.234327	-69.614018	34.972633	11.443089	-4.165466
	24.891340	-53.253129	-78.380416	-14.361226	105.615899	-81.088335	28.175499	0.095108	38.356925
	11.382326	-50.787722	-46.394519	11.911663	55.603898	-41.365255	10.142433	10.079971	-7.910639
	3.534325	-45.611282	-29.097973	29.782548	41.205819	-31.130180	46.789009	3.792375	-17.520184
	37.707960	-38.097189	-39.554484	42.889522	38.570146	-16.646615	61.200189	32.065094	-7.891490
	26.146774	-33.740416	-82.686475	47.163394	0.121417	-0.028377	58.313080	-7.348370	-18.789246
	16.955935	-29.918645	-87.320638	39.713965	4.535800	27.637961	40.352697	34.753376	-17.959030
	25.709077	-36.487865	-72.840542	11.970691	9.260821	11.355482	18.299179	24.684289	-63.052737
	23.238125	-15.559273	-21.461624	26.471664	30.456002	18.144590	22.016407	43.506546	-63.097612
	10.005768	-17.759156	-17.443566	-1.481142	61.044764	21.091486	-10.959880	27.522120	20.155247
	0.155652	-44.108093	-25.078436	-4.221490	36.234559	5.805756	13.427490	27.080056	39.316286
	10.005056	-36.635660	-17.899970	-54.936551	-0.497770	-28.440914	-2.023161	-39.728564	14.142843
	21.085235	-43.858932	-41.125246	-38.886926	44.744274	-28.325560	18.873078	-17.646370	28.024417
	-20.991473	-36.612335	-19.735490	-14.535290	19.012627	-26.411977	-23.107392	-30.843691	4.355880
	-8.956597	-31.521770	-21.903582	6.732812	36.728528	-7.647650	4.998108	-14.586178	-11.727218
	-16.300022	-18.130397	-4.531811	3.889334	38.952337	-12.860580	-15.400409	-16.950676	-1.679057
	2.673356	8.136834	12.186593	18.799505	51.328628	-8.389183	-11.006799	-41.839572	-2.923093
	34.500946	-2.745299	29.966403	7.660949	33.621398	54.598149	57.436795	-9.900352	1.873684
	63.351431	0.874951	20.505217	28.043807	20.035464	-1.510744	49.049200	0.420803	26.695882
	45.110062	-1.340874	44.138170	31.376892	-17.426460	36.124731	39.695856	5.061874	47.602939
	32.544216	-25.588447	33.948914	38.179597	-9.079589	44.958223	37.481662	-14.578560	-5.066399
	-10.329888	-18.194723	-0.974950	1.123522	-39.526869	16.249200	-7.951057	19.536977	-1.161117
	40.005749	-21.717117	44.673898	11.836119	-33.200040	25.678937	42.788480	-25.354602	16.530935
	23.154284	-36.570061	61.722774	4.476224	-27.193388	44.505680	27.311529	-3.527909	50.166787
	33.992432	-26.134777	86.487735	-16.601150	-12.282880	70.630608	47.496619	-28.629108	46.774755
	32.111012	-39.278606	82.397309	-29.280243	-20.688776	62.410120	17.865708	-52.848856	82.964707
	32.953060	-62.225137	79.263911	-57.200876	-11.569744	42.777615	-3.952001	-54.486196	55.176830
	24.822904	-51.014137	39.878566	-58.922288	-9.036420	42.287264	-18.567365	-11.421792	50.441529
	20.187765	-66.034306	6.583396	-36.346119	-9.648941	17.892871	23.790202	-14.697483	77.857121
	26.200277	-45.586441	30.667208	-37.366526	1.216901	31.186912	20.948400	-32.180732	105.696007
	-5.949172	-56.718234	5.748770	-16.552695	3.106598	28.129981	20.310344	-2.560210	49.492982
	16.366220	-30.355745	24.302017	6.363709	5.226797	17.778259	4.790974	-8.870690	20.960611
	7.318537	-8.101923	40.689114	34.511533	-8.882094	24.833982	11.599725	-23.134420	33.972623
	-4.222702	-18.362547	46.348009	3.917363	-20.302616	0.838661	-9.454957	-10.233666	11.458655
	-10.806077	-19.872087	56.931557	-10.276039	-9.534742	2.219288	-17.468858	-32.027276	58.279177
	-15.701751	-32.151646	52.772288	-56.912382	14.153459	2.526783	-9.917128	-53.520321	71.066520
	-4.415962	-41.583662	37.336461	-52.892556	21.747972	12.391315	-9.123154	-72.609521	69.192997
	-18.230745	-30.683310	18.925535	-65.298930	41.334821	1.303042	-30.303366	-36.589619	5.848531
	-19.186855	-12.097778	-15.117742	-19.920170	28.826214	-3.650637	-15.755427	-34.173849	-18.500521
	-33.560033	-20.899769	-51.105443	-32.873522	56.999000	-16.172437	5.500623	-24.361395	-33.643725
	-14.722983	-51.164219	-38.489490	-42.688697	30.294301	-3.618230	-30.791706	-8.783159	0.330254
	-11.956498	-57.308673	-12.683156	-46.637413	39.768278	-28.223546	-38.249798	-0.935449	7.254069
	-16.035830	-67.821960	38.916892	-74.385929	1.442391	-15.719354	-43.508138	-46.634496	36.479237
	20.613676	-57.007575	45.602527	-56.827219	-32.435299	-8.582232	-66.388111	-56.623582	64.240668
	9.925215	-36.537181	58.196226	-41.773283	-65.926782	12.135684	-19.986959	-29.749178	41.189202
	-21.317009	-32.366970	35.064544	-9.882434	-88.358081	11.148995	-10.767809	13.934167	8.747232
	-13.023205	10.403796	46.670352	71.348629	-93.460447	33.717976	8.556209	13.162406	-24.607534
	-8.362448	43.780016	47.820391	43.002826	-76.046655	17.101980	-30.189618	27.131359	-22.183369
	-35.474320	48.656848	37.975176	52.846061	-91.804251	-4.649618	-30.268364	10.956480	-43.447113
	-25.881871	38.776998	17.030935	7.115641	-88.289283	-0.652945	-59.810743	-27.291249	-6.314135
	-35.945433	26.028648	32.926663	-34.675731	-74.976424	-3.432658	-71.725630	-27.547337	6.858058
	-14.435050	25.786223	31.214525	-48.447142	-97.480768	12.776001	-69.781006	-20.717557	-33.451142
	-34.867552	31.149299	42.577963	-27.691389	-70.252528	25.221863	-43.778262	-26.595431	-20.746746
	-35.057536	61.363101	68.239666	-31.344350	-22.780856	6.887569	-55.471715	-13.324445	-38.890992
	-59.258891	72.684591	58.504700	6.822165	-60.967179	43.713762	-48.385218	26.608869	-46.389147
	10.968019	90.948524	69.387898	14.787103	-46.967916	54.646106	-24.079754	4.595780	-69.620310
	-29.728235	98.415649	90.936161	18.821208	-40.273810	52.620086	-2.396598	47.718995	-54.490450
	-25.833435	73.925818	82.587656	24.937869	-50.998926	2.586541	-15.902368	9.702604	8.946411
	-21.825112	36.842661	85.771990	-3.234083	-6.169701	5.509028	-28.597399	-13.246435	8.879533
	-36.942706	19.970352	51.031623	7.021059	11.232492	-2.349659	-3.785020	-22.620589	6.887019
	-44.027309	34.067607	5.958639	-5.681757	-36.131885	-13.761036	0.099010	7.708287	-49.984418
	-29.504369	32.886184	-9.018737	8.429750	-27.282214	-14.276533	-8.917352	17.263850	-35.035763
	-31.923417	37.347277	20.562738	-18.544141	-38.411932	26.109151	-34.580440	-4.252759	-38.655615
	-44.643582	50.118147	38.609147	-8.058293	-13.827069	12.659270	-42.204142	1.589342	-25.206114
	-38.892313	56.259866	31.358139	-19.259144	-20.466840	-0.141222	-11.251010	14.688220	-27.914616
	3.553880	55.230467	26.772669	16.639243	-1.248293	14.053828	1.320936	0.977381	5.260041
	16.444161	60.102115	35.061364	-3.434382	-7.461797	9.480809	-9.894149	14.018998	-10.259407
	15.205784	38.889612	17.179520	19.515670	2.992299	13.869656	-1.090427	0.023726	-44.892624
	13.035954	37.564589	-27.714806	23.583862	-5.900113	-16.478329	-11.853117	19.229614	-52.762905
	14.719256	45.901082	-39.654842	3.747948	-12.596518	0.353576	-2.651914	-6.277319	-66.969676
	-23.486002	19.912934	-48.173596	-4.106845	-26.570480	4.258816	-31.474531	9.348656	-28.157564
	-35.477708	12.321086	-70.232426	-26.386939	-62.796688	-13.399064	-42.576174	30.145941	1.265685
	-26.501115	-2.073996	-60.495808	-31.886494	-20.028552	19.367068	-25.754028	-15.359424	-22.048359
	-26.861645	6.129699	-68.618685	-12.974165	-7.437562	-6.639546	-29.271161	26.332822	-11.805961
	-35.294051	18.578614	-62.468849	-28.737266	27.752330	26.368284	-20.050464	26.097833	-19.841317
	-27.625866	25.420786	-38.612463	-12.954406	-12.562638	-24.252981	-31.006599	-22.714666	-27.892499
	22.886082	36.458212	-35.284817	11.386016	13.946343	16.131987	-20.286497	11.930598	-47.494227
	12.672218	50.960338	-23.299411	-15.131860	20.707211	19.329056	40.100781	-3.763514	-9.097790
	5.571463	62.766645	0.327220	39.069286	10.919535	8.322228	13.974880	2.165845	-2.796325
	31.304301	52.217515	-28.596966	29.247532	20.916713	9.792604	50.419069	27.698749	-3.370575
	45.255133	14.046558	-0.516149	28.662554	28.282549	11.952074	41.256709	13.661683	-12.249624
	13.290621	32.712451	31.150219	-9.622131	-21.695054	-3.348257	-6.955621	-23.643335	35.612786
	-27.632963	20.671290	4.139050	-26.707951	-21.792047	-10.177317	-13.904729	-15.301278	-27.232200
	-14.583321	13.508835	30.808580	-13.159697	-43.963936	-5.443849	-20.860508	-51.227593	-16.324876
	-2.257692	40.531187	45.176693	-0.427884	-15.336733	16.377487	-8.761374	-14.063987	-3.509124
	11.173926	28.152501	46.050911	13.684728	-36.505450	-10.869145	2.619141	-22.775272	-32.953991
	6.316560	19.544908	27.874333	28.149851	-29.878667	-8.630156	-19.755509	10.817068	-45.088272
	1.449031	14.557943	-14.127586	17.363805	-42.047733	-15.293885	-4.673097	34.687556	-20.491017
	15.809275	-1.232966	-42.314824	56.015818	-30.971501	14.404404	26.737053	-0.298196	-9.302675
	2.328797	46.398780	-36.505673	30.927578	-12.767704	-16.462422	42.467885	25.872395	-3.849261
	14.772378	32.974491	-5.317804	-7.280380	-53.103972	-18.633153	7.699402	-1.177098	-3.407437
	3.311454	31.761042	36.079061	16.667898	-16.371238	-7.424539	3.620299	-19.477101	-41.877057
	23.082853	19.253109	60.696211	32.713377	-17.572939	-14.788139	9.534174	-26.177507	29.635341
	-2.265995	-15.774939	-7.806538	40.001680	-28.680174	-25.131607	18.964549	-20.004959	29.634650
	11.900156	-8.495761	13.839432	4.240071	0.055269	-25.829790	3.688107	-50.160169	9.509277
	-4.862131	2.118236	17.585953	-22.009709	-9.564892	-20.852938	11.841973	-61.439763	-10.311311
	-30.248999	5.897746	-15.969532	-29.237361	-19.504446	-22.822195	-41.630253	-27.125843	-22.851968
	-32.673756	-8.787968	25.789212	-56.390109	-27.248720	-64.698280	-50.855028	-36.077023	-28.690289
	-41.009293	-25.741529	2.816956	-66.902505	-46.437118	-32.947677	-40.749310	-47.318471	-14.318239
	-34.293775	-32.759870	8.269618	-70.295293	-52.982426	-30.835446	-64.616699	-1.925336	-38.992704
	-9.733628	-36.378457	-11.865901	-43.340512	-34.219654	-16.062421	-46.590998	-36.976285	35.790049
	-3.241143	-73.377163	-10.697961	-45.101633	-26.057813	15.461369	-8.717951	-25.279501	23.132580
	0.808019	-91.756574	18.932904	-31.865442	7.683123	46.447558	31.354912	-70.252804	45.909810
	34.740311	-67.619662	28.614051	-24.165273	21.707311	18.459294	28.929356	-41.174211	51.997752
	34.110858	-32.278925	24.422719	11.219190	9.510501	22.873355	17.015289	-35.561488	-13.012409
	4.480072	3.907155	4.964242	6.184550	-28.264106	14.166203	-6.765574	-12.254807	-33.220148
	-5.555975	26.417862	13.191324	-3.880700	-18.829640	28.042382	-28.741349	8.616308	-43.115194
	25.739544	26.906603	14.614058	8.184694	-31.616949	-19.034174	-14.510101	1.922879	-56.223800
	-4.626502	8.990584	22.010259	20.963002	-18.561555	-10.446847	-10.715422	-8.490411	-0.854930
	-13.483518	-4.040341	31.457894	25.349004	24.412215	6.728479	3.600853	-22.301514	-11.069991
	-35.389209	10.996239	-9.781958	30.932742	29.732127	-17.461372	29.416374	-4.741491	-35.104248
	-23.525526	12.237863	-3.188984	23.716772	16.359095	-26.410072	30.335118	8.914912	-37.688261
	-2.674486	-1.276368	-20.610087	-10.571983	26.425609	-4.934047	12.391846	17.466023	-11.780729
	13.619508	20.630913	-31.681970	-18.215713	21.445815	-1.874277	-27.684199	-2.438089	-18.228471
	-1.883083	25.824255	-9.552059	-33.560333	18.501346	-31.110973	-41.749577	-20.900178	-50.211800
	-17.716652	-1.931604	-1.664158	-55.856762	39.433259	-32.585168	-19.628002	-8.119279	31.592340
	10.364078	-36.470020	52.080441	-35.774908	67.444517	-20.491365	-3.033183	-36.413144	74.036836
	-43.616934	-2.676236	39.569656	-51.359958	36.907866	11.323825	-54.856752	-31.809546	73.413886
	-30.825298	-5.741426	3.489994	-11.781993	43.226040	-23.138187	-0.817290	-13.416150	35.335075
	-8.426045	17.584721	-22.147079	7.568754	44.041773	-25.598514	25.695737	-28.308460	-4.677674
	-22.370594	47.661542	-22.486452	13.366706	51.566100	-30.238379	39.676692	-10.091565	-38.883648
	15.482410	34.643155	-21.313399	29.892533	31.756961	-12.555929	38.317314	-35.117769	-14.825724
	23.370794	16.970608	-19.001288	-3.312308	33.231477	-16.939578	31.836935	-20.817774	44.033572
	-3.929899	-17.415759	0.130027	-22.282554	47.296462	-29.518484	-1.651096	-1.786113	61.136830
	-12.381202	-16.691071	6.164239	-69.483066	53.521082	1.490368	-16.303652	-34.140566	23.950259
	-25.552643	-31.724109	-21.520707	-14.726597	58.572218	-30.101014	3.480006	-37.786898	24.866958
	-8.664550	-5.728140	-36.062766	-39.687847	39.122105	-27.694702	12.575464	-15.487597	-7.828115
	-17.996378	-7.064274	-33.739598	-7.793559	-14.306344	-26.207709	1.457260	8.839729	-6.117244
	-3.226699	-19.730327	-37.489676	5.439064	15.087660	5.049541	3.188809	7.974114	38.576682
	-38.146999	-28.275586	-19.151672	-27.669831	-22.120716	10.261110	-38.232852	2.888251	14.858434
	-39.345402	-20.879122	17.054284	-29.341610	-2.090551	11.299366	-46.963111	-15.043342	-12.580715
	-4.048641	1.915416	12.325891	-4.608359	-7.510348	12.623720	-46.976847	-7.271540	6.326437
	1.081235	-1.260350	60.169198	28.953618	-0.319104	-5.226541	-4.575501	-24.605351	-15.271054
	26.734020	-12.002975	36.597889	32.153655	6.101914	19.098739	24.820562	-52.316967	29.446544
	2.969698	-16.204621	24.301986	12.700391	-2.700042	-6.384564	12.500593	-8.259464	-17.414508
	-15.935986	-4.904878	7.453807	10.965288	8.373143	-27.119048	17.674621	0.961354	14.327164
	-7.472494	-17.798432	7.419116	-11.429395	8.625480	-31.924516	16.733850	-45.490238	28.397540
	18.011392	-22.793269	46.186118	-32.019392	12.922191	13.599261	11.193623	-24.255063	22.127681
	-0.894783	-14.607479	37.669959	-23.421771	-58.289059	-3.783354	-21.657766	-18.645780	-4.309463
	-5.351977	-27.281751	36.202696	-9.587720	-35.597577	10.463003	-0.732369	15.919383	9.150006
	9.019044	-16.820209	35.654998	-12.936628	-7.853467	11.170760	14.479922	-15.913756	-4.472821
	7.850031	-23.895585	2.497563	-10.152034	-2.211015	20.102798	8.716297	-15.827126	4.513048
	-9.052193	-25.690824	6.326317	-9.754633	0.132687	-2.848183	1.417976	-8.147783	26.444007
	52.264328	-42.139327	-19.371838	11.284213	-3.880163	5.577389	20.252755	12.340223	34.001561
	44.981385	-37.850655	-29.555453	42.641305	-39.584442	23.407471	16.215516	25.755344	15.524254
	-7.885634	-3.242206	-41.727545	35.470078	14.104582	28.972015	21.542412	18.029546	14.968805
	31.401667	9.562049	-46.147421	6.357895	1.632649	-2.452511	-26.384475	10.447630	-19.492013
	-10.378875	36.372767	1.100409	18.450211	19.175250	-1.667854	-16.075229	0.472206	3.586583
	1.651301	32.581798	17.656853	38.407527	45.232769	20.672614	21.187718	-26.497985	29.146964
	39.405631	18.712478	18.183577	15.827905	45.775957	-25.090966	46.377438	-23.753818	-5.328552
	30.312408	-10.829247	13.075072	12.684828	29.530501	-11.827586	85.645741	-37.229171	6.578981
	35.644193	-35.275781	-11.910011	15.148451	-9.011213	26.584585	77.823199	-22.601549	-11.688110
	7.924737	-54.732355	-22.474319	3.566315	-53.017717	-3.780288	9.204885	22.730237	-7.363097
	-13.484790	-59.207334	2.841960	-14.554524	-32.353376	16.921557	-28.856270	30.812070	-5.095119
	-16.851432	-29.356637	10.409245	6.208840	-49.664152	19.922469	-26.649537	18.324183	16.618003
	-1.470047	-23.091737	-12.593013	30.035676	-8.799733	20.465524	-6.875152	38.281211	13.758039
	39.683826	7.158610	0.209444	51.097350	17.790068	41.935876	37.250589	5.456406	27.535347
	21.703137	3.367215	-21.970575	52.582889	8.777824	19.372628	52.595346	12.793568	55.509800
	54.576157	-29.688880	-20.796693	40.887663	1.382653	17.459938	39.116021	33.659833	55.173658
	26.301222	-29.506056	-21.854775	36.429342	-20.642817	-8.545493	45.750671	34.900906	44.436058
	51.874480	-25.269609	-24.463460	29.130927	-0.958706	-47.838484	25.648309	37.629602	27.216998
	28.924966	4.014571	-17.624064	30.046951	39.943997	-9.708324	2.248558	59.318939	14.386170
	15.133237	-1.468719	-40.472701	48.831187	44.342607	-21.379345	28.607419	50.857271	22.746837
	7.566297	35.638392	-58.307461	48.463361	65.986509	-35.044195	41.538589	40.357904	-8.821387
	26.099958	19.184314	-26.224471	39.028511	61.412183	-34.561025	35.789024	54.570190	36.932077
	47.930220	4.432955	-42.523788	28.752269	46.840970	-5.257264	16.524507	42.014515	79.891595
	45.975768	25.125538	-21.427703	38.574631	35.078337	3.260252	12.088182	43.380836	75.020498
	53.283382	27.189161	-18.328172	12.179654	16.364831	-2.856086	16.457071	25.958400	32.237631
	11.954962	30.022251	29.617263	13.739845	29.897390	-0.021929	22.364001	3.799638	30.342302
	19.209671	29.779375	40.089758	-1.594520	32.678766	24.480783	5.548075	-24.826571	10.740976
	-15.620621	-3.853561	41.471325	-43.449519	39.535874	-2.310305	67.215113	-43.494280	2.670179
	-3.146720	-31.268180	43.362427	-13.812880	50.653975	-41.664179	32.686038	-31.280836	-8.482609
	-21.948958	-18.107743	83.594674	-14.302601	24.427350	-24.594327	-8.344660	-14.264861	-22.489609
	-28.332000	-15.035313	49.694219	-8.665353	-7.749913	-31.005254	-12.819689	-46.589900	-1.472989
	-21.420593	-22.028658	34.555432	-17.871019	-31.905417	-35.658253	-23.655749	-24.333883	-23.592546
	4.365728	5.357400	-16.170610	20.896266	-33.117896	15.435702	20.532275	34.667154	-35.730950
	-7.874876	7.567219	-55.992865	27.461883	-0.995453	17.910767	4.714733	24.563634	-44.299291
	25.346155	18.127300	-42.897567	7.880383	-0.313585	19.191038	17.336997	13.662288	-31.443465
	-10.122041	-4.431432	-25.826336	-4.027470	11.925770	-0.297232	-10.646492	9.398107	12.023917
	3.241946	30.177961	1.791745	3.269497	-9.775018	-10.484130	-21.020962	36.566408	0.792149
	14.063242	17.239150	-0.632734	-22.623885	8.164996	-7.793240	-19.038462	32.413828	-20.092153
	24.102637	34.038666	1.905490	-0.251890	31.360607	6.030024	1.215415	30.987847	43.541790
	32.170449	46.550336	-3.623221	-5.265159	49.459877	13.374532	39.556055	7.550237	28.052369
	12.232360	73.627414	-26.643243	18.505783	53.461325	14.677638	16.144060	-7.590692	5.519466
	7.164159	71.664601	-46.120704	-3.121677	19.312262	24.281726	23.229191	-5.897581	-22.194426
	-23.254726	54.863430	-70.252587	5.496599	38.057745	38.216101	14.316959	25.170782	-24.003849
	-11.761532	15.422250	-23.454992	-6.142823	-14.895098	23.334748	-38.242975	17.309746	6.988372
	-23.357302	-14.192850	-35.491183	-72.149900	40.192884	21.455517	-82.723348	4.388501	17.355535
	-11.879528	-22.105959	0.525212	-85.145880	30.126294	13.318996	-53.682621	-12.641624	15.498920
	-11.243363	-44.280948	-14.768074	-48.712257	6.888173	-14.617978	-47.390172	-29.599732	39.205832
	-24.907648	-18.096464	-27.526340	-53.529943	16.127609	-8.576890	-51.106345	12.430112	43.192634
	-38.619903	17.677670	-17.854749	-42.845751	28.194072	5.967754	-34.137187	19.353354	-26.584023
	-55.089284	17.885485	-65.457238	-9.354459	15.678746	2.096705	-27.100435	13.914749	-39.210646
	-23.532563	5.773538	-6.558445	-10.034485	-11.440565	14.351468	-31.152615	31.407555	-42.352045
	-24.291985	-13.374348	-54.195962	-13.083433	-4.805217	-16.267768	-50.213933	33.198235	-13.193587
	-8.031110	-19.147757	-60.103110	-27.226532	19.316758	-15.262748	-34.073223	38.515735	-28.250101
	-16.719705	-23.765665	-57.098266	-68.657575	-3.760911	9.195838	-46.663682	18.199432	-6.843866
	-27.484943	-9.876484	-83.245703	-53.274622	-28.120862	0.083686	-31.016755	56.637714	-39.963011
	-13.242959	-14.875019	-50.066255	-37.412329	-16.240388	3.143929	-42.737316	37.714997	-63.909594
	13.384056	6.098876	-27.947985	-20.661442	-32.746287	-1.680297	-38.259098	41.603831	-19.723111
	-5.576067	-17.826839	5.093312	-21.595089	-38.734380	14.189467	-40.222521	46.544395	-23.150666
	7.205476	-40.611260	55.994234	1.724023	-16.850500	10.103725	-12.635776	79.703562	39.185280
	13.852340	-36.548713	50.085347	44.231517	-9.780671	29.893299	49.553289	73.864814	43.220253
	-4.187503	-14.701744	38.061125	70.826659	-4.564140	-7.424468	35.002623	119.279522	15.838932
	2.924133	-18.099790	19.002197	90.101221	0.916897	-35.504007	61.050154	96.354366	22.201173
	-10.538492	-17.839373	-39.759684	99.472877	4.192487	-41.123073	23.513444	123.491431	-9.958892
	-9.486314	-24.784659	-36.835993	90.540937	16.820985	-61.278836	23.840925	111.246304	-4.127164
	-2.122607	-20.341181	-0.495065	59.795319	5.335111	-22.134716	4.311096	106.212975	-0.982461
	7.318950	-14.849265	0.362647	29.382524	-1.655221	-22.122228	7.427000	58.968943	-2.428165
	-2.029853	-44.639156	-3.609888	12.933935	41.467951	1.945849	-4.350180	82.861358	7.679867
	7.327487	-32.532716	14.290553	-25.548654	35.901759	-21.151996	13.312830	39.424851	29.710308
	19.045850	-28.745387	29.655482	-15.220483	29.376455	1.873713	19.602472	43.939591	82.257271
	30.415263	-31.947715	19.745038	16.810136	4.754722	7.607723	23.236004	55.257380	49.584328
	30.849490	-36.740259	4.376428	5.085007	-35.306851	0.645502	44.015268	34.091307	15.429857
	17.276890	-15.948369	-29.021727	-11.717588	-19.111645	17.097927	29.929344	36.469349	-26.872377
	28.134733	-25.230062	-41.342898	44.370766	-32.038733	29.155041	29.799371	28.835160	30.568838
	39.293873	-7.194561	-58.357460	-1.272418	-55.516335	21.692346	11.503667	23.162318	15.000555
	-31.303777	-14.114586	-56.150300	-18.618560	-35.865712	-1.965288	-71.447264	3.067132	-29.825822
	-14.419023	9.866046	-62.450424	-42.672641	-32.639100	-4.639594	-59.805938	-6.134603	-23.530133
	-55.105466	33.495910	-52.066555	-18.187850	-41.723301	16.920508	-77.058269	45.757249	-62.633662
	-61.732967	29.647018	-21.993992	-16.027399	-67.140035	12.626474	-87.543048	10.716923	-69.701922
	-58.939656	27.307142	-50.672555	-4.625527	-30.946203	23.283218	-46.074590	15.848027	-43.789652
	-53.113541	23.709433	30.460511	-56.043865	-21.487017	35.506133	-57.555035	-34.293837	-26.440140
	-69.991401	52.199617	37.798771	-24.988776	-55.999247	6.990001	-74.645006	-39.145800	-29.082461
	-81.029769	37.444334	63.276922	-48.088925	-50.853216	6.208284	-93.138606	-48.064435	-65.424061
	-77.130047	43.940435	49.786176	-50.059840	-50.658033	20.690056	-126.919103	-16.426605	-22.572079
	-46.371655	37.389921	63.995210	-31.676264	-57.312983	17.534927	-89.662754	-31.476105	-28.449553
	-35.169554	34.697237	52.971133	-21.729486	-73.531875	6.305255	-75.826982	-18.725037	-48.669688
	-41.081637	39.007261	37.675607	-12.741466	-9.459904	18.204956	-36.727848	-0.817460	-23.775070
	-38.974724	46.632444	22.132553	-36.557700	-14.625333	0.091977	-31.384239	-0.697425	-27.816420
	-45.664872	45.713837	38.963005	-53.535425	-13.476233	0.082002	-58.015674	-44.612767	-47.643024
	-41.036189	8.411940	42.577636	-59.757091	-51.018381	9.851894	-63.666785	-23.576757	-62.853225
	-27.445241	-2.153226	50.875288	-52.884033	-42.950502	0.411846	-62.691356	-48.170112	-17.573107
	-61.081345	-1.694945	-2.710477	-44.650129	-50.184569	10.128455	-55.450292	-38.165277	-19.759845
	-48.854689	-5.518458	-25.945028	-45.217799	-45.379596	-9.862399	-80.268154	-41.197706	-16.862307
	-58.959111	-5.754920	11.087514	-59.163639	-22.260398	-7.939928	-17.377551	-56.916359	-37.428026
	-65.786981	4.019448	-27.184638	-67.766052	4.818269	-20.535979	-72.648551	-28.342355	-5.088927
	-59.987847	13.237849	-16.830029	-56.019961	-31.462900	-26.183972	-39.606291	-13.802419	-82.149709
	-32.523981	-0.494854	-23.191272	-44.808678	-31.431576	-43.122503	-48.173594	2.856625	-64.937565
	-52.501105	-2.172914	14.034507	-61.291731	-62.849349	-1.583415	-85.692131	-14.662570	-40.725718
	-39.361594	1.075867	50.819987	-58.714813	-47.474809	-7.127133	-96.312702	-36.575057	-7.169774
	-29.037174	3.094287	52.128891	-33.374944	-61.844255	6.081124	-46.934019	12.555276	-4.769627
	-4.678619	3.296010	60.310873	-18.382681	-49.518077	-5.357817	-38.022116	16.230924	23.619169
	9.912706	5.694377	9.808420	-18.383097	-11.430175	-24.286528	17.286820	-38.256501	21.346684
	29.254652	-22.832605	-55.218638	-13.884126	14.364511	-25.173654	46.083741	22.447289	79.663639
	70.589542	-40.321494	-99.861397	20.927454	63.057927	-28.125668	58.338861	8.136325	15.516869
	44.303286	-45.526124	-52.739845	3.561480	58.689712	18.517669	57.628285	-14.520047	-12.127005
	43.491364	-50.723831	-22.194365	7.043811	74.856845	-11.721404	39.150102	-17.458670	17.123390
	46.199006	-43.635212	-28.313182	17.246400	27.411211	5.990703	33.868236	0.259478	-2.070555
	36.427026	-33.405599	-36.309954	7.615387	28.080787	5.679125	29.830226	22.746671	0.423926
	26.541525	-43.984910	-69.559497	33.883345	52.951672	11.370605	34.595440	26.935787	0.863351
	11.213272	-37.754597	-74.611204	14.208476	59.259687	14.834887	18.755219	45.848714	-41.477228
	31.345882	-3.679208	-74.896805	48.727705	94.515355	-11.908329	43.724855	43.047781	25.758338
	33.298005	-21.655722	-49.564918	36.034801	56.320333	4.895776	46.521262	44.562981	16.999983
	24.637266	-11.615149	-54.288000	42.471713	82.694940	20.398683	48.473081	74.307654	-0.156818
	32.124385	-13.198048	-36.116268	15.493780	103.164556	16.386912	56.293164	23.272254	7.999990
	36.782036	-16.510648	-31.216765	-4.148352	84.098599	0.668456	12.935962	17.489004	-15.905286
	55.770611	-36.138958	-54.016433	14.184398	64.677222	10.585334	54.899815	8.550960	33.582296
	48.216937	-18.682162	-49.540613	44.289171	40.805403	-8.840089	27.183188	53.325093	-7.557111
	32.084014	-17.565027	-55.742550	4.264912	18.434464	-17.628342	77.179685	47.291226	-28.122001
	28.289113	-5.048468	-24.455209	37.496193	30.241843	3.015966	32.989911	60.070899	-0.377810
	39.825459	25.014442	-26.092655	47.361554	39.631279	-7.086066	64.222153	40.128241	-9.228282
	21.491154	41.811554	-23.595862	58.875215	59.774489	-6.240317	51.362857	23.001003	-42.922745
	12.500130	32.791551	10.307690	50.595569	60.881845	-10.325760	29.622924	27.286916	11.464892
	12.166753	23.171462	2.561145	-0.403392	43.915222	7.278747	23.123933	18.867913	-13.603067
	16.378824	0.198487	0.094082	21.113434	37.642095	-3.700427	-2.484171	21.231125	35.831715
	10.820959	22.671494	3.968611	-12.138651	1.613008	-6.065905	-16.662077	21.885367	9.728625
	-17.683528	42.840627	-21.842175	-6.037913	-34.277205	-21.684245	-28.844261	73.488833	0.482640
	-2.552533	42.301019	-30.559824	32.485517	-41.844899	-15.683615	-40.835358	63.506808	-43.732387
	-4.678783	37.999357	-3.082730	7.977396	-71.825098	37.952453	-33.436680	45.550690	-62.225101
	-24.183206	38.229289	-0.652219	-14.333513	-34.352089	6.891074	-72.957687	41.735350	-47.601449
	-16.465295	31.258089	-3.078721	-3.576680	-29.712523	-11.483343	-51.219200	30.843009	-42.603874
	-4.517609	-8.537181	26.732713	-7.161403	-51.443385	-18.126791	-28.148886	39.140167	18.730244
	-6.026968	-20.121064	34.814981	-32.949278	-82.211320	-11.316935	-16.560724	-2.911594	28.636029
	-22.741244	-5.783777	33.027904	-9.000998	-75.591655	4.422086	-60.387399	16.845671	-0.384905
	-39.374261	2.574098	53.723515	-18.219019	-72.819160	0.872488	-57.036456	-30.802114	13.646691
	-42.874578	-16.706784	58.627829	-33.502869	-31.114750	0.921391	-29.555567	-31.102694	11.003585
	-44.563661	-1.400433	93.788636	-31.352945	-9.252300	-11.928699	-6.045392	-71.080281	19.972736
	-42.190115	-20.369089	45.256621	-49.506745	-30.521341	-23.571402	-35.840007	-19.553396	7.285286
	-29.418024	-11.741800	41.203000	-8.786373	-17.050266	-18.628874	12.692783	-7.401551	-2.362163
	-6.464102	-8.628126	78.999926	-7.087862	-30.771243	2.396943	9.250743	-41.703883	-30.041075
	-11.305439	-12.857059	63.420649	-3.219371	-69.459767	20.856567	-55.724869	-11.338651	-25.222041
	-2.216578	28.264052	57.612538	-15.399629	-55.589675	35.203097	-30.578976	-31.483489	29.184566
	-48.509817	51.579182	64.975432	-7.119422	-25.132345	13.353413	-9.724861	-21.366146	20.202855
	-3.587832	42.019731	87.573665	10.310433	1.536379	2.791120	14.308932	-19.206107	30.301255
	42.975935	30.341845	74.044943	25.565069	-14.484987	58.292938	33.006038	-27.998266	0.659627
	-1.578812	21.394068	68.523738	4.789642	-33.407550	1.708340	19.181697	-31.630839	-1.149013
	-0.510415	21.165719	61.088300	3.888232	-32.427388	-22.585268	-10.142414	-62.209200	26.917060
	-2.129865	-17.938795	55.523094	6.245470	-8.909623	-42.146223	28.208013	-21.549353	38.174537
	-3.521135	-54.109609	89.374827	-33.287035	2.973503	-19.652968	-1.432596	-36.895488	64.264400
	-23.821220	-50.633357	76.055609	-58.143627	18.839391	-19.748408	-43.096982	-43.485336	85.298715
	-24.925517	-20.802067	90.785967	-62.285522	17.020698	-15.416715	-47.502359	-63.435634	55.455092
	-27.287322	-8.798420	46.548681	-44.748333	24.087623	-15.222179	-39.568177	-10.779796	31.915559
	-12.419518	16.511620	67.954681	-15.618195	-9.875639	-8.678000	-21.885950	-32.645247	5.102477
	-19.190061	14.105542	40.779394	-15.657944	-37.298657	15.324781	-28.189973	-17.815467	-29.789726
	-30.787092	43.027473	28.235446	7.545432	-67.228570	-8.334082	0.130029	-59.102234	-70.127529
	-18.416369	37.041836	-3.813595	23.104114	-40.180875	17.940501	-4.147173	4.758604	-60.569234
	-28.083323	61.870268	-18.666011	25.394346	-15.607701	4.882835	5.201754	-18.502242	-48.797333
	-13.800882	63.327044	-5.858341	34.358136	-0.484460	-4.593201	-1.501624	-44.617901	-34.615765
	-29.370199	53.288159	17.920927	24.015858	8.277972	12.354007	26.567886	-17.000745	8.523561
	-26.851797	49.600434	4.367296	30.579487	4.336732	14.563669	0.062916	-20.565649	0.081817
	-10.907102	41.537754	6.522743	9.294419	-13.165255	-5.529373	-0.520998	-30.247505	22.156043
	-17.885483	28.071222	3.070551	-3.344216	-18.521213	14.478177	5.056484	-24.759338	4.334701
	-22.340578	18.498255	-39.646454	15.995131	-18.583240	-5.356642	-22.555581	-8.104421	-15.611834
	-24.900892	18.315843	-24.220745	-3.787124	-36.715275	-25.340653	-26.614341	-20.517638	-48.452047
	-42.235079	26.075303	-52.778851	-0.118693	-33.925565	-31.838089	-24.978403	-10.900804	-5.135799
	-10.576185	15.126495	-62.774302	8.686967	14.793823	-60.663449	5.749175	-21.402880	-0.007036
	26.984670	-11.859242	-107.315031	56.370652	43.921938	-49.347280	61.867805	1.205755	46.331356
	17.072027	-19.583403	-93.999082	44.909026	52.802719	-54.285586	72.577615	16.828538	1.012201
	23.085856	-18.560702	-96.856158	62.350021	68.703146	-19.191761	129.224007	9.892379	3.549841
	55.072592	11.719505	-48.340443	58.993014	55.947792	15.059445	130.393328	-30.707065	3.139337
	54.173732	14.215992	-5.483424	62.324979	46.795265	26.715421	62.168497	9.521922	-20.771245
	11.764881	31.522602	-0.135533	74.562855	17.050581	54.607583	59.134497	12.789089	-37.948176
	17.432353	44.577704	-8.101040	60.843717	31.086727	61.154675	37.714659	-5.235494	-55.438933
	11.703232	49.240460	5.010847	-4.797802	-10.268754	15.642511	9.401944	-33.395936	-28.170692
	9.557981	9.967703	12.436921	-17.247766	-41.931564	8.222098	-21.655157	-33.218563	-9.355955
	-17.970536	-9.490883	12.489221	-29.322781	-21.290179	7.890872	-12.576175	-53.201083	16.910840
	-22.363968	-18.114074	1.828211	-18.299167	-16.866940	12.442364	-5.424753	-46.138029	8.389253
	-29.455186	1.470800	-2.855907	6.351649	-30.642028	-0.141682	-57.211827	-28.073083	-3.198903
	-19.937608	11.098553	8.618062	-25.739950	-24.237718	-14.607646	-36.498817	-21.558078	4.935577
	-2.051997	21.861603	-24.026919	-1.329774	5.015855	-3.765154	13.539295	4.416768	27.569335
	-13.834671	-24.489364	-16.634105	-7.372016	-23.489640	5.923377	10.512904	3.316835	19.576721
	3.772912	-47.942827	-6.261785	6.185280	-45.934262	26.907808	10.558190	-57.602820	10.343959
	22.233115	-31.276334	21.100740	7.184917	-0.037110	32.625971	33.860878	-47.492982	23.272907
	7.741396	-17.646963	31.914147	23.378268	-25.537309	29.264242	9.795308	-24.370955	-13.468493
	2.133107	4.484953	24.065867	3.425261	-45.570155	36.235486	-0.169869	-4.966441	-61.699996
	-12.190760	14.328191	-8.951319	33.591468	-15.214320	34.991813	28.777874	-21.673665	-80.910088
	30.493086	44.483616	-38.902215	77.930307	19.955304	5.073493	24.271485	-17.696397	-38.941227
	16.162310	62.105188	-54.360108	47.713249	21.443026	16.661095	18.819339	19.651293	-67.924506
	39.677752	54.324523	-31.982895	41.940337	17.998012	3.615006	55.223667	21.962904	-46.141457
	34.136882	49.003881	-20.730502	42.308338	-21.351627	14.571397	34.236672	0.080513	-10.347226
	30.111822	34.850128	-2.737727	12.516426	-59.421193	13.323252	14.082490	-0.350338	-37.396344
	8.406383	36.531157	-11.089618	28.362387	-20.637842	9.396964	0.531253	7.325601	-44.019095
	30.959104	-2.702555	26.123425	28.278268	-7.073052	10.132118	49.750500	11.921727	19.302905
	32.268055	-1.929512	47.721920	32.778432	0.944254	2.091567	44.923204	-9.494775	33.445906
	1.187617	13.058415	65.787034	-11.376938	0.881709	25.318037	-7.137631	-25.383631	8.961247
	16.560811	32.880833	69.829843	-2.609058	-4.454439	16.084520	-12.743711	-24.512912	-7.322366
	5.219334	5.387427	47.335222	-20.475198	10.650866	6.140488	-8.774539	-12.088339	-33.230634
	20.909709	22.347066	26.196442	-20.196968	2.436774	23.875863	-12.473795	-38.208027	23.150244
	24.909628	31.020430	16.316622	26.873481	41.453687	-14.202614	35.442095	-2.546909	46.378368
	36.655092	24.593189	-0.603232	23.571988	52.847625	15.957327	41.305477	-18.016959	63.895822
	49.530513	7.673596	5.390182	9.267499	64.838901	-3.157154	44.894523	-42.923626	58.193580
	7.950170	6.565161	18.776300	-20.781048	67.406987	34.084549	21.037104	-22.927834	68.747159
	30.098167	-26.038563	51.754229	-21.601329	58.315767	23.773107	20.346960	-71.401886	36.228434
	-1.613594	-26.654918	9.522874	-36.478045	27.206690	-9.795875	37.781228	-41.375933	-0.877673
	12.615002	1.804528	-11.586165	-23.500654	38.613826	-0.240618	0.630373	-40.371821	-7.628109
	16.725777	6.925446	-20.531369	15.057149	-17.823300	8.353986	-0.333851	11.597774	14.851834
	45.857579	22.701289	-20.375971	0.939014	-0.078033	12.613149	16.336516	10.382539	-25.121073
	48.184744	12.844521	-51.736506	22.124071	20.611240	-15.239886	37.545881	11.065238	36.571814
	37.647250	-5.633014	-56.968597	14.886428	5.836022	-12.817822	9.856060	17.209946	30.657797
	34.197034	4.698757	-61.291175	-6.552142	14.468275	11.499247	6.977642	29.275222	-2.481899
	16.072374	9.628480	-56.552815	-12.454991	3.943864	-7.493004	-3.041316	-20.874651	-20.570136
	54.716557	11.966747	-18.888598	-8.582650	34.488302	-23.868868	15.195251	0.821110	26.493229
	-7.879837	-30.399197	0.215063	-3.956926	2.609107	-13.549805	31.000708	-16.967088	37.883966
	13.353024	-81.372367	2.676743	-4.374387	25.047183	-3.131244	51.226942	-29.026948	58.169028
	58.227450	-91.119775	35.041822	27.086108	40.551750	14.689055	84.773415	-25.011691	65.494134
	36.483445	-97.148114	4.804638	13.043896	35.287538	-16.655403	40.653401	-15.000735	63.490018
	89.764179	-89.283478	7.679316	29.127404	75.691994	18.578163	66.403761	0.344164	115.461318
	80.453931	-83.737648	-2.776291	42.178476	68.077099	-4.151216	110.685581	-1.192503	72.888702
	54.748585	-70.689174	9.023250	49.840775	54.023385	25.641860	69.983153	13.915846	66.708511
	66.044877	-48.088539	-26.031974	33.743592	40.155282	42.817884	78.070649	-11.275954	37.654937
	32.992134	-16.776374	-42.737736	12.079614	19.393616	25.432763	26.861288	-6.839119	-4.483246
	28.226594	7.113316	-47.995347	24.794249	14.991723	10.259201	3.517881	-15.868448	-50.870295
	-35.794072	-5.157134	-23.855369	4.780354	-20.072134	14.386525	-10.135940	-19.999137	-33.784994
	-38.150922	-18.591236	-18.651821	-54.160925	-27.314831	11.542533	-61.046032	-38.562985	-66.794128
	-37.529623	-24.062661	-51.649744	-36.691562	-56.554974	-43.192309	-52.646067	-49.881250	-49.289415
	-76.585128	-33.924493	-60.955476	-47.794312	-54.364790	-42.489954	-80.758206	-12.107782	-101.002144
	-58.316489	-40.623739	-58.463568	-46.415360	-38.395620	-38.105722	-53.289395	-15.640548	-12.927504
	-40.421371	-49.985793	-50.805364	-22.109875	-2.621748	-17.953192	-33.528575	-23.186250	-35.428554
	-25.914032	-45.809051	3.675060	-14.240685	-25.975890	-5.802383	-4.109217	-1.627813	-21.492708
	-16.793054	-48.831795	3.468819	4.024221	-6.246632	-30.202287	-4.452989	0.786170	-27.589921
	9.436415	-36.832459	33.253326	7.035434	-26.863099	-6.782153	33.132541	14.479520	19.377582
	37.568587	-43.915026	27.158367	8.224060	-15.418171	-6.626100	52.486084	-18.985211	-18.528474
	35.406668	-15.436888	28.284529	28.176952	-16.239540	-16.049484	38.178428	-19.201664	18.305298
	7.323028	18.715939	3.007911	13.689692	-11.657896	1.582982	32.837143	-22.632726	-33.122155
	26.248373	-10.043709	-16.062629	-1.843595	-44.825060	-10.086099	-25.441604	-5.751477	13.484391
	26.134457	-38.212456	27.395355	-23.532758	-17.065410	-17.019646	12.387612	-24.039655	4.628126
	53.378495	-69.364829	20.697114	-13.184392	42.398687	-41.436819	41.452752	-19.897875	54.745675
	53.544000	-86.542426	16.158172	-59.143016	20.955033	-47.033288	-11.934614	-35.110400	54.225607
	35.722778	-58.048211	23.155216	-5.384504	40.404165	-31.133820	37.916131	-40.970062	107.647325
	62.631501	-36.272781	22.608869	-50.998557	24.170487	-11.557511	20.283752	-13.453685	47.917981
	63.796457	-24.797496	33.345990	24.318375	28.889188	-1.515863	66.262288	2.843158	46.369012
	34.632425	5.447525	10.937830	40.985048	61.826047	27.688948	44.524314	3.218483	77.500977
	34.466082	2.914218	7.494066	-5.494698	46.857574	17.004626	71.094575	-6.287577	64.604506
	-23.827119	4.765491	-20.698486	-19.195698	5.973342	15.607190	-14.990200	22.375760	36.994875
	-9.067351	3.965280	-25.521585	6.019494	7.638877	-14.826553	-14.048972	23.671019	-12.484817
	-12.353171	13.345840	-55.689276	-23.203196	-23.206088	-26.178048	-6.578925	-3.881120	-47.769765
	-27.621316	6.402034	-57.665634	-12.106989	-16.099122	-3.205449	-45.616757	0.898228	-39.435104
	-34.165537	14.849183	-59.717203	-10.498534	-8.210054	-29.004646	-42.596484	31.643257	-22.772153
	-29.754987	21.374753	-29.079814	13.720727	-15.991027	-2.068878	-34.545149	37.585229	-0.355299
	-26.876489	37.943520	-22.112404	-14.909337	-21.558381	-24.168127	-23.357679	28.963016	-31.407003
	-43.446902	38.106943	-1.246305	-15.654360	4.884169	18.012096	-48.761380	27.395176	-8.595349
	-40.157175	45.009506	-8.858653	-16.961528	19.890561	-9.967763	-6.598012	29.894131	-5.867616
	0.008296	28.040898	34.976526	-31.808881	14.532892	-10.575006	-42.056011	9.730986	-7.760320
	-3.948311	5.594266	42.372206	-38.709538	-2.410644	-6.019461	-0.811568	-22.672001	-12.872169
	-15.549454	-8.589821	73.647400	-35.846866	-1.988379	8.667646	-23.699365	-46.264689	-4.775901
	-18.053934	-14.391284	61.125016	-34.255854	5.701694	-12.996813	-25.583248	-21.576036	12.702842
	-22.549740	-3.437940	84.896364	-16.191762	5.114787	15.348163	3.438497	-33.788177	-2.888933
	-5.549030	-9.035238	77.251255	-30.552911	-0.404726	1.098381	3.947775	-5.472790	0.719651
	-18.026477	-12.412611	41.292861	-3.245263	-25.040646	4.179726	2.067210	10.081493	-10.769196
	19.770342	-20.048337	53.839168	11.350707	-6.465335	-32.399438	12.479388	16.714839	29.074723
	41.617263	-21.951529	4.364728	11.567173	5.266049	-25.244279	21.892236	21.608705	98.534160
	40.274071	-32.376970	-3.491605	32.900423	-4.494622	-0.246012	61.436152	19.857029	20.958227
	19.206421	-4.739938	10.894007	33.031041	24.588482	23.353403	23.186497	39.908833	35.150418
	26.269625	-8.726312	43.717389	59.676693	-10.198338	14.519074	20.760565	36.674477	3.067231
	0.510022	9.488428	54.445155	-19.525051	-27.153841	18.946627	-33.245130	21.582287	-29.003647
	-21.464561	33.709719	42.636205	-13.027926	6.107756	-10.274432	-14.072569	17.854094	17.310446
	-8.541312	0.670672	58.876187	-18.319624	19.151200	13.282957	-27.642061	-15.895067	50.993533
	35.006444	11.724502	33.703692	-28.013344	42.233009	-25.600292	-8.615999	-23.328216	31.850873
	11.305543	33.085786	16.744241	2.067134	64.660299	0.656322	41.992652	35.761332	49.228499
	-5.189597	16.074953	-57.349324	47.595478	50.882535	0.432388	56.152844	30.389273	-43.965543
	14.917037	53.010017	-52.636306	63.275285	39.709235	27.382005	47.083421	41.220611	-28.452943
	16.716342	32.307555	-39.392264	69.258118	35.908201	-5.622992	47.390890	33.829891	6.393181
	50.069803	43.739836	-39.517262	73.916206	20.593219	-7.414884	69.015202	18.988782	20.967766
	68.351949	44.261440	18.022884	76.120677	-10.235486	27.826179	81.547562	34.427778	48.310856
	47.442841	25.095112	32.383784	90.301070	-11.069250	35.318942	53.056587	20.304548	26.869820
	35.288469	26.467452	1.854888	38.203441	14.054091	34.569110	33.718074	28.593500	55.795635
	-18.456886	38.850585	-44.940304	34.933120	21.861139	0.307403	6.309065	35.976237	77.683755
	40.542734	28.292357	-76.301587	30.500764	43.833420	29.436434	32.504510	45.242171	16.622675
	-19.141747	52.048024	-108.424644	25.595972	9.616514	21.687806	9.757607	91.827476	-38.261753
	-1.545732	80.202665	-109.373516	34.113021	24.580024	-5.496519	10.543867	76.825437	-101.230910
	-13.139526	85.003073	-112.678914	41.984722	-1.782045	19.248500	-36.422643	100.697335	-93.199194
	-4.310328	45.147492	-85.377430	43.010391	10.863601	9.720990	-8.292891	66.816157	-47.038378
	-32.017816	1.367353	-79.369008	-12.927259	6.568499	-0.182254	8.358458	8.955230	-41.304746
	-8.086397	-7.165402	-51.069301	-18.361191	35.607025	29.083397	11.076379	17.478426	-1.334109
	-16.962072	-26.589402	-46.299573	-42.409125	44.116543	-10.901128	19.670423	2.970833	-18.229710
	-15.080191	-16.986200	-69.565897	-10.779887	10.272298	7.047100	-2.311390	50.592900	-37.858288
	-33.248296	0.677272	-95.346677	-15.461620	0.325252	-3.036478	0.461287	33.239553	-18.829496
	-12.497164	15.491640	-66.514232	-4.306961	7.388934	-8.490030	-39.779082	48.439262	-32.599691
	10.454646	8.538743	-43.256838	19.607209	-9.457941	7.281848	10.924412	2.182693	43.931035
	16.229308	0.914474	-52.685090	16.118238	-3.246255	-8.623671	33.093118	45.923422	31.261333
	3.753202	6.716276	-37.207959	-7.437972	-8.991902	-27.500209	-4.102605	35.937997	52.487053
	39.171136	-12.095117	-9.943563	-1.174545	18.301478	4.202413	-6.277546	32.959174	51.499080
	35.374225	-4.560777	-38.138233	13.126934	21.602941	7.842239	24.760786	-3.443307	0.245571
	-6.943003	29.415521	-17.414665	0.186425	-26.958387	11.829339	-13.240012	33.726151	-15.172788
	-27.507397	63.470953	-23.287345	23.837477	-30.344113	2.297346	-29.827676	20.099613	-56.055323
	6.810316	50.038365	-17.305709	27.733158	-34.877151	-25.770551	32.469513	15.710864	-63.695357
	-35.210242	75.183564	-0.410794	14.031039	-26.480667	-29.158008	-13.390302	32.121521	-42.654005
	-24.434494	91.126334	18.220501	32.559686	5.361573	-24.631461	-17.874155	15.355194	-14.319334
	32.821690	63.164196	8.313075	50.268384	2.951861	-25.282226	5.430230	-1.741449	0.817020
	1.898454	49.402736	-56.015628	21.103595	14.305682	-38.979187	-9.173753	26.081045	-1.987470
	-7.360515	16.731829	-79.744343	-6.372226	44.335170	-11.081455	-25.575699	11.073511	-9.642640
	-10.160034	-5.851872	-68.713299	-1.836841	51.897890	21.107487	18.444943	-16.093868	26.846389
	-14.352681	-24.962954	-19.399811	-38.629672	36.317455	3.144021	-20.744974	-33.178542	20.478009
	-29.152406	-6.945197	-43.632784	-35.178734	7.090701	-7.621392	-36.923097	-29.272368	-10.554716
	-26.481455	-22.950327	-30.330479	-31.210357	-8.438327	13.130863	-39.929383	-14.370325	-34.111086
	-23.634181	-16.450264	23.134132	-33.044030	-46.615928	-14.142773	-61.955277	-23.808885	-33.435234
	-53.353053	-6.369148	34.144877	-39.176161	-52.118826	-13.267365	-67.018467	-17.231227	-31.436761
	-52.384992	7.174618	68.768258	-17.569963	-40.313067	13.123996	-60.142833	-7.424799	-36.586249
	-44.997706	-6.679447	94.481454	-8.241761	-61.832161	2.442816	-53.609204	-34.181540	-30.983180
	-45.376406	-14.721356	41.433085	-13.031881	-60.092217	42.101953	-49.567929	-40.890337	-32.204409
	-36.960706	-3.177914	41.475928	-0.437614	-38.706574	9.552881	-44.156311	-26.601372	-59.271745
	-32.501028	14.829819	35.083273	-30.552946	-49.270924	40.222491	-36.956404	-35.763443	-3.464576
	-47.367592	-3.298797	36.969636	-35.274514	-36.866089	1.853976	-26.006505	-26.773333	-7.214006
	-22.003367	-9.833210	28.913917	-32.039280	-27.648060	4.517603	-10.826676	-44.844757	7.375929
	7.911601	3.576322	29.235588	0.821143	-11.489030	-6.511270	4.566293	-12.799630	10.607064
	38.527739	-4.812905	30.127255	-14.816111	3.211994	16.237204	15.685635	-36.749413	20.341136
	-14.687654	5.902057	28.921694	-0.161479	-16.813627	-17.040356	-6.279182	-23.199422	-6.170903
	6.300814	39.029443	27.353926	19.737606	12.770933	-34.833903	-0.685307	1.851645	-0.477205
	-3.508107	22.697821	57.357366	-5.743994	-21.305947	8.046980	3.365608	-47.997236	-3.782848
	-12.570619	7.212040	48.232146	-22.046524	-46.931875	-21.249907	-31.486703	-53.178991	-27.241213
	-1.286705	31.133792	7.972948	-1.833085	-12.933270	-18.094776	-1.242718	-8.087470	-36.914328
	-4.884376	31.039960	13.548442	-1.344076	7.760028	-21.702924	-2.149551	-58.294618	19.514041
	-22.454275	10.341404	29.467453	17.951908	-10.947373	-21.434319	25.488263	-20.413127	-7.982394
	-18.351460	-10.162191	-7.551010	15.522239	0.594186	-26.147847	8.262941	0.121046	7.780277
	-40.254802	-18.366331	-4.357264	18.832503	-32.565716	-29.830416	16.830437	1.940501	-17.618466
	-38.291925	-29.089542	24.446189	4.336899	-49.285282	-7.269712	4.271059	25.508588	-10.003557
	-9.329126	-12.453575	44.611994	-19.549155	-13.772971	-28.761985	-19.467215	-22.104161	-40.106754
	-1.693823	-31.910747	75.624310	-19.031983	-25.854789	-22.325245	-55.742155	-32.224338	18.378997
	9.140880	-53.875676	102.573545	-19.980278	-16.263265	9.697275	7.778843	-59.503499	71.273392
	-5.581605	-77.158059	106.311604	-44.026162	-12.351088	23.857141	7.400671	-69.586926	79.054289
	-5.592441	-74.076549	99.777999	-50.738689	1.449741	-27.916885	-11.338622	-45.294393	99.591774
	15.539586	-77.381758	88.578658	-40.586864	16.173645	-1.879178	-18.368669	-20.307246	127.770079
	-14.662197	-49.129159	64.849899	-34.044501	29.065707	-36.370429	-42.626717	-23.773255	46.922141
	18.294062	-25.105030	13.085186	22.740786	56.673320	-36.943382	-18.277835	-28.005057	35.426364
	34.570551	-15.550751	32.307798	9.226291	56.051825	-15.586345	19.980529	5.292345	33.771675
	1.130559	-3.906404	15.173706	35.426193	50.438881	-26.145877	35.862792	3.722995	20.696985
	23.648406	-6.921352	40.951486	-6.710559	2.840423	0.441798	-7.323312	-10.170088	-21.123630
	10.784319	9.889133	1.838898	-10.653919	-16.234804	-6.547871	-10.812194	-15.431107	-1.733792
	-16.616415	-10.120578	4.467774	-8.547241	-27.504257	1.688582	2.240055	-36.423298	-2.009621
	-58.958573	16.629782	-53.889621	-24.332127	7.022024	-16.690215	-27.264610	-20.034068	-60.940564
	-35.599435	4.537793	-43.784224	6.904511	42.969159	-10.284437	-17.004002	-28.055016	-54.003185
	-24.305704	0.184732	-49.067940	27.077095	24.907678	-6.373281	-19.249897	-8.783309	-53.364254
	-33.865414	22.982246	-78.392941	0.303729	9.454214	-4.674500	-6.959313	-23.141723	-66.707888
	-24.346350	22.214163	-72.005170	12.055993	20.638509	-5.341824	-33.120498	-7.443103	-20.794772
	-31.473343	24.836335	-59.916127	37.342212	-14.150333	10.418135	-2.216205	2.779092	-28.416897
	-43.593707	61.126098	-38.371467	17.859270	-17.511333	-7.759299	-35.093391	-8.531728	-72.068830
	-30.387981	16.031186	-30.353293	21.720652	-26.085043	12.648478	11.377720	-16.934832	-92.599043
	-12.370970	26.266031	-19.098196	8.092741	-3.457470	10.749833	-8.946953	-38.014403	-71.973296
	-13.082988	34.857678	-3.526065	-23.909569	-24.716396	-9.479910	-42.005059	-42.521545	-36.509991
	-23.631174	17.422588	31.373464	-41.152654	8.420224	-6.087402	-29.382652	-32.604721	-29.128842
	-2.271695	3.523596	8.027781	-42.377774	37.339145	-18.640584	0.300480	-26.682171	-6.285557
	15.236826	-24.772544	-26.467998	-53.859876	15.776945	-33.245638	19.624466	-35.115090	13.971876
	29.234731	-78.328776	-34.857707	6.634653	19.288909	-21.790982	21.864520	-23.052222	73.733126
	58.503333	-118.950917	-21.224765	5.500512	35.409206	-32.099865	40.304008	8.233856	108.740148
	50.995132	-130.123953	-15.257414	-6.913151	-2.854082	-26.152385	32.275519	-38.563144	103.719739
	40.181471	-97.209939	-8.130657	3.493682	33.613168	-20.770827	75.739601	-18.903571	72.326506
	49.007871	-83.767302	17.708770	29.410464	32.567385	-9.984114	52.999590	-2.575107	90.202088
	80.162906	-91.357099	-13.040867	27.762579	19.029510	13.190407	90.717202	-11.453453	77.275095
	78.700655	-78.982701	6.089170	8.408230	24.140278	22.300156	52.738207	-27.712242	104.488494
	81.831059	-119.953212	-13.384517	17.059476	-10.276629	49.221590	64.622524	-25.761794	78.084727
	88.157619	-111.882372	-3.677836	3.493414	-32.013844	44.614004	67.840370	-9.466123	109.093555
	66.943441	-76.692967	-40.808459	10.605547	-0.927750	14.060358	53.918228	25.627494	44.916934
	43.840248	-41.895786	-18.303866	59.395105	-5.467152	14.249100	50.396990	36.400093	33.800926
	29.736506	-20.726395	-14.113173	31.916647	-9.231476	-0.964035	40.669275	38.672386	64.010341
	11.163389	25.830565	9.318546	41.438574	-64.234002	28.650209	18.576389	46.708980	-34.799061
	-22.216657	56.320303	-12.379966	25.206495	-48.079110	11.360333	-56.436746	67.712427	-30.427535
	-43.362567	28.332042	6.547482	16.238848	-35.272602	21.887941	-2.132472	36.938867	-66.368014
	-18.093550	47.761973	12.583664	-0.104968	-48.464297	-6.756973	-43.896928	0.920120	-63.208142
	-15.540501	54.078090	-0.574343	-12.342016	-31.470458	3.499253	-19.413236	21.185269	-82.599970
	-42.412820	67.487148	31.128609	-25.191471	21.605335	-14.080180	-26.946911	-13.752926	-87.932001
	-8.236488	56.809777	12.931411	-25.697375	29.720763	-9.298388	-5.816675	-2.669088	-79.601698
	-20.376688	61.085048	49.797638	-16.534757	0.778219	1.584325	-38.320005	-7.767680	-38.201984
	7.714751	66.308047	43.095691	0.355491	-2.940136	-10.465544	-49.588584	7.483562	22.555779
	-21.026374	64.881989	61.677169	9.138144	-37.457550	4.391870	-26.676677	-7.511774	15.272162
	-1.642326	66.506944	52.677701	-25.611167	1.700799	7.724314	-17.089284	-14.282148	-19.134863
	-44.705163	46.677798	11.539648	-43.831070	21.988027	7.224513	1.908079	-4.350159	-16.602741
	-9.636004	38.537983	16.797623	-31.568901	51.642896	22.397572	-36.476799	-31.136822	9.908458
	-18.265282	-11.727293	-4.820195	-56.042622	16.551996	14.958212	-26.489936	3.335803	-33.306369
	6.441545	-17.908272	-8.355903	-33.050770	-58.661578	22.150582	-62.215913	-2.716673	-28.052177
	-16.849319	9.355173	-15.234352	-36.223437	-81.649439	19.712190	-64.558247	32.251782	-76.961181
	-65.188700	19.193107	21.116502	-16.093184	-68.413878	6.422837	-45.792665	51.357041	-63.861460
	-54.937110	26.635202	25.286936	-16.293685	-50.080610	12.209364	-55.763027	6.031098	-51.973941
	-22.701452	25.482764	-8.962652	-6.656495	-32.508505	10.378415	-31.301512	43.856415	-25.228046
	-27.494679	15.896170	-34.198390	1.400058	-34.654358	18.598446	-33.166055	17.363625	9.052491
	9.158715	-12.005981	-42.741433	18.382589	-11.769280	-22.747603	9.367202	10.421045	25.384344
	35.120871	-60.345197	-63.159548	-23.642136	11.677960	-28.398799	22.210611	5.134127	40.980923
	52.591034	-38.181919	-98.329943	14.630769	35.720100	-15.444506	57.267625	50.456213	43.562020
	73.471906	-17.681050	-91.496198	33.306652	78.786628	-35.414465	87.433667	27.848428	15.626364
	48.511308	-20.966111	-51.082877	4.138975	83.282115	-1.751236	99.998204	18.757010	53.393155
	91.279829	-26.324316	-8.232690	10.462085	57.172318	17.885001	125.083769	20.167269	81.622902
	81.539022	-23.792692	23.318893	43.201396	66.031989	36.422245	72.061442	6.029959	98.614899
	58.071188	-21.648735	26.574917	15.295803	24.646859	32.822708	44.151975	-11.354990	78.009493
	10.506803	-3.197007	43.105634	3.798285	-23.817718	58.448196	-15.227256	14.129151	57.855583
	-42.559497	27.897771	-3.401292	36.371314	-93.056123	46.764022	-28.325978	71.002178	-39.366883
	-35.605909	47.692953	-34.990696	-8.101673	-71.493229	28.494710	-72.497521	3.285559	-74.663863
	-17.861546	72.578334	-4.773412	-30.929321	-49.892471	19.088236	-56.657876	-0.627716	-84.136739
	-26.391974	59.757150	16.664844	-37.244605	-38.604580	-1.200994	-48.934297	-9.435798	-9.923890
	-20.116338	52.309065	35.397050	-33.805665	-2.782011	-8.804770	-62.143709	-0.423987	-40.437036
	-10.986711	55.929302	4.805803	-6.684338	3.223349	-6.301839	-40.866043	-12.727264	-21.491578
	-16.923888	41.057664	0.672576	-10.030107	19.809188	7.401709	-33.772725	-2.505052	-22.533338
	-13.154760	67.404898	5.442591	-7.738291	5.564382	-23.030307	-19.704709	11.659242	-71.007280
	-34.041018	49.384174	6.910491	33.589393	-5.719523	-0.550024	-31.745024	11.796737	-76.691396
	9.390135	21.366278	16.118347	-12.974331	-19.313864	10.881210	-40.647529	-1.495335	-59.357594
	-18.565334	12.378486	59.359554	-26.169932	20.442230	-3.875834	-25.983770	-24.692188	-28.558658
	-12.929536	26.963833	44.745964	-48.222150	4.081660	-10.461698	-57.315670	-22.268356	-16.435602
	-37.008672	24.352284	14.953497	-42.397040	27.687003	-38.257615	-68.622090	-41.590739	-69.663018
	-61.809008	21.189621	-0.666407	-38.992528	20.206363	4.879462	-30.934406	-39.546186	-41.801145
	-35.415175	35.063905	-21.996970	-20.273421	49.617258	-16.710420	4.799890	6.817331	-63.177017
	-13.887112	48.452414	8.557218	18.526809	17.930709	-26.536831	-17.485233	-6.937764	-89.433577
	-0.052697	36.858467	6.573748	-1.518505	12.119360	15.210412	-22.080079	5.145880	-34.578507
	2.728965	12.246489	33.646153	21.893090	0.452409	-3.254873	2.039589	11.504043	-19.346550
	12.167384	0.153433	5.310993	12.533944	-28.317168	5.624358	-21.048703	-4.142006	-33.915528
	-27.307030	-6.314285	33.454278	-21.507406	-40.444663	5.301751	-60.481868	-42.883839	-50.760736
	-12.225545	4.542824	28.527857	-22.803329	-33.338000	-17.169218	-39.450563	-15.488145	-35.712611
	-26.107996	-9.586561	48.071371	-52.281274	-84.106962	-33.279658	-58.396427	-4.777356	-58.403458
	-18.697417	-26.222762	40.425062	-9.279358	-70.018247	-14.678293	-61.615684	-8.142093	-13.429475
	-21.604679	-13.278342	25.437397	-19.482858	-47.509134	-7.256849	-11.527306	-22.943592	3.464236
	2.974244	-7.543367	68.325425	-19.984480	-30.861210	5.180597	16.195492	-35.958280	44.446114
	8.519218	-5.355597	2.603207	16.155284	15.426691	31.384178	0.934434	25.805238	10.609718
	21.797417	20.084996	6.989951	48.170129	63.624203	23.869656	44.244202	13.069003	51.263176
	38.779392	22.476440	-23.550297	42.836163	85.660319	0.344114	89.834089	32.852818	-25.469268
	13.840105	-6.911595	-42.864859	41.569372	28.671647	-7.044785	59.082381	84.326273	-15.373771
	21.110904	-29.589116	-40.154800	40.901157	3.438639	10.647476	45.929738	88.517288	-11.127897
	15.474326	-52.817826	-13.414598	8.735082	-32.889784	33.776974	26.808226	49.342680	50.769831
	-16.777919	-41.800111	5.320047	-14.827245	-49.022789	2.545312	-26.486029	21.467765	9.682616
	-29.110675	-21.236218	37.147847	-21.697450	-26.090826	-3.525582	-21.333850	-11.852282	42.815297
	0.176184	-26.315272	54.208986	-48.577677	-13.010407	6.877135	-59.953349	-36.759620	64.095292
	-5.723799	6.650427	66.014314	-13.143377	16.809591	-10.197510	14.102307	-10.598873	62.524436
	9.674904	26.736927	45.694583	20.556684	57.301535	14.261099	18.214289	11.587291	27.476119
	-33.456471	34.136504	-6.072718	37.746385	5.653353	-23.127755	10.398462	21.511889	-26.451372
	-31.631034	1.873842	-29.925093	34.195120	35.246313	-32.454594	40.862469	21.287484	19.508432
	-27.161604	-24.946997	-43.840072	4.464204	37.525062	-29.465562	27.048761	24.202793	-9.806540
	-23.557213	-37.039339	-35.988897	-9.276370	71.195796	-26.479125	-5.022473	53.008938	7.364133
	3.447258	-22.924028	-1.841345	-47.160261	74.279615	-26.506129	2.631618	-4.151065	39.035082
	-14.027614	-6.287586	18.299968	-21.971727	45.312331	-21.179951	-2.957996	-13.656199	49.309789
	-5.557479	1.328544	31.785343	-25.357046	7.056872	-6.789810	-25.988248	-5.267610	36.987558
	-15.553285	4.462467	43.141276	-31.091608	-0.253910	26.331069	-0.307172	3.669827	35.987586
	-0.828726	17.875218	29.169371	22.112006	3.837402	36.904210	-4.689258	5.714902	7.729992
	-25.888037	5.275636	24.446762	-8.214337	-17.748175	11.713966	-10.069359	21.297060	-59.543132
	-43.107868	-7.463814	8.684835	-17.289548	-43.522497	24.824541	-33.451126	-19.438640	-16.786714
	-4.590204	-40.919343	1.002778	-29.905342	-19.642614	-0.891106	-27.165869	-36.784463	-11.487267
	15.049272	-49.711290	-9.793533	-50.392532	-4.460528	-5.072254	11.422375	-9.027397	69.693633
	37.030868	-44.393518	21.271814	-34.531251	2.678751	-17.680561	18.393425	-16.233669	61.827210
	53.948464	-31.796993	30.057056	19.577715	17.395931	-1.696748	60.340592	-28.181609	58.587472
	53.816166	-38.784814	-3.545518	45.104681	8.110740	17.691748	78.689047	-15.233256	62.910289
	-1.606280	-49.141598	-19.101247	21.021949	-17.059942	40.782500	43.214640	-35.565110	7.400329
	5.756017	-44.985832	-46.850183	-13.726838	-38.252643	46.093633	-32.593206	-27.929956	-9.232540
	-69.373952	-30.305018	-39.688756	-51.993082	-57.632029	1.343925	-67.445180	-53.436824	-30.508950
	-45.039622	-25.546806	-33.837073	-77.963007	-23.429265	-14.612409	-96.153575	-26.088614	-46.724183
	-62.819492	-34.850766	-50.177326	-63.332246	-48.343214	-22.427117	-81.874501	-12.108997	-33.654934
	-7.486393	-20.204976	-48.825842	-47.960406	10.959753	-26.908459	-44.004889	-11.757447	-9.441800
	8.784650	-25.467033	-5.204697	-11.581396	40.823502	-28.136322	12.718577	-7.726890	50.434127
	63.377342	-14.970114	29.836524	-25.083474	78.365053	-12.657498	23.200349	20.992167	79.508081
	66.048088	-0.679757	34.589269	34.195807	91.622974	15.353336	96.189125	-5.912501	113.185339
	74.716683	15.517012	-21.467449	35.397921	87.094180	18.408389	97.447383	-11.564521	29.563149
	18.539187	42.564364	-30.850358	34.164211	57.267150	39.115043	63.418547	20.446126	-8.338527
	36.603583	46.069282	-0.380664	45.901916	-8.898349	34.359458	20.494992	54.117464	-26.479168
	16.763085	48.190422	23.982746	16.707499	-31.948021	63.223346	-21.165412	61.975938	-11.932375
	29.540435	27.534224	14.638946	19.517075	-38.920409	23.171588	-10.860169	80.373652	-29.680674
	-7.089138	44.645735	4.468746	45.309281	-14.799496	-3.515701	-7.611709	76.986110	-35.868553
	-17.891141	10.573557	-8.843946	22.618326	7.620097	17.476886	-3.325163	68.410180	-32.471530
	-31.652530	-14.096851	1.567374	-17.694852	-3.489149	-19.446154	-30.409218	86.308291	9.803821
	9.734115	-17.997491	-3.981203	-18.518218	-5.755717	6.254089	-35.551394	64.130228	2.467907
	10.045644	-8.175305	-30.343205	-15.482573	-0.303835	9.431883	-16.667664	27.377694	64.067452
	-12.931921	-5.062597	-58.360735	-29.185553	3.042867	8.151411	-4.325895	25.489183	37.422299
	-46.735217	6.193950	-45.300390	-32.024722	-23.775468	3.595402	-56.605104	63.818178	-8.950063
	-34.671048	0.329334	-42.765786	-15.676699	-51.710226	-12.658148	-76.152383	80.710361	-74.313342
	-78.141931	-12.219609	-25.772949	-33.338330	-96.713180	-10.491032	-92.083997	47.716419	-90.741444
	-63.682451	-22.867929	-36.639814	-29.330401	-85.047744	-36.751285	-103.806599	30.348649	-43.324534
	-64.327094	-15.484678	-16.266756	-39.889867	-78.082144	7.354194	-88.468314	30.097459	-67.400273
	-74.727482	-0.599148	-40.129653	-7.885175	-60.890764	0.297023	-26.204817	48.901949	-78.565710
	-63.489769	19.146971	-31.141086	-8.825109	-38.099978	32.710261	-90.165151	50.133426	-67.718248
	-54.506202	6.015172	16.254275	-9.951987	-32.258543	42.919449	-40.780989	27.075768	-66.155175
	-36.179266	-2.308762	26.200169	-42.384962	-57.703177	24.391168	-30.165266	5.698412	-54.741551
	-43.145773	-47.233895	58.617036	-91.554363	-64.941693	24.915001	-70.596783	4.391551	9.149625
	-43.428480	-44.577353	59.866990	-54.079482	-8.074206	8.935423	-50.508173	7.801075	38.788635
	9.984292	-46.962664	13.993921	-8.895363	63.505261	-20.781264	-21.019665	34.098751	90.331739
	45.368302	-38.053781	-12.420776	30.836701	84.799224	13.237724	47.109239	12.349617	80.365061
	58.859831	-20.303020	-21.982337	32.234745	74.665867	-14.512750	86.129863	18.058908	49.642899
	26.668987	30.349102	11.894390	31.878598	57.944256	36.992674	82.144404	6.697440	29.393218
	64.533300	-6.880684	28.675447	55.189217	53.080302	16.496170	119.272084	-14.708194	46.260838
	47.783292	-3.307369	5.011155	56.028088	18.997135	11.033910	50.596695	5.930313	29.320319
	29.880850	-6.364611	9.094297	8.368726	13.221832	-4.806160	18.323407	-23.208972	21.833026
	8.347656	7.682311	5.629236	-13.905174	-10.363206	-9.864371	-21.463563	-13.637618	-18.816155
	-40.672548	38.707645	-9.704062	0.216391	-21.119038	-8.202537	-73.726435	-17.069829	-86.790653
	-52.494371	43.199843	-36.212667	-14.698964	-35.452330	-6.338589	-82.436792	-21.962736	-154.324798
	-71.022283	48.834430	-58.717916	5.192822	-77.432441	-30.612246	-82.574986	-12.382755	-152.898629
	-61.390981	6.628553	-56.157317	-22.532567	-86.883679	-44.025900	-45.919144	-38.770819	-111.961065
	-51.083481	-39.210140	-65.398816	-35.098990	-54.011628	-52.925321	-83.702952	-39.047680	-38.353551
	-34.218513	-82.227980	-12.698921	-34.101679	-46.266741	-33.359828	-36.325981	-51.018106	-5.057751
	3.280787	-85.480800	1.624275	-46.024874	-24.016646	-36.183279	-6.565244	-75.484107	17.185960
	11.882042	-62.616645	48.956311	-1.874973	7.976652	-24.119951	33.721885	-44.091916	78.809594
	32.930703	-23.685329	34.454580	-0.886325	67.242355	-2.305950	82.646699	-75.449726	102.161623
	59.430230	-22.273713	63.653552	13.205264	24.182076	0.258068	71.977708	-57.664494	100.632373
	62.243082	-12.904131	65.836265	37.528656	62.651282	-13.307878	71.006161	-54.250249	63.892255
	57.603867	6.846839	36.077475	29.216402	100.495171	11.234924	83.177176	-32.141519	45.508083
	39.693139	5.292421	-9.598918	10.809085	57.297534	28.360068	66.493126	-29.625054	13.914323
	71.706646	-15.860706	-24.119129	31.920164	71.905097	-8.238970	103.610993	-36.999779	44.660501
	69.959731	-13.122500	-32.181689	45.356488	87.244066	15.504874	89.303292	-8.905144	84.576367
	27.678672	-28.515124	-21.667872	52.630865	71.996195	29.506234	95.314179	30.991039	79.100250
	48.393761	-22.237458	25.481184	48.063557	47.562619	32.286323	108.308481	9.815913	41.858728
	42.071000	-25.320306	50.182363	40.323447	12.654064	25.077571	83.499293	-16.846771	120.179608
	67.194350	-18.569504	69.663114	21.967231	-6.306334	84.658879	71.078118	-35.747293	103.696815
	29.810654	-18.831710	85.760772	10.142132	-12.303149	64.059814	51.454018	-55.223737	79.917076
	86.112328	-35.705751	102.721880	29.989015	-21.326490	34.822340	38.217095	-64.655333	92.745651
	58.676678	-48.003329	81.765483	-12.440192	-41.646541	-6.159227	39.683408	-43.635931	57.403471
	27.707614	-15.611924	29.348939	-6.944721	-50.743176	51.244782	6.035476	-43.427648	25.993021
	25.333694	45.181875	25.638486	21.163002	-45.061543	34.898968	-14.316497	-37.511589	-9.195380
	-32.479500	40.247059	19.792450	5.922316	-30.143217	38.698327	-27.789829	0.560412	-13.470289
	-8.988132	56.258187	34.029250	40.355856	12.447034	31.062759	-26.919252	-29.213684	-23.822360
	-4.231667	62.808119	53.565941	-22.495388	-12.563090	10.176494	-25.737490	-26.693279	-36.407632
	-0.324057	53.782896	39.570534	-2.787162	-36.227791	20.832718	-18.793726	-2.543666	-23.537357
	-6.357175	42.923918	47.248659	3.085044	-46.469891	18.081102	-40.318656	-24.282502	-34.893886
	-38.651480	7.420949	79.252969	-16.056195	-32.185082	17.732929	-35.350171	-53.838938	-30.864949
	-16.285499	2.397235	56.205201	-21.668920	-34.984289	1.897774	-17.629096	-67.300652	-37.864600
	-8.115634	1.467296	13.248126	4.771508	-11.074050	-27.692637	-28.454247	-13.199734	-18.761976
	-31.618398	14.392855	4.774541	-7.241056	-30.983623	8.531008	-44.171716	-50.869801	-45.173779
	-42.909174	1.884305	24.465221	-24.496162	-10.714262	-7.027751	-6.312298	-41.936789	-38.928849
	-2.104447	15.100863	11.178649	-5.494454	-33.164013	-15.011011	-16.076894	-30.826261	-34.183990
	-12.156573	14.634956	-3.838063	-4.926849	-0.360003	-1.652646	-16.312710	-26.266037	-42.337843
	-16.989082	32.321482	-7.863870	14.937659	-8.003509	-3.509616	10.961476	-4.779562	-18.280001
	3.498402	2.885804	49.465170	-8.198943	-13.129170	0.042155	-12.127875	-39.118616	1.900773
	-2.972349	25.270280	41.176282	-1.855363	17.466820	-20.647613	9.479564	-30.096128	21.454089
	0.010446	48.906309	16.486904	30.879070	47.930944	-5.106672	44.020452	-28.742279	17.251433
	-16.291497	35.237381	-12.094466	19.349017	39.891864	-16.950039	60.512556	-9.312592	-52.988574
	-22.607545	16.475356	-35.770611	-4.353853	40.166119	-15.768778	37.298874	-48.707962	-39.807497
	2.267298	4.784169	-35.661505	-29.431338	21.887869	-15.514140	-55.651276	-30.205979	-38.179923
	-4.193550	3.724673	-46.591535	-24.493117	23.894639	-31.113423	-0.581844	-39.466847	-24.456286
	-16.997968	-4.857182	-17.180065	-34.991561	-2.252799	-25.749885	-20.488499	-29.957952	-31.370541
	2.272272	14.437048	1.165493	10.587724	7.448953	4.978292	21.785490	-14.735760	1.348716
	10.701196	14.711131	-13.638954	62.783975	34.885690	-11.866998	33.532355	9.813358	-7.911150
	1.106758	4.504986	-1.479669	46.460706	8.798191	-2.628230	39.984921	-5.558524	-11.996879
	-14.754537	-19.159011	22.481353	1.274968	-7.937987	-14.779099	24.586171	-21.235377	-9.113241
	-4.563496	-38.226169	-5.461132	-27.345664	-14.730756	-22.971783	23.894253	-22.942002	-4.475586
	7.258109	-35.171341	-6.497958	-18.816659	-46.894134	-33.870010	-17.445662	-32.386791	-0.561597
	-5.267765	-46.420099	-23.664823	16.298625	-53.150621	-27.110237	5.357618	-24.652832	-11.188778
	-23.842592	-27.914675	-32.045678	31.131497	-23.843044	-24.489530	22.417386	-28.126135	-25.008266
	0.400308	-13.832289	-58.589085	49.139946	-20.069031	-3.892865	22.632439	-0.151608	-47.906201
	-22.589299	-9.946359	-35.856361	21.698064	-38.662590	4.481871	1.530936	33.384008	-9.036184
	-18.492027	9.174764	-21.891610	38.118279	-30.026063	18.621323	18.062144	31.550109	-6.490124
	6.910556	28.993403	22.826060	57.790520	-1.684668	14.457691	0.802785	58.447011	13.825359
	27.532529	40.095482	24.005851	65.888253	-11.805102	5.477335	17.476451	92.489677	9.987373
	38.208091	42.109187	-1.884556	32.026286	1.627867	-4.886526	-6.883465	21.190920	37.167478
	24.297551	44.571748	-21.991043	30.996857	54.153877	-34.146538	32.164928	75.277764	72.078273
	17.132596	29.041054	-27.634196	-0.703781	28.096184	-2.593377	2.400766	64.234444	65.780677
	1.169418	7.241467	-72.369742	48.908917	47.207690	-39.965437	-9.231842	71.271091	22.433107
	-11.631480	-11.235043	-37.079616	30.858492	48.269362	-2.720456	12.135610	58.494611	13.493405
	9.438863	-19.218437	-45.336927	3.147924	24.523602	-0.089499	-12.466528	68.683818	25.201378
	24.597677	-21.198114	-35.853912	20.786327	18.098596	-2.108072	27.645160	71.875469	35.923131
	12.431627	-7.379213	-44.801485	24.403511	-15.881513	-0.183346	38.614665	76.108413	-2.766259
	19.488460	26.943991	-49.753321	39.441911	2.191243	-6.412448	18.259955	78.723315	-3.526525
	3.805679	33.674474	-18.042307	-3.432487	-24.870119	-14.975092	-22.356013	71.444394	-20.839667
	-0.639551	7.764928	-46.230232	1.032708	-31.968413	-5.573670	-8.248376	40.009565	-26.111970
	21.628828	12.552851	-37.988817	-24.930216	-63.601175	-8.601617	-44.396387	17.229103	-48.849483
	-26.860170	8.733791	-26.645586	-26.650921	-33.045388	-15.130026	-44.685093	25.067985	-9.655465
	-40.777316	-6.393283	30.204061	-74.603636	-23.008258	-28.615364	-93.723863	19.307719	-10.820220
	-28.502092	-41.447433	35.415906	-37.960066	9.636501	-10.565249	-11.293175	-20.805402	30.635293
	-11.242957	-54.306266	84.012834	-18.904549	62.157693	4.120774	28.327466	-38.726121	36.258579
	-44.901302	-57.066832	41.739091	-24.423814	52.646695	-2.636555	-29.205291	-11.784971	45.836793
	-1.190319	-61.816612	32.605707	-54.803648	33.837340	22.535822	-36.167706	-33.740929	34.125529
	21.744229	-44.739168	0.107270	-33.023631	19.217001	-2.727899	-8.113870	-28.516802	39.356990
	31.738863	-6.732040	-50.456672	-40.788314	15.582273	6.044708	-9.298438	14.402697	-40.842559
	-5.433938	31.717278	-64.879402	-22.393937	18.759784	2.427388	-33.258880	35.997856	-49.563435
	-31.653362	62.967500	-45.991309	-23.806233	-7.390413	7.156883	-29.777051	16.539801	-66.531656
	-34.008702	52.164887	-73.952847	-9.331987	1.200829	-3.396240	-27.286242	-3.092026	-101.539223
