	2.807478	-36.432326	0.666527	12.323893	-2.937535	-36.233037	0.650767	-11.317292	17.969132
	-9.692483	-17.241565	-13.569956	-5.166598	-35.618932	-61.190382	-47.269390	23.613495	-60.238027
	-22.378708	-36.457469	-5.602494	-31.483657	-39.482018	-48.812267	-71.654639	1.585783	-0.800039
	12.165625	-62.519370	-7.309267	-44.251779	-35.667352	-34.631899	-38.652199	-4.807572	41.929421
	6.258511	-83.398688	-38.284766	-62.572685	3.286442	-57.806225	2.549221	-22.529009	15.177796
	31.365259	-76.420497	-56.149895	-61.200425	2.552196	-44.794890	-15.197553	-59.646860	-2.693129
	-1.982901	-84.347873	-42.219536	-59.223226	-45.876736	-36.941575	-8.954974	-77.586159	4.752092
	45.134880	-64.172678	-41.819052	-73.961599	-36.480720	-20.222723	-32.530768	-57.127916	-6.462284
	14.071568	-34.847789	-43.118068	-61.070330	-17.984887	-5.414896	-5.909422	-68.414049	10.318713
	-4.946451	-33.263645	-19.456360	-64.170046	17.535221	-16.604700	-7.252543	-69.897746	-16.315588
	22.372035	-41.429852	-24.050947	-51.722065	45.066550	-23.519040	15.740042	-48.125806	-8.114161
	-19.647480	-43.658045	-29.908190	-56.660024	40.526787	-20.917041	34.531688	-77.181244	-34.566132
	20.794652	-47.278621	-39.266657	-46.312977	71.476293	2.594192	12.349929	-99.787998	5.757759
	-32.931857	-32.846585	-8.451726	-73.902667	47.552303	8.721163	-8.106902	-90.357373	18.149663
	-8.709768	-32.635316	10.496487	-95.721054	48.275616	20.094843	-26.010402	-87.219193	11.193236
	-56.724539	-12.994012	-9.203031	-87.551769	23.456607	16.815227	-23.467317	-69.737815	6.994113
	-0.889156	7.669328	9.049248	-76.116427	41.737414	10.131619	11.875041	-51.382458	30.320323
	31.973639	-30.556855	32.632165	-39.244096	14.388875	23.842437	-8.170683	-14.851410	44.825188
	62.977856	-30.196424	24.245567	39.702704	14.677571	26.880773	32.423611	9.447387	88.288067
	57.835477	-41.833341	37.966921	72.261917	60.026479	11.769366	60.457283	-14.806928	52.473960
	44.839387	-24.972337	33.218425	91.523258	46.611377	22.420931	88.888840	-3.067726	18.210907
	35.764508	-8.054960	19.033736	112.535135	64.408038	16.190985	114.879556	11.570486	18.451822
	60.633300	6.716553	25.411411	97.807468	22.993232	22.026140	67.905938	-11.062940	14.870888
	15.283107	-14.156755	11.022255	36.445474	-45.485082	-12.796031	32.072015	33.943272	-33.165568
	21.736182	-14.477213	-26.201174	-9.741090	-21.031705	-1.223053	8.518760	11.700114	-28.360123
	-21.519952	-18.974434	-3.159238	-33.877758	28.707406	5.099307	1.562357	-10.614998	-15.493225
	2.807070	18.398620	71.937076	26.439488	25.313089	59.746534	36.809569	36.106747	53.819763
	5.533051	35.319998	82.478315	50.222808	66.556026	80.209774	63.747459	32.478765	60.733718
	17.685347	41.798304	62.704438	-9.340803	10.001398	72.927593	14.009760	22.334390	43.819293
	25.505626	43.675593	76.265728	-8.558702	-12.496022	60.048072	-19.830143	74.067178	72.793850
	23.978088	59.951166	28.272780	37.426549	-54.880169	53.148533	-7.671870	81.893537	26.686437
	34.265412	32.936535	-6.319401	33.969210	-63.034295	3.216756	0.430448	76.343742	-32.638269
	26.982998	5.916930	-10.076750	63.520995	-67.970445	8.436092	5.089580	74.037545	-16.411619
	11.830180	2.131371	-31.258403	63.976337	-43.501209	37.041183	16.811670	39.690379	-22.975383
	18.878258	21.163216	-38.679564	58.838520	-40.379317	45.191891	3.258916	-0.615449	-56.081798
	23.506574	21.739784	-35.082047	41.460991	-32.340236	40.286629	1.994862	6.942557	14.818060
	12.014914	51.511463	-27.245609	45.420953	-31.649221	32.878858	31.060767	43.641587	-39.863521
	19.040290	59.736145	-21.167235	62.536692	-10.085709	-7.039927	24.437075	52.459787	-57.705807
	3.495801	31.052059	14.348333	6.007688	-48.229751	-30.641568	-12.215268	43.508624	-26.317565
	-2.468516	45.978762	24.818560	20.107667	-39.700774	-11.553742	-7.291117	48.006870	24.523772
	-6.343527	44.618416	-1.014706	13.818232	-17.413026	14.831121	-20.999031	21.444672	-66.621673
	-40.457589	24.335644	-16.130307	-34.068303	-1.722262	11.608627	-18.614650	-29.443143	-25.317543
	-35.381975	21.668944	4.831852	-7.971241	13.397799	26.306782	-2.150727	-23.737561	-63.122630
	-41.502896	34.988072	8.655675	-21.198792	16.549030	27.865258	3.246768	-16.398644	-50.250989
	-24.441463	21.674814	-12.304604	-11.304792	43.472088	9.930029	7.927894	-4.567119	-68.412350
	-36.416991	38.225247	19.297366	61.924853	71.011239	-12.646498	60.967377	21.051313	-59.609664
	-32.337634	66.262031	11.691124	88.317412	58.134125	-18.155147	83.794784	45.796247	-38.300492
	-32.773210	82.641333	43.066759	81.964705	43.749657	-10.372343	91.521793	44.365192	-10.131107
	3.885105	76.181117	51.413929	50.042563	12.351219	-25.511878	41.805712	93.935768	-22.004220
	-8.710449	74.440793	29.746332	56.142512	-12.431214	-26.794853	-2.700870	74.531333	-1.170916
	-12.620079	76.930656	20.999547	46.393562	-35.672614	-7.708243	-0.552177	46.632235	-58.491033
	-37.847880	50.607930	35.221559	-15.942032	-35.907992	-24.115863	-17.733682	26.172178	-9.306923
	-35.520120	55.175842	35.810803	15.680283	-24.563425	-30.504667	-24.554433	17.277466	-20.868331
	-40.619836	49.466813	35.244392	16.834004	9.352680	-9.168997	-35.529092	42.328074	-19.380611
	-23.037613	66.976369	7.512697	37.006592	-19.178122	-8.606936	-11.344916	55.843334	-18.418973
	-9.281568	45.785218	-3.243062	3.136564	-41.238981	-1.276330	-35.009214	47.390762	2.577804
	-13.066101	20.490469	-1.216878	-25.963889	-28.960766	39.539448	-39.798927	40.845788	-5.305921
	-3.719302	33.979002	0.716992	-38.084265	-10.238391	60.806586	-31.757330	19.265345	25.983632
	-7.105780	27.660665	-12.301368	-32.159663	-37.480812	83.460299	-54.638070	0.775483	-27.204516
	7.509375	13.776987	-27.140052	-47.163449	-48.359804	45.033952	-51.364248	39.124522	-23.622857
	-8.850288	17.510425	17.854663	-36.949687	-70.998083	2.391642	-48.430918	36.755439	-33.745805
	6.554237	36.889447	5.844759	-10.410205	-58.122120	-5.699984	-53.152922	18.400878	-23.215309
	-61.693840	-14.975192	-11.955294	-33.336372	-23.679238	-26.736824	-58.610793	5.813337	15.093449
	-27.901336	-43.929357	-4.284397	-15.717772	-6.426001	-8.946671	-27.981284	-23.079490	31.380684
	19.793826	-58.523626	-7.953265	-21.719866	13.792339	-15.710467	-29.923692	-65.973872	36.449268
	36.702156	-88.694212	-14.054040	-51.499662	47.235517	-37.511333	-8.157826	-84.606845	55.351296
	28.181189	-119.774129	25.732830	-107.621857	34.708619	-35.598347	-3.545075	-87.489195	42.495827
	-0.536544	-137.129777	15.835846	-85.223252	17.465624	-20.808844	-65.481178	-90.490938	59.541600
	13.785693	-123.046365	2.519116	-60.462451	17.794035	-9.181328	-50.875208	-54.510916	87.996974
	-5.079086	-115.413545	15.251399	-64.554648	19.505848	1.907400	-1.615977	-131.771803	48.290730
	36.346084	-107.942120	-10.026125	-72.301052	12.106224	-3.349946	-15.247274	-90.498998	65.121308
	38.355914	-71.253426	-0.866178	-36.525578	27.759688	-15.654706	-20.257953	-73.605727	36.104347
	53.709596	-28.525355	10.440368	12.982053	-10.458547	-6.222660	10.135248	-39.400152	39.120434
	41.383957	-22.236383	-6.797555	-12.771622	-3.817452	-11.177784	-13.134615	-68.735194	33.093816
	0.466448	-33.562340	3.299665	-37.769961	14.705671	5.025055	-10.707896	-25.936574	-33.327382
	17.485178	-2.419875	-43.321584	-7.501764	9.354511	-2.202179	3.377189	-44.630108	-66.585144
	39.825731	9.403710	-57.239099	-15.374709	17.313593	-52.691524	-35.666797	-6.824414	-77.568762
	-1.209522	-2.646522	-62.817598	-43.736324	10.383103	-11.997397	-21.855127	-18.523470	-65.273821
	11.551123	-22.633252	-28.107145	-63.855020	30.236499	10.701934	-80.889807	-17.393456	-6.691748
	-17.167005	7.171983	-66.213510	-24.006436	-20.422024	-4.753441	-44.816243	1.139297	-71.347332
	14.490028	21.729161	-59.765663	-30.284192	-59.461697	-44.883818	-48.529328	29.316421	-98.018830
	0.583140	13.970419	-38.882623	-25.061964	-57.391978	-51.062571	-22.037105	13.230100	-23.283498
	-13.787715	16.660696	-45.656251	-22.996899	-38.993834	-42.718005	-37.399367	-8.298137	-20.789403
	3.257001	31.681204	-43.405771	-9.011623	-44.892890	-45.899531	-19.949745	-1.227164	-70.775581
	-17.312506	16.081860	-45.268857	-10.365642	-55.726345	-43.832003	-38.303372	9.051551	-63.114406
	9.774886	-2.635598	-22.411683	-16.579222	-64.177046	-7.587674	-20.929266	21.484372	-1.006046
	-18.109783	6.212644	-22.645180	-11.587913	-68.695562	6.031804	-37.641210	-15.450301	-5.675791
	-28.687528	-15.279684	-5.373404	-42.478013	-36.298353	-29.208860	-44.086684	-0.490211	9.390171
	26.137946	-29.218794	33.766113	-39.616998	18.396289	-20.703057	3.053890	-11.764863	84.132191
	17.257449	-32.437867	23.090580	-21.383336	59.004082	-19.870093	43.561384	-3.853271	106.892149
	28.127108	-45.174476	40.834284	-57.089843	43.626424	-20.953500	58.750573	-64.585468	86.640508
	49.727545	-75.371019	59.858494	-68.696490	83.700372	2.024925	29.293430	-56.732363	93.101552
	24.932098	-40.248625	27.091554	-42.284156	47.514213	2.640097	65.572614	-49.855534	36.755390
	-24.434006	-36.901811	-10.724913	-47.902912	40.966187	-1.972392	22.759238	-51.036619	9.462514
	-7.240740	-61.703336	9.445061	-43.615444	15.077254	-20.411881	28.283219	-41.770623	-1.410870
	4.099857	-47.144183	-9.868064	-30.289692	-19.452068	3.274473	-6.261381	-52.232369	8.607435
	-73.556710	-48.078831	12.748700	1.717192	-2.230031	-12.667259	10.122194	-5.387110	-15.950062
	-30.184214	-50.761720	20.558875	26.551357	6.256963	-25.498767	45.017387	-13.502393	1.752818
	16.505355	-41.249551	-0.021154	25.762057	40.570289	6.317155	40.531922	-10.155249	10.600898
	-21.706400	6.812309	-26.970468	59.737925	12.504422	5.365556	72.641015	4.189655	-81.455805
	15.213695	23.500442	-42.376323	72.008763	14.728954	9.283810	24.081089	16.303797	-82.239191
	-0.885427	17.221221	-9.415719	57.305231	10.167965	8.341358	5.543267	-18.787546	-101.877455
	21.165025	9.984182	-15.284768	22.006549	14.189612	17.342331	-0.103504	-45.406658	-3.499956
	6.275278	9.846753	-16.745667	-50.698612	-17.162965	-8.916463	-55.216071	-58.940716	6.153848
	-20.590263	12.031874	-21.115470	-1.457802	-20.375362	-3.230203	6.643839	-32.173243	-30.990343
	29.841836	27.156537	0.743678	14.709705	0.639208	-39.023793	14.444112	-8.181740	11.973750
	0.687497	42.990890	11.528369	-10.983724	-36.004975	-10.976310	-20.367899	-0.846183	23.782142
	-33.812386	31.655730	-9.599785	10.828081	-37.391303	-33.750226	-26.740023	-9.732062	-6.461332
	-14.775939	15.961043	11.687975	-1.726344	-43.337998	-39.391199	-44.779486	37.032967	6.714322
	-10.039637	24.642247	19.211972	19.302481	18.979083	-15.308876	10.090912	25.547704	23.147503
	-13.129201	38.118784	-10.453191	69.813954	28.117203	-19.065675	48.830773	26.275287	-30.724367
	-5.666662	19.445610	-3.081355	62.948843	62.671044	-14.215751	60.049611	3.144490	12.805193
	4.989155	-23.108611	0.170486	63.800328	63.263477	-20.925978	62.291322	-9.321878	19.461640
	0.368168	-30.150811	12.066914	83.723539	44.193491	-8.207040	61.598488	-1.482246	-9.691633
	4.625822	-30.842500	-19.642492	50.640047	49.942815	-14.001795	46.423139	-11.713459	-4.349949
	33.847255	-55.983090	-24.035650	-3.259744	39.546255	-15.791387	21.481131	-57.894403	15.541949
	2.076225	-47.845110	-43.417258	-2.616564	33.270780	-20.702372	-7.771403	-53.129473	-22.368723
	12.136856	-52.596398	-60.452501	-21.867322	23.179706	-17.063090	-3.384068	-63.389624	-19.716988
	24.180266	-54.416667	-39.532283	-47.234630	10.776212	-33.639360	6.690378	-62.889946	-27.244802
	17.498442	-47.110772	-51.343718	-26.493704	16.365541	-13.333349	-31.271023	-78.930360	18.235772
	66.858063	-57.175505	-45.458770	-45.790493	-0.074541	-18.950542	-16.111048	-75.528238	48.729140
	42.884268	-44.133049	-8.355759	-59.254786	22.978543	-36.152880	-35.063554	-59.203265	69.332385
	7.170516	-53.888492	-27.077564	-100.862330	-9.797354	-41.275952	-70.542340	-59.382198	104.286570
	-31.667544	-74.014811	-6.925383	-87.448080	19.529396	-26.058997	-70.945570	-81.921567	64.040140
	-1.432789	-51.088088	-35.141507	-53.396115	2.183848	-37.951535	-18.472215	-55.272853	37.903453
	-3.381863	-54.647820	-52.646063	-59.743608	-16.014745	-55.574836	-41.086215	-60.555265	41.220193
	-41.008785	-61.864583	-37.357939	-48.909262	-30.334290	-50.178066	-59.337384	-59.187364	-29.267641
	-16.699718	-33.122476	-48.342257	1.111022	-8.001061	-49.680478	4.771478	-32.057127	-52.680926
	-29.167782	-17.005402	-48.813677	28.762952	3.233663	-58.082757	27.515828	-4.244522	-134.546282
	45.692697	50.678313	-15.199826	97.496873	28.665307	-31.651903	100.392817	25.114484	-46.657002
	23.744655	27.318554	-41.058498	74.231916	41.529054	-38.516856	80.615117	9.344864	-31.899684
	27.439427	27.757731	-52.642498	79.619222	-16.406574	-31.095220	36.436587	-19.991607	-69.491123
	-4.905895	23.392216	-27.037462	93.908187	-39.443003	-11.304764	67.048965	19.236126	-72.528175
	40.107382	31.410907	-52.631452	104.745982	1.705628	5.302995	45.794335	4.314125	-66.268554
	22.468853	41.166109	-61.941609	75.062055	-17.258949	-4.107028	0.768357	-23.407327	-75.486979
	-11.604598	40.763748	-25.025693	53.484646	-17.313262	-5.484132	1.168191	1.854531	-77.710727
	12.974282	40.792444	-36.754187	26.198834	54.331115	5.669566	30.457257	-25.362272	-52.948296
	1.362913	39.969760	-10.579481	36.881360	51.029116	10.891895	44.273585	-6.608827	-50.126710
	-40.910245	51.292427	-19.313575	42.543218	19.085608	24.407484	27.800673	35.061164	-23.681699
	12.839643	54.151032	-5.408046	75.933998	3.253456	-6.232983	35.036780	32.336084	24.457156
	35.301646	34.666000	3.178222	111.105454	27.170204	-8.709406	63.038022	65.569288	6.250054
	35.382502	33.379613	17.953700	116.502715	43.846360	-5.580062	89.832145	58.761597	-41.710425
	-13.850001	2.136385	-0.350781	88.435069	49.118367	19.286592	75.713499	40.036763	-80.014841
	-18.304026	-9.595644	-8.129742	39.147177	45.038116	4.333153	58.611242	-1.172695	-54.137694
	-30.265371	2.013229	1.600357	60.266336	45.894749	-0.425697	49.814395	38.653467	-26.626186
	22.500959	23.838645	36.104720	38.262993	-7.894719	-14.602898	27.767852	39.010748	-55.302273
	5.934590	30.913043	40.754409	67.452693	12.706912	6.814313	47.383035	40.635830	-18.459147
	-15.899968	39.958876	26.741510	66.257562	-18.024719	10.897029	28.058026	49.009827	-48.204558
	-14.028767	47.427940	20.088320	32.237297	21.954381	15.831219	34.828874	35.349020	-54.747415
	-30.134997	33.738586	6.317624	35.053352	35.751898	22.109522	49.835899	42.451575	-51.634989
	10.267986	28.365096	6.107756	43.869131	18.819963	0.689565	43.752948	41.945863	-23.631454
	-23.016265	42.300032	16.667408	55.653038	-1.403935	12.944021	48.277750	79.145926	-6.843870
	-14.311154	21.839000	-5.402227	44.516044	-2.540671	11.268713	21.748909	67.467780	3.384251
	7.292076	28.438582	-8.708309	43.629462	37.848963	-14.661703	29.800004	73.886835	-6.583597
	13.562955	47.938059	-0.835008	65.317810	41.621328	-0.735889	99.176451	58.748314	3.343490
	-2.214766	45.123099	-20.194522	64.201138	42.675548	-12.920511	78.494373	39.419568	-58.465867
	-29.140566	36.120073	-14.450751	66.583532	16.621192	-29.716040	44.702242	24.930790	-12.364124
	-30.274865	35.656540	6.728670	75.262814	13.985752	-26.719910	56.903739	4.243588	12.912695
	-7.144179	27.575612	-0.324447	32.571720	14.355245	-22.930275	46.585707	6.333260	9.573147
	3.437353	15.992085	16.111562	22.379859	-9.302218	-12.726174	42.368052	-10.319773	29.951905
	21.426250	42.338109	-2.649933	21.614127	23.258832	-10.113984	66.954256	-12.077850	18.300717
	13.872017	52.339731	-15.177446	81.309908	13.418928	7.633018	55.914243	63.723775	-25.083990
	-16.391656	71.965406	-15.231170	100.761907	-1.267420	-4.207392	40.926670	53.936502	-57.653794
	15.469569	55.014668	40.109459	51.598451	0.756580	3.400313	34.220747	57.919791	6.928014
	-2.849971	41.385833	40.031895	54.759080	27.437774	19.151903	6.300592	60.340392	66.982799
	28.002936	17.661055	22.875107	42.994766	-20.027477	47.625883	-2.186891	74.294267	22.336206
	-0.162790	22.923971	17.487421	15.062054	-9.508593	30.775035	13.875211	38.696960	-17.041948
	-26.746703	20.489481	-14.655660	22.807103	-20.012519	2.665412	-16.074811	21.266710	-23.849464
	-30.263263	29.591994	25.094444	15.114366	-1.607707	-16.040084	-3.898926	28.223891	19.557382
	2.139105	34.855464	19.983585	49.674297	21.464549	2.713786	-14.274097	34.963948	-3.227732
	0.034985	28.350982	24.330323	8.313148	-3.318091	-18.733255	-8.350886	35.161266	16.682350
	-9.819359	10.770720	23.126055	12.277018	24.342663	2.191697	-6.371373	37.108779	44.351141
	-8.264662	34.065236	-2.575412	-3.125707	16.990003	-3.568852	-8.735220	9.489332	27.054432
	-45.092776	14.281028	5.048574	-43.107621	-0.157029	-33.628872	-68.164089	-4.240010	19.530474
	-38.476646	0.447289	53.340258	-25.177269	-29.519631	-2.415245	-48.292280	13.452872	47.940733
	-20.267553	-17.487097	48.106829	-36.004286	-33.132674	-0.731257	-67.543515	6.939006	33.648593
	-31.618359	-41.458328	37.693923	-65.330073	-12.805337	-21.087434	-48.110542	-44.254395	-11.670786
	1.087629	-57.005332	29.239522	-54.302236	-33.501809	-29.588656	-41.486123	-21.798800	8.869974
	-18.044518	-20.073567	-10.054308	1.676440	4.248341	-25.427025	14.783754	25.598598	-40.924776
	9.495423	16.745576	-44.044777	9.651578	-13.107204	-28.183020	-25.318867	11.918863	-12.204071
	9.327726	-15.403531	24.430207	-20.951126	33.833331	-12.484964	-30.011513	20.219676	27.185581
	15.277178	-54.270640	21.211391	-29.573251	24.944054	-6.012743	11.281209	-17.541042	16.463286
	21.680369	-81.105432	11.527810	-13.018866	0.261405	9.554906	0.544597	-24.774673	79.731030
	10.706378	-102.678611	6.782899	-38.879518	-11.536915	1.312581	-16.371959	-82.450061	55.356228
	58.618662	-84.927057	-12.508476	-64.294563	-48.346812	-0.552999	-22.670483	-69.624858	7.965962
	22.068255	-60.197084	5.378300	-61.097437	-12.523340	-18.656590	-21.070774	-86.982469	17.614066
	-8.496709	-50.837259	10.085440	-106.888935	-0.509479	-41.580482	-63.878107	-93.254275	50.667425
	-1.546805	-64.605727	14.676832	-68.858087	0.755866	4.296604	-43.084400	-75.152206	49.327857
	1.035423	-55.172829	4.294387	-82.627007	-2.733620	34.946565	-25.726918	-71.117619	39.956260
	19.544922	-56.399595	-20.636794	-49.099531	-21.558821	24.815175	-86.005493	-68.515023	10.580549
	18.602922	-79.646337	-43.788657	-83.085286	5.864193	18.200004	-63.642471	-70.068424	-16.432891
	-18.657226	-66.833012	-29.081641	-73.847945	-34.146423	44.181595	-24.592681	-67.215162	-20.593245
	5.513547	-59.766809	-26.450122	-71.818237	-45.351175	-1.916115	-65.225607	-18.559107	-10.380728
	-17.061850	-11.897246	-25.743599	-72.656233	-77.602971	9.025415	-72.843270	-35.003409	7.412044
	-25.063921	-6.812400	19.041204	-73.718724	-56.589132	15.678433	-44.647642	-29.517700	56.560065
	-9.497324	-29.754501	27.999270	-70.334396	-42.786838	-1.278874	-71.567057	-30.318356	93.105372
	-13.022235	-24.231354	38.144739	-56.676111	-47.370217	14.741695	-60.360603	-11.203866	63.470484
	-24.211957	14.973906	1.975809	-31.640414	-41.079871	21.122523	-60.059708	8.678408	52.737059
	-18.394428	31.104603	-9.469235	-30.450238	-42.444878	24.746451	-39.542444	25.995435	18.727181
	-5.219334	53.807481	-6.524938	-18.225988	-21.425110	41.493798	-9.735252	31.545584	21.031703
	-12.738029	48.913642	47.921765	30.284798	5.912175	56.869409	-9.283771	36.199289	89.091067
	6.389387	63.589524	74.051870	35.970593	-30.098483	61.520939	-15.731302	50.356262	85.339357
	11.253376	33.337457	79.267049	29.429280	-19.743245	90.565017	1.048624	70.565725	122.154297
	-8.755856	49.959503	74.466721	1.377394	-2.865906	91.575921	-0.195697	48.617765	92.827440
	-2.884115	31.628432	35.218877	-26.670971	35.999077	90.613778	-22.444335	-18.879606	93.521383
	23.561647	23.903923	33.630064	-15.529691	55.606958	51.793462	-2.148775	19.066536	83.534324
	11.411300	21.844692	22.504042	-27.031737	40.907365	26.526418	1.036730	-24.182290	71.874301
	22.265052	-9.162366	36.426485	-58.343692	37.710932	54.584407	-19.761374	-41.607771	81.323103
	-2.399375	-7.381623	53.028648	-93.458237	49.764980	72.429138	-14.735078	-59.017483	125.185020
	-39.402336	31.262505	14.239361	-88.401723	34.889377	62.683771	-26.973802	-37.666244	84.608513
	-29.059354	21.109128	-30.616037	-126.244876	13.546745	32.148103	-43.212785	-56.882220	35.160662
	-41.068004	16.027655	-6.724231	-125.074410	18.355276	18.206748	-64.617980	-31.455831	32.747512
	-21.053294	3.960546	24.335044	-124.979332	24.274763	25.831098	-85.616460	-74.825457	18.887848
	-25.909477	12.612937	43.411664	-124.769022	20.562274	32.507173	-40.961605	-46.168733	66.198927
	-24.983951	22.597728	29.978604	-114.227400	-2.546127	43.268416	-41.936402	-45.865343	41.885328
	-0.605634	-0.089881	20.486574	-110.019126	0.723961	42.928934	-12.831754	-38.411988	59.639219
	17.022556	-6.178946	28.004162	-100.007229	44.397667	69.071478	-30.602738	-60.005182	64.539463
	-1.847915	-1.647945	-11.951234	-89.801937	31.195751	0.823864	-11.649024	-72.804784	26.592493
	-27.502991	-16.921931	-2.097142	-147.986731	11.773439	4.390373	-86.529399	-71.006092	15.923078
	-20.819205	-35.634952	-5.775170	-125.232932	-19.766614	10.826782	-65.892280	-90.273916	-9.868671
	-18.350056	-12.186364	-29.467640	-85.413883	-19.273107	9.349528	-59.963041	-76.806272	-31.793282
	-29.210269	-8.524287	-17.426526	-84.877606	-48.169909	-17.781971	-38.701607	-61.249354	-49.338937
	-1.825411	-29.830752	-19.993005	-72.851472	-9.423199	-9.216830	-51.112502	-52.057763	-28.425586
	24.224233	-7.033958	-64.381497	-27.460313	5.336730	-18.314280	-8.253564	-24.461761	-22.262236
	-12.338163	-25.987106	-97.382806	-78.947969	-20.431186	-24.588662	-55.931784	-58.590052	-84.526544
	-35.700659	-29.856919	-98.377700	-110.466763	-5.792999	-31.993188	-59.074774	-59.416485	-37.434045
	-27.195323	5.170155	-61.599892	-46.821155	2.217783	-5.284945	-31.204978	-26.561345	-12.918432
	-17.583049	4.616470	-56.918186	-46.054190	-48.872916	-29.958112	-85.004520	-11.730043	-55.253328
	-76.031234	3.344877	-52.993807	-72.606945	-54.786126	-10.918123	-64.750396	-14.886966	-35.922705
	-43.915065	6.544134	-15.217698	-42.864909	-61.922307	17.184858	-70.341388	17.816310	-46.287805
	-37.554644	14.695313	-25.229219	-34.250915	-52.241134	23.907327	-56.886956	23.235886	-72.014619
	-32.048217	-0.010276	-15.819792	-79.691825	-62.444084	13.674633	-55.137725	-2.206718	-83.380359
	-17.248282	1.106384	-15.706107	-40.754389	-59.385940	23.032450	-71.873475	-19.129681	-64.229824
	-4.871551	2.430545	-29.351223	-34.196963	-42.096241	-19.965501	-17.586454	30.635942	-29.814252
	15.430045	1.338744	-56.802850	-16.006344	-66.620573	-10.054721	-53.249669	38.032985	-65.873022
	8.401633	-24.137123	-33.312501	-35.713099	-106.318301	-40.797482	-70.471696	22.614882	-29.070880
	-4.641433	-13.111784	-40.128916	-25.426217	-62.970206	-36.450357	-47.070978	22.711130	-50.258873
	-20.787296	14.778226	-49.672525	-21.268914	-73.626455	-42.578155	-57.921926	56.300166	-92.611096
	-16.276420	5.820585	-42.391707	-59.773962	-69.124713	0.550059	-71.600507	37.263457	-115.668119
	-42.040463	9.114966	-15.241200	-42.848217	-60.782548	1.711111	-23.827971	-20.250341	-92.713260
	-19.018998	10.939551	-9.553443	-18.141331	-66.466900	11.065851	-65.166541	11.520160	-34.082591
	-17.960703	29.831095	15.118870	-47.587141	-22.699903	-19.373835	-53.221644	5.687727	-15.858428
	-22.648728	13.027923	-3.961714	-33.258555	-30.420193	-27.435264	-56.269199	40.658754	-30.006350
	-3.168470	-8.894074	0.498593	11.867066	-68.295775	-8.002850	-8.483332	43.029031	-17.256330
	-4.737758	3.906600	-0.914029	6.239069	-40.399938	-3.419634	-12.809790	47.817579	-14.895772
	-10.916286	-2.928571	-3.870298	40.297623	-42.746172	-32.017326	-31.071080	30.782217	-63.899730
	-9.224140	42.769498	-27.786723	59.208708	-11.064763	-37.076518	5.682668	51.201744	-87.719444
	-7.754732	17.981775	-21.471963	9.919419	-18.102388	-3.275122	4.283450	44.812208	-46.797052
	30.834196	7.264352	5.995461	24.341352	16.439308	9.317822	10.974796	43.768928	17.001373
	19.081786	1.080130	-0.725346	50.297363	29.974682	6.240399	48.730293	78.479180	3.834343
	-20.773043	-0.105617	-31.427091	44.334542	27.509517	-19.387267	49.418925	16.691223	-40.500776
	29.218766	-10.889066	-1.591583	29.507297	4.473313	31.427740	-20.657069	38.986402	-0.786076
	5.009597	9.859435	24.430707	46.827299	-34.379469	34.410251	-10.621289	58.856394	7.635992
	-37.006598	16.547746	38.027235	5.724355	-41.401612	21.149695	-36.326281	75.600469	3.661270
	-29.026417	26.519380	12.259718	34.974715	-35.959401	19.387628	-22.613938	75.780926	6.973134
	-59.587874	24.986653	65.612525	-7.322757	-39.917571	3.554839	11.408108	68.953277	30.692113
	-24.256399	46.316414	46.082543	37.438137	-24.308469	16.546292	-4.369329	107.715280	37.035382
	-21.198132	68.901029	53.033092	35.132552	-48.127528	3.755194	-8.601740	95.647518	12.981422
	5.504097	71.461199	50.958127	19.309187	-30.530528	16.943161	0.350161	74.296641	-15.153516
	6.123647	64.759918	39.158049	57.937571	-30.511018	33.681953	-14.100612	109.647312	25.272671
	-11.467709	56.901728	40.489437	55.282591	-33.636633	39.195084	4.898388	61.971863	-13.191826
	-36.797606	41.435191	9.824686	11.391006	-48.411592	8.890486	-19.327102	46.189296	-30.941472
	-50.823001	30.275935	19.239882	-4.719494	-66.654066	9.126727	-35.691422	25.315924	-27.621662
	-31.351576	29.792237	2.431928	-21.845444	-54.256203	-20.438932	-83.638968	47.315463	-17.961163
	-60.581721	62.129703	-29.916443	-6.377800	-24.710965	-7.047085	-22.072788	39.839205	-39.129337
	-80.703962	58.256879	-25.389525	-15.257982	-33.240195	-5.963264	-38.516507	54.398090	-54.740871
	-46.797862	64.027914	-12.021368	40.049768	0.165565	20.455416	-9.521564	57.550701	-6.722681
	-29.407836	83.333063	-20.688763	58.303352	-0.293743	7.681298	-2.095812	65.134583	3.714390
	4.492322	57.643626	17.211454	84.126018	16.023993	-3.366710	22.968444	67.116821	-29.496436
	-39.243943	34.348087	18.533662	79.683464	-21.257977	-3.780469	24.719029	76.484408	-4.500481
	2.265735	24.301586	10.751597	98.362365	-24.170252	-5.005850	0.544730	90.206165	15.708062
	-3.435239	37.597665	30.112326	83.483066	32.549753	12.801051	33.755032	63.601295	43.639832
	-25.042125	10.097223	3.544198	113.067666	21.403124	-6.225456	25.201318	50.933885	7.654048
	-35.028913	10.430350	5.563600	35.443403	23.942428	-4.467599	20.411723	33.331270	-5.061409
	-22.188263	22.030779	18.510291	70.221037	23.842599	3.316071	12.220052	30.233521	-15.901319
	0.980063	32.692622	-0.020555	64.876855	33.909470	15.610624	29.901579	34.732638	30.528119
	-1.129819	12.745675	2.951392	41.756714	3.443887	33.738008	8.127727	16.146241	4.249986
	-22.531653	13.817543	-8.618568	27.760666	-27.850116	11.070425	13.684079	46.459755	7.720046
	-9.049639	13.776942	-4.956458	36.839778	21.143385	0.477207	33.916676	21.641082	12.915507
	-19.035912	38.844648	-0.618554	29.348722	24.612119	-11.895213	25.698112	27.761122	8.838375
	43.774763	53.953860	7.566875	54.150997	47.463802	-6.677220	49.042779	45.213971	33.009844
	27.326640	37.196852	8.843599	46.042905	41.346522	-21.404058	74.782261	42.112268	-33.034005
	6.620021	49.678658	14.540637	57.240120	79.507408	-12.451041	47.320730	9.566625	-38.625399
	-12.170112	28.448178	15.090188	35.786754	48.303110	-24.591225	76.748278	6.568526	-54.546559
	-22.783996	34.264649	-7.915941	69.390777	39.213126	-38.723029	54.570931	46.658738	-4.473456
	-0.456039	23.711856	-4.215578	63.462340	9.822751	-35.466552	72.297651	34.788558	-56.990713
	1.932805	30.054802	0.375053	75.101349	18.947561	-40.711108	22.867512	44.999628	-33.478831
	-21.563199	23.551302	-19.633884	53.128485	30.169525	-25.052241	17.409428	5.742369	-6.964225
	-6.618162	12.277920	-1.078388	38.596952	8.958572	-24.469132	60.360843	12.450342	5.074788
	36.469674	38.101423	-15.954661	23.379140	26.196463	-0.218812	56.567646	14.086547	-28.497581
	17.951573	17.325647	-40.256035	6.959365	23.268981	-17.019268	53.973642	-15.318973	-60.049207
	-11.333257	27.358369	23.709223	1.635576	31.792322	2.255888	34.936489	3.650590	-17.426573
	-5.469311	22.987445	23.118721	-17.514848	32.166215	8.331106	7.922143	-27.330573	-12.801932
	2.045128	8.722211	61.825852	-6.312592	9.485880	-22.127511	-6.524644	-15.092520	29.436581
	8.430578	12.774465	22.390174	-2.850860	37.937402	-31.913380	-1.664769	7.234999	38.382068
	32.952316	14.017439	28.689811	3.798523	55.389655	1.051621	21.998797	11.553133	64.123604
	18.579684	49.579466	-9.432544	38.805320	47.023932	-15.615533	51.735923	16.580648	18.057086
	-28.773754	34.760915	-30.973250	41.814228	30.747442	-28.786238	27.440199	43.916767	-35.737177
	13.083663	25.779780	3.956487	39.610963	15.669562	-26.228459	43.614662	31.750048	-16.381466
	18.167224	31.949315	-6.965264	27.132243	59.698520	-18.882503	-18.976460	11.524984	-17.356104
	3.705605	38.041094	9.329047	60.222131	37.552869	-45.679177	44.654944	17.805398	28.794084
	-18.060339	24.835393	-1.348652	40.477045	-6.577498	-32.480170	34.816742	21.855287	20.960988
	-37.244969	1.366572	-1.961761	-5.206771	-11.962641	18.504396	-2.577789	5.977823	27.516065
	-22.236354	15.710053	-26.584392	2.012638	10.926136	16.619057	17.720724	-2.333509	3.861614
	-51.674035	5.730960	-36.803014	-52.086120	-1.069951	9.131034	-28.240703	-5.077942	-65.023980
	-13.359794	0.315829	20.049982	-21.157612	-10.655340	16.264120	5.005498	-20.384182	-36.273024
	-12.314863	1.693532	23.130742	0.946702	28.518801	34.684835	26.686169	-24.744826	-4.617877
	-33.733159	28.689200	2.926119	26.491728	-30.446972	19.108603	-3.173185	13.760218	-19.960580
	-4.411235	8.397198	-3.171495	35.773708	6.411988	-10.991387	-12.447324	25.310683	9.963618
	21.681395	16.570090	-3.588165	3.193179	-12.820914	-11.119344	-13.979647	25.101801	28.591974
	12.167742	7.760211	19.840750	13.180795	25.375586	-10.779278	21.048642	13.505894	-11.373356
	-11.861205	-5.958618	7.729426	-36.208974	-19.649925	-7.994619	-21.570021	-2.516639	-5.980060
	-21.996339	-17.580391	30.164411	-34.759135	-9.674581	-4.405681	-47.286514	-27.347358	-3.924843
	-37.805290	-25.621470	16.577081	-73.292184	5.198230	2.854023	-36.798423	-10.096671	35.496523
	-45.719613	-10.419403	4.756394	-64.583449	-14.965958	-6.737877	-31.301604	0.711584	-26.842419
	-15.845171	-18.296481	-8.778645	-29.085531	-3.717492	6.631989	-41.078143	-6.794878	-56.318071
	-4.651485	2.697520	3.859864	12.064851	22.511215	-39.632086	32.849050	17.069517	-33.423108
	-7.965684	18.142156	12.738088	6.562822	-9.246332	4.730731	33.183962	37.937282	-7.408708
	19.269235	35.911897	-22.606516	28.217716	10.559158	-11.066837	49.332867	36.201254	-14.681563
	-33.806068	31.818491	-27.757835	19.344236	-1.186839	-8.756545	49.778089	-0.242905	-34.584506
	-2.835906	11.999495	-55.427957	54.683206	-47.780526	-3.812409	-8.493908	42.059295	-79.282351
	-20.828848	23.425954	-34.965494	7.196609	6.319181	-3.693757	-7.429955	56.919707	-22.573847
	-51.449468	7.061591	-26.190672	8.177094	-10.442420	14.275640	-55.927053	-8.462997	-70.977953
	-28.301517	15.235789	-20.548885	-10.115896	-1.005703	-41.581111	-24.894501	22.101903	-91.992020
	10.162502	17.142539	-33.667107	9.905080	30.030748	4.954396	14.216749	16.985987	-16.304772
	-12.413578	18.058724	-54.968432	34.587580	54.732710	-31.010502	30.048814	21.436902	-20.748691
	-34.785746	6.177894	-62.187082	-4.072281	11.385418	-21.571901	17.087596	2.687013	-49.704284
	-39.055769	41.850355	-67.960820	13.020515	10.498293	0.670076	-24.732320	-35.533293	-71.355916
	3.117427	57.559554	-47.490137	48.069464	-27.974581	20.049276	-0.186413	34.154346	-70.084283
	-21.414356	68.216762	-44.482191	37.742416	-45.037784	15.098398	-9.339623	47.780842	-71.191627
	-11.453822	69.321441	-30.672411	20.944618	-51.713376	9.261444	-31.565300	54.793638	-56.272865
	5.938623	69.573811	-21.372127	19.268007	26.467029	15.444726	8.813044	54.481631	-13.518311
	-9.093796	84.296735	-6.519965	32.004024	-37.880271	37.651179	1.884213	62.218094	-45.988323
	-28.856874	61.376390	20.142833	13.010940	-63.194413	14.960315	-12.749347	60.630304	-10.959113
	18.941330	25.295746	64.298607	-8.833262	-34.886967	27.323504	16.269338	52.419660	17.587405
	21.543605	7.480228	64.910010	23.270809	-35.219657	16.979452	-4.721133	31.145889	52.284903
	-31.166759	14.844596	22.328630	-15.771731	-12.057770	2.448244	40.463530	26.511790	40.134313
	-7.489759	-0.012075	45.147752	-7.520253	-27.825338	10.402910	-17.141552	39.101363	24.719196
	-13.789664	16.081126	43.197739	42.046594	2.885732	41.582479	26.216037	51.370877	38.558662
	-57.614855	44.426812	34.450021	48.416580	-51.745887	66.282568	58.851423	64.226110	-9.352137
	-41.405532	34.257353	18.415633	3.096842	-30.362010	48.423991	8.591622	49.481077	-48.451540
	-33.819430	22.303321	23.745505	12.977400	6.412273	35.782279	13.965216	9.955855	-32.198606
	6.435750	26.257739	51.289900	84.862439	59.883929	9.644451	93.290373	24.252991	33.897999
	27.352075	7.884120	-6.136014	92.292671	75.108349	-35.788978	101.154934	23.948227	-1.463043
	39.313554	-20.617453	28.375510	92.758968	48.714208	-5.515552	67.270912	36.891554	41.728406
	39.284404	-13.176856	10.769240	136.773213	28.317219	-7.252106	40.713633	37.279083	-8.650604
	-15.961624	7.215361	-23.806311	75.291582	-1.397834	3.073785	39.851078	26.703000	-57.595253
	-18.744252	10.031652	3.485055	63.438903	-23.134424	-10.179278	24.611657	10.005462	-53.908248
	-9.328295	28.781569	6.157673	53.959116	-12.246116	27.138481	13.815699	11.516868	-23.158440
	-23.585943	35.120835	1.484664	47.083422	-16.893652	-2.715795	15.709280	20.974313	-5.540107
	-23.930542	8.792409	7.487608	63.665496	-10.959735	-7.939759	27.223658	44.010994	0.799704
	3.184523	-21.397232	16.064108	51.126613	0.880068	9.426724	35.216275	4.863003	1.023930
	28.610813	-1.923643	34.685483	74.785613	23.049635	39.591345	69.305096	13.143327	-0.325187
	17.696688	-34.085290	32.105372	37.428975	4.527351	30.591803	5.254394	5.960151	-31.686012
	12.332630	-25.583545	17.135773	38.352197	3.800623	38.871122	37.999976	26.041272	-9.064124
	10.696141	-6.869807	52.447818	54.705337	-26.401703	88.934883	10.551513	30.547721	7.107403
	10.423902	-14.317117	33.216126	51.709626	-19.155955	59.699562	12.856617	46.164408	4.426065
	7.569607	-22.178681	54.003973	21.192571	12.788121	42.306315	-0.023516	23.619217	62.128029
	35.668151	-34.815118	57.772056	24.404070	80.364383	62.835946	58.332035	-1.706419	61.810080
	27.860836	-23.127720	42.933245	6.410189	51.502980	59.402119	45.531152	-40.811040	64.927349
	1.522776	-22.926762	64.946968	-17.335350	27.435832	63.860291	0.440321	19.005245	8.249454
	7.881716	-19.973504	58.647809	-35.116075	5.714920	69.711986	-10.778736	1.899998	55.776671
	30.300430	-16.369266	37.531809	-49.903126	-33.148578	78.192837	-33.081850	8.788519	61.629045
	24.002230	5.257313	9.908856	-37.134344	-28.069229	39.576091	-27.974353	9.486734	53.246131
	-8.376515	36.593408	-2.436276	-3.672332	11.459125	27.485776	-10.323603	28.916456	7.983081
	6.978346	30.029320	-21.275965	-2.528317	-7.889686	14.743802	5.844872	36.426329	21.398978
	-0.493555	20.012650	-6.281510	20.531783	-21.114225	-5.832507	-33.948829	30.786354	-29.431742
	-34.661342	52.074490	9.497211	-1.023235	-25.071010	10.123686	-11.434470	40.641872	-56.328514
	-22.585150	38.088555	3.011204	-19.399926	5.972038	-26.992427	21.441927	53.068099	-48.192864
	-9.416054	60.600611	2.342333	1.690462	7.381046	-22.235301	51.102265	24.827184	19.550404
	-13.967217	30.301616	17.485678	13.371149	5.441821	-17.316206	-21.652837	9.976355	16.873092
	2.088646	19.706875	27.014345	-7.307234	22.372745	10.742379	39.316341	-15.401818	55.367498
	12.000974	32.779806	23.347301	20.960419	17.325440	-13.018099	41.225007	2.482151	42.950859
	8.239690	17.574993	33.217084	-19.625647	-0.748473	25.657935	5.365639	-15.166818	6.171840
	5.408537	-10.230874	81.569775	-45.216651	1.077873	36.798758	1.142368	-18.430514	82.744725
	27.430170	-13.590228	24.306441	-32.558124	20.985527	32.330743	-23.973503	-34.034293	69.121537
	-15.998728	5.762226	7.987563	-15.004365	7.014162	10.939910	-1.296850	-26.892357	34.503017
	-27.798094	3.586954	13.677365	-10.259715	0.689066	-10.299093	17.823393	29.182852	15.763009
	22.653932	29.362818	23.613541	32.030959	8.371508	1.886007	16.788041	21.008353	22.517143
	5.420838	22.283533	25.186904	37.865414	-18.129656	22.773812	13.548599	44.866939	-0.892885
	11.356084	-25.228286	40.011239	3.537485	-17.163625	38.536466	-26.590813	36.647862	60.024272
	32.032460	-58.701935	53.838260	20.626023	22.097591	34.768650	22.023204	-16.476911	123.881926
	71.889102	-66.439154	26.259774	52.813743	26.513262	31.800036	36.697893	-43.420626	84.314978
	38.308709	-111.573163	-15.984823	8.254539	9.425232	-21.197126	-16.575459	-56.355040	59.307568
	29.251800	-117.353632	-24.563091	2.116939	45.465688	-35.934113	31.136448	-77.905222	63.970375
	77.300909	-76.695868	-4.868967	-22.821020	44.510795	-13.651944	-6.776573	-79.478807	66.849242
	18.861543	-71.451097	-14.691189	-70.191543	15.234219	-23.503832	-14.122740	-57.627855	32.782813
	22.872706	-73.998522	-18.682987	-48.066249	-32.649715	-33.192224	-28.949131	-32.116697	3.754357
	28.101160	-43.560902	-25.317099	-6.697022	-16.656744	-17.184280	31.950408	-33.165495	-28.585558
	25.759835	-41.141083	-32.888763	4.981194	-30.855704	-18.868978	4.611217	-29.218465	-85.615226
	34.147316	-27.324890	-54.223921	-36.096988	-36.222991	-22.697919	-19.545549	-40.390946	-27.751008
	23.583569	-22.711136	-23.165656	-37.041953	25.057237	-28.679914	-34.973090	-14.487463	25.456676
	42.714480	-21.810365	-45.926773	4.085059	49.880648	-24.208563	31.363565	-16.644428	16.751566
	21.378082	-9.178383	-52.736959	31.153372	36.187778	12.670445	64.282925	-45.673278	-1.428456
	10.631185	-6.882733	-40.498328	48.948182	5.655002	3.737482	23.335866	24.008910	-33.425785
	13.295406	-7.456040	-31.054018	11.681564	-18.056032	17.539870	56.661294	-14.117233	-14.562759
	41.630104	8.560295	-35.629105	20.877888	-7.097917	43.073717	56.716808	-9.797304	-10.378236
	-4.084297	19.833412	-58.997121	-1.884416	-25.855794	35.338785	-8.192391	-14.353778	-71.901290
	27.779056	15.307651	-35.608009	-21.665577	-27.307923	-11.860936	-54.456853	-36.041793	-54.755585
	5.112970	13.342873	-27.373025	4.876768	12.539663	-22.208506	20.155192	-19.630902	-17.674908
	-9.613400	20.237955	23.374633	11.540957	24.332877	-17.139247	7.751225	-24.030054	-42.749596
	34.820667	3.417217	47.174749	25.640638	-4.548063	-34.664804	54.887999	-16.980988	7.107872
	6.292305	-15.541447	68.447810	7.755055	38.047613	-31.198934	12.120923	-22.539626	-15.494207
	-5.768022	-21.177265	71.711932	-2.776550	-3.269034	-10.318898	7.070066	-25.707968	-23.697884
	30.519987	1.560679	72.229122	30.078391	39.389155	10.046913	68.417142	-21.378072	8.515374
	-14.152662	15.100234	23.713548	22.028718	14.925978	-26.536817	55.402943	-11.884633	-11.035878
	8.303121	3.603919	-33.688305	0.031781	45.671342	-39.874696	25.087466	-26.609255	-56.585715
	2.267274	-2.715117	-42.338520	2.551334	52.298987	-44.350287	8.546055	-37.790002	-35.197159
	24.806347	-8.468090	-61.323652	27.538033	63.446973	-18.859164	50.351597	-46.968778	17.435372
	-6.376002	-12.739952	-48.008469	13.884609	36.224759	-34.410197	19.257241	-15.544165	4.485973
	22.258978	4.131614	-30.737121	10.884303	20.929618	-31.942233	3.570724	-35.137122	-14.176817
	54.395727	20.633262	-62.019322	33.667784	41.977538	-41.844055	58.614497	14.239948	-18.309806
	9.061373	21.469395	-69.680148	17.316816	23.813946	-23.592873	-15.881416	-3.381010	-7.721773
	14.667828	22.070511	-59.291134	-36.741316	19.620836	-49.404074	-27.145768	-23.279251	-18.954169
	8.792813	-16.397574	-21.803454	-52.026817	24.748183	-36.734723	-40.533075	-29.916586	-32.576193
	-22.421012	-0.889668	-35.623550	-29.701687	23.097112	-28.591571	-4.907030	-31.958883	-20.532671
	-46.132033	-3.564987	-26.595634	-1.901500	0.579431	-30.259558	-31.931246	-8.106894	-4.696969
	-15.611614	-1.026755	-32.373890	-15.933097	22.618015	-60.869549	-22.657407	-1.935260	-35.878154
	-29.464728	-11.643032	-10.262937	-9.854320	2.237882	-46.009848	-10.894176	-45.146209	-23.215209
	5.278190	-31.501860	-6.759050	-5.856408	21.429398	-30.176842	2.604315	6.215225	-22.884204
	1.572201	-6.282985	-20.670193	41.259938	-9.730212	-48.913009	3.374501	-7.118051	-12.124661
	32.681167	-27.008562	2.792382	-19.948697	-21.727555	-40.209117	-35.155327	-24.383674	-23.431455
	-9.786653	-24.522209	-23.555627	-26.101255	-21.118325	-42.451911	-37.130587	-19.451192	-38.861080
	-13.051941	-22.452058	-44.651160	-40.596621	-6.893714	-28.427821	-56.866653	-106.283892	-48.164904
	11.330803	-55.235356	-54.104668	-75.673720	-2.268730	-57.900086	-65.825033	-91.062871	-8.295857
	-28.728477	-53.472854	-66.000270	-93.144776	0.042991	-61.577795	-38.548696	-88.891603	-18.255563
	3.779839	-70.289397	-33.383298	-88.148338	2.378375	-56.400014	-42.443624	-58.831593	-2.308882
	-21.270056	-29.767707	-38.732852	-90.340389	10.885224	-41.532710	-17.713729	-106.326564	-30.843261
	-11.911345	-9.831793	-45.192087	-47.173285	2.778590	-44.528131	-12.991207	-62.414075	-44.800843
	4.170904	-2.226482	-37.392837	20.390515	-26.178068	-28.719498	-34.552987	-51.934790	-68.341667
	23.142493	-40.268603	-20.133311	13.439823	12.147340	-18.601215	4.814264	-26.427718	25.860781
	9.146306	-38.815469	-47.215933	15.355149	42.999162	-27.313151	21.567126	-56.871611	8.476069
	44.966683	-69.911030	-11.949815	27.896356	46.592596	-10.775927	53.318667	-68.197206	30.213179
	39.702652	-96.285605	27.525876	-24.014875	20.888535	20.073761	15.353034	-91.399238	75.012693
	13.601952	-96.098851	25.533103	-49.983171	26.127584	8.559454	27.479986	-89.770087	44.180118
	-16.882919	-57.341484	79.410028	-45.146520	-39.365743	28.835055	-14.796872	-27.561002	50.174426
	-16.044924	-70.720835	74.969278	-42.035030	-65.392564	53.717806	-46.868975	-18.068917	76.481655
	34.777592	-58.006189	39.342252	-26.783689	-7.320292	20.945469	-9.501376	-62.522054	97.268483
	13.286038	-50.189393	-58.311447	0.831558	2.183715	-17.569665	-32.897980	-57.485537	-4.267963
	-25.250107	-65.729448	-75.623416	-60.242174	0.486307	-41.385835	-16.723536	-60.621949	14.739829
	-60.852523	-36.527075	-75.188985	-66.929536	-7.482657	-39.370179	-58.031481	-93.574938	-73.272448
	-22.824326	-61.706978	-64.325598	-66.775674	-11.680798	-25.209479	-58.390727	-81.520275	36.565086
	-20.418694	-53.586496	-21.627871	-51.716962	-27.436717	-39.445100	-83.404059	-24.531011	1.327917
	19.205101	-36.870471	25.651394	-5.886591	-16.825845	0.859805	-30.288792	-24.446760	54.325832
	37.939021	6.570040	17.329129	-5.130534	-14.955601	14.783541	30.869857	17.211577	54.858122
	11.822079	6.200685	35.223434	37.385440	-8.503760	27.445262	-11.681441	29.080941	1.645518
	6.541577	13.266316	24.764939	43.851121	-25.345527	27.319161	16.885700	45.231228	2.339934
	-5.468233	43.932881	55.942677	51.877266	34.442126	8.063787	49.785308	31.697593	-44.100674
	19.157909	34.112746	79.358685	53.523262	8.889642	23.657860	55.802855	27.048396	37.325294
	25.558592	41.642923	48.540627	31.106002	22.286154	43.718588	4.939298	26.984609	25.242496
	24.638542	52.887660	46.159082	51.165920	22.120507	16.399236	-0.122863	6.538031	-11.490870
	13.077959	48.794919	32.267699	17.893565	-0.088920	-1.339520	22.240191	52.935939	-15.676800
	-15.434372	52.543205	45.552423	45.363394	-0.979063	-0.288105	38.938398	53.584098	-36.892455
	-0.419072	57.144938	46.611883	40.872304	-7.662513	17.887675	52.485153	88.165961	-19.916921
	-9.752983	78.082631	37.721374	53.769868	-28.030347	41.727014	37.296156	57.987487	12.954787
	7.406929	60.715523	9.429863	30.977123	-17.468734	36.300184	59.775363	62.902529	-11.332708
	11.485202	71.561580	-14.298698	70.556548	21.558067	34.180797	33.491405	91.840811	-17.320934
	-3.321828	74.902251	-21.144105	73.707490	18.505312	32.631736	14.889522	58.638099	-18.927185
	29.010301	78.017920	-43.439359	47.632409	12.682050	17.411819	4.353405	51.775221	-41.185394
	14.840346	53.442603	-46.036264	46.069802	-1.438904	15.615943	4.505215	46.515579	-17.604834
	19.774130	36.592157	-47.700293	65.289228	21.923763	18.740803	34.647442	63.289371	-18.322721
	27.966004	39.348368	-1.559330	61.774714	-1.867011	-0.771706	-14.331884	78.194151	7.339769
	15.276314	7.986633	-0.321099	34.276335	-29.803217	-10.572644	-36.040512	60.977359	-19.446114
	-17.688486	3.927827	-7.968389	22.142499	-38.552898	10.762543	3.381641	48.803325	-42.003260
	8.229767	15.858171	-0.519251	-1.539636	-20.239223	-8.989593	-14.773132	43.617974	-55.375202
	14.210283	32.210307	-22.102213	53.766041	-13.564357	8.370284	32.233165	29.506201	-30.177147
	7.447349	43.600418	-1.829588	32.484036	-10.288175	7.328849	-9.232732	45.012771	-2.886123
	0.287104	46.759763	7.561936	75.070483	0.532217	1.386951	-2.656157	79.748884	5.952105
	14.270190	-40.516027	64.002076	-7.303597	-9.656871	9.548718	-12.328578	27.439744	43.599732
	16.020463	-11.507435	35.932692	20.777171	13.519136	50.143651	0.294480	27.642963	34.246449
	48.024581	0.488977	72.670164	102.700509	23.027946	109.930704	33.884512	70.061330	90.861919
	67.990771	-71.049620	98.623076	55.025610	82.007549	123.906032	33.648220	23.809497	147.198844
	72.551983	-101.897065	103.440074	10.937134	60.629151	130.714218	11.692572	-22.241106	153.480851
	63.124323	-134.984568	84.975953	3.776951	43.021704	107.023317	-10.327829	-60.450316	147.512759
	38.783377	-120.203319	64.360434	-4.210377	15.522696	49.319134	6.607671	-83.011831	100.021665
	14.165630	-107.347813	-4.012101	-46.719919	-4.247541	-6.259638	-3.181549	-66.490659	64.394974
	-5.815992	-71.044302	-22.509430	-1.992901	-32.972065	-45.926848	-31.800222	-34.873468	24.749002
	52.268875	-59.351879	-36.081668	51.965464	-0.661195	-26.972596	18.479563	13.373982	19.911282
	-11.496328	-33.571631	-11.402346	47.618622	3.028300	-12.662417	46.027451	-4.613501	22.297450
	40.318410	-4.537284	-34.197012	6.909268	-25.536950	-20.616520	2.500405	-3.182425	2.242701
	18.375368	0.049920	-37.832767	1.265787	-48.688691	-16.670614	-24.258763	33.239760	-9.485981
	-10.209939	-13.618731	-32.759621	-13.235986	-55.163402	-22.964011	-50.382527	17.299201	-45.245325
	0.268756	-7.969628	-43.461024	8.995656	-36.839634	5.970983	-6.102185	-24.503681	-4.189788
	4.060700	-19.316940	-16.153617	-24.930796	-23.817568	-28.543569	-32.062502	-26.343260	-7.940275
	-43.849828	2.210894	-19.307358	-30.432850	-2.212840	-48.504457	-4.098366	-19.038168	-36.453727
	-36.776023	-13.264187	-27.319582	-68.603696	-36.129562	-14.353936	-16.717203	-44.618527	-53.798095
	2.319205	11.587257	-35.188100	-68.725091	-16.390710	-15.057318	-19.145183	-30.075031	-13.080584
	-42.633111	17.137111	-47.519956	-63.534008	-64.469946	-26.090455	-50.495881	8.132469	-48.751914
	-12.565192	5.869279	-38.216321	-24.293207	-65.509990	-24.758335	-55.826683	11.028101	-31.553178
	-12.230619	8.475020	-48.527931	-63.675595	-47.981907	-28.636698	-52.868518	8.673223	-39.319352
	-19.273318	62.271917	-159.038573	11.638096	5.812606	-74.151045	29.626802	-5.783837	-192.879643
	-16.142245	-36.583309	-52.859981	-54.106141	-32.388813	-20.815142	-54.801211	-41.267938	-39.975561
	-19.147077	-68.746192	-15.077123	-58.924030	-41.941862	19.276031	-68.245963	-15.132412	35.583149
	4.147431	-63.675996	36.790930	-33.169346	-15.023941	35.103908	-30.250900	-8.147760	38.508550
	27.109925	-59.182823	63.273789	-37.041087	-20.627968	64.929891	4.163879	-15.080823	141.294897
	26.914978	-59.050410	64.553006	-31.733322	4.934707	41.274393	-33.367917	-7.262689	155.181372
	9.885741	-65.461598	71.827784	-17.102932	10.489501	43.591268	-9.541969	1.478184	135.809635
	13.126004	-33.216897	59.848026	28.544991	32.287174	33.064729	16.429585	2.152778	153.135842
	-25.573465	-58.819293	10.890746	-22.674497	4.462667	-42.649268	-3.603523	-65.314338	-17.869487
	-6.768366	-71.350270	54.722862	-52.264856	50.787608	-8.104528	15.711830	-103.089404	20.009308
	22.065691	-35.553646	55.419867	-29.591931	17.059146	12.171995	-4.886676	-45.800236	65.475809
	1.262228	-24.250998	23.937526	-23.799815	4.038123	-25.768645	-7.474875	-39.226976	64.684220
	27.394779	-5.979308	-2.425704	-21.575069	-10.601644	-20.498043	-4.283525	-45.859548	34.301043
	-12.398592	15.484520	-3.205583	-8.769626	-43.957913	-26.175108	-28.281998	-34.835271	-13.579854
	-22.430693	21.712742	-30.873713	-14.281317	-26.615438	-8.837444	14.467169	16.793425	-7.811811
	0.143225	73.049934	-16.958943	-36.986580	-15.365962	18.716591	-18.031845	13.546732	3.676670
	-3.799559	38.934868	-13.685711	-35.444525	-21.519538	2.487964	-23.461844	-16.924804	-28.381333
	-13.595661	61.770237	-37.803266	-14.860648	-6.468279	3.850912	5.190527	5.776984	-83.711306
	-19.760891	25.011926	-51.310169	-0.945274	-33.679708	-12.828982	-0.155261	5.217487	-83.936631
	8.715663	44.026698	16.008951	20.690029	47.502593	4.793358	35.116807	4.978161	38.816059
	-2.045483	49.581325	22.976034	77.575692	14.459827	0.796492	24.397831	76.228809	-17.337185
	60.946739	-0.875018	8.402043	60.909729	16.773616	30.805746	32.777606	26.150570	33.254456
	76.539025	-39.061942	18.986340	46.906899	70.772926	27.123762	44.447780	-14.035551	66.649267
	21.954009	-48.803827	8.068151	-14.684572	64.356138	17.587744	46.939013	-48.694188	27.163811
	28.769043	-53.690896	-33.918475	-52.511768	26.734123	-25.867383	-10.541281	-74.404418	35.655825
	-11.115053	-54.640148	-34.584342	-14.063481	-9.681057	-25.773634	8.302301	-66.980430	6.708051
	23.542251	-28.393451	-22.969568	7.582369	-46.886927	-38.088769	-6.285454	7.769597	-4.963466
	10.986169	-23.578343	-19.964946	17.969659	-38.605815	-30.893721	-60.412969	-7.521417	-17.676738
	2.031117	-4.547796	0.874079	33.002649	-13.967019	15.796741	-27.838551	-29.016631	-4.522993
	-6.612455	13.270366	16.939732	15.018205	-11.918332	62.324884	44.356116	30.146969	16.965185
	-10.590839	28.535045	45.893119	45.485779	10.014875	74.330421	33.893904	49.830956	0.200024
	-9.988610	28.976692	51.413394	78.306714	-7.092636	80.209632	53.456389	38.074269	4.909835
	-17.326515	29.453613	40.076418	67.753299	-0.394363	67.469135	43.986435	13.225804	19.601996
	6.318677	27.064082	24.866060	29.773557	37.913389	32.203800	66.157386	30.174152	54.588100
	41.413062	11.180178	0.961702	34.379153	10.079872	-4.829546	29.750219	53.066550	14.626989
	44.929499	3.272717	-9.585085	16.417363	-5.463061	21.164906	14.792399	6.698575	-20.928264
	-13.938076	23.237725	-31.301788	-14.360576	16.994309	-38.253319	-3.133053	-0.632104	-16.597133
	-25.769311	29.126891	-28.233536	-33.172224	18.343454	-24.706088	-1.059462	-5.459732	-63.719159
	-17.664170	11.498476	-11.069507	-10.316761	13.772114	-10.247673	-12.278378	-25.509190	-17.082125
	-11.416692	6.936445	-36.944281	6.243263	16.665507	-65.574997	18.902387	-13.290756	-23.755974
	-3.320512	-15.779422	4.995940	-24.385278	22.403357	5.400572	14.095469	-7.941251	9.962537
	-50.678843	-27.760985	53.383480	-50.246482	-8.015347	3.879895	-26.468309	16.135193	-11.368946
	-38.265709	12.105406	35.775934	-40.446429	6.337440	18.178667	-23.933572	42.192980	13.667877
	-1.769950	13.618660	91.787301	19.315115	23.090147	-0.865157	18.931262	40.282234	72.855366
	-25.317319	20.367674	52.775603	-2.692214	7.515013	6.490417	31.479409	35.816512	68.727621
	-0.172517	5.169482	52.048365	56.625201	5.630261	-4.116161	37.742758	23.190947	39.306301
	3.654630	5.337000	25.556982	44.434108	17.216953	3.564360	6.701622	27.094423	22.726407
	-2.705523	-2.550022	26.466633	53.679115	5.344892	4.944331	18.356399	-1.721247	20.976210
	-8.919576	-10.299898	40.946323	56.586304	-1.214004	4.665090	12.351348	-2.211938	5.779272
	8.783014	-5.721797	20.071883	25.939845	7.837909	25.726464	7.343356	1.316832	-4.141902
	-35.863714	-2.631275	-8.359880	-7.026015	38.258717	-8.753318	10.876920	-10.834027	-18.121301
	-37.417391	-27.978408	4.507628	-41.472379	25.250666	-2.681056	-12.720791	-46.692077	-46.613924
	-4.485520	-56.166067	-16.601104	-70.300633	25.747242	-10.874016	-3.342238	-40.071137	-28.264383
	16.446382	-35.028856	-15.794913	-43.591626	28.830471	-3.380881	-17.005718	-34.708228	1.608441
	0.997115	-30.838485	-3.056593	6.970307	-10.863871	24.828276	5.127508	11.076022	12.311056
	-9.907029	-9.649588	-16.612733	-8.935901	-34.063721	14.834814	-71.403600	15.496903	-21.204423
	8.504378	-6.981614	-22.582400	11.244909	-26.783413	18.239221	-15.526923	33.011147	-13.290890
	25.313417	21.688491	-4.360883	5.417787	1.633196	41.275107	-13.892487	16.730983	9.145126
	58.722701	27.925204	7.040539	0.919083	24.664059	31.501290	-22.800846	23.567919	16.079050
	6.605286	14.522130	11.569741	10.087090	14.571968	8.410458	2.846043	38.650804	28.062194
	25.097522	13.891710	21.941693	38.740641	0.995608	27.324361	5.247681	31.343231	25.630971
	9.211629	-7.799598	13.359762	4.551612	-36.971625	14.338526	-18.614490	36.924332	10.621273
	25.565125	-10.748571	-18.774583	-47.694385	-38.695290	19.720051	-25.753963	-15.721234	-26.740980
	13.579007	18.037090	-78.660610	-8.354656	-20.347013	24.259025	4.712973	-13.627538	-121.714569
	24.995535	-2.725151	-30.865518	-30.956293	-17.975830	41.078137	-13.292127	-40.500886	-57.344117
	2.463236	11.235655	-15.991309	-21.800588	-66.533916	0.924582	-49.214194	-5.182074	-42.347562
	57.031164	-119.325715	117.700208	-121.163559	0.562795	33.288365	-44.693995	-102.207331	138.445077
	42.793804	-105.524489	133.849120	-147.589159	-17.749518	33.567808	-89.576848	-68.783932	174.550015
	-14.857349	2.890799	41.131220	-26.353857	-49.988491	-6.253725	-63.899016	36.335633	33.091786
	-13.122055	-84.105511	99.232367	-129.770222	22.899439	19.709015	-72.835250	-59.052669	125.500068
	-13.640571	-29.984421	87.111887	-46.264382	3.118208	2.491761	-32.564028	6.581721	129.704808
	7.790227	-46.062202	39.252896	-78.038905	28.942648	25.022089	-18.744777	-39.696127	62.781881
	56.477064	-139.235249	125.672928	-138.062578	59.675323	49.292866	-32.333458	-79.312860	189.831880
	-10.289469	57.442828	-105.590478	83.556064	10.208555	-31.540473	60.202978	16.779567	-107.047366
	33.676347	-100.996240	94.113953	-58.864084	72.816398	17.553875	-7.405469	-56.425549	124.062499
	47.316310	-78.026090	81.377811	-93.652982	40.915930	-7.100655	-3.395417	-24.090923	76.719881
	56.645999	-43.952133	52.696089	-37.043619	91.306051	-17.060553	29.470165	-48.591318	63.905066
	40.101428	-39.261243	22.975357	16.892653	50.296203	11.168292	77.607158	-25.551871	11.580118
	55.310293	-66.268360	64.350268	-18.402873	70.960163	20.850551	73.168675	-59.379480	56.005547
	35.876874	-81.243309	74.845079	-25.433886	71.897017	54.250046	31.051657	-40.410791	83.945081
	41.315784	-30.444493	22.830312	-19.825621	78.689102	52.038950	42.750864	-28.117583	23.216318
	-21.949966	-27.609762	6.445016	-6.027707	-0.933019	68.198455	6.733231	2.085010	-6.753610
	-8.073458	-5.518756	20.386973	-57.525867	-5.514797	88.377790	-38.740757	-35.568203	32.389378
	14.252738	15.510059	39.445468	-24.698642	-12.788605	62.045779	-10.114443	24.164837	14.366226
	-19.659781	35.706402	14.859011	14.392114	18.132303	38.163007	-12.146905	14.000758	-2.975224
	-47.700768	27.804720	-15.222587	46.652962	-15.473796	-24.335708	8.696572	18.700886	-59.932581
	2.350471	60.927282	-31.092999	37.678884	37.151545	-65.748362	81.367824	17.989368	-47.952308
	-21.971358	50.635433	-59.102508	92.314057	-27.549738	-57.666194	53.551930	18.440169	-94.622218
	-8.122549	-3.671040	-31.806474	-17.192372	-59.941160	-26.076491	-37.596021	7.608238	-49.917237
	8.410684	45.226606	-13.606640	92.188504	-15.560666	-51.659227	32.927595	57.275763	-11.693371
	-2.285032	-45.114274	83.375874	13.827775	17.695931	9.659036	7.200247	3.604835	104.833091
	-6.487792	-56.219736	75.511473	-33.359329	22.845978	-18.043618	-10.085831	-19.781172	86.084399
	-34.468243	-54.388634	22.727923	-66.163169	12.806546	-13.365878	-22.210399	-46.239340	8.246514
	8.823236	-61.661708	62.228949	-52.997197	15.944080	-23.896187	-25.634039	-78.596340	33.653800
	-11.801463	-62.000752	55.245702	-89.295541	-17.810929	-6.870437	-36.580407	-57.329416	69.845484
	9.491158	-32.232828	24.587670	-48.644990	-47.596800	-1.813466	-44.968425	-13.352804	37.198021
	-36.466801	-1.531243	-31.438195	-14.512875	-49.219208	-16.278824	-26.532328	25.360698	3.810980
	-3.398127	-0.175408	-47.376940	19.306635	-21.987287	-1.639310	15.668098	20.194846	-48.883365
	-31.452075	31.785930	-43.761499	55.959031	-13.297399	28.593890	2.990396	21.963742	-81.492121
	-25.619328	48.932074	-24.711222	74.618887	1.399437	25.101547	36.035898	57.179347	-65.759388
	-1.258950	72.335663	-28.556481	92.097222	-9.135604	62.543067	24.070908	61.602592	-67.254624
	4.879362	57.393728	-12.290198	91.068254	-40.775996	57.112002	-0.646513	66.040832	-49.024763
	-8.593311	42.926505	-14.253163	33.382228	-39.406389	14.943822	-40.475505	63.790450	-49.372693
	3.025821	15.323435	19.571402	18.695538	-20.603556	26.882710	-25.949031	68.844077	-50.272132
	11.853883	22.419805	17.962911	58.166540	-14.804090	36.969262	8.282394	39.124835	-37.077720
	18.480310	21.890701	14.914810	86.263674	-20.718936	32.323652	53.121002	19.290207	-38.623530
	-3.128709	42.790840	26.866725	66.365978	19.507829	24.045451	56.744542	8.336817	-39.068818
	4.322895	5.737217	40.380649	53.322382	45.706815	16.891549	45.400398	12.723785	-18.173561
	3.221203	49.126221	40.277335	81.605934	63.233937	17.725315	61.940332	50.126454	-38.080098
	3.089980	56.014314	4.790956	62.937508	56.416218	-11.003996	65.892049	20.080451	-85.788760
	11.064327	37.528215	-3.112871	83.008654	69.505249	-30.986357	57.852589	12.680376	-82.554286
	36.505497	14.121902	39.226754	40.202144	64.938028	-25.092364	5.726652	5.275136	-50.362274
	14.284244	34.004310	-21.953558	100.119591	62.202623	-39.907079	51.554862	26.082325	-60.023356
	15.003465	39.748287	-89.769476	98.457420	26.211176	-56.086335	74.808110	31.061928	-57.513651
	30.534988	36.436480	-57.797443	62.723368	-6.126954	-37.194754	43.891031	32.852014	-56.226349
	15.320436	81.522417	-40.884235	57.395356	-59.956811	-26.061847	10.956645	39.252429	-20.938113
	23.858307	72.047225	-68.770045	31.429023	-37.103715	-36.715016	19.888763	27.426057	-13.741251
	16.354091	26.346234	-49.388447	-23.321168	-25.040462	-49.565880	-16.490486	2.107118	-23.483209
	-0.550306	-8.523888	-63.990056	-33.340565	-25.082942	-56.338711	-19.288962	-29.764096	-2.382910
	32.918784	-29.870153	13.168698	-48.859767	-12.137074	-37.559991	-50.934515	2.107917	68.088397
	-17.061626	-31.280690	-24.920195	-35.376384	-11.052137	-38.334574	-32.581088	-35.609772	52.996080
	-31.298862	-44.472866	-51.960406	-36.626244	-60.238818	-72.684654	-46.706873	-25.711165	59.181553
	-22.628415	-60.866712	-33.270742	-29.683394	-58.684742	-51.961819	-38.157955	-24.482153	47.219433
	1.795330	-67.308629	38.078118	-53.318503	-48.046510	-23.240141	-57.363650	-29.348010	124.180841
	11.395176	-82.244921	48.748875	-81.101809	-21.052919	-26.923235	-49.608849	-67.067566	156.814963
	-8.584187	-90.551377	26.365484	-56.489511	-44.155650	-28.231414	-40.096527	-47.939972	133.021119
	-12.688396	-85.005592	-7.946514	-49.141894	-53.381521	-13.939923	-13.815995	-54.599272	118.210573
	13.713157	-61.864054	-1.087353	-68.990899	-32.031031	-49.759805	-61.784930	-70.929188	65.608126
	-34.294730	-37.274504	-27.413754	-102.612405	-22.200372	-14.096374	-72.760778	-63.201573	17.407200
	-36.369205	6.191961	-75.902428	-92.569440	-29.292954	-27.682211	-65.128947	-14.693309	-12.029855
	-36.084444	-1.616377	-40.522749	-60.968625	-41.542427	-20.646884	-24.965993	-17.776730	-58.948809
	-3.720677	0.127211	-54.835119	-65.581126	-22.840317	-13.745627	-39.474435	-45.780444	-18.747435
	11.420501	-25.976102	-52.204034	-95.777900	-13.741057	-26.204479	-61.892206	-61.555642	-28.970314
	-16.148584	-5.044999	-45.353701	-30.347310	-7.419105	-54.234430	-30.926991	-14.827556	-27.193718
	-5.889811	-29.039426	-56.134172	-42.787514	-26.029925	-26.455548	-31.281293	-33.731610	-48.411995
	-38.170057	-41.449350	-58.292109	-62.030987	-41.198496	-11.128203	-41.147949	-60.493502	-44.546681
	0.092808	4.796166	3.421200	-1.648564	-2.367543	1.473435	-2.032074	5.777438	1.026575
	0.649963	15.319280	-7.947047	19.276868	-3.745278	6.612284	5.918182	16.064346	-8.953102
	-25.375107	28.505117	-58.771702	-35.512328	-2.309505	-71.289456	-6.812188	-20.938373	-52.802686
	-9.714689	30.284259	6.172946	44.040589	-8.278050	37.234539	9.073355	27.462500	-23.288038
	44.894850	-80.186263	133.151344	-19.170345	36.156275	105.751844	-8.161336	-19.549164	159.986056
	33.408653	-102.871110	111.048119	-29.615953	1.972837	61.388385	-27.649652	-7.877758	118.899151
	40.169341	-75.156971	70.072036	-28.534613	11.976414	13.601134	-21.833112	-38.387039	101.579139
	-1.481728	-95.250303	14.794623	-69.555819	-38.696387	-7.394586	-56.952651	-32.590504	51.431762
	-9.546387	-33.926039	-12.156299	-42.626431	-63.107318	-54.061470	-50.888747	-14.117898	2.087369
	-32.718901	-8.866391	10.074544	-18.310495	-47.326120	-79.380620	-38.284111	-8.424559	25.217664
	-24.364390	7.781470	50.664351	-27.006887	-45.535298	11.718325	-54.050132	50.775525	23.420485
	6.092447	-49.285417	85.926595	-36.293496	-36.731772	15.136206	-39.386002	-7.049191	87.362982
	-16.136096	-50.522807	95.329162	-46.870072	-4.228796	-3.082017	-39.546802	6.632931	88.560593
	30.165444	-65.067484	81.739206	-64.873732	11.221727	-16.840430	-25.874730	-63.948115	94.509136
	1.469709	-54.114515	12.514345	-51.774584	8.512296	-41.566824	-23.577773	-19.203075	44.802208
	20.157593	-25.488485	-39.791411	-36.048046	41.088253	-55.288616	9.729650	-32.639955	-2.521975
	9.229855	-16.097749	-46.207998	-34.995626	18.655752	-57.872735	44.039403	-17.511903	-57.190603
	-17.488847	-18.447021	-45.234578	-28.508003	-35.205688	-11.882433	-19.484821	-53.586780	-69.869169
	-31.624751	14.864386	-41.994169	-52.971171	-18.832144	-29.305871	-48.522438	-56.935900	-48.118438
	-7.198821	24.832532	-48.817674	-81.197921	-24.720561	-29.025581	-0.653888	-22.162125	-52.656233
	-38.279148	26.515634	-70.262796	-59.572290	-20.971397	-15.391809	-74.324820	-31.842341	-84.619118
	-4.074747	24.933927	-87.784033	-78.059846	-35.466162	-4.747119	-57.145304	-32.667471	-87.863502
	30.938758	28.483721	-104.527412	-15.219796	-24.030458	-9.358773	12.164657	3.085500	-57.901565
	2.826126	30.124018	-69.248525	4.286136	-20.479822	-9.009007	-9.722316	21.600553	-51.008388
	-29.554333	21.457397	-43.769495	6.520505	-13.528571	-11.619019	-42.657664	-1.605101	-44.850686
	-24.130827	-36.115717	-2.593531	-16.587921	-57.060211	-8.201098	-49.610367	1.423427	-15.172084
	25.723512	-38.232871	20.237946	-30.167998	14.932967	-1.897486	9.823549	-36.600726	38.743884
	3.709514	-30.698919	-24.860093	17.592587	26.910791	-30.548409	28.144780	-21.656830	-18.879323
	45.091813	-22.857320	-27.918805	-3.818302	37.392135	2.705642	53.611663	-31.971487	-16.742691
	38.428008	-28.641527	-11.539321	16.192521	16.614824	-2.774962	1.262864	-19.493071	7.985284
	27.827231	-36.306982	-47.754174	43.578790	6.967849	-21.227470	7.185935	-20.366019	29.131511
	8.222501	-34.182335	-49.498247	88.937087	36.234425	-9.612099	44.968174	4.111806	45.652294
	39.396277	-23.588788	-54.238387	23.460904	68.825269	-31.919783	53.800818	-34.220604	59.562767
	88.473254	-46.520318	-25.107776	37.243991	32.085256	8.183728	24.664466	-39.575959	23.879380
	44.992421	-23.022741	-18.216937	25.591641	40.881836	33.562034	11.183302	-3.585170	22.291521
	5.282610	-13.703153	-0.462622	29.340647	-13.565725	64.310879	-12.441732	5.086033	15.091754
	-41.446876	5.740807	45.389987	21.890579	-27.571729	59.896002	12.784415	-5.040164	3.944168
	-18.273619	5.552157	29.684133	38.290871	-11.220143	64.581303	-5.436784	36.303151	-3.229544
	-17.519418	18.987046	36.828167	13.989448	-29.255457	40.923473	17.831755	28.588402	-7.580190
	-22.624603	19.890451	50.258832	16.011632	-17.260859	54.165691	-7.292496	63.842965	3.553773
	12.273724	33.641426	46.854651	17.450133	11.140116	47.822003	-24.136241	39.124772	55.361602
	-8.392560	47.163762	49.789667	3.924379	-10.385838	39.982142	-0.540946	63.845819	25.206081
	-14.604885	45.888002	65.863269	6.660103	-5.619846	35.658872	-41.594793	38.554105	50.387923
	15.323206	55.719032	75.035028	49.130830	7.656910	23.588895	18.637893	78.121213	47.662377
	-4.072466	67.714099	-28.237314	92.318498	4.752004	-41.883522	39.386044	39.544181	-40.476634
	33.518886	18.565246	58.091388	69.366228	33.073378	18.297994	29.530998	43.850093	42.930946
	15.698358	35.766010	37.655161	48.844541	0.724672	-2.166014	32.117946	61.239463	34.414136
	26.371779	-8.887409	55.913805	27.422287	-5.532096	-9.215328	-31.715141	62.512007	62.026736
	9.894509	-16.645822	58.294535	23.015431	-58.970649	-11.368465	-4.596336	59.616174	61.619001
	6.507991	18.282912	14.338100	40.673062	-49.972183	-42.045400	-31.888227	46.978886	-21.579054
	-16.411708	30.062711	-18.668414	49.599555	-56.622565	-38.745339	-15.023470	52.735407	-35.109684
	-38.770346	24.468737	-23.372746	12.683058	-51.086048	-47.717000	-55.754795	49.296548	-57.128098
	-46.174586	40.213539	-41.753078	7.626396	-38.945054	-57.604055	-15.636075	45.239791	-62.341842
	-37.948210	43.606270	-21.243892	31.992961	-51.634167	-16.348941	4.820009	90.408220	-80.648606
	-40.925766	58.381409	-33.322500	32.736328	-32.294945	-35.232336	-44.632072	68.529389	-83.331321
	-33.524006	50.551009	-28.308120	51.134122	-46.802357	-17.186576	-5.240962	100.793500	-52.916390
	0.573126	54.833917	0.430047	58.724026	-35.764288	9.741837	-16.927908	78.421783	-19.372083
	-4.187904	36.613336	12.392611	30.331356	-34.347032	23.308579	3.413486	57.451186	-24.658290
	0.000128	32.395251	11.957108	65.030612	-18.806447	-6.864523	14.765207	45.923215	-32.574499
	-23.555921	42.508869	-0.790955	51.574791	-19.775939	-18.888563	20.321470	35.949959	-45.735014
	-18.590684	20.311265	38.932247	65.882465	11.935125	-9.154307	46.740637	43.671100	-18.511575
	-0.497349	47.369277	-38.168353	115.109487	54.372188	-27.962063	80.570372	5.525424	-55.125463
	17.297151	34.017039	-6.807008	119.487805	86.798469	-18.533243	118.054905	7.467641	-9.884522
	6.290770	24.604122	-0.114941	83.710099	22.604211	37.224617	49.351427	41.770518	-10.090108
	7.444442	78.123343	-40.026180	43.107947	2.968074	18.478458	41.303829	39.499866	-79.193971
	-3.060141	74.391001	-88.809919	96.432048	57.969518	53.873026	85.868575	6.170306	-90.256938
	33.113801	38.850755	55.089573	35.522240	27.966697	46.284160	21.761892	63.136224	48.592607
	58.505780	-35.171491	64.504900	5.668060	19.384931	66.916624	11.237837	13.741396	75.301251
	47.283417	-22.113006	45.108658	-11.312800	27.309279	34.809661	13.932237	-14.706539	43.573461
	16.535585	21.155970	15.365510	17.620302	15.863567	2.240496	31.668616	1.512809	-8.871297
	-4.146906	-9.878531	12.194806	-30.648480	-41.808621	-34.910100	-15.763701	-20.351314	-39.738182
	-19.474632	-14.134659	-35.102965	-26.527860	-61.651943	-46.412120	-83.144783	-8.629789	-6.748827
	-12.612187	-8.756152	-11.684904	31.987912	-51.683915	-55.547273	-62.484848	17.078255	-36.844057
	-16.081111	-5.325061	11.551679	49.951314	-10.158117	-53.292717	26.080870	16.093851	0.841941
	31.045157	-22.887353	0.429358	64.856666	-20.525856	-32.598025	-8.004549	-2.049819	15.663753
	-4.156485	-25.731944	-0.255053	29.090791	-49.452095	0.063025	-21.911161	55.851519	-23.337968
	6.405451	-10.560171	-30.540670	94.203339	-12.983566	5.115300	-0.489119	45.059097	-34.450920
	2.338245	15.220410	-10.372121	1.119599	12.952203	-5.120512	-15.085185	14.821303	13.382253
	28.956048	26.226264	7.326705	29.275053	44.517518	5.743053	-2.835190	11.270189	15.836600
	13.442198	7.178398	23.947239	-21.281508	55.883227	-12.311484	28.116233	-3.754995	55.754662
	-0.104975	-4.411158	13.353069	19.648678	22.954950	14.463069	32.103027	40.023680	-15.859969
	16.864130	4.754071	-27.127700	0.146378	-8.757411	14.649916	-6.598088	29.627337	27.363543
	6.807304	20.176438	-11.611401	53.461215	7.980657	-4.435842	55.795934	8.138453	-36.901115
	-24.398238	4.969762	18.363955	0.768704	46.263885	2.551974	64.513378	8.906193	-7.484608
	41.520948	12.711163	37.002959	-30.989999	26.350632	5.194144	-25.243957	-10.302886	24.599852
	9.492198	19.568026	14.580720	1.441991	5.557247	15.670656	29.108278	-12.244399	20.391121
	14.230536	39.849544	18.426751	-6.740078	-2.163763	8.775634	-22.524105	12.445211	-3.447173
	-2.043253	43.819994	29.957728	-20.337171	-31.846974	21.909541	-10.368398	23.266722	-17.094278
	-13.362750	40.429289	4.542792	12.123069	-42.199957	42.233958	-10.309473	25.952644	-29.215631
	-38.233572	91.488327	-14.208619	21.503847	-19.318272	27.088826	48.566870	18.598357	-42.677654
	-34.695953	49.606785	9.792603	8.752553	31.696208	30.905358	8.026552	25.941636	-19.587777
	3.134702	28.426293	-7.834721	14.433916	25.621460	45.222018	18.433159	16.849140	4.067953
	-24.619489	24.153952	1.608310	23.799787	17.455476	10.904832	36.456125	-4.439060	-3.421449
	32.877067	25.480289	5.541684	16.082531	4.812325	-4.059313	34.352232	67.500086	2.290973
	26.751764	35.519142	58.091898	-6.215513	-3.540172	4.784857	-13.296414	15.273147	32.247258
	45.066199	7.270773	55.340452	-2.340746	-12.213526	16.285814	-38.587815	10.511222	36.921651
	12.919536	31.011724	69.442707	13.898868	13.983339	15.654755	20.640784	10.916813	41.136622
	10.478808	12.744799	35.128811	23.086565	12.550904	18.884661	31.906136	25.266098	18.213119
	39.648052	7.251419	-5.048662	7.971933	1.849593	19.613277	22.569531	4.252072	21.515521
	33.855379	48.869668	-42.539394	72.218992	54.120796	2.795953	62.231425	0.852966	-17.811002
	44.818134	26.561721	-0.344541	40.956471	39.866678	15.910965	58.652908	1.782050	-32.752716
	56.513755	16.854628	32.745386	9.084071	54.372431	43.459388	47.005771	-28.802758	36.323290
	5.630269	-2.175264	35.544315	-17.731102	12.369001	11.724782	63.184414	-24.480523	19.554615
	57.041406	19.497651	42.589550	-6.680492	23.513020	39.436524	41.191564	-4.381909	53.821863
	34.710389	17.737607	40.105248	46.820469	36.426720	26.553596	62.837511	2.916737	60.673371
	29.099095	-4.421910	59.460964	-13.910939	74.770562	14.132863	39.438150	10.960473	52.716621
	-4.178591	17.886511	42.171411	14.558438	40.245262	22.447125	23.754385	29.767372	10.713665
	4.841984	14.872338	47.502090	-23.864352	70.615630	15.580182	27.266173	-31.994595	43.888098
	2.553372	-9.975630	43.085821	-39.081719	27.725694	23.705815	18.392419	-32.798891	44.555608
	11.770307	13.855247	6.016178	-20.323533	6.059274	22.392551	22.800309	-0.392545	60.304279
	-14.221063	10.203505	33.487675	-23.790118	-5.514212	44.578838	-13.998098	-15.834104	13.625153
	-28.942639	-1.942220	38.833174	-46.960381	15.402333	45.689809	-11.521793	-7.571839	45.380698
	-26.527654	-10.043322	2.696985	-66.786047	27.043246	20.973803	-50.258732	-22.721258	49.503698
	-14.528731	-32.599754	-14.803103	-75.381047	17.325994	36.560555	-29.845497	-39.977012	62.330953
	-11.347452	-48.714416	0.255234	-139.618621	19.910167	11.788735	-26.614900	-74.924379	50.646533
	-57.671531	-67.125906	-18.434077	-92.316397	-28.870668	9.011993	-61.201798	-83.862782	27.791244
	-3.752351	-48.898099	-31.731085	-115.566677	-4.253724	-7.307766	-47.235570	-78.273926	23.979948
	-15.392125	-73.396073	-10.512152	-106.538300	-6.721054	10.252008	-27.057472	-86.856220	12.956572
	1.252136	-56.441546	-53.390833	-110.528986	-15.555847	3.674028	-81.771796	-78.974800	-14.150666
	-25.095686	-56.604492	-58.243732	-123.044812	-7.776121	-24.999206	-61.748514	-86.227272	-24.222797
	-11.932033	-59.944712	-35.081688	-87.753164	-5.321998	1.786728	-77.331156	-101.947747	-22.226292
	-36.059853	-101.183266	-17.305794	-158.358821	0.739493	-14.397437	-59.500731	-127.068862	10.778959
	-27.187040	-35.612041	-81.122271	0.730789	32.436921	-98.466929	35.049970	-77.129786	-88.192054
	6.148117	-109.494634	-31.465097	-52.697773	14.938969	-36.833253	13.675217	-130.954630	-41.660852
	25.055203	-57.941329	-34.408368	-75.184668	6.560433	-14.764079	8.380233	-90.124390	-27.941992
	1.590976	-46.625923	63.300225	-65.615009	-15.434222	-12.376664	-2.666501	-14.860491	32.371035
	34.955844	-44.273638	95.389608	-84.360326	-36.100515	33.058032	-41.073975	-33.328016	97.395239
	31.869663	-16.153265	59.482031	-113.214247	20.290652	7.075752	-22.604651	-49.020746	67.636707
	30.018526	-34.970411	42.795602	-118.321414	12.097737	-16.457731	-7.185267	-69.669149	86.047781
	32.735591	-86.674100	25.141889	-74.195589	32.336926	-5.369994	-1.134474	-44.398221	115.918093
	14.275970	-62.430879	-5.400029	-41.318066	12.258704	-23.185039	-6.838907	-40.438467	63.569814
	-9.695665	-63.811222	-17.217492	-29.087736	44.470500	-62.383924	26.369193	-53.599478	-4.868010
	18.587183	-63.742031	9.397957	-64.689050	-12.108083	-5.841412	-18.041046	-57.070534	24.106209
	-1.568451	-15.841276	-10.602626	-19.842151	0.582951	-22.951318	-10.869708	-37.202790	-4.915480
	22.616455	-4.804513	20.235127	-43.357382	-11.598387	-33.200575	-18.851660	-5.616041	35.032846
	13.110512	-28.373248	25.209564	-44.715655	-11.173156	-17.078240	-35.828114	-30.078111	50.340842
	13.903287	-72.899050	45.693906	-72.841689	-19.865860	-0.603514	-45.172408	-14.917046	67.938809
	12.708424	-94.332915	52.566281	-60.092348	-52.351102	-20.947054	-57.790614	-19.170311	35.193689
	-47.457253	-68.450176	12.729441	-44.079344	-84.220253	-49.238694	-73.035248	-51.949329	20.113552
	-34.446393	-34.107465	-11.382219	-81.598410	-47.353636	-49.805418	-78.649443	-64.813346	-21.069583
	-45.637253	-38.082366	-7.251273	-80.636478	-31.143370	-48.623605	-67.083337	-70.070983	-1.840730
	-9.920781	-46.736023	-3.791819	-98.392350	-24.584701	-2.895433	-69.787295	-42.574076	-32.150040
	-11.116741	-60.349356	-10.068876	-113.041754	-49.067511	-18.463905	-38.871479	-70.769705	-27.947518
	-41.104824	-29.273145	20.724757	-66.783118	21.587667	-10.255969	-32.315110	-58.586926	1.110814
	1.484814	-31.047306	18.856141	-42.652816	50.496506	-28.677458	27.443726	-71.938807	55.174914
	38.848713	-24.410127	19.174762	3.754582	13.102932	-7.643381	12.471026	-26.001336	46.806273
	-9.312614	-57.723699	32.068849	-40.361886	2.799235	-19.453038	-3.921494	-39.955725	46.919830
	-4.255974	-85.557310	87.849179	-75.302714	14.988808	-17.922982	-36.945501	-103.396363	114.310645
	3.745440	-84.298608	124.490012	-61.595808	32.679263	-2.295710	-12.851508	-39.774557	139.895472
	44.481947	-83.960724	86.585880	-36.499138	20.526163	15.912111	-26.137107	-8.475051	143.658179
	46.889802	-51.431849	27.306115	7.891757	-3.255244	12.030796	16.653971	0.791669	52.861835
	40.935068	-30.056694	-9.312280	59.398335	-21.828843	6.521797	41.252353	37.246830	10.947707
	43.096065	4.431083	14.327145	97.092271	-17.809575	1.143582	51.929529	56.650248	-39.097625
	37.753860	-11.803579	14.112440	113.439676	-4.615574	6.450720	55.294407	53.943855	-41.329458
	17.519895	8.689495	-12.512403	101.248610	-20.985400	15.892473	69.115850	51.161640	-65.929217
	32.245541	23.874309	11.320079	121.329528	0.010903	49.913248	84.372051	78.387623	-21.247252
	33.292833	28.725634	31.725781	136.947794	30.036623	38.120931	111.194541	63.145493	-8.927746
	64.723590	13.142321	27.586527	128.618612	17.835970	44.748801	92.012892	73.994861	23.704856
	15.534574	33.421196	6.980504	122.368728	11.112851	27.734808	68.836581	76.056278	-27.754052
	55.908956	44.960128	18.382624	143.118728	47.615942	30.984638	89.832913	54.883272	-14.697604
	66.456684	47.858431	44.554279	110.230953	37.610692	64.669629	83.714164	54.305765	-18.973391
	21.525539	65.457692	30.920193	80.364752	-0.957660	44.892227	41.748706	30.940021	-42.947052
	-2.333575	51.274502	-32.067650	64.443410	-4.076983	27.247404	30.265696	44.162067	-64.597581
	20.253342	61.688982	-42.277576	74.079608	24.260550	54.315414	38.631298	39.849082	-68.836837
	18.279854	34.309873	-25.326297	50.536425	9.238780	38.769787	37.726516	38.646151	-17.735940
	30.832318	17.201550	-18.749346	45.897794	14.749509	40.744940	37.951852	19.783921	-35.448972
	-16.737000	6.733242	-20.722599	24.430774	1.425364	20.705915	-5.921077	-17.752392	-18.793576
	-3.108776	10.095153	-42.385903	33.054428	14.458502	4.929486	61.465324	-6.540903	-39.759447
	-4.508030	2.864778	16.814016	29.297644	20.304814	22.634079	41.144074	-31.077875	-51.704465
	14.804260	3.058880	22.037036	32.463319	20.186358	35.156765	42.442073	-0.443462	-13.499803
	-23.519240	21.198474	40.570456	-17.436975	-9.546982	-12.586510	-11.315239	-1.523215	36.387159
	4.568500	29.221755	-10.276631	48.841246	26.138285	25.686372	28.981000	22.373528	-23.184292
	-21.168319	35.432459	-26.336531	13.149723	-19.946567	-2.457898	-9.619812	24.427000	-35.255487
	19.318514	-1.487398	-12.399209	59.852151	9.910451	28.686036	14.881420	13.559876	2.827465
	37.086882	-39.486485	80.067868	23.489396	45.140237	85.172794	34.312134	43.261274	120.011960
	-2.764213	-49.901541	92.452748	-46.685577	-38.726691	66.085285	-78.137597	16.131031	138.328883
	7.782877	-62.709598	132.885611	-27.877744	2.069581	74.605877	-26.985642	-12.305103	159.826913
	20.942695	-25.199452	83.199403	0.619756	26.772284	45.416899	4.424385	-39.286598	105.361661
	4.931386	-35.690030	64.371361	-27.609815	51.302591	28.796671	7.512983	-12.054805	96.618667
	-8.693135	37.098036	18.889996	54.370332	23.348150	8.129656	50.557185	-7.905992	18.417515
	5.516964	55.545306	-8.664612	46.352188	-2.131197	-33.255362	32.912552	4.495516	9.293274
	3.831678	37.753912	-32.934294	86.583671	1.491907	11.044441	18.782741	72.966669	-32.761255
	1.770129	48.334715	-24.617112	91.297664	13.780855	-18.838368	36.565257	75.671929	-28.619213
	10.702056	60.546346	-4.179090	65.172219	18.358193	-31.895532	31.475310	56.776817	-26.957960
	25.527058	51.573624	-1.050066	20.861912	25.786745	5.239691	34.422615	57.012269	-25.082628
	-3.438711	28.832970	-2.848193	-11.479262	-16.330954	5.300883	47.583515	-10.495519	-46.738980
	-14.734814	17.793551	-19.767166	-25.823869	12.194872	11.901575	13.319377	-10.341340	-24.048312
	-27.687615	12.448185	-57.598766	3.859823	-0.340852	-5.664011	14.641527	-1.070894	-78.081741
	8.722528	-0.304279	-28.613599	-7.516414	-2.505727	-17.433807	17.327797	-47.320607	-113.991963
	8.571878	2.723791	-66.057025	43.521500	11.292475	-22.176334	48.017932	-45.435048	-88.189261
	30.963229	16.416375	-39.690299	34.235982	24.629241	-17.348179	54.920141	5.189146	-68.902011
	23.136447	19.846066	-87.038306	38.518945	8.028563	-39.691134	56.335318	0.559666	-119.410164
	18.221073	11.083109	-56.058775	15.877586	5.123652	-27.992719	59.302569	8.072310	-89.243453
	-9.832463	48.491756	-54.351253	14.852856	12.233348	-16.018466	36.275656	12.555548	-77.630351
	-1.117972	34.131317	-50.173813	-18.152349	8.501266	13.598864	29.942548	14.831402	-71.305425
	-19.942094	61.871582	-55.832496	-15.876409	17.187117	5.239131	41.840418	4.122851	-48.896806
	-17.457309	45.441269	-50.019650	-5.548800	-13.597159	18.420735	18.469291	18.146233	-78.401613
	-22.921029	67.050393	-52.555629	-1.873901	-5.278478	32.254781	21.577422	14.184569	-76.671923
	-32.625625	58.456567	-83.202491	25.472470	-16.945356	27.011173	39.845374	32.351891	-116.706830
	-41.837072	36.442378	-95.165744	-25.008728	-14.971101	23.396498	-5.669896	-23.864288	-100.006336
	15.428089	27.083938	-104.640855	-26.243428	-7.235658	13.835316	-11.224108	-19.585131	-138.819704
	15.266550	14.899470	-101.306992	-18.444866	2.627309	-15.967888	-10.498512	-36.932068	-83.657502
	-22.613827	7.965651	-68.869241	-31.579608	3.216856	-40.495964	-18.718014	-39.617931	-70.748088
	5.650893	-33.388363	-48.945284	-0.067579	32.470294	-30.386037	-9.884054	-76.828092	-38.234261
	-9.474494	-50.842706	-44.571904	-36.827738	12.397298	-51.575492	30.240843	-61.402048	2.114696
	15.798006	-37.737502	-67.161538	-26.799262	74.107563	-39.467715	14.436664	-81.391848	-7.451142
	-1.852151	-19.625764	-36.217158	-47.460652	7.429205	-32.192734	-5.818084	-81.035989	-53.895073
	-5.959439	3.742100	-34.478690	-38.005617	-11.241595	-40.687501	-26.811204	-24.273273	-67.450938
	1.059848	29.152691	-53.108634	23.715945	-18.864677	-63.132109	-0.483117	3.746318	-67.228364
	3.393296	40.490283	2.058877	-15.036593	-11.576392	-22.337064	-3.765295	34.908888	-13.466317
	-25.353543	49.965145	28.012567	11.949255	-31.126954	-15.039638	-25.483768	38.131780	-4.793170
	-8.131064	40.030682	31.930593	17.043030	-41.917522	-39.434101	-12.772410	64.039323	-16.424973
	-39.059942	34.950178	0.243789	37.228660	7.399516	-42.636951	13.451903	53.192869	-62.345326
	-12.897871	53.253925	-28.232692	54.015805	12.417807	-41.803410	24.729174	39.571171	-62.426644
	8.171018	51.234615	-34.341333	54.172417	6.022119	-16.317654	2.059257	22.361999	-37.636140
	24.718005	28.723973	-22.520843	5.461975	-10.451505	13.950995	5.188384	-7.209666	-28.247191
	19.504868	35.841172	-37.626087	-7.263390	21.910187	-14.760064	-6.798872	-3.607487	-48.337727
	-5.397389	-4.445365	-23.188165	-23.278966	28.510770	-8.758701	7.936850	-13.340855	-65.744819
	-0.050498	1.415200	29.107742	-63.518691	49.467711	6.373655	-23.737235	-36.906920	23.742916
	-10.498893	29.304417	-21.452046	-25.845180	44.216797	-3.103059	-3.061325	-30.179080	-27.417197
	-59.253748	28.436113	-15.255558	-66.602075	-0.595191	12.641012	-36.513080	-48.623348	-14.367064
	-28.935516	81.015285	-54.542795	-20.167054	-38.145001	-4.395400	-22.633200	40.074014	-86.535433
	0.468945	59.235825	7.327635	37.820011	-35.804924	9.347918	-10.625782	26.053033	18.668970
	-17.641261	2.722116	61.449348	11.052344	5.723684	41.519748	2.482766	-11.142885	96.504746
	6.562852	-11.143931	78.364649	-13.866216	-41.177653	51.711419	-15.212280	-28.652662	103.479471
	-32.183314	-5.009585	37.831429	-23.320669	-22.641060	23.388478	-19.774274	-38.053319	88.196528
	-9.136571	24.659197	-10.587853	-20.814085	-30.668627	-14.928112	-5.457430	-27.580314	8.539818
	-37.932773	27.161808	-56.554035	4.629677	-39.084775	-39.563150	8.454636	-60.964143	-60.885028
	-4.236092	47.800738	-26.946861	34.104089	-36.670039	-41.249789	9.474616	36.974809	-67.370672
	-8.124825	19.013348	48.621830	4.679800	-27.116902	-18.879885	4.376875	8.232868	13.410858
	18.632731	-20.161040	87.029923	-60.974002	-21.759106	7.753755	6.606818	-1.520611	97.658443
	6.186724	-20.349965	139.183234	-20.339426	28.449174	-6.480000	4.252983	-32.368932	108.214957
	-2.874023	-40.978073	124.621698	-12.714684	57.444892	24.734262	-9.383109	-34.708736	109.624670
	23.846220	-59.665977	96.311234	-28.820594	46.177847	-6.473712	21.589379	-28.979946	97.693734
	42.130573	-60.055191	26.700816	2.488706	68.015526	-8.734898	45.976985	-46.269549	63.688121
	41.583454	-67.342877	-40.953034	83.899787	82.077874	-60.958419	114.316138	-54.003851	-9.281243
	54.550667	-57.698472	-7.825813	74.228759	89.018307	-14.946388	97.615754	-33.373155	35.158388
	37.661373	-60.404264	22.680255	56.562266	57.830779	-17.807919	85.348078	5.954085	62.433473
	31.047492	-75.506319	35.335674	8.411985	73.029174	-25.433463	29.975359	-53.653092	74.064490
	-7.468995	-74.799905	3.831837	6.440643	28.384750	-13.190151	38.558600	-53.795776	62.440253
	-11.740242	-75.211147	-54.599432	33.215412	14.357368	-17.144150	0.791111	-35.753230	4.621486
	-23.938452	-52.211809	-37.963244	33.119630	-32.304796	-3.575896	-10.092114	16.425057	-31.984853
	-6.962155	-11.486484	-72.596234	68.118762	-2.341255	-26.605328	19.503427	27.931466	-31.242695
	-9.246845	5.035071	-43.651254	22.784121	4.530449	14.519934	-0.166363	1.179156	-45.293709
	29.988153	14.202576	-46.409761	32.249454	-14.081811	6.189557	14.869200	49.139843	-63.093301
	-17.681188	24.693500	-1.025849	68.106098	-12.693029	30.502173	-15.629545	63.519384	-60.841944
	2.194855	35.237303	-11.102961	39.843996	10.888911	29.815601	-1.787082	85.941565	1.213701
	15.610393	30.938004	-14.635040	28.923571	41.320085	54.246476	9.148587	48.620127	-23.817573
	-36.977354	28.484914	-19.456439	23.973203	-1.906846	41.407072	-24.288423	71.197537	-22.013475
	-26.393243	40.941224	-16.711275	13.763725	-14.989780	53.853134	-45.203092	39.505715	-62.957894
	-46.249249	61.786227	3.322161	36.817545	-43.654847	36.011427	-8.646751	84.904846	-48.212109
	-30.827403	73.167902	-6.178531	52.175889	-45.522216	39.381640	-20.382133	88.785353	-59.983064
	-47.266728	49.871756	-9.792506	-13.416159	-39.030460	21.215722	-25.664992	56.250204	-43.608940
	-54.754013	24.005917	7.113911	-61.018504	-16.020896	13.959881	-68.809954	41.435795	-51.275998
	-82.226774	48.594130	32.068693	-29.154275	-47.246305	-7.212956	-42.455805	4.712264	-46.569117
	-75.216841	53.366365	1.675338	-24.559131	-41.113291	-12.785516	-30.826353	33.368709	-35.116623
	-62.012100	54.567346	14.155810	-9.579271	-23.106499	4.836578	-34.637624	27.809587	25.254019
	-41.728326	66.178705	22.439488	26.583274	-14.390982	14.728847	-43.227966	38.886368	39.529434
	-43.565687	77.365766	21.078091	47.682843	-16.803387	0.452686	7.730389	64.746695	52.825708
	-67.598838	39.589845	-2.711585	-42.398322	-87.243016	-12.269774	-73.869635	24.133315	-4.043812
	-64.870162	15.959749	-0.491538	-48.762560	-87.488004	-66.828994	-66.575777	-8.887095	-22.907495
	-46.600988	22.685126	5.834725	-94.074094	-62.571848	-20.025203	-64.892615	21.675075	-35.993526
	-57.020009	-16.266865	-2.347848	-97.344902	-57.604144	-35.650419	-98.467588	-32.450599	-12.127260
	-21.661838	-19.565531	5.091691	-94.404040	-56.439091	-44.640612	-129.462381	-23.528846	31.684621
	-33.713218	-25.739897	15.422955	-75.498721	-50.500536	-47.690961	-115.013498	-12.800966	56.146113
	-39.070926	-15.513771	-10.799344	-44.210488	-59.126070	-15.954024	-82.696945	-0.484359	18.177784
	-30.212815	-5.953933	-57.200302	-76.366865	11.733796	-38.767908	-39.813734	10.395909	-17.399118
	-39.059382	12.812373	-108.264309	-8.167766	35.707528	-43.196866	-49.745171	-11.800613	-12.709650
	-57.374385	15.891112	-98.901225	-20.703208	-5.050447	-52.356909	-38.293255	-14.246923	-46.578320
	-56.837863	17.312031	-102.237085	-25.126083	0.695824	-62.638778	-42.871458	14.659583	-34.966263
	-44.576368	31.631353	-118.229021	-39.637877	16.629481	-60.116760	-28.994067	-31.736972	-89.620509
	-17.635841	18.209381	-98.509239	-27.566516	-18.381472	-26.324811	-76.294425	-17.682415	-119.593298
	-13.527261	33.939480	-83.775381	-34.114830	-11.447585	-12.471588	-37.725516	30.143222	-102.655746
	-16.836530	36.639727	-126.206521	-18.868485	-11.199527	-41.359415	-40.355334	31.396545	-116.019626
